3820.  0.9114684
3820.622807  0.8506693
3821.245614  0.8232816
3821.868421  0.8532695
3822.491228  0.9172369
3823.114035  0.9563556
3823.736842  0.9367182
3824.359649  0.8771749
3824.982456  0.8285382
3825.605263  0.8188621
3826.22807  0.8332214
3826.850877  0.8482741
3827.473684  0.8602277
3828.096491  0.8564882
3828.719298  0.8428627
3829.342105  0.8347114
3829.964912  0.8316045
3830.587719  0.8466508
3831.210526  0.8555045
3831.833333  0.8028882
3832.45614  0.7372926
3833.078947  0.7014289
3833.701754  0.6898134
3834.324561  0.6542713
3834.947368  0.5848519
3835.570175  0.524654
3836.192982  0.5385343
3836.815789  0.6227961
3837.438596  0.7067356
3838.061403  0.7329427
3838.68421  0.7370983
3839.307017  0.7630073
3839.929824  0.7957059
3840.552631  0.785312
3841.175438  0.7866931
3841.798245  0.8202228
3842.421052  0.8599963
3843.043859  0.8659462
3843.666666  0.8741465
3844.289473  0.8964484
3844.91228  0.9030597
3845.535087  0.8962166
3846.157894  0.8916478
3846.780701  0.902042
3847.403508  0.9239075
3848.026315  0.9442291
3848.649122  0.9452626
3849.271929  0.9179788
3849.894736  0.8804045
3850.517543  0.8627616
3851.14035  0.8795387
3851.763157  0.9137152
3852.385964  0.9341935
3853.008771  0.9383928
3853.631578  0.9465328
3854.254385  0.9557062
3854.877192  0.9523074
3855.499999  0.9302143
3856.122806  0.9031539
3856.745613  0.8985789
3857.36842  0.9089589
3857.991227  0.9019291
3858.614034  0.8740902
3859.236841  0.8442006
3859.859648  0.8376628
3860.482455  0.8679185
3861.105262  0.9080536
3861.728069  0.942171
3862.350876  0.9679202
3862.973683  0.9694955
3863.59649  0.9608024
3864.219297  0.9526934
3864.842104  0.9311136
3865.464911  0.9113921
3866.087718  0.9104256
3866.710525  0.9283958
3867.333332  0.9411744
3867.956139  0.9486367
3868.578946  0.9561036
3869.201753  0.9573967
3869.82456  0.9558648
3870.447367  0.9489186
3871.070174  0.9262348
3871.692981  0.880652
3872.315788  0.8298618
3872.938595  0.8059173
3873.561402  0.8306282
3874.184209  0.8774971
3874.807016  0.9158783
3875.429823  0.9323477
3876.05263  0.9299216
3876.675437  0.9186299
3877.298244  0.8860973
3877.921051  0.8063086
3878.543858  0.776994
3879.166665  0.8291461
3879.789472  0.9011952
3880.412279  0.9352348
3881.035086  0.9208598
3881.657893  0.8859463
3882.2807  0.8670455
3882.903507  0.8627274
3883.526314  0.8664025
3884.149121  0.8709764
3884.771928  0.8506294
3885.394735  0.8000666
3886.017542  0.7434171
3886.640349  0.7179476
3887.263156  0.6950343
3887.885963  0.6360856
3888.50877  0.5470531
3889.131577  0.5235363
3889.754384  0.5907632
3890.377191  0.7006044
3890.999998  0.7782211
3891.622805  0.8156366
3892.245612  0.8268829
3892.868419  0.8243794
3893.491226  0.8181028
3894.114033  0.8174441
3894.73684  0.8216663
3895.359647  0.8206418
3895.982454  0.841832
3896.605261  0.8732554
3897.228068  0.8696691
3897.850875  0.8502046
3898.473682  0.8390713
3899.096489  0.8377962
3899.719296  0.8204907
3900.342103  0.8328609
3900.96491  0.8778446
3901.587717  0.8990887
3902.210524  0.887885
3902.833331  0.8717651
3903.456138  0.8770289
3904.078945  0.8893617
3904.701752  0.8700292
3905.324559  0.8236096
3905.947366  0.8051303
3906.570173  0.8335665
3907.19298  0.8824252
3907.815787  0.9151355
3908.438594  0.9296565
3909.061401  0.9310197
3909.684208  0.9284674
3910.307015  0.9325694
3910.929822  0.9403896
3911.552629  0.9432169
3912.175436  0.9297921
3912.798243  0.8905499
3913.42105  0.8644323
3914.043857  0.8765335
3914.666664  0.9047298
3915.289471  0.9173601
3915.912278  0.9068438
3916.535085  0.8892755
3917.157892  0.8832667
3917.780699  0.8813429
3918.403506  0.8710933
3919.026313  0.856893
3919.64912  0.8514198
3920.271927  0.8654497
3920.894734  0.8917639
3921.517541  0.8970894
3922.140348  0.8807069
3922.763155  0.8669477
3923.385962  0.878303
3924.008769  0.9004887
3924.631576  0.9033961
3925.254383  0.87413
3925.87719  0.8611504
3926.499997  0.850773
3927.122804  0.8136829
3927.745611  0.7712515
3928.368418  0.7450538
3928.991225  0.7224556
3929.614032  0.6661474
3930.236839  0.5880257
3930.859646  0.4969671
3931.482453  0.3908112
3932.10526  0.2654283
3932.728067  0.1639442
3933.350874  0.120455
3933.973681  0.1329248
3934.596488  0.2027428
3935.219295  0.3178901
3935.842102  0.4518658
3936.464909  0.5709719
3937.087716  0.6606566
3937.710523  0.7216085
3938.33333  0.7630677
3938.956137  0.8049141
3939.578944  0.8376982
3940.201751  0.8430622
3940.824558  0.8442165
3941.447365  0.8528276
3942.070172  0.8648018
3942.692979  0.8667426
3943.315786  0.8537241
3943.938593  0.8414382
3944.5614  0.8534881
3945.184207  0.8859133
3945.807014  0.9154453
3946.429821  0.9198288
3947.052628  0.8967658
3947.675435  0.8702229
3948.298242  0.8574255
3948.921049  0.8573668
3949.543856  0.8684424
3950.166663  0.8805033
3950.78947  0.8855676
3951.412277  0.8907031
3952.035084  0.8871276
3952.657891  0.882208
3953.280698  0.9000864
3953.903505  0.9207261
3954.526312  0.9284585
3955.149119  0.9165058
3955.771926  0.8728191
3956.394733  0.8385305
3957.01754  0.8449762
3957.640347  0.8716949
3958.263154  0.8920346
3958.885961  0.906662
3959.508768  0.9235499
3960.131575  0.8996292
3960.754382  0.8579772
3961.377189  0.8365104
3961.999996  0.8278441
3962.622803  0.8237166
3963.24561  0.8150484
3963.868417  0.7939855
3964.491224  0.7611575
3965.114031  0.7039672
3965.736838  0.6103268
3966.359645  0.4876931
3966.982452  0.3468576
3967.605259  0.2204687
3968.228066  0.1538434
3968.850873  0.1564183
3969.47368  0.2206166
3970.096487  0.3300199
3970.719294  0.4637849
3971.342101  0.5839429
3971.964908  0.6659007
3972.587715  0.7162707
3973.210522  0.7535705
3973.833329  0.7881103
3974.456136  0.8186219
3975.078943  0.8432909
3975.70175  0.8578432
3976.324557  0.8637643
3976.947364  0.8708237
3977.570171  0.8755547
3978.192978  0.8858018
3978.815785  0.9143613
3979.438592  0.9340003
3980.061399  0.9343986
3980.684206  0.9184977
3981.307013  0.8866333
3981.92982  0.8728166
3982.552627  0.8864741
3983.175434  0.9014935
3983.798241  0.9133745
3984.421048  0.9246897
3985.043855  0.9356784
3985.666662  0.9388923
3986.289469  0.9277527
3986.912276  0.9146689
3987.535083  0.9247515
3988.15789  0.9370769
3988.780697  0.9378814
3989.403504  0.9313655
3990.026311  0.9233985
3990.649118  0.9266613
3991.271925  0.9444376
3991.894732  0.9623784
3992.517539  0.9708082
3993.140346  0.9687629
3993.763153  0.9609938
3994.38596  0.9424944
3995.008767  0.9265839
3995.631574  0.9238792
3996.254381  0.9182531
3996.877188  0.9021218
3997.499995  0.8817008
3998.122802  0.8754873
3998.745609  0.8967111
3999.368416  0.9301329
3999.991223  0.9492239
4000.61403  0.9513876
4001.236837  0.9506949
4001.859644  0.9557264
4002.482451  0.9594595
4003.105258  0.9636577
4003.728065  0.9559175
4004.350872  0.9242296
4004.973679  0.8923338
4005.596486  0.8892886
4006.219293  0.9160526
4006.8421  0.9333376
4007.464907  0.9501421
4008.087714  0.9638932
4008.710521  0.9564392
4009.333328  0.9486133
4009.956135  0.9533743
4010.578942  0.9634666
4011.201749  0.9568546
4011.824556  0.9362212
4012.447363  0.9215736
4013.07017  0.929653
4013.692977  0.9402164
4014.315784  0.9478042
4014.938591  0.9605582
4015.561398  0.974384
4016.184205  0.9714609
4016.807012  0.9534386
4017.429819  0.952995
4018.052626  0.9637011
4018.675433  0.9732708
4019.29824  0.9783465
4019.921047  0.9821331
4020.543854  0.9770001
4021.166661  0.9613051
4021.789468  0.9543611
4022.412275  0.9559488
4023.035082  0.9580053
4023.657889  0.9536238
4024.280696  0.9354712
4024.903503  0.9235253
4025.52631  0.9390465
4026.149117  0.9681011
4026.771924  0.9825537
4027.394731  0.9749445
4028.017538  0.9668074
4028.640345  0.960459
4029.263152  0.9441165
4029.885959  0.9116763
4030.508766  0.8926951
4031.131573  0.8972468
4031.75438  0.9121957
4032.377187  0.9126881
4032.999994  0.9105402
4033.622801  0.9141085
4034.245608  0.9200201
4034.868415  0.9363137
4035.491222  0.9518706
4036.114029  0.9585543
4036.736836  0.9716794
4037.359643  0.9831487
4037.98245  0.9848164
4038.605257  0.9793023
4039.228064  0.9790788
4039.850871  0.9753233
4040.473678  0.9585527
4041.096485  0.9517077
4041.719292  0.961242
4042.342099  0.9769055
4042.964906  0.9795213
4043.587713  0.966422
4044.21052  0.9372675
4044.833327  0.8963814
4045.456134  0.8641484
4046.078941  0.875324
4046.701748  0.9281859
4047.324555  0.9631879
4047.947362  0.9732518
4048.570169  0.9701631
4049.192976  0.9668126
4049.815783  0.9722572
4050.43859  0.9784592
4051.061397  0.9745412
4051.684204  0.9662436
4052.307011  0.9619933
4052.929818  0.9618257
4053.552625  0.9567884
4054.175432  0.9473184
4054.798239  0.9463643
4055.421046  0.9593132
4056.043853  0.9615059
4056.66666  0.9572334
4057.289467  0.9554049
4057.912274  0.9499944
4058.535081  0.9584072
4059.157888  0.9743913
4059.780695  0.977092
4060.403502  0.9809504
4061.026309  0.9792684
4061.649116  0.9617862
4062.271923  0.9358122
4062.89473  0.9024838
4063.517537  0.8842587
4064.140344  0.9088887
4064.763151  0.9469454
4065.385958  0.9695022
4066.008765  0.9643937
4066.631572  0.9403075
4067.254379  0.9298964
4067.877186  0.9445003
4068.499993  0.9603261
4069.1228  0.9772591
4069.745607  0.9823743
4070.368414  0.9604817
4070.991221  0.9223765
4071.614028  0.9020594
4072.236835  0.9182601
4072.859642  0.9511899
4073.482449  0.9636019
4074.105256  0.9576134
4074.728063  0.9591737
4075.35087  0.9526321
4075.973677  0.9352092
4076.596484  0.9082745
4077.219291  0.8660303
4077.842098  0.857586
4078.464905  0.8925233
4079.087712  0.9282784
4079.710519  0.9548954
4080.333326  0.9695096
4080.956133  0.9747659
4081.57894  0.9799495
4082.201747  0.9789525
4082.824554  0.9692515
4083.447361  0.9599162
4084.070168  0.9449251
4084.692975  0.930469
4085.315782  0.9297728
4085.938589  0.9454501
4086.561396  0.9621793
4087.184203  0.9691553
4087.80701  0.9736766
4088.429817  0.9708778
4089.052624  0.9676569
4089.675431  0.9732766
4090.298238  0.9704712
4090.921045  0.9620313
4091.543852  0.9574012
4092.166659  0.9534665
4092.789466  0.9498456
4093.412273  0.9473769
4094.03508  0.9462392
4094.657887  0.9440328
4095.280694  0.9369637
4095.903501  0.9269497
4096.526308  0.9220471
4097.149115  0.9168026
4097.771922  0.903499
4098.394729  0.8803533
4099.017536  0.8631243
4099.640343  0.8336911
4100.26315  0.7599441
4100.885957  0.6433699
4101.508764  0.5511129
4102.131571  0.5512153
4102.754378  0.6507384
4103.377185  0.7663161
4103.999992  0.8412788
4104.622799  0.8777326
4105.245606  0.9009227
4105.868413  0.918332
4106.49122  0.9249218
4107.114027  0.9182205
4107.736834  0.9167736
4108.359641  0.9266881
4108.982448  0.9350442
4109.605255  0.9379554
4110.228062  0.9421383
4110.850869  0.9536983
4111.473676  0.9615138
4112.096483  0.9647896
4112.71929  0.9673886
4113.342097  0.9725621
4113.964904  0.9759242
4114.587711  0.9755519
4115.210518  0.9760273
4115.833325  0.9840264
4116.456132  0.9928229
4117.078939  0.9890599
4117.701746  0.9651384
4118.324553  0.9362923
4118.94736  0.929319
4119.570167  0.9535192
4120.192974  0.9611334
4120.815781  0.9502984
4121.438588  0.9416416
4122.061395  0.943464
4122.684202  0.9507517
4123.307009  0.9621521
4123.929816  0.9776973
4124.552623  0.9835285
4125.17543  0.983797
4125.798237  0.986612
4126.421044  0.9792484
4127.043851  0.9692451
4127.666658  0.9658148
4128.289465  0.9690809
4128.912272  0.9725354
4129.535079  0.9765346
4130.157886  0.9819437
4130.780693  0.9783484
4131.4035  0.9552171
4132.026307  0.9269553
4132.649114  0.9297688
4133.271921  0.9496604
4133.894728  0.960138
4134.517535  0.9542071
4135.140342  0.9722783
4135.763149  0.995021
4136.385956  0.995912
4137.008763  0.9909679
4137.63157  0.9911369
4138.254377  0.9980314
4138.877184  1.007042
4139.499991  1.009488
4140.122798  1.009778
4140.745605  1.013299
4141.368412  1.015191
4141.991219  0.9999245
4142.614026  0.9609115
4143.236833  0.9143863
4143.85964  0.9095108
4144.482447  0.9465646
4145.105254  0.9882918
4145.728061  1.009091
4146.350868  1.006795
4146.973675  0.9940018
4147.596482  0.9840742
4148.219289  0.9738852
4148.842096  0.9669324
4149.464903  0.9719138
4150.08771  0.9878842
4150.710517  0.9979485
4151.333324  0.9954775
4151.956131  0.9959876
4152.578938  0.9968547
4153.201745  0.9878529
4153.824552  0.9658353
4154.447359  0.9513239
4155.070166  0.9562982
4155.692973  0.9715524
4156.31578  0.9709268
4156.938587  0.9671643
4157.561394  0.9746851
4158.184201  0.9887648
4158.807008  0.997425
4159.429815  1.003187
4160.052622  1.007481
4160.675429  0.9931275
4161.298236  0.9843698
4161.921043  0.9937966
4162.54385  1.000801
4163.166657  0.9961056
4163.789464  0.9890344
4164.412271  0.9944889
4165.035078  1.011215
4165.657885  1.018628
4166.280692  1.006213
4166.903499  0.9901706
4167.526306  0.9882606
4168.149113  1.001508
4168.77192  1.016504
4169.394727  1.019614
4170.017534  1.010605
4170.640341  0.9937494
4171.263148  0.9692396
4171.885955  0.9453077
4172.508762  0.9258971
4173.131569  0.9110554
4173.754376  0.9162238
4174.377183  0.9350488
4174.99999  0.9522206
4175.622797  0.9626676
4176.245604  0.9625337
4176.868411  0.9520419
4177.491218  0.9387122
4178.114025  0.9397824
4178.736832  0.9565125
4179.359639  0.9792196
4179.982446  0.9992426
4180.605253  0.9986133
4181.22806  0.9785277
4181.850867  0.9667608
4182.473674  0.9733869
4183.096481  0.9863135
4183.719288  0.9866949
4184.342095  0.9796195
4184.964902  0.9813983
4185.587709  0.9913696
4186.210516  0.9797117
4186.833323  0.9399959
4187.45613  0.9108287
4188.078937  0.93734
4188.701744  0.9783422
4189.324551  1.006658
4189.947358  1.013821
4190.570165  0.9939015
4191.192972  0.9732246
4191.815779  0.9752923
4192.438586  0.9989911
4193.061393  1.020235
4193.6842  1.023001
4194.307007  1.009642
4194.929814  0.995084
4195.552621  0.9859651
4196.175428  0.9870257
4196.798235  0.9970993
4197.421042  0.9747735
4198.043849  0.9301388
4198.666656  0.9120782
4199.289463  0.9352211
4199.91227  0.9754797
4200.535077  0.9930865
4201.157884  0.9669117
4201.780691  0.9457455
4202.403498  0.9527952
4203.026305  0.9678137
4203.649112  0.977078
4204.271919  0.9759034
4204.894726  0.9730476
4205.517533  0.9820369
4206.14034  0.9845095
4206.763147  0.9815601
4207.385954  0.9934192
4208.008761  1.003312
4208.631568  0.9992244
4209.254375  0.9858676
4209.877182  0.9796702
4210.499989  0.9782587
4211.122796  0.9834222
4211.745603  1.005669
4212.36841  1.012885
4212.991217  1.008551
4213.614024  1.011065
4214.236831  1.000121
4214.859638  0.9595651
4215.482445  0.9128406
4216.105252  0.9181381
4216.728059  0.9561785
4217.350866  0.9916785
4217.973673  1.004196
4218.59648  0.9961284
4219.219287  0.9860736
4219.842094  0.9888352
4220.464901  0.9991522
4221.087708  1.001166
4221.710515  0.9908333
4222.333322  0.9791899
4222.956129  0.9809726
4223.578936  0.9834509
4224.201743  0.9738992
4224.82455  0.9664794
4225.447357  0.9401844
4226.070164  0.8882012
4226.692971  0.8423167
4227.315778  0.8693085
4227.938585  0.9437274
4228.561392  0.9947922
4229.184199  1.010081
4229.807006  1.005898
4230.429813  1.004312
4231.05262  1.01357
4231.675427  1.010572
4232.298234  0.9793722
4232.921041  0.9344105
4233.543848  0.928737
4234.166655  0.9589573
4234.789462  0.9836286
4235.412269  0.96654
4236.035076  0.9493183
4236.657883  0.9602026
4237.28069  0.9847821
4237.903497  0.9861829
4238.526304  0.9734859
4239.149111  0.970436
4239.771918  0.9747747
4240.394725  0.9923249
4241.017532  1.008691
4241.640339  1.000763
4242.263146  0.9950316
4242.885953  0.9990246
4243.50876  1.004268
4244.131567  1.00899
4244.754374  1.009184
4245.377181  0.9946883
4245.999988  0.9574114
4246.622795  0.9190431
4247.245602  0.9128999
4247.868409  0.9493359
4248.491216  0.9839047
4249.114023  0.9781377
4249.73683  0.9368129
4250.359637  0.9111646
4250.982444  0.9285093
4251.605251  0.9743032
4252.228058  1.008805
4252.850865  1.010069
4253.473672  0.9847124
4254.096479  0.9596538
4254.719286  0.9627799
4255.342093  0.9830217
4255.9649  1.003889
4256.587707  1.016862
4257.210514  1.012835
4257.833321  0.9986206
4258.456128  0.9875876
4259.078935  0.985213
4259.701742  0.9661403
4260.324549  0.9391387
4260.947356  0.9484772
4261.570163  0.9788235
4262.19297  1.006124
4262.815777  1.017459
4263.438584  1.015473
4264.061391  1.010603
4264.684198  1.012776
4265.307005  1.024095
4265.929812  1.026484
4266.552619  1.015718
4267.175426  1.003116
4267.798233  0.9982641
4268.42104  1.005854
4269.043847  1.016044
4269.666654  1.005586
4270.289461  0.9692891
4270.912268  0.9200499
4271.535075  0.8891599
4272.157882  0.9222852
4272.780689  0.9734324
4273.403496  0.9821839
4274.026303  0.9609208
4274.64911  0.9450354
4275.271917  0.9601218
4275.894724  0.9988247
4276.517531  1.01804
4277.140338  1.014694
4277.763145  1.010705
4278.385952  1.012676
4279.008759  1.011574
4279.631566  1.004015
4280.254373  0.9988726
4280.87718  1.003885
4281.499987  0.995123
4282.122794  0.9575305
4282.745601  0.9417046
4283.368408  0.9646977
4283.991215  1.000739
4284.614022  1.006272
4285.236829  0.9970534
4285.859636  0.9910567
4286.482443  0.9884733
4287.10525  0.9738414
4287.728057  0.9592034
4288.350864  0.9459698
4288.973671  0.8997111
4289.596478  0.8602178
4290.219285  0.8642718
4290.842092  0.9075909
4291.464899  0.9533788
4292.087706  0.9857376
4292.710513  0.997947
4293.33332  0.9700157
4293.956127  0.9391698
4294.578934  0.9406229
4295.201741  0.9704654
4295.824548  0.9847212
4296.447355  0.9792619
4297.070162  0.9750766
4297.692969  0.9646888
4298.315776  0.9303211
4298.938583  0.8789178
4299.56139  0.8500849
4300.184197  0.8636731
4300.807004  0.8936161
4301.429811  0.8986687
4302.052618  0.87878
4302.675425  0.8752863
4303.298232  0.9096164
4303.921039  0.9470801
4304.543846  0.9578256
4305.166653  0.9456539
4305.78946  0.9364823
4306.412267  0.9355531
4307.035074  0.9105934
4307.657881  0.8641084
4308.280688  0.8759
4308.903495  0.9097514
4309.526302  0.9302564
4310.149109  0.9487227
4310.771916  0.9700052
4311.394723  0.9754724
4312.01753  0.9523139
4312.640337  0.9273414
4313.263144  0.9150795
4313.885951  0.9054082
4314.508758  0.882598
4315.131565  0.9033048
4315.754372  0.9600115
4316.377179  0.996977
4316.999986  1.004444
4317.622793  0.9967919
4318.2456  0.9907167
4318.868407  0.9865112
4319.491214  0.98584
4320.114021  0.9738141
4320.736828  0.9464642
4321.359635  0.9616954
4321.982442  0.9948146
4322.605249  1.00161
4323.228056  0.9868081
4323.850863  0.9715502
4324.47367  0.949918
4325.096477  0.905327
4325.719284  0.8978869
4326.342091  0.9344162
4326.964898  0.98079
4327.587705  1.008705
4328.210512  1.012705
4328.833319  1.002509
4329.456126  0.9899393
4330.078933  0.9760706
4330.70174  0.9713691
4331.324547  0.9830371
4331.947354  0.9971228
4332.570161  0.9987393
4333.192968  0.9883126
4333.815775  0.9811422
4334.438582  0.9771072
4335.061389  0.9762676
4335.684196  0.9712406
4336.307003  0.9355931
4336.92981  0.881422
4337.552617  0.8397449
4338.175424  0.8237802
4338.798231  0.79398
4339.421038  0.7026281
4340.043845  0.5651101
4340.666652  0.5453523
4341.289459  0.6557325
4341.912266  0.798342
4342.535073  0.8890088
4343.15788  0.9126368
4343.780687  0.9030284
4344.403494  0.9058399
4345.026301  0.9320576
4345.649108  0.9633394
4346.271915  0.9781671
4346.894722  0.9826428
4347.517529  0.9865489
4348.140336  0.992265
4348.763143  0.9949806
4349.38595  0.9991989
4350.008757  0.9951334
4350.631564  0.9688466
4351.254371  0.927527
4351.877178  0.9055094
4352.499985  0.9233635
4353.122792  0.9617122
4353.745599  0.9941898
4354.368406  1.005784
4354.991213  1.001175
4355.61402  1.003644
4356.236827  1.01094
4356.859634  1.013533
4357.482441  1.018063
4358.105248  1.016062
4358.728055  1.005572
4359.350862  0.9963748
4359.973669  0.9975784
4360.596476  1.012865
4361.219283  1.031724
4361.84209  1.034105
4362.464897  1.026647
4363.087704  1.023
4363.710511  1.025458
4364.333318  1.030741
4364.956125  1.033594
4365.578932  1.030581
4366.201739  1.021687
4366.824546  1.005677
4367.447353  0.9909322
4368.07016  0.9955149
4368.692967  1.004955
4369.315774  1.00725
4369.938581  1.005165
4370.561388  1.003578
4371.184195  1.010638
4371.807002  1.024594
4372.429809  1.030635
4373.052616  1.016697
4373.675423  0.9831983
4374.29823  0.9444975
4374.921037  0.9224365
4375.543844  0.9294233
4376.166651  0.9622157
4376.789458  1.001251
4377.412265  1.027383
4378.035072  1.034059
4378.657879  1.029532
4379.280686  1.020704
4379.903493  1.017033
4380.5263  1.024487
4381.149107  1.033757
4381.771914  1.028613
4382.394721  0.9964114
4383.017528  0.9398012
4383.640335  0.9181734
4384.263142  0.9380909
4384.885949  0.9582673
4385.508756  0.9771513
4386.131563  0.993654
4386.75437  1.0045
4387.377177  1.007353
4387.999984  1.002082
4388.622791  0.9985826
4389.245598  1.008085
4389.868405  1.009233
4390.491212  1.000946
4391.114019  0.9988743
4391.736826  1.017118
4392.359633  1.030478
4392.98244  1.018951
4393.605247  0.9908167
4394.228054  0.9545748
4394.850861  0.9301019
4395.473668  0.9367797
4396.096475  0.9761788
4396.719282  1.007118
4397.342089  1.007802
4397.964896  1.006893
4398.587703  0.9998726
4399.21051  0.9768596
4399.833317  0.9435992
4400.456124  0.941762
4401.078931  0.9679496
4401.701738  0.9980153
4402.324545  1.023337
4402.947352  1.032923
4403.570159  1.012927
4404.192966  0.965147
4404.815773  0.9504752
4405.43858  0.9769723
4406.061387  1.008772
4406.684194  1.015632
4407.307001  1.00026
4407.929808  0.9820369
4408.552615  0.976904
4409.175422  0.9947698
4409.798229  1.016445
4410.421036  1.019533
4411.043843  1.020267
4411.66665  1.022609
4412.289457  1.025209
4412.912264  1.029492
4413.535071  1.023735
4414.157878  0.9943484
4414.780685  0.9478115
4415.403492  0.9333079
4416.026299  0.9523702
4416.649106  0.9702004
4417.271913  0.9580467
4417.89472  0.9503415
4418.517527  0.9729881
4419.140334  1.01143
4419.763141  1.031971
4420.385948  1.032112
4421.008755  1.024762
4421.631562  1.00354
4422.254369  0.9960883
4422.877176  1.009584
4423.499983  1.013632
4424.12279  1.014051
4424.745597  1.009631
4425.368404  0.9968251
4425.991211  0.9910584
4426.614018  0.985679
4427.236825  0.9784301
4427.859632  0.9876171
4428.482439  1.00793
4429.105246  1.019374
4429.728053  1.008522
4430.35086  0.9944982
4430.973667  0.994569
4431.596474  1.008516
4432.219281  1.016283
4432.842088  1.020432
4433.464895  1.016353
4434.087702  0.9908155
4434.710509  0.9560037
4435.333316  0.9436533
4435.956123  0.9712539
4436.57893  1.004678
4437.201737  1.02629
4437.824544  1.035043
4438.447351  1.03857
4439.070158  1.031732
4439.692965  1.026737
4440.315772  1.034184
4440.938579  1.021655
4441.561386  0.9940376
4442.184193  0.9674405
4442.807  0.9406233
4443.429807  0.926936
4444.052614  0.9361144
4444.675421  0.9668441
4445.298228  1.002551
4445.921035  1.022881
4446.543842  1.019002
4447.166649  1.004606
4447.789456  0.9975948
4448.412263  1.004713
4449.03507  1.016002
4449.657877  1.006086
4450.280684  0.9839972
4450.903491  0.9792673
4451.526298  1.001723
4452.149105  1.023375
4452.771912  1.021907
4453.394719  1.006507
4454.017526  0.9795663
4454.640333  0.9559972
4455.26314  0.954358
4455.885947  0.9764534
4456.508754  1.000945
4457.131561  1.010452
4457.754368  1.012117
4458.377175  1.001716
4458.999982  0.9890452
4459.622789  0.992808
4460.245596  0.9990548
4460.868403  0.9908853
4461.49121  0.9709594
4462.114017  0.9740598
4462.736824  0.9985395
4463.359631  1.016996
4463.982438  1.006051
4464.605245  0.9964283
4465.228052  0.999747
4465.850859  1.003561
4466.473666  0.9976183
4467.096473  0.9895381
4467.71928  0.9794167
4468.342087  0.9505151
4468.964894  0.9429803
4469.587701  0.9667519
4470.210508  0.991473
4470.833315  1.002215
4471.456122  1.009282
4472.078929  1.023054
4472.701736  1.027204
4473.324543  1.027708
4473.94735  1.029732
4474.570157  1.028011
4475.192964  1.014321
4475.815771  0.999025
4476.438578  0.9996129
4477.061385  1.015381
4477.684192  1.028748
4478.306999  1.026585
4478.929806  1.013725
4479.552613  1.012824
4480.17542  1.017818
4480.798227  1.002583
4481.421034  0.9743798
4482.043841  0.9578109
4482.666648  0.9701758
4483.289455  0.9990731
4483.912262  1.023165
4484.535069  1.031994
4485.157876  1.032056
4485.780683  1.033399
4486.40349  1.033522
4487.026297  1.027989
4487.649104  1.026492
4488.271911  1.018418
4488.894718  1.000788
4489.517525  0.9880118
4490.140332  0.9899766
4490.763139  0.9992499
4491.385946  1.003943
4492.008753  1.01404
4492.63156  1.023615
4493.254367  1.020718
4493.877174  1.004194
4494.499981  0.9888786
4495.122788  0.9884812
4495.745595  1.003073
4496.368402  1.009863
4496.991209  1.008191
4497.614016  1.012028
4498.236823  1.024016
4498.85963  1.035593
4499.482437  1.035061
4500.105244  1.016437
4500.728051  0.9801074
4501.350858  0.9575676
4501.973665  0.9773643
4502.596472  1.008075
4503.219279  1.030299
4503.842086  1.038878
4504.464893  1.034271
4505.0877  1.036594
4505.710507  1.046344
4506.333314  1.045252
4506.956121  1.034382
4507.578928  1.013099
4508.201735  0.9927425
4508.824542  1.003212
