3820.  0.
3820.622807  0.
3821.245614  0.
3821.868421  0.
3822.491228  0.
3823.114035  0.
3823.736842  0.
3824.359649  0.
3824.982456  0.
3825.605263  0.
3826.22807  0.
3826.850877  0.
3827.473684  0.
3828.096491  0.
3828.719298  0.
3829.342105  0.
3829.964912  0.
3830.587719  0.
3831.210526  0.
3831.833333  0.
3832.45614  0.
3833.078947  0.
3833.701754  0.
3834.324561  0.
3834.947368  0.
3835.570175  0.
3836.192982  0.
3836.815789  0.
3837.438596  0.
3838.061403  0.
3838.68421  0.
3839.307017  0.
3839.929824  0.
3840.552631  0.
3841.175438  0.
3841.798245  0.
3842.421052  0.
3843.043859  0.
3843.666666  0.
3844.289473  0.
3844.91228  0.
3845.535087  0.
3846.157894  0.
3846.780701  0.
3847.403508  0.
3848.026315  0.
3848.649122  0.
3849.271929  0.1303269
3849.894736  0.7346127
3850.517543  0.7709771
3851.14035  0.8204933
3851.763157  0.8559389
3852.385964  0.8613194
3853.008771  0.8404926
3853.631578  0.82716
3854.254385  0.8302438
3854.877192  0.806605
3855.499999  0.7629825
3856.122806  0.7439989
3856.745613  0.7830477
3857.36842  0.8191912
3857.991227  0.7866285
3858.614034  0.6862848
3859.236841  0.6173059
3859.859648  0.6142347
3860.482455  0.6716002
3861.105262  0.764645
3861.728069  0.8462577
3862.350876  0.8824822
3862.973683  0.8767225
3863.59649  0.8741782
3864.219297  0.8635847
3864.842104  0.8396593
3865.464911  0.8366211
3866.087718  0.8459852
3866.710525  0.8552574
3867.333332  0.8617904
3867.956139  0.8705753
3868.578946  0.8699987
3869.201753  0.8519173
3869.82456  0.8271948
3870.447367  0.7844386
3871.070174  0.7168022
3871.692981  0.642096
3872.315788  0.6157218
3872.938595  0.6510626
3873.561402  0.7217299
3874.184209  0.7902355
3874.807016  0.8298844
3875.429823  0.8400335
3876.05263  0.8365929
3876.675437  0.8090613
3877.298244  0.7366155
3877.921051  0.6408179
3878.543858  0.6356902
3879.166665  0.71655
3879.789472  0.8044554
3880.412279  0.8262071
3881.035086  0.7907369
3881.657893  0.7291495
3882.2807  0.6750897
3882.903507  0.6741951
3883.526314  0.7147301
3884.149121  0.7448924
3884.771928  0.7161202
3885.394735  0.6465075
3886.017542  0.5861852
3886.640349  0.5721374
3887.263156  0.5780936
3887.885963  0.5507849
3888.50877  0.4806161
3889.131577  0.4545375
3889.754384  0.4979953
3890.377191  0.5793087
3890.999998  0.6458082
3891.622805  0.6956937
3892.245612  0.7211601
3892.868419  0.7174364
3893.491226  0.7192057
3894.114033  0.7154438
3894.73684  0.6989241
3895.359647  0.702895
3895.982454  0.7471592
3896.605261  0.7996312
3897.228068  0.8078336
3897.850875  0.7840242
3898.473682  0.763455
3899.096489  0.7630161
3899.719296  0.7593881
3900.342103  0.786586
3900.96491  0.8313845
3901.587717  0.8288914
3902.210524  0.7843936
3902.833331  0.7505171
3903.456138  0.763165
3904.078945  0.7781394
3904.701752  0.7449107
3905.324559  0.6826316
3905.947366  0.6765035
3906.570173  0.7231258
3907.19298  0.780429
3907.815787  0.8139802
3908.438594  0.8382837
3909.061401  0.8419486
3909.684208  0.8261183
3910.307015  0.8269467
3910.929822  0.849469
3911.552629  0.8828416
3912.175436  0.9031749
3912.798243  0.869305
3913.42105  0.8270593
3914.043857  0.8264061
3914.666664  0.8343942
3915.289471  0.8193731
3915.912278  0.7929406
3916.535085  0.7960159
3917.157892  0.8105426
3917.780699  0.8122999
3918.403506  0.7975912
3919.026313  0.7894881
3919.64912  0.7673414
3920.271927  0.7260547
3920.894734  0.7039464
3921.517541  0.7233809
3922.140348  0.7636905
3922.763155  0.7888564
3923.385962  0.8063501
3924.008769  0.8147128
3924.631576  0.7984355
3925.254383  0.7434916
3925.87719  0.7063152
3926.499997  0.6871301
3927.122804  0.6351773
3927.745611  0.5599214
3928.368418  0.4935835
3928.991225  0.451972
3929.614032  0.4103656
3930.236839  0.3572665
3930.859646  0.2998864
3931.482453  0.2527964
3932.10526  0.206669
3932.728067  0.1630552
3933.350874  0.1348842
3933.973681  0.1345453
3934.596488  0.161929
3935.219295  0.2090564
3935.842102  0.2658846
3936.464909  0.3250206
3937.087716  0.3835033
3937.710523  0.4433178
3938.33333  0.5098911
3938.956137  0.5856702
3939.578944  0.6509141
3940.201751  0.6680106
3940.824558  0.6642333
3941.447365  0.6704618
3942.070172  0.6886214
3942.692979  0.6857247
3943.315786  0.6623069
3943.938593  0.6487641
3944.5614  0.6788876
3945.184207  0.7533411
3945.807014  0.8298752
3946.429821  0.8514636
3947.052628  0.8185037
3947.675435  0.7695534
3948.298242  0.7454423
3948.921049  0.7522487
3949.543856  0.7888579
3950.166663  0.8344659
3950.78947  0.8528228
3951.412277  0.8305781
3952.035084  0.7792457
3952.657891  0.7387828
3953.280698  0.7743134
3953.903505  0.8507031
3954.526312  0.8933268
3955.149119  0.8641814
3955.771926  0.7972778
3956.394733  0.7485671
3957.01754  0.7538277
3957.640347  0.7972336
3958.263154  0.8460883
3958.885961  0.8745652
3959.508768  0.8764538
3960.131575  0.8246373
3960.754382  0.729286
3961.377189  0.6449149
3961.999996  0.6099597
3962.622803  0.6086134
3963.24561  0.6031578
3963.868417  0.5867969
3964.491224  0.55127
3965.114031  0.4913605
3965.736838  0.4106163
3966.359645  0.3315037
3966.982452  0.2590003
3967.605259  0.1916726
3968.228066  0.1543633
3968.850873  0.1571453
3969.47368  0.1946973
3970.096487  0.2533941
3970.719294  0.3248945
3971.342101  0.3976446
3971.964908  0.4602657
3972.587715  0.5140965
3973.210522  0.5544901
3973.833329  0.588166
3974.456136  0.6437874
3975.078943  0.700189
3975.70175  0.7330392
3976.324557  0.7436373
3976.947364  0.7595881
3977.570171  0.7894366
3978.192978  0.8253243
3978.815785  0.8627808
3979.438592  0.9003187
3980.061399  0.9248916
3980.684206  0.9150537
3981.307013  0.8743767
3981.92982  0.8337047
3982.552627  0.8225173
3983.175434  0.8275905
3983.798241  0.8479661
3984.421048  0.8817297
3985.043855  0.9100139
3985.666662  0.8983575
3986.289469  0.8621933
3986.912276  0.8553863
3987.535083  0.8899454
3988.15789  0.9255673
3988.780697  0.9229252
3989.403504  0.8967831
3990.026311  0.8921627
3990.649118  0.9185888
3991.271925  0.9419782
3991.894732  0.9605854
3992.517539  0.971478
3993.140346  0.9673675
3993.763153  0.9478858
3994.38596  0.9199284
3995.008767  0.9007922
3995.631574  0.9033188
3996.254381  0.8922235
3996.877188  0.8638332
3997.499995  0.8478737
3998.122802  0.8653446
3998.745609  0.9129364
3999.368416  0.9646402
3999.991223  0.9849483
4000.61403  0.9661209
4001.236837  0.9484231
4001.859644  0.9772671
4002.482451  1.011906
4003.105258  1.023442
4003.728065  0.9956425
4004.350872  0.91645
4004.973679  0.8371385
4005.596486  0.8077559
4006.219293  0.8374354
4006.8421  0.8959223
4007.464907  0.9528022
4008.087714  0.9881876
4008.710521  0.9916196
4009.333328  0.9859945
4009.956135  0.9918193
4010.578942  1.003112
4011.201749  0.9913467
4011.824556  0.9700521
4012.447363  0.9724388
4013.07017  0.979036
4013.692977  0.9731619
4014.315784  0.9644523
4014.938591  0.986509
4015.561398  1.009606
4016.184205  1.00015
4016.807012  0.9580026
4017.429819  0.9293019
4018.052626  0.945458
4018.675433  0.99376
4019.29824  1.020318
4019.921047  1.011008
4020.543854  0.9861143
4021.166661  0.9748297
4021.789468  0.9783291
4022.412275  0.9899568
4023.035082  0.9938775
4023.657889  0.9636551
4024.280696  0.9329201
4024.903503  0.9384775
4025.52631  0.9772093
4026.149117  1.021514
4026.771924  1.045393
4027.394731  1.042563
4028.017538  1.038096
4028.640345  1.025195
4029.263152  0.9829283
4029.885959  0.9078615
4030.508766  0.8551826
4031.131573  0.8501118
4031.75438  0.867973
4032.377187  0.879591
4032.999994  0.8875052
4033.622801  0.9040965
4034.245608  0.9192076
4034.868415  0.9341348
4035.491222  0.9566486
4036.114029  0.9933329
4036.736836  1.033661
4037.359643  1.05902
4037.98245  1.060355
4038.605257  1.050287
4039.228064  1.02868
4039.850871  0.9915744
4040.473678  0.9447871
4041.096485  0.9350142
4041.719292  0.9704823
4042.342099  1.011487
4042.964906  1.012319
4043.587713  0.9752142
4044.21052  0.9092312
4044.833327  0.8023614
4045.456134  0.7339354
4046.078941  0.7638239
4046.701748  0.874867
4047.324555  0.9793246
4047.947362  1.017024
4048.570169  0.9941953
4049.192976  0.978739
4049.815783  0.9904185
4050.43859  1.011488
4051.061397  1.012519
4051.684204  0.9947143
4052.307011  0.9715418
4052.929818  0.9559319
4053.552625  0.9504802
4054.175432  0.9394587
4054.798239  0.9263647
4055.421046  0.9408103
4056.043853  0.9563916
4056.66666  0.9454429
4057.289467  0.9105678
4057.912274  0.8953155
4058.535081  0.9139917
4059.157888  0.954937
4059.780695  0.9972793
4060.403502  1.025026
4061.026309  1.027846
4061.649116  0.9993839
4062.271923  0.9267832
4062.89473  0.8421062
4063.517537  0.8028581
4064.140344  0.8506148
4064.763151  0.931652
4065.385958  0.9725744
4066.008765  0.9456679
4066.631572  0.9041989
4067.254379  0.8937699
4067.877186  0.9260328
4068.499993  0.9844614
4069.1228  1.032143
4069.745607  1.033008
4070.368414  0.9756481
4070.991221  0.9012561
4071.614028  0.8655118
4072.236835  0.8967448
4072.859642  0.9540336
4073.482449  0.986708
4074.105256  0.9756736
4074.728063  0.9493656
4075.35087  0.9133404
4075.973677  0.8562106
4076.596484  0.7734615
4077.219291  0.7071988
4077.842098  0.703609
4078.464905  0.7698465
4079.087712  0.8491045
4079.710519  0.9120686
4080.333326  0.955399
4080.956133  0.9873425
4081.57894  1.003836
4082.201747  0.9952577
4082.824554  0.9590243
4083.447361  0.9165112
4084.070168  0.8888056
4084.692975  0.8871368
4085.315782  0.9054404
4085.938589  0.9295042
4086.561396  0.9564178
4087.184203  0.9922335
4087.80701  1.028086
4088.429817  1.039268
4089.052624  1.018433
4089.675431  1.00141
4090.298238  0.9917206
4090.921045  0.9818391
4091.543852  0.9685046
4092.166659  0.9499585
4092.789466  0.9500235
4093.412273  0.9800271
4094.03508  0.9913362
4094.657887  0.9688234
4095.280694  0.9263332
4095.903501  0.8919615
4096.526308  0.8823885
4097.149115  0.885112
4097.771922  0.8746337
4098.394729  0.8552924
4099.017536  0.8310236
4099.640343  0.7887651
4100.26315  0.7023259
4100.885957  0.5954233
4101.508764  0.5253828
4102.131571  0.5425503
4102.754378  0.6251291
4103.377185  0.7179655
4103.999992  0.7820801
4104.622799  0.8340813
4105.245606  0.8767303
4105.868413  0.9026155
4106.49122  0.9078023
4107.114027  0.9123097
4107.736834  0.9193392
4108.359641  0.9169161
4108.982448  0.9058949
4109.605255  0.8994303
4110.228062  0.9093883
4110.850869  0.9313919
4111.473676  0.9515574
4112.096483  0.967628
4112.71929  0.985121
4113.342097  0.991713
4113.964904  0.9924021
4114.587711  0.9996051
4115.210518  1.014286
4115.833325  1.034658
4116.456132  1.048639
4117.078939  1.036993
4117.701746  0.9836744
4118.324553  0.9238482
4118.94736  0.9076697
4119.570167  0.9371523
4120.192974  0.9690228
4120.815781  0.973815
4121.438588  0.9668282
4122.061395  0.9540775
4122.684202  0.9446641
4123.307009  0.9489276
4123.929816  0.9737051
4124.552623  0.9964934
4125.17543  0.9991282
4125.798237  0.9949962
4126.421044  0.9809424
4127.043851  0.9549901
4127.666658  0.928311
4128.289465  0.9329482
4128.912272  0.9598517
4129.535079  0.9820226
4130.157886  0.9950403
4130.780693  0.973516
4131.4035  0.924071
4132.026307  0.8951684
4132.649114  0.8946136
4133.271921  0.9045562
4133.894728  0.9090206
4134.517535  0.9209599
4135.140342  0.9662305
4135.763149  1.026214
4136.385956  1.02935
4137.008763  1.013478
4137.63157  1.017582
4138.254377  1.043095
4138.877184  1.064452
4139.499991  1.073933
4140.122798  1.072947
4140.745605  1.056132
4141.368412  1.029071
4141.991219  0.9868492
4142.614026  0.9221919
4143.236833  0.8657421
4143.85964  0.8654083
4144.482447  0.9343177
4145.105254  1.001204
4145.728061  1.033714
4146.350868  1.037004
4146.973675  1.033443
4147.596482  1.038547
4148.219289  1.032253
4148.842096  0.990869
4149.464903  0.9597362
4150.08771  0.964251
4150.710517  0.9914891
4151.333324  1.001274
4151.956131  0.9958504
4152.578938  0.9884388
4153.201745  0.9809543
4153.824552  0.9474978
4154.447359  0.9258214
4155.070166  0.9470066
4155.692973  0.9463319
4156.31578  0.9343765
4156.938587  0.941822
4157.561394  0.9736094
4158.184201  1.000222
4158.807008  1.015781
4159.429815  1.030714
4160.052622  1.026781
4160.675429  1.009029
4161.298236  0.9993501
4161.921043  1.019574
4162.54385  1.042267
4163.166657  1.048952
4163.789464  1.045715
4164.412271  1.049359
4165.035078  1.056607
4165.657885  1.051106
4166.280692  1.020464
4166.903499  0.9768375
4167.526306  0.9547502
4168.149113  0.9839737
4168.77192  1.031045
4169.394727  1.056215
4170.017534  1.043284
4170.640341  1.011529
4171.263148  0.9585997
4171.885955  0.8945457
4172.508762  0.8563349
4173.131569  0.8600945
4173.754376  0.8909938
4174.377183  0.9225609
4174.99999  0.9577453
4175.622797  0.9836268
4176.245604  0.9812109
4176.868411  0.9453772
4177.491218  0.9208599
4178.114025  0.9256594
4178.736832  0.9417294
4179.359639  0.9764782
4179.982446  1.013698
4180.605253  1.023908
4181.22806  0.9918973
4181.850867  0.956099
4182.473674  0.9488096
4183.096481  0.9607677
4183.719288  0.9635001
4184.342095  0.9714671
4184.964902  1.004361
4185.587709  1.015349
4186.210516  0.9753499
4186.833323  0.908022
4187.45613  0.8806052
4188.078937  0.9055557
4188.701744  0.9570507
4189.324551  0.9993393
4189.947358  1.029867
4190.570165  1.02531
4191.192972  0.9866368
4191.815779  0.9737489
4192.438586  1.007799
4193.061393  1.060371
4193.6842  1.076618
4194.307007  1.040316
4194.929814  0.9769526
4195.552621  0.9345504
4196.175428  0.9462526
4196.798235  0.9758993
4197.421042  0.9641042
4198.043849  0.8909583
4198.666656  0.8631648
4199.289463  0.9059409
4199.91227  0.9562805
4200.535077  0.9751571
4201.157884  0.9499819
4201.780691  0.911645
4202.403498  0.9207215
4203.026305  0.9568046
4203.649112  0.9748184
4204.271919  0.9555116
4204.894726  0.9507431
4205.517533  0.9661868
4206.14034  0.980252
4206.763147  0.9916652
4207.385954  1.008454
4208.008761  1.02669
4208.631568  1.028486
4209.254375  1.012506
4209.877182  0.9914881
4210.499989  0.9825709
4211.122796  0.997486
4211.745603  1.021289
4212.36841  1.037699
4212.991217  1.046186
4213.614024  1.047155
4214.236831  1.018376
4214.859638  0.9420724
4215.482445  0.867627
4216.105252  0.8537252
4216.728059  0.9108421
4217.350866  0.9750783
4217.973673  0.9992841
4218.59648  0.9886807
4219.219287  0.9861715
4219.842094  1.00707
4220.464901  1.038354
4221.087708  1.051949
4221.710515  1.023509
4222.333322  0.9897187
4222.956129  0.9726117
4223.578936  0.9487588
4224.201743  0.9243374
4224.82455  0.8935392
4225.447357  0.8366442
4226.070164  0.7376887
4226.692971  0.6678054
4227.315778  0.7065422
4227.938585  0.8565786
4228.561392  0.9833686
4229.184199  1.022758
4229.807006  1.018117
4230.429813  1.013938
4231.05262  1.022031
4231.675427  1.021218
4232.298234  0.9819039
4232.921041  0.9340263
4233.543848  0.9266078
4234.166655  0.972025
4234.789462  0.976987
4235.412269  0.9238551
4236.035076  0.8697906
4236.657883  0.87232
4237.28069  0.9043635
4237.903497  0.9220092
4238.526304  0.9187003
4239.149111  0.908958
4239.771918  0.916487
4240.394725  0.9543493
4241.017532  1.006155
4241.640339  1.011778
4242.263146  0.9563215
4242.885953  0.920812
4243.50876  0.9434058
4244.131567  0.9955068
4244.754374  1.016179
4245.377181  1.001578
4245.999988  0.9645533
4246.622795  0.9214814
4247.245602  0.8871524
4247.868409  0.8802741
4248.491216  0.8948651
4249.114023  0.9007859
4249.73683  0.8796956
4250.359637  0.8693069
4250.982444  0.9135009
4251.605251  0.9852005
4252.228058  1.029824
4252.850865  1.019389
4253.473672  0.9779097
4254.096479  0.9326554
4254.719286  0.9039163
4255.342093  0.9054331
4255.9649  0.9496114
4256.587707  1.007023
4257.210514  1.027987
4257.833321  0.9815758
4258.456128  0.9369254
4259.078935  0.9123408
4259.701742  0.8663222
4260.324549  0.8274754
4260.947356  0.833321
4261.570163  0.8906906
4262.19297  0.9578822
4262.815777  1.005065
4263.438584  1.016919
4264.061391  0.9988746
4264.684198  0.9942033
4265.307005  1.010612
4265.929812  1.020013
4266.552619  0.9892879
4267.175426  0.9457069
4267.798233  0.9264262
4268.42104  0.9342999
4269.043847  0.9455529
4269.666654  0.938533
4270.289461  0.9009432
4270.912268  0.8176823
4271.535075  0.7703628
4272.157882  0.8118665
4272.780689  0.8732377
4273.403496  0.8938696
4274.026303  0.8667166
4274.64911  0.8378499
4275.271917  0.8594801
4275.894724  0.9199849
4276.517531  0.974158
4277.140338  0.9968692
4277.763145  1.007067
4278.385952  1.005805
4279.008759  0.9665049
4279.631566  0.9046614
4280.254373  0.8764227
4280.87718  0.9088736
4281.499987  0.9312151
4282.122794  0.9285793
4282.745601  0.9268758
4283.368408  0.9511015
4283.991215  0.9581383
4284.614022  0.9277647
4285.236829  0.8799798
4285.859636  0.8443181
4286.482443  0.8476354
4287.10525  0.8832154
4287.728057  0.9046853
4288.350864  0.8760237
4288.973671  0.8126432
4289.596478  0.7645442
4290.219285  0.7527562
4290.842092  0.7829359
4291.464899  0.8420002
4292.087706  0.8988543
4292.710513  0.9335597
4293.33332  0.9307216
4293.956127  0.8906873
4294.578934  0.8722504
4295.201741  0.8771989
4295.824548  0.8668863
4296.447355  0.8188187
4297.070162  0.7856105
4297.692969  0.7829394
4298.315776  0.7530416
4298.938583  0.6829494
4299.56139  0.6248474
4300.184197  0.634201
4300.807004  0.6764002
4301.429811  0.7045176
4302.052618  0.6937337
4302.675425  0.6616439
4303.298232  0.6748526
4303.921039  0.7176796
4304.543846  0.7253224
4305.166653  0.7263871
4305.78946  0.7394559
4306.412267  0.746038
4307.035074  0.7017913
4307.657881  0.6390134
4308.280688  0.6067039
4308.903495  0.6240907
4309.526302  0.6547623
4310.149109  0.6791309
4310.771916  0.697192
4311.394723  0.7123693
4312.01753  0.7376586
4312.640337  0.7765248
4313.263144  0.8138475
4313.885951  0.8192209
4314.508758  0.8306423
4315.131565  0.8956168
4315.754372  0.9807981
4316.377179  1.043392
4316.999986  1.059315
4317.622793  1.037742
4318.2456  1.02388
4318.868407  1.028892
4319.491214  1.030065
4320.114021  1.006362
4320.736828  0.9854484
4321.359635  0.9860903
4321.982442  0.9786636
4322.605249  0.9168293
4323.228056  0.8308313
4323.850863  0.7878311
4324.47367  0.7589847
4325.096477  0.7398933
4325.719284  0.753395
4326.342091  0.8236184
4326.964898  0.9057502
4327.587705  0.9620867
4328.210512  0.9911564
4328.833319  0.9981081
4329.456126  0.9840697
4330.078933  0.9574834
4330.70174  0.9420866
4331.324547  0.9573742
4331.947354  0.9814028
4332.570161  0.9705364
4333.192968  0.9485772
4333.815775  0.9339898
4334.438582  0.9338763
4335.061389  0.9539703
4335.684196  0.9500341
4336.307003  0.8927637
4336.92981  0.805577
4337.552617  0.741735
4338.175424  0.7107923
4338.798231  0.67304
4339.421038  0.5809855
4340.043845  0.5009155
4340.666652  0.511943
4341.289459  0.6130593
4341.912266  0.7318847
4342.535073  0.8027638
4343.15788  0.8122028
4343.780687  0.8144228
4344.403494  0.8469233
4345.026301  0.9013776
4345.649108  0.9292554
4346.271915  0.9332346
4346.894722  0.9314896
4347.517529  0.9358311
4348.140336  0.9555265
4348.763143  0.9842159
4349.38595  1.000097
4350.008757  0.9738991
4350.631564  0.8936412
4351.254371  0.8007668
4351.877178  0.7724411
4352.499985  0.833832
4353.122792  0.9189982
4353.745599  0.951113
4354.368406  0.945003
4354.991213  0.9334833
4355.61402  0.9442177
4356.236827  0.9803486
4356.859634  1.004466
4357.482441  0.9919478
4358.105248  0.9505748
4358.728055  0.9152108
4359.350862  0.9119998
4359.973669  0.9455143
4360.596476  0.9952951
4361.219283  1.027385
4361.84209  1.0272
4362.464897  1.005369
4363.087704  0.9836293
4363.710511  0.9928727
4364.333318  1.030745
4364.956125  1.044694
4365.578932  1.040678
4366.201739  1.012655
4366.824546  0.9504794
4367.447353  0.9287449
4368.07016  0.9520707
4368.692967  0.9785796
4369.315774  0.9828539
4369.938581  0.9650849
4370.561388  0.9484821
4371.184195  0.9575768
4371.807002  0.9850152
4372.429809  0.9921511
4373.052616  0.9522743
4373.675423  0.9003095
4374.29823  0.8578905
4374.921037  0.8473989
4375.543844  0.8898628
4376.166651  0.9414114
4376.789458  0.9789712
4377.412265  1.005577
4378.035072  1.0106
4378.657879  1.002479
4379.280686  0.9922822
4379.903493  0.9794538
4380.5263  0.993158
4381.149107  1.01295
4381.771914  0.9771404
4382.394721  0.8667713
4383.017528  0.7563922
4383.640335  0.7227686
4384.263142  0.7476397
4384.885949  0.8128474
4385.508756  0.8878493
4386.131563  0.9369402
4386.75437  0.9492388
4387.377177  0.9422531
4387.999984  0.9409562
4388.622791  0.9494722
4389.245598  0.9473598
4389.868405  0.9286914
4390.491212  0.9182611
4391.114019  0.9290584
4391.736826  0.9593346
4392.359633  0.9918526
4392.98244  0.9961591
4393.605247  0.9665238
4394.228054  0.9207141
4394.850861  0.891687
4395.473668  0.9147407
4396.096475  0.9737247
4396.719282  1.011251
4397.342089  1.010899
4397.964896  0.9947537
4398.587703  0.9826723
4399.21051  0.9526316
4399.833317  0.9077027
4400.456124  0.8804756
4401.078931  0.911046
4401.701738  0.966876
4402.324545  1.012145
4402.947352  1.016619
4403.570159  0.9450033
4404.192966  0.8713088
4404.815773  0.8726085
4405.43858  0.9322625
4406.061387  0.9911412
4406.684194  0.9998683
4407.307001  0.9583231
4407.929808  0.9303463
4408.552615  0.9378135
4409.175422  0.9645218
4409.798229  0.9911124
4410.421036  1.010203
4411.043843  1.025501
4411.66665  1.044539
4412.289457  1.058501
4412.912264  1.062265
4413.535071  1.043974
4414.157878  0.9697182
4414.780685  0.9053915
4415.403492  0.9082489
4416.026299  0.9415893
4416.649106  0.9552389
4417.271913  0.947742
4417.89472  0.9596027
4418.517527  0.9966852
4419.140334  1.039348
4419.763141  1.061728
4420.385948  1.059046
4421.008755  1.035039
4421.631562  1.003527
4422.254369  0.9818234
4422.877176  0.9900979
4423.499983  1.013062
4424.12279  1.018514
4424.745597  1.012962
4425.368404  1.005236
4425.991211  0.9993384
4426.614018  0.9913719
4427.236825  0.9908966
4427.859632  1.007188
4428.482439  1.033325
4429.105246  1.020401
4429.728053  0.9818489
4430.35086  0.9680164
4430.973667  0.990034
4431.596474  1.019304
4432.219281  1.027076
4432.842088  1.014775
4433.464895  0.9844785
4434.087702  0.944782
4434.710509  0.9128646
4435.333316  0.914189
4435.956123  0.9494801
4436.57893  1.000582
4437.201737  1.044187
4437.824544  1.063329
4438.447351  1.06156
4439.070158  1.058661
4439.692965  1.051434
4440.315772  1.036989
4440.938579  1.015764
4441.561386  0.9833958
4442.184193  0.9454684
4442.807  0.9137614
4443.429807  0.9018326
4444.052614  0.9270169
4444.675421  0.9824115
4445.298228  1.03138
4445.921035  1.047154
4446.543842  1.02715
4447.166649  0.9962407
4447.789456  0.9998155
4448.412263  1.025203
4449.03507  1.03252
4449.657877  1.006156
4450.280684  0.9792628
4450.903491  0.9791079
4451.526298  0.9989199
4452.149105  1.016627
4452.771912  1.020977
4453.394719  1.009611
4454.017526  0.9655378
4454.640333  0.9071197
4455.26314  0.8738321
4455.885947  0.8959569
4456.508754  0.9385397
4457.131561  0.964977
4457.754368  0.9709667
4458.377175  0.955523
4458.999982  0.935654
4459.622789  0.9356225
4460.245596  0.9586753
4460.868403  0.9632298
4461.49121  0.9282952
4462.114017  0.9134884
4462.736824  0.9479276
4463.359631  1.000246
4463.982438  1.001762
4464.605245  0.9911704
4465.228052  0.9937237
4465.850859  0.9965026
4466.473666  0.9948936
4467.096473  0.9962831
4467.71928  1.000642
4468.342087  0.9837631
4468.964894  0.9563547
4469.587701  0.9420939
4470.210508  0.9499451
4470.833315  0.9703
4471.456122  0.9934356
4472.078929  1.016451
4472.701736  1.028028
4473.324543  1.037524
4473.94735  1.056729
4474.570157  1.075754
4475.192964  1.065213
4475.815771  1.026041
4476.438578  1.012743
4477.061385  1.034847
4477.684192  1.06831
4478.306999  1.080814
4478.929806  1.06772
4479.552613  1.040939
4480.17542  1.011067
4480.798227  0.9719305
4481.421034  0.9303054
4482.043841  0.9057932
4482.666648  0.9221389
4483.289455  0.9627703
4483.912262  1.001599
4484.535069  1.02656
4485.157876  1.040927
4485.780683  1.048347
4486.40349  1.047202
4487.026297  1.053084
4487.649104  1.056982
4488.271911  1.04115
4488.894718  1.012326
4489.517525  0.9847656
4490.140332  0.9705359
4490.763139  0.9697871
4491.385946  0.9841739
4492.008753  1.010843
4492.63156  1.038596
4493.254367  1.057072
4493.877174  1.053276
4494.499981  1.021001
4495.122788  0.9926916
4495.745595  0.9870527
4496.368402  0.9959713
4496.991209  0.9932675
4497.614016  0.994178
4498.236823  1.019336
4498.85963  1.050088
4499.482437  1.065407
4500.105244  1.061615
4500.728051  1.056385
4501.350858  1.033714
4501.973665  1.001594
4502.596472  0.9958007
4503.219279  1.018969
4503.842086  1.057159
4504.464893  1.088592
4505.0877  1.092839
4505.710507  1.087469
4506.333314  1.093619
4506.956121  1.088017
4507.578928  1.075346
4508.201735  1.065764
4508.824542  1.052425
