3820.  0.1484524
3820.622807  0.1309644
3821.245614  0.1527501
3821.868421  0.1831295
3822.491228  0.2120921
3823.114035  0.2286265
3823.736842  0.219748
3824.359649  0.1830931
3824.982456  0.1426985
3825.605263  0.1249459
3826.22807  0.1335656
3826.850877  0.1496648
3827.473684  0.1613848
3828.096491  0.1709802
3828.719298  0.175515
3829.342105  0.1896265
3829.964912  0.2148006
3830.587719  0.2137229
3831.210526  0.1961354
3831.833333  0.1806231
3832.45614  0.1708699
3833.078947  0.1618666
3833.701754  0.1468695
3834.324561  0.1356126
3834.947368  0.1665054
3835.570175  0.2031053
3836.192982  0.2200915
3836.815789  0.2419078
3837.438596  0.2311566
3838.061403  0.1876989
3838.68421  0.154182
3839.307017  0.168071
3839.929824  0.1780669
3840.552631  0.1526407
3841.175438  0.1516297
3841.798245  0.1869192
3842.421052  0.2347242
3843.043859  0.2630953
3843.666666  0.2735993
3844.289473  0.2632081
3844.91228  0.2416918
3845.535087  0.2419789
3846.157894  0.2333886
3846.780701  0.2133276
3847.403508  0.2191306
3848.026315  0.2356444
3848.649122  0.2368476
3849.271929  0.2116692
3849.894736  0.1796524
3850.517543  0.1722986
3851.14035  0.2012653
3851.763157  0.2440147
3852.385964  0.2541958
3853.008771  0.2316715
3853.631578  0.2106035
3854.254385  0.208
3854.877192  0.2138558
3855.499999  0.2081395
3856.122806  0.183198
3856.745613  0.1644242
3857.36842  0.174473
3857.991227  0.2043265
3858.614034  0.1944993
3859.236841  0.1598233
3859.859648  0.1399213
3860.482455  0.14044
3861.105262  0.1568156
3861.728069  0.1900807
3862.350876  0.2390416
3862.973683  0.2661011
3863.59649  0.2645096
3864.219297  0.2501297
3864.842104  0.2357463
3865.464911  0.2160478
3866.087718  0.198975
3866.710525  0.2036711
3867.333332  0.2028713
3867.956139  0.1988365
3868.578946  0.2022433
3869.201753  0.188269
3869.82456  0.1777261
3870.447367  0.1773233
3871.070174  0.1614249
3871.692981  0.1602756
3872.315788  0.1683553
3872.938595  0.166161
3873.561402  0.1915593
3874.184209  0.2499403
3874.807016  0.3049094
3875.429823  0.3035906
3876.05263  0.2672401
3876.675437  0.2363714
3877.298244  0.2257337
3877.921051  0.1913463
3878.543858  0.1693733
3879.166665  0.1961009
3879.789472  0.227448
3880.412279  0.2430698
3881.035086  0.2333678
3881.657893  0.2000993
3882.2807  0.1701441
3882.903507  0.2007678
3883.526314  0.3004391
3884.149121  0.3650428
3884.771928  0.3397727
3885.394735  0.2531102
3886.017542  0.1874167
3886.640349  0.1630386
3887.263156  0.1895637
3887.885963  0.2483456
3888.50877  0.2647662
3889.131577  0.2801877
3889.754384  0.3244141
3890.377191  0.348553
3890.999998  0.3733129
3891.622805  0.4078925
3892.245612  0.4335669
3892.868419  0.42234
3893.491226  0.4002392
3894.114033  0.3951589
3894.73684  0.3891867
3895.359647  0.3407486
3895.982454  0.2969011
3896.605261  0.3385621
3897.228068  0.3770652
3897.850875  0.3761226
3898.473682  0.3507219
3899.096489  0.3220291
3899.719296  0.2936597
3900.342103  0.2923169
3900.96491  0.3487444
3901.587717  0.397461
3902.210524  0.3793557
3902.833331  0.3130932
3903.456138  0.3201387
3904.078945  0.3604274
3904.701752  0.359533
3905.324559  0.3088149
3905.947366  0.2686664
3906.570173  0.2764918
3907.19298  0.3198293
3907.815787  0.3533633
3908.438594  0.3832242
3909.061401  0.4175273
3909.684208  0.4307368
3910.307015  0.4099037
3910.929822  0.3915525
3911.552629  0.4172093
3912.175436  0.4342441
3912.798243  0.4305286
3913.42105  0.4242013
3914.043857  0.4290873
3914.666664  0.4395679
3915.289471  0.4325505
3915.912278  0.3944305
3916.535085  0.3678183
3917.157892  0.3565418
3917.780699  0.3475096
3918.403506  0.3517071
3919.026313  0.3457567
3919.64912  0.3143921
3920.271927  0.2711215
3920.894734  0.2454784
3921.517541  0.2511046
3922.140348  0.2705384
3922.763155  0.2601059
3923.385962  0.2681121
3924.008769  0.3130948
3924.631576  0.3305934
3925.254383  0.3086168
3925.87719  0.28157
3926.499997  0.2831146
3927.122804  0.2786874
3927.745611  0.2354068
3928.368418  0.1722044
3928.991225  0.1591856
3929.614032  0.1628208
3930.236839  0.150752
3930.859646  0.1295785
3931.482453  0.1267438
3932.10526  0.1260035
3932.728067  0.1054618
3933.350874  0.08194836
3933.973681  0.07433054
3934.596488  0.09064319
3935.219295  0.1211112
3935.842102  0.1397381
3936.464909  0.1425076
3937.087716  0.1482772
3937.710523  0.1809971
3938.33333  0.2155826
3938.956137  0.2360803
3939.578944  0.257524
3940.201751  0.2705182
3940.824558  0.2694134
3941.447365  0.2598709
3942.070172  0.2568479
3942.692979  0.2570982
3943.315786  0.244356
3943.938593  0.2103133
3944.5614  0.204488
3945.184207  0.256698
3945.807014  0.3431381
3946.429821  0.3897016
3947.052628  0.3825819
3947.675435  0.3484351
3948.298242  0.3167201
3948.921049  0.3279948
3949.543856  0.3795614
3950.166663  0.4310048
3950.78947  0.4626874
3951.412277  0.4612053
3952.035084  0.4212345
3952.657891  0.355617
3953.280698  0.3543309
3953.903505  0.4379716
3954.526312  0.5166522
3955.149119  0.4966252
3955.771926  0.4235025
3956.394733  0.3901181
3957.01754  0.3795557
3957.640347  0.3848329
3958.263154  0.3984975
3958.885961  0.4087167
3959.508768  0.4219101
3960.131575  0.3998636
3960.754382  0.3121427
3961.377189  0.2289335
3961.999996  0.194009
3962.622803  0.2059281
3963.24561  0.2281501
3963.868417  0.2290853
3964.491224  0.2162962
3965.114031  0.2105803
3965.736838  0.1785438
3966.359645  0.1486556
3966.982452  0.1421046
3967.605259  0.1144193
3968.228066  0.09644034
3968.850873  0.0999025
3969.47368  0.1024066
3970.096487  0.119156
3970.719294  0.1504456
3971.342101  0.1824828
3971.964908  0.2030586
3972.587715  0.2227057
3973.210522  0.2466782
3973.833329  0.2671169
3974.456136  0.2946643
3975.078943  0.3308595
3975.70175  0.3625121
3976.324557  0.3670512
3976.947364  0.3766607
3977.570171  0.4146743
3978.192978  0.4576469
3978.815785  0.4668359
3979.438592  0.4677713
3980.061399  0.5066651
3980.684206  0.54545
3981.307013  0.5248979
3981.92982  0.4609186
3982.552627  0.4619331
3983.175434  0.4826169
3983.798241  0.4766348
3984.421048  0.4615011
3985.043855  0.5044863
3985.666662  0.5535439
3986.289469  0.5446218
3986.912276  0.5266064
3987.535083  0.5615034
3988.15789  0.6275084
3988.780697  0.631524
3989.403504  0.5613551
3990.026311  0.5012782
3990.649118  0.5214661
3991.271925  0.5571539
3991.894732  0.5853834
3992.517539  0.6033952
3993.140346  0.6100052
3993.763153  0.6019593
3994.38596  0.5827265
3995.008767  0.5662387
3995.631574  0.5782334
3996.254381  0.5817347
3996.877188  0.5534774
3997.499995  0.5283049
3998.122802  0.5202442
3998.745609  0.5504223
3999.368416  0.6213874
3999.991223  0.6692506
4000.61403  0.6710404
4001.236837  0.648562
4001.859644  0.6419782
4002.482451  0.6743968
4003.105258  0.7121303
4003.728065  0.6919141
4004.350872  0.604421
4004.973679  0.4961645
4005.596486  0.4326247
4006.219293  0.4520814
4006.8421  0.5191565
4007.464907  0.5848205
4008.087714  0.6234211
4008.710521  0.6303252
4009.333328  0.6338191
4009.956135  0.6536115
4010.578942  0.6530752
4011.201749  0.6409253
4011.824556  0.6408257
4012.447363  0.6618553
4013.07017  0.6819686
4013.692977  0.6770684
4014.315784  0.6546112
4014.938591  0.6770904
4015.561398  0.7229319
4016.184205  0.7350938
4016.807012  0.6898996
4017.429819  0.6316731
4018.052626  0.6207561
4018.675433  0.6731127
4019.29824  0.7076883
4019.921047  0.7062997
4020.543854  0.6907965
4021.166661  0.6703703
4021.789468  0.6579849
4022.412275  0.6584693
4023.035082  0.6646878
4023.657889  0.6546048
4024.280696  0.6234845
4024.903503  0.5988338
4025.52631  0.6343635
4026.149117  0.6776555
4026.771924  0.6942462
4027.394731  0.7198662
4028.017538  0.7692325
4028.640345  0.8091164
4029.263152  0.7819523
4029.885959  0.6615371
4030.508766  0.5083389
4031.131573  0.4220767
4031.75438  0.4576194
4032.377187  0.4761526
4032.999994  0.4449729
4033.622801  0.4352676
4034.245608  0.4348899
4034.868415  0.4548906
4035.491222  0.5163007
4036.114029  0.6217234
4036.736836  0.7142447
4037.359643  0.7616799
4037.98245  0.7757841
4038.605257  0.7645897
4039.228064  0.7351754
4039.850871  0.6952074
4040.473678  0.6594939
4041.096485  0.6516532
4041.719292  0.6831638
4042.342099  0.7319532
4042.964906  0.7245241
4043.587713  0.6453267
4044.21052  0.5249175
4044.833327  0.3931466
4045.456134  0.2959761
4046.078941  0.2823259
4046.701748  0.3738033
4047.324555  0.5078642
4047.947362  0.6147032
4048.570169  0.6589068
4049.192976  0.6539895
4049.815783  0.6717065
4050.43859  0.7260271
4051.061397  0.7328884
4051.684204  0.7104414
4052.307011  0.6887053
4052.929818  0.6782047
4053.552625  0.6735922
4054.175432  0.6349679
4054.798239  0.5697247
4055.421046  0.5706921
4056.043853  0.610742
4056.66666  0.6131733
4057.289467  0.5381964
4057.912274  0.4741175
4058.535081  0.4802487
4059.157888  0.546028
4059.780695  0.6057817
4060.403502  0.6642747
4061.026309  0.7024633
4061.649116  0.6610131
4062.271923  0.5626193
4062.89473  0.4273245
4063.517537  0.3059086
4064.140344  0.3277694
4064.763151  0.4619429
4065.385958  0.5928829
4066.008765  0.6232018
4066.631572  0.5683202
4067.254379  0.5244315
4067.877186  0.568069
4068.499993  0.6327646
4069.1228  0.7007642
4069.745607  0.7428974
4070.368414  0.683367
4070.991221  0.5448784
4071.614028  0.4214672
4072.236835  0.4157961
4072.859642  0.5503734
4073.482449  0.6858418
4074.105256  0.7089716
4074.728063  0.6895474
4075.35087  0.6335082
4075.973677  0.550922
4076.596484  0.4786292
4077.219291  0.4430191
4077.842098  0.4551786
4078.464905  0.5085375
4079.087712  0.5821995
4079.710519  0.6511834
4080.333326  0.7206764
4080.956133  0.8098716
4081.57894  0.8388591
4082.201747  0.7788189
4082.824554  0.6867912
4083.447361  0.671604
4084.070168  0.6797376
4084.692975  0.6558231
4085.315782  0.6474356
4085.938589  0.6575456
4086.561396  0.700362
4087.184203  0.780245
4087.80701  0.8336808
4088.429817  0.8544752
4089.052624  0.8476676
4089.675431  0.7944939
4090.298238  0.7469538
4090.921045  0.7407308
4091.543852  0.7543493
4092.166659  0.7078571
4092.789466  0.6863748
4093.412273  0.7573822
4094.03508  0.7853227
4094.657887  0.7441742
4095.280694  0.6616689
4095.903501  0.5807671
4096.526308  0.5619273
4097.149115  0.5828602
4097.771922  0.5965731
4098.394729  0.6280276
4099.017536  0.6598219
4099.640343  0.6536808
4100.26315  0.5867848
4100.885957  0.5003931
4101.508764  0.4769521
4102.131571  0.5519148
4102.754378  0.6188251
4103.377185  0.6344662
4103.999992  0.6121936
4104.622799  0.5925782
4105.245606  0.6388607
4105.868413  0.7234034
4106.49122  0.7612278
4107.114027  0.7509965
4107.736834  0.7288331
4108.359641  0.7204354
4108.982448  0.7099714
4109.605255  0.6658741
4110.228062  0.6102869
4110.850869  0.5962609
4111.473676  0.5819106
4112.096483  0.5850134
4112.71929  0.6317576
4113.342097  0.6796162
4113.964904  0.702961
4114.587711  0.7103664
4115.210518  0.7264645
4115.833325  0.7092863
4116.456132  0.6834775
4117.078939  0.688491
4117.701746  0.6777663
4118.324553  0.6118191
4118.94736  0.5394772
4119.570167  0.5745311
4120.192974  0.6309168
4120.815781  0.6471783
4121.438588  0.6349096
4122.061395  0.6236866
4122.684202  0.6113687
4123.307009  0.6048272
4123.929816  0.6424225
4124.552623  0.7023262
4125.17543  0.7285735
4125.798237  0.6935961
4126.421044  0.6840913
4127.043851  0.6671143
4127.666658  0.6132892
4128.289465  0.6189827
4128.912272  0.630896
4129.535079  0.6080984
4130.157886  0.5813414
4130.780693  0.5763392
4131.4035  0.5468009
4132.026307  0.4753156
4132.649114  0.4770182
4133.271921  0.5049996
4133.894728  0.5049443
4134.517535  0.5067365
4135.140342  0.5703842
4135.763149  0.670544
4136.385956  0.7205559
4137.008763  0.6662703
4137.63157  0.6213939
4138.254377  0.6542819
4138.877184  0.6726105
4139.499991  0.6655977
4140.122798  0.6664589
4140.745605  0.6908982
4141.368412  0.6648868
4141.991219  0.5583466
4142.614026  0.4162801
4143.236833  0.3361541
4143.85964  0.3255685
4144.482447  0.3864631
4145.105254  0.5095149
4145.728061  0.5814602
4146.350868  0.6023085
4146.973675  0.6234354
4147.596482  0.6398757
4148.219289  0.6320469
4148.842096  0.5858946
4149.464903  0.5175754
4150.08771  0.4998432
4150.710517  0.5254923
4151.333324  0.5371233
4151.956131  0.5137312
4152.578938  0.5123214
4153.201745  0.544048
4153.824552  0.5413367
4154.447359  0.5370299
4155.070166  0.543785
4155.692973  0.5435182
4156.31578  0.5271981
4156.938587  0.5248209
4157.561394  0.5605796
4158.184201  0.6190639
4158.807008  0.6792285
4159.429815  0.7039711
4160.052622  0.6717368
4160.675429  0.6363844
4161.298236  0.6224081
4161.921043  0.6457086
4162.54385  0.727681
4163.166657  0.7469314
4163.789464  0.6802978
4164.412271  0.6316298
4165.035078  0.6160834
4165.657885  0.6201476
4166.280692  0.6090373
4166.903499  0.5441079
4167.526306  0.5117707
4168.149113  0.5595188
4168.77192  0.6271664
4169.394727  0.6451899
4170.017534  0.6453401
4170.640341  0.672931
4171.263148  0.6386687
4171.885955  0.5405557
4172.508762  0.4528234
4173.131569  0.4613034
4173.754376  0.528084
4174.377183  0.5790714
4174.99999  0.574254
4175.622797  0.5607104
4176.245604  0.5548319
4176.868411  0.5473831
4177.491218  0.5297726
4178.114025  0.529497
4178.736832  0.5613355
4179.359639  0.6031137
4179.982446  0.593891
4180.605253  0.5596058
4181.22806  0.5505751
4181.850867  0.5612106
4182.473674  0.579867
4183.096481  0.6024394
4183.719288  0.636932
4184.342095  0.6929772
4184.964902  0.7470846
4185.587709  0.7531277
4186.210516  0.6744115
4186.833323  0.5660274
4187.45613  0.5118784
4188.078937  0.5546927
4188.701744  0.6455946
4189.324551  0.7055707
4189.947358  0.6970975
4190.570165  0.6845999
4191.192972  0.6478149
4191.815779  0.6123587
4192.438586  0.6866298
4193.061393  0.7381034
4193.6842  0.7093445
4194.307007  0.6582926
4194.929814  0.606345
4195.552621  0.561004
4196.175428  0.5247716
4196.798235  0.5039349
4197.421042  0.5070913
4198.043849  0.518261
4198.666656  0.5184551
4199.289463  0.5608173
4199.91227  0.6059226
4200.535077  0.5976733
4201.157884  0.568417
4201.780691  0.5166511
4202.403498  0.4959436
4203.026305  0.5823608
4203.649112  0.6474997
4204.271919  0.639028
4204.894726  0.6166136
4205.517533  0.6781182
4206.14034  0.7224553
4206.763147  0.7127729
4207.385954  0.7686065
4208.008761  0.8051453
4208.631568  0.774366
4209.254375  0.7046105
4209.877182  0.6374626
4210.499989  0.6312777
4211.122796  0.6835797
4211.745603  0.7106714
4212.36841  0.7078156
4212.991217  0.6881363
4213.614024  0.6545656
4214.236831  0.5961581
4214.859638  0.4973592
4215.482445  0.426269
4216.105252  0.5464627
4216.728059  0.7211005
4217.350866  0.8268918
4217.973673  0.8736812
4218.59648  0.8848585
4219.219287  0.8772056
4219.842094  0.8714368
4220.464901  0.9049461
4221.087708  0.9185387
4221.710515  0.8698855
4222.333322  0.7889754
4222.956129  0.7141054
4223.578936  0.6574336
4224.201743  0.6040707
4224.82455  0.5302958
4225.447357  0.406794
4226.070164  0.2573818
4226.692971  0.1743439
4227.315778  0.2481153
4227.938585  0.4351516
4228.561392  0.604328
4229.184199  0.6945148
4229.807006  0.7337536
4230.429813  0.7908787
4231.05262  0.8958143
4231.675427  0.8872935
4232.298234  0.7523245
4232.921041  0.651329
4233.543848  0.6566692
4234.166655  0.7246805
4234.789462  0.7539928
4235.412269  0.6819416
4236.035076  0.6148344
4236.657883  0.6295135
4237.28069  0.6877308
4237.903497  0.7113471
4238.526304  0.7129858
4239.149111  0.7335845
4239.771918  0.73378
4240.394725  0.7530833
4241.017532  0.8051181
4241.640339  0.833544
4242.263146  0.7976579
4242.885953  0.7628647
4243.50876  0.8197628
4244.131567  0.931391
4244.754374  0.9926752
4245.377181  0.9554869
4245.999988  0.8870621
4246.622795  0.8344749
4247.245602  0.7875376
4247.868409  0.7211953
4248.491216  0.6965788
4249.114023  0.6759201
4249.73683  0.6065257
4250.359637  0.5221896
4250.982444  0.5493619
4251.605251  0.6707353
4252.228058  0.736637
4252.850865  0.7435054
4253.473672  0.6819677
4254.096479  0.5786569
4254.719286  0.5457095
4255.342093  0.6011345
4255.9649  0.7167631
4256.587707  0.8466179
4257.210514  0.9018521
4257.833321  0.8410321
4258.456128  0.7123014
4259.078935  0.6476947
4259.701742  0.6016796
4260.324549  0.5391386
4260.947356  0.5369369
4261.570163  0.6241797
4262.19297  0.7548735
4262.815777  0.8562493
4263.438584  0.9206762
4264.061391  0.9183381
4264.684198  0.8850144
4265.307005  0.9359059
4265.929812  0.9686366
4266.552619  0.9263198
4267.175426  0.8538312
4267.798233  0.7812496
4268.42104  0.7493573
4269.043847  0.752838
4269.666654  0.7112898
4270.289461  0.6110193
4270.912268  0.4755577
4271.535075  0.3632839
4272.157882  0.4131087
4272.780689  0.5523421
4273.403496  0.6103851
4274.026303  0.542379
4274.64911  0.4842329
4275.271917  0.5413046
4275.894724  0.6726743
4276.517531  0.7799237
4277.140338  0.807676
4277.763145  0.8884891
4278.385952  1.413059
4279.008759  1.493828
4279.631566  0.8443628
4280.254373  0.5981156
4280.87718  0.6701659
4281.499987  0.763597
4282.122794  0.7615052
4282.745601  0.7700602
4283.368408  0.8118674
4283.991215  0.8296683
4284.614022  0.7647812
4285.236829  0.6865826
4285.859636  0.6652896
4286.482443  0.7092484
4287.10525  0.7684075
4287.728057  0.7919372
4288.350864  0.7432775
4288.973671  0.6152459
4289.596478  0.5178672
4290.219285  0.5141545
4290.842092  0.564459
4291.464899  0.6251401
4292.087706  0.70983
4292.710513  0.8085244
4293.33332  0.7937284
4293.956127  0.692522
4294.578934  0.630798
4295.201741  0.7053403
4295.824548  0.7413445
4296.447355  0.7051376
4297.070162  0.6849973
4297.692969  0.6631356
4298.315776  0.6050344
4298.938583  0.5063139
4299.56139  0.4182332
4300.184197  0.4259285
4300.807004  0.5110499
4301.429811  0.5686424
4302.052618  0.5376458
4302.675425  0.4942359
4303.298232  0.5171428
4303.921039  0.5614944
4304.543846  0.5596256
4305.166653  0.5136566
4305.78946  0.4866436
4306.412267  0.482342
4307.035074  0.4454015
4307.657881  0.3615501
4308.280688  0.3364874
4308.903495  0.3674357
4309.526302  0.4201592
4310.149109  0.4777699
4310.771916  0.520753
4311.394723  0.5403878
4312.01753  0.5584064
4312.640337  0.6327857
4313.263144  0.7136691
4313.885951  0.7396477
4314.508758  0.7283688
4315.131565  0.814117
4315.754372  0.9928001
4316.377179  1.130528
4316.999986  1.136654
4317.622793  1.087318
4318.2456  1.069498
4318.868407  1.060098
4319.491214  1.064046
4320.114021  1.034434
4320.736828  0.9370229
4321.359635  0.9343863
4321.982442  0.9672083
4322.605249  0.9030098
4323.228056  0.7540523
4323.850863  0.6296725
4324.47367  0.5410165
4325.096477  0.4152703
4325.719284  0.3850799
4326.342091  0.4899639
4326.964898  0.6761587
4327.587705  0.8808785
4328.210512  1.028973
4328.833319  1.08419
4329.456126  1.059583
4330.078933  0.9496995
4330.70174  0.8749157
4331.324547  0.9358113
4331.947354  0.9825196
4332.570161  0.9906543
4333.192968  1.00004
4333.815775  1.033107
4334.438582  1.072476
4335.061389  1.125334
4335.684196  1.175304
4336.307003  1.068833
4336.92981  0.8700891
4337.552617  0.7347003
4338.175424  0.7286968
4338.798231  0.7493351
4339.421038  0.7227078
4340.043845  0.6732312
4340.666652  0.6537189
4341.289459  0.7385691
4341.912266  0.907292
4342.535073  0.98133
4343.15788  0.9479221
4343.780687  0.8987625
4344.403494  0.9314651
4345.026301  1.02379
4345.649108  1.060469
4346.271915  0.9848906
4346.894722  0.9470724
4347.517529  0.9624165
4348.140336  1.016831
4348.763143  1.11859
4349.38595  1.192176
4350.008757  1.134092
4350.631564  0.9212641
4351.254371  0.7237298
4351.877178  0.6296504
4352.499985  0.6650857
4353.122792  0.8165653
4353.745599  0.9236714
4354.368406  0.9246131
4354.991213  0.8921248
4355.61402  0.8996055
4356.236827  0.9656233
4356.859634  1.043863
4357.482441  1.054702
4358.105248  0.971473
4358.728055  0.8634477
4359.350862  0.8365092
4359.973669  0.8741935
4360.596476  0.9610901
4361.219283  1.065874
4361.84209  1.107174
4362.464897  1.045635
4363.087704  0.9633391
4363.710511  1.006757
4364.333318  1.116596
4364.956125  1.187793
4365.578932  1.160585
4366.201739  1.074059
4366.824546  0.958671
4367.447353  0.8656002
4368.07016  0.8600726
4368.692967  0.9131359
4369.315774  0.9656494
4369.938581  0.9758652
4370.561388  0.9505183
4371.184195  0.9531109
4371.807002  0.9925532
4372.429809  0.9740474
4373.052616  0.8978387
4373.675423  0.807604
4374.29823  0.7442912
4374.921037  0.7056963
4375.543844  0.7071173
4376.166651  0.7714206
4376.789458  0.9004145
4377.412265  1.007129
4378.035072  1.042637
4378.657879  1.031062
4379.280686  0.9831948
4379.903493  0.9239278
4380.5263  0.8824491
4381.149107  0.8692467
4381.771914  0.806097
4382.394721  0.6414331
4383.017528  0.4273393
4383.640335  0.3095721
4384.263142  0.3376616
4384.885949  0.4747751
4385.508756  0.702648
4386.131563  0.8653797
4386.75437  0.8814663
4387.377177  0.8538548
4387.999984  0.842698
4388.622791  0.8452196
4389.245598  0.8253636
4389.868405  0.787816
4390.491212  0.7663291
4391.114019  0.7915552
4391.736826  0.8567419
4392.359633  0.9030876
4392.98244  0.909934
4393.605247  0.9004142
4394.228054  0.8533082
4394.850861  0.8036506
4395.473668  0.8231539
4396.096475  0.961342
4396.719282  1.099245
4397.342089  1.139635
4397.964896  1.098585
4398.587703  1.031579
4399.21051  0.9587146
4399.833317  0.8722099
4400.456124  0.7827502
4401.078931  0.8183146
4401.701738  0.9802208
4402.324545  1.067862
4402.947352  0.9848112
4403.570159  0.7600118
4404.192966  0.5272331
4404.815773  0.4579197
4405.43858  0.5738257
4406.061387  0.7630994
4406.684194  0.8659472
4407.307001  0.8350446
4407.929808  0.7524463
4408.552615  0.7467537
4409.175422  0.8463526
4409.798229  0.9812894
4410.421036  1.066647
4411.043843  1.084442
4411.66665  1.080345
4412.289457  1.093927
4412.912264  1.109766
4413.535071  1.042808
4414.157878  0.8729433
4414.780685  0.6970441
4415.403492  0.6973012
4416.026299  0.8210747
4416.649106  0.9338308
4417.271913  0.9666523
4417.89472  1.002337
4418.517527  1.06907
4419.140334  1.126438
4419.763141  1.136006
4420.385948  1.097299
4421.008755  1.025062
4421.631562  0.9326624
4422.254369  0.8454083
4422.877176  0.830855
4423.499983  0.9235957
4424.12279  1.001613
4424.745597  1.002574
4425.368404  0.9655738
4425.991211  0.9871802
4426.614018  0.9953976
4427.236825  0.981495
4427.859632  1.021386
4428.482439  1.109789
4429.105246  1.079393
4429.728053  0.8851193
4430.35086  0.8120012
4430.973667  0.9031976
4431.596474  1.046933
4432.219281  1.105621
4432.842088  1.06674
4433.464895  0.9595628
4434.087702  0.8334999
4434.710509  0.7474565
4435.333316  0.7356094
4435.956123  0.8039846
4436.57893  0.9265388
4437.201737  1.022345
4437.824544  1.090737
4438.447351  1.169306
4439.070158  1.216366
4439.692965  1.185303
4440.315772  1.079923
4440.938579  0.9647567
4441.561386  0.8839962
4442.184193  0.8492263
4442.807  0.8497622
4443.429807  0.878795
4444.052614  0.9409153
4444.675421  1.047747
4445.298228  1.192844
4445.921035  1.231804
4446.543842  1.133653
4447.166649  1.032656
4447.789456  1.088921
4448.412263  1.200955
4449.03507  1.195613
4449.657877  1.093586
4450.280684  1.0199
4450.903491  1.047355
4451.526298  1.121806
4452.149105  1.116812
4452.771912  1.046699
4453.394719  0.9871432
4454.017526  0.9028327
4454.640333  0.8237942
4455.26314  0.8109406
4455.885947  0.8926334
4456.508754  0.950258
4457.131561  0.9417443
4457.754368  0.9117841
4458.377175  0.8829714
4458.999982  0.8639138
4459.622789  0.857679
4460.245596  0.8604695
4460.868403  0.8016676
4461.49121  0.7225282
4462.114017  0.7475812
4462.736824  0.8970786
4463.359631  1.045653
4463.982438  1.081382
4464.605245  1.049224
4465.228052  1.021051
4465.850859  1.013107
4466.473666  0.9988652
4467.096473  1.036519
4467.71928  1.063709
4468.342087  1.00574
4468.964894  0.9343694
4469.587701  0.949701
4470.210508  1.025347
4470.833315  1.027561
4471.456122  1.041234
4472.078929  1.083388
4472.701736  1.117686
4473.324543  1.175542
4473.94735  1.175431
4474.570157  1.101753
4475.192964  1.078092
4475.815771  1.128961
4476.438578  1.21605
4477.061385  1.284098
4477.684192  1.311259
4478.306999  1.266659
4478.929806  1.14745
4479.552613  1.009532
4480.17542  0.9586377
4480.798227  0.9637542
4481.421034  0.9163523
4482.043841  0.9107597
4482.666648  0.9929219
4483.289455  1.11595
4483.912262  1.174197
4484.535069  1.210501
4485.157876  1.253228
4485.780683  1.269215
4486.40349  1.289034
4487.026297  1.253772
4487.649104  1.138755
4488.271911  0.420356
4488.894718  0.
4489.517525  0.
4490.140332  0.
4490.763139  0.
4491.385946  0.
4492.008753  0.
4492.63156  0.
4493.254367  0.
4493.877174  0.
4494.499981  0.
4495.122788  0.
4495.745595  0.
4496.368402  0.
4496.991209  0.
4497.614016  0.
4498.236823  0.
4498.85963  0.
4499.482437  0.
4500.105244  0.
4500.728051  0.
4501.350858  0.
4501.973665  0.
4502.596472  0.
4503.219279  0.
4503.842086  0.
4504.464893  0.
4505.0877  0.
4505.710507  0.
4506.333314  0.
4506.956121  0.
4507.578928  0.
4508.201735  0.
4508.824542  0.
