3820.  0.107435
3820.622807  0.1085235
3821.245614  0.1181536
3821.868421  0.1345813
3822.491228  0.1507297
3823.114035  0.1536028
3823.736842  0.1395622
3824.359649  0.1245285
3824.982456  0.1171916
3825.605263  0.1203436
3826.22807  0.1289361
3826.850877  0.122424
3827.473684  0.1195858
3828.096491  0.1344471
3828.719298  0.1270474
3829.342105  0.130621
3829.964912  0.1568479
3830.587719  0.1672829
3831.210526  0.166105
3831.833333  0.1532599
3832.45614  0.1313186
3833.078947  0.1249952
3833.701754  0.1224051
3834.324561  0.1153139
3834.947368  0.1212391
3835.570175  0.1494096
3836.192982  0.1767268
3836.815789  0.1746552
3837.438596  0.1613068
3838.061403  0.1471333
3838.68421  0.13896
3839.307017  0.1431026
3839.929824  0.1360373
3840.552631  0.1188579
3841.175438  0.117973
3841.798245  0.1423786
3842.421052  0.1700402
3843.043859  0.181451
3843.666666  0.1887925
3844.289473  0.1947785
3844.91228  0.1909891
3845.535087  0.1703109
3846.157894  0.1558805
3846.780701  0.1566343
3847.403508  0.1668186
3848.026315  0.1779762
3848.649122  0.1753955
3849.271929  0.1571501
3849.894736  0.1392384
3850.517543  0.1382375
3851.14035  0.1527494
3851.763157  0.1688699
3852.385964  0.1768734
3853.008771  0.1744291
3853.631578  0.1646883
3854.254385  0.1537776
3854.877192  0.1525184
3855.499999  0.155051
3856.122806  0.1498586
3856.745613  0.1475174
3857.36842  0.1505358
3857.991227  0.1516967
3858.614034  0.140657
3859.236841  0.1261745
3859.859648  0.1177767
3860.482455  0.1194443
3861.105262  0.1338979
3861.728069  0.155294
3862.350876  0.1750747
3862.973683  0.1883348
3863.59649  0.1840179
3864.219297  0.1678348
3864.842104  0.1583255
3865.464911  0.1503498
3866.087718  0.1501044
3866.710525  0.160568
3867.333332  0.1616439
3867.956139  0.1638705
3868.578946  0.1664421
3869.201753  0.1509327
3869.82456  0.1466085
3870.447367  0.1484617
3871.070174  0.1360055
3871.692981  0.1265885
3872.315788  0.1324659
3872.938595  0.1484442
3873.561402  0.1570778
3874.184209  0.1745231
3874.807016  0.1942535
3875.429823  0.1982734
3876.05263  0.2050013
3876.675437  0.1999644
3877.298244  0.1695766
3877.921051  0.1338261
3878.543858  0.1336929
3879.166665  0.1660011
3879.789472  0.1881532
3880.412279  0.185534
3881.035086  0.1635409
3881.657893  0.1384605
3882.2807  0.1277461
3882.903507  0.175385
3883.526314  0.2528981
3884.149121  0.2741285
3884.771928  0.2534552
3885.394735  0.2056425
3886.017542  0.1535496
3886.640349  0.1493192
3887.263156  0.1715209
3887.885963  0.190836
3888.50877  0.2088516
3889.131577  0.2329142
3889.754384  0.2598349
3890.377191  0.2856997
3890.999998  0.3242942
3891.622805  0.3498484
3892.245612  0.3529663
3892.868419  0.3631167
3893.491226  0.3649868
3894.114033  0.3405394
3894.73684  0.2916012
3895.359647  0.2467916
3895.982454  0.2450442
3896.605261  0.288555
3897.228068  0.3233925
3897.850875  0.3194177
3898.473682  0.2850813
3899.096489  0.2520895
3899.719296  0.2340811
3900.342103  0.2512842
3900.96491  0.2989778
3901.587717  0.3258574
3902.210524  0.3005153
3902.833331  0.2574762
3903.456138  0.2629797
3904.078945  0.2851299
3904.701752  0.2799019
3905.324559  0.2415355
3905.947366  0.2236368
3906.570173  0.2366663
3907.19298  0.2706959
3907.815787  0.3132612
3908.438594  0.341725
3909.061401  0.3553957
3909.684208  0.3609288
3910.307015  0.339594
3910.929822  0.319698
3911.552629  0.3268502
3912.175436  0.3481518
3912.798243  0.3516429
3913.42105  0.3463812
3914.043857  0.3594252
3914.666664  0.361614
3915.289471  0.351865
3915.912278  0.3344922
3916.535085  0.3010443
3917.157892  0.2924992
3917.780699  0.3095192
3918.403506  0.3072868
3919.026313  0.2713986
3919.64912  0.230688
3920.271927  0.2135113
3920.894734  0.2043202
3921.517541  0.1957388
3922.140348  0.1965672
3922.763155  0.2198457
3923.385962  0.2467583
3924.008769  0.2616152
3924.631576  0.2600404
3925.254383  0.2475205
3925.87719  0.2439816
3926.499997  0.2454917
3927.122804  0.2207807
3927.745611  0.1772127
3928.368418  0.1476063
3928.991225  0.1503141
3929.614032  0.1456976
3930.236839  0.1294183
3930.859646  0.1138724
3931.482453  0.1042369
3932.10526  0.09280588
3932.728067  0.0818015
3933.350874  0.08034496
3933.973681  0.08322444
3934.596488  0.08578902
3935.219295  0.08981796
3935.842102  0.1032526
3936.464909  0.1196879
3937.087716  0.1355162
3937.710523  0.1533816
3938.33333  0.170647
3938.956137  0.1953854
3939.578944  0.2253236
3940.201751  0.2317309
3940.824558  0.224165
3941.447365  0.2182377
3942.070172  0.216293
3942.692979  0.2104015
3943.315786  0.1925852
3943.938593  0.1699696
3944.5614  0.1740391
3945.184207  0.2239686
3945.807014  0.2955849
3946.429821  0.3309915
3947.052628  0.3222778
3947.675435  0.2983836
3948.298242  0.2915755
3948.921049  0.2959267
3949.543856  0.3208758
3950.166663  0.3680002
3950.78947  0.4110858
3951.412277  0.3926745
3952.035084  0.330501
3952.657891  0.3006887
3953.280698  0.3292145
3953.903505  0.3954258
3954.526312  0.4437473
3955.149119  0.417734
3955.771926  0.3548087
3956.394733  0.3103905
3957.01754  0.3091722
3957.640347  0.3344578
3958.263154  0.3493867
3958.885961  0.3405087
3959.508768  0.3428834
3960.131575  0.3215056
3960.754382  0.2558947
3961.377189  0.181014
3961.999996  0.1601439
3962.622803  0.1771085
3963.24561  0.1836634
3963.868417  0.1933176
3964.491224  0.2006956
3965.114031  0.1919482
3965.736838  0.1606465
3966.359645  0.1274617
3966.982452  0.1048069
3967.605259  0.09062018
3968.228066  0.07871313
3968.850873  0.07550763
3969.47368  0.08646561
3970.096487  0.1060079
3970.719294  0.132139
3971.342101  0.1560808
3971.964908  0.1701237
3972.587715  0.1881967
3973.210522  0.203515
3973.833329  0.2172267
3974.456136  0.2579711
3975.078943  0.3034779
3975.70175  0.3250243
3976.324557  0.3198383
3976.947364  0.3287776
3977.570171  0.3543916
3978.192978  0.3774655
3978.815785  0.3968544
3979.438592  0.4355901
3980.061399  0.4780018
3980.684206  0.4715964
3981.307013  0.4340111
3981.92982  0.4068415
3982.552627  0.4120299
3983.175434  0.4189347
3983.798241  0.4157488
3984.421048  0.4227708
3985.043855  0.4684035
3985.666662  0.4862966
3986.289469  0.4710006
3986.912276  0.4755651
3987.535083  0.5205922
3988.15789  0.5620356
3988.780697  0.54168
3989.403504  0.4508666
3990.026311  0.4043791
3990.649118  0.4334254
3991.271925  0.4708566
3991.894732  0.4981239
3992.517539  0.5129961
3993.140346  0.5225232
3993.763153  0.533272
3994.38596  0.5267805
3995.008767  0.5098041
3995.631574  0.5091164
3996.254381  0.5033141
3996.877188  0.4759129
3997.499995  0.4393018
3998.122802  0.4382886
3998.745609  0.4895659
3999.368416  0.5657148
3999.991223  0.6116707
4000.61403  0.6067438
4001.236837  0.5847852
4001.859644  0.5925754
4002.482451  0.6268456
4003.105258  0.6537803
4003.728065  0.6346726
4004.350872  0.5523473
4004.973679  0.4294046
4005.596486  0.3547942
4006.219293  0.3977049
4006.8421  0.471819
4007.464907  0.5285788
4008.087714  0.5614252
4008.710521  0.5805368
4009.333328  0.5823199
4009.956135  0.576101
4010.578942  0.5758554
4011.201749  0.563295
4011.824556  0.5608983
4012.447363  0.5891583
4013.07017  0.6194313
4013.692977  0.6307356
4014.315784  0.6275828
4014.938591  0.6338912
4015.561398  0.6573414
4016.184205  0.6549175
4016.807012  0.6002379
4017.429819  0.5563096
4018.052626  0.5585889
4018.675433  0.6094753
4019.29824  0.676852
4019.921047  0.6716134
4020.543854  0.6271823
4021.166661  0.6199977
4021.789468  0.5939866
4022.412275  0.5819821
4023.035082  0.6033255
4023.657889  0.6024709
4024.280696  0.5546242
4024.903503  0.5194505
4025.52631  0.5615144
4026.149117  0.5949457
4026.771924  0.6145194
4027.394731  0.6484244
4028.017538  0.688116
4028.640345  0.706472
4029.263152  0.6650406
4029.885959  0.5496392
4030.508766  0.420779
4031.131573  0.3679785
4031.75438  0.4026583
4032.377187  0.3997708
4032.999994  0.3625906
4033.622801  0.3423884
4034.245608  0.3684077
4034.868415  0.4070992
4035.491222  0.4585041
4036.114029  0.5362275
4036.736836  0.6160688
4037.359643  0.6692302
4037.98245  0.683295
4038.605257  0.6668851
4039.228064  0.6315509
4039.850871  0.5952879
4040.473678  0.574867
4041.096485  0.5705417
4041.719292  0.5996659
4042.342099  0.637803
4042.964906  0.61031
4043.587713  0.5314628
4044.21052  0.4303528
4044.833327  0.3267355
4045.456134  0.2435972
4046.078941  0.2300933
4046.701748  0.311484
4047.324555  0.4459296
4047.947362  0.5500907
4048.570169  0.5796391
4049.192976  0.5646973
4049.815783  0.5927292
4050.43859  0.6544198
4051.061397  0.6822299
4051.684204  0.643418
4052.307011  0.6161351
4052.929818  0.6225435
4053.552625  0.5928996
4054.175432  0.5378284
4054.798239  0.4975499
4055.421046  0.4983798
4056.043853  0.5177444
4056.66666  0.5015523
4057.289467  0.4425213
4057.912274  0.4010718
4058.535081  0.4081686
4059.157888  0.4632812
4059.780695  0.5383073
4060.403502  0.5939086
4061.026309  0.5966333
4061.649116  0.5441301
4062.271923  0.4678229
4062.89473  0.3578392
4063.517537  0.2734803
4064.140344  0.302547
4064.763151  0.413709
4065.385958  0.5110853
4066.008765  0.5237514
4066.631572  0.4753297
4067.254379  0.4584502
4067.877186  0.5090364
4068.499993  0.5807855
4069.1228  0.636962
4069.745607  0.6479929
4070.368414  0.5869073
4070.991221  0.4373352
4071.614028  0.3337828
4072.236835  0.3752649
4072.859642  0.5192897
4073.482449  0.6142737
4074.105256  0.6223655
4074.728063  0.5913005
4075.35087  0.5288942
4075.973677  0.4581624
4076.596484  0.3970806
4077.219291  0.3575252
4077.842098  0.3972206
4078.464905  0.4903143
4079.087712  0.5593433
4079.710519  0.5944996
4080.333326  0.640026
4080.956133  0.7048755
4081.57894  0.719182
4082.201747  0.6770124
4082.824554  0.617749
4083.447361  0.5867817
4084.070168  0.5767479
4084.692975  0.5639361
4085.315782  0.5479099
4085.938589  0.5681967
4086.561396  0.618621
4087.184203  0.6720889
4087.80701  0.705936
4088.429817  0.7229783
4089.052624  0.7272223
4089.675431  0.7161685
4090.298238  0.6837823
4090.921045  0.6694258
4091.543852  0.6612741
4092.166659  0.6027356
4092.789466  0.5945113
4093.412273  0.649924
4094.03508  0.6901448
4094.657887  0.6445738
4095.280694  0.5471532
4095.903501  0.4746093
4096.526308  0.4718691
4097.149115  0.490042
4097.771922  0.5133133
4098.394729  0.5565402
4099.017536  0.584158
4099.640343  0.5635262
4100.26315  0.4975635
4100.885957  0.4364943
4101.508764  0.4359962
4102.131571  0.4854489
4102.754378  0.5254796
4103.377185  0.5467149
4103.999992  0.5469873
4104.622799  0.5422461
4105.245606  0.5712619
4105.868413  0.6322284
4106.49122  0.6761795
4107.114027  0.6541386
4107.736834  0.6313134
4108.359641  0.6253241
4108.982448  0.605993
4109.605255  0.5501376
4110.228062  0.5092648
4110.850869  0.5013726
4111.473676  0.4815856
4112.096483  0.4808226
4112.71929  0.5159892
4113.342097  0.5644555
4113.964904  0.573135
4114.587711  0.5720879
4115.210518  0.5854622
4115.833325  0.5810136
4116.456132  0.5946525
4117.078939  0.6124448
4117.701746  0.5809779
4118.324553  0.498974
4118.94736  0.4482312
4119.570167  0.4764278
4120.192974  0.5160353
4120.815781  0.538384
4121.438588  0.5367585
4122.061395  0.5155196
4122.684202  0.4810889
4123.307009  0.4712299
4123.929816  0.5133886
4124.552623  0.5815063
4125.17543  0.6165521
4125.798237  0.5993416
4126.421044  0.567111
4127.043851  0.551758
4127.666658  0.544048
4128.289465  0.5236469
4128.912272  0.5069992
4129.535079  0.4814838
4130.157886  0.4594956
4130.780693  0.4759922
4131.4035  0.4456807
4132.026307  0.3909041
4132.649114  0.3945921
4133.271921  0.4262475
4133.894728  0.4350125
4134.517535  0.4301211
4135.140342  0.489973
4135.763149  0.5515913
4136.385956  0.5684487
4137.008763  0.5525114
4137.63157  0.5290429
4138.254377  0.5257867
4138.877184  0.5432213
4139.499991  0.5472502
4140.122798  0.5684075
4140.745605  0.5931745
4141.368412  0.5576681
4141.991219  0.4563506
4142.614026  0.338368
4143.236833  0.2665595
4143.85964  0.2681064
4144.482447  0.3409326
4145.105254  0.4333625
4145.728061  0.4757799
4146.350868  0.4894063
4146.973675  0.490941
4147.596482  0.479864
4148.219289  0.4577064
4148.842096  0.4275733
4149.464903  0.4023729
4150.08771  0.3969423
4150.710517  0.3853643
4151.333324  0.3713598
4151.956131  0.3807189
4152.578938  0.4100004
4153.201745  0.427355
4153.824552  0.4184071
4154.447359  0.410826
4155.070166  0.410708
4155.692973  0.4022826
4156.31578  0.3773928
4156.938587  0.3882118
4157.561394  0.433585
4158.184201  0.4860291
4158.807008  0.5349414
4159.429815  0.5533206
4160.052622  0.5369238
4160.675429  0.5117366
4161.298236  0.5064055
4161.921043  0.5388744
4162.54385  0.5864916
4163.166657  0.5763307
4163.789464  0.5289426
4164.412271  0.4882605
4165.035078  0.4726098
4165.657885  0.4816968
4166.280692  0.4754928
4166.903499  0.4340131
4167.526306  0.431502
4168.149113  0.4732607
4168.77192  0.5201059
4169.394727  0.5367219
4170.017534  0.5494931
4170.640341  0.5604333
4171.263148  0.5364645
4171.885955  0.4469984
4172.508762  0.3627183
4173.131569  0.3513499
4173.754376  0.3893642
4174.377183  0.434622
4174.99999  0.4605523
4175.622797  0.467189
4176.245604  0.4717169
4176.868411  0.4552859
4177.491218  0.419587
4178.114025  0.4299962
4178.736832  0.4667647
4179.359639  0.4867214
4179.982446  0.4705359
4180.605253  0.4342074
4181.22806  0.4177171
4181.850867  0.4411112
4182.473674  0.469543
4183.096481  0.4953842
4183.719288  0.5371774
4184.342095  0.6106547
4184.964902  0.6658968
4185.587709  0.6500532
4186.210516  0.5566306
4186.833323  0.4528931
4187.45613  0.4226408
4188.078937  0.4776995
4188.701744  0.5368921
4189.324551  0.5932969
4189.947358  0.6126117
4190.570165  0.5617195
4191.192972  0.5117676
4191.815779  0.5223652
4192.438586  0.586112
4193.061393  0.6239126
4193.6842  0.620631
4194.307007  0.5819678
4194.929814  0.5189176
4195.552621  0.455468
4196.175428  0.4194689
4196.798235  0.421063
4197.421042  0.4381136
4198.043849  0.4477494
4198.666656  0.4625162
4199.289463  0.5103829
4199.91227  0.5329503
4200.535077  0.5055246
4201.157884  0.4514455
4201.780691  0.4142664
4202.403498  0.4326742
4203.026305  0.4977765
4203.649112  0.550221
4204.271919  0.5441705
4204.894726  0.5295521
4205.517533  0.5714733
4206.14034  0.5975938
4206.763147  0.5968657
4207.385954  0.6009415
4208.008761  0.6351497
4208.631568  0.6530687
4209.254375  0.6254255
4209.877182  0.5740139
4210.499989  0.5605704
4211.122796  0.5881055
4211.745603  0.6169345
4212.36841  0.6085438
4212.991217  0.5747464
4213.614024  0.5307264
4214.236831  0.4735842
4214.859638  0.387296
4215.482445  0.3655322
4216.105252  0.4921368
4216.728059  0.6916443
4217.350866  0.8222433
4217.973673  0.848082
4218.59648  0.8602936
4219.219287  0.8379859
4219.842094  0.8194997
4220.464901  0.8473837
4221.087708  0.8512649
4221.710515  0.804873
4222.333322  0.7280774
4222.956129  0.6600545
4223.578936  0.6023026
4224.201743  0.5321809
4224.82455  0.4303464
4225.447357  0.3119514
4226.070164  0.2090516
4226.692971  0.1642382
4227.315778  0.2169012
4227.938585  0.3762213
4228.561392  0.5562233
4229.184199  0.6469787
4229.807006  0.6966281
4230.429813  0.7579029
4231.05262  0.8236573
4231.675427  0.815501
4232.298234  0.7228793
4232.921041  0.6182332
4233.543848  0.6018322
4234.166655  0.6716874
4234.789462  0.7118538
4235.412269  0.6428195
4236.035076  0.5781374
4236.657883  0.5874475
4237.28069  0.6502636
4237.903497  0.6842214
4238.526304  0.6873909
4239.149111  0.6766455
4239.771918  0.6742667
4240.394725  0.7109523
4241.017532  0.7612161
4241.640339  0.7784739
4242.263146  0.7458965
4242.885953  0.744419
4243.50876  0.8245105
4244.131567  0.9480956
4244.754374  0.988745
4245.377181  0.9500103
4245.999988  0.8877007
4246.622795  0.8124713
4247.245602  0.7510262
4247.868409  0.7119978
4248.491216  0.6794046
4249.114023  0.6353036
4249.73683  0.5608059
4250.359637  0.4873858
4250.982444  0.5179054
4251.605251  0.6211838
4252.228058  0.7173975
4252.850865  0.7422473
4253.473672  0.6490847
4254.096479  0.5250115
4254.719286  0.4958443
4255.342093  0.5714075
4255.9649  0.696841
4256.587707  0.8145436
4257.210514  0.888828
4257.833321  0.8166464
4258.456128  0.6815063
4259.078935  0.6293468
4259.701742  0.5758445
4260.324549  0.516587
4260.947356  0.5061614
4261.570163  0.5909311
4262.19297  0.732297
4262.815777  0.8510653
4263.438584  0.8924666
4264.061391  0.8994197
4264.684198  0.911158
4265.307005  0.9344053
4265.929812  0.9405997
4266.552619  0.9071454
4267.175426  0.8267417
4267.798233  0.7248752
4268.42104  0.695759
4269.043847  0.704547
4269.666654  0.6625998
4270.289461  0.5611673
4270.912268  0.4219013
4271.535075  0.329946
4272.157882  0.3807467
4272.780689  0.4914551
4273.403496  0.5456141
4274.026303  0.4999439
4274.64911  0.4504937
4275.271917  0.5028099
4275.894724  0.6430021
4276.517531  0.7334671
4277.140338  0.7943517
4277.763145  0.8670698
4278.385952  0.9319873
4279.008759  0.8737913
4279.631566  0.7300564
4280.254373  0.6275774
4280.87718  0.6556838
4281.499987  0.7166296
4282.122794  0.7277929
4282.745601  0.7096593
4283.368408  0.7628444
4283.991215  0.7989805
4284.614022  0.7282764
4285.236829  0.66349
4285.859636  0.6563031
4286.482443  0.7024107
4287.10525  0.7580363
4287.728057  0.7615463
4288.350864  0.6791906
4288.973671  0.5410705
4289.596478  0.4469184
4290.219285  0.4497859
4290.842092  0.5121967
4291.464899  0.5530638
4292.087706  0.6692298
4292.710513  0.7852988
4293.33332  0.7581236
4293.956127  0.6700428
4294.578934  0.6309939
4295.201741  0.6741205
4295.824548  0.7229086
4296.447355  0.7152801
4297.070162  0.6718425
4297.692969  0.6418965
4298.315776  0.5627259
4298.938583  0.4503098
4299.56139  0.3751411
4300.184197  0.39417
4300.807004  0.4803779
4301.429811  0.5450912
4302.052618  0.5180515
4302.675425  0.4753486
4303.298232  0.4842648
4303.921039  0.5358939
4304.543846  0.5351886
4305.166653  0.4868736
4305.78946  0.4418196
4306.412267  0.432009
4307.035074  0.3947366
4307.657881  0.3343726
4308.280688  0.3095809
4308.903495  0.3516709
4309.526302  0.4102662
4310.149109  0.4487928
4310.771916  0.4932416
4311.394723  0.5379143
4312.01753  0.5870791
4312.640337  0.6497473
4313.263144  0.7181569
4313.885951  0.7236743
4314.508758  0.6982232
4315.131565  0.8182456
4315.754372  1.027306
4316.377179  1.180687
4316.999986  1.187299
4317.622793  1.135931
4318.2456  1.088356
4318.868407  1.059718
4319.491214  1.042302
4320.114021  0.9781326
4320.736828  0.9015459
4321.359635  0.9125345
4321.982442  0.9470317
4322.605249  0.8941634
4323.228056  0.7279652
4323.850863  0.5937198
4324.47367  0.4914112
4325.096477  0.3976913
4325.719284  0.3505753
4326.342091  0.4446016
4326.964898  0.6562184
4327.587705  0.8759445
4328.210512  1.034553
4328.833319  1.08885
4329.456126  1.039347
4330.078933  0.9373957
4330.70174  0.8876944
4331.324547  0.9198611
4331.947354  0.9804832
4332.570161  1.003907
4333.192968  1.002579
4333.815775  1.021505
4334.438582  1.079331
4335.061389  1.162976
4335.684196  1.191703
4336.307003  1.076185
4336.92981  0.8582754
4337.552617  0.6988395
4338.175424  0.6932705
4338.798231  0.7252529
4339.421038  0.7120831
4340.043845  0.6545934
4340.666652  0.6321546
4341.289459  0.7453771
4341.912266  0.9165207
4342.535073  0.9924462
4343.15788  0.9435915
4343.780687  0.8761002
4344.403494  0.9052438
4345.026301  1.03605
4345.649108  1.082336
4346.271915  1.008693
4346.894722  0.9324394
4347.517529  0.9393755
4348.140336  1.049765
4348.763143  1.195013
4349.38595  1.246805
4350.008757  1.141266
4350.631564  0.9156711
4351.254371  0.6901353
4351.877178  0.6042172
4352.499985  0.6703807
4353.122792  0.802229
4353.745599  0.8919991
4354.368406  0.8988007
4354.991213  0.8722836
4355.61402  0.9010627
4356.236827  0.9828393
4356.859634  1.057038
4357.482441  1.053047
4358.105248  0.951653
4358.728055  0.8516231
4359.350862  0.8258886
4359.973669  0.8617231
4360.596476  0.956911
4361.219283  1.054026
4361.84209  1.081912
4362.464897  1.033723
4363.087704  0.9843181
4363.710511  1.009896
4364.333318  1.115626
4364.956125  1.197573
4365.578932  1.185117
4366.201739  1.084062
4366.824546  0.9456166
4367.447353  0.8397879
4368.07016  0.8239891
4368.692967  0.9083737
4369.315774  0.9713919
4369.938581  0.9642617
4370.561388  0.9448364
4371.184195  0.9534484
4371.807002  0.9742449
4372.429809  0.9591662
4373.052616  0.8747877
4373.675423  0.7839752
4374.29823  0.7184162
4374.921037  0.6622052
4375.543844  0.6852407
4376.166651  0.7870314
4376.789458  0.912187
4377.412265  1.015756
4378.035072  1.061228
4378.657879  1.044488
4379.280686  0.9931543
4379.903493  0.9105353
4380.5263  0.8476623
4381.149107  0.8361254
4381.771914  0.782667
4382.394721  0.6212121
4383.017528  0.4028382
4383.640335  0.2869746
4384.263142  0.3121018
4384.885949  0.4602226
4385.508756  0.6715961
4386.131563  0.8352376
4386.75437  0.8752732
4387.377177  0.8227406
4387.999984  0.8101794
4388.622791  0.8128563
4389.245598  0.7855434
4389.868405  0.7372994
4390.491212  0.7324569
4391.114019  0.7733767
4391.736826  0.8228189
4392.359633  0.860365
4392.98244  0.8725336
4393.605247  0.851894
4394.228054  0.8045095
4394.850861  0.7611209
4395.473668  0.8070948
4396.096475  0.9714465
4396.719282  1.107575
4397.342089  1.141866
4397.964896  1.097241
4398.587703  1.049567
4399.21051  0.9687719
4399.833317  0.8598816
4400.456124  0.7878197
4401.078931  0.8308285
4401.701738  0.9791636
4402.324545  1.09671
4402.947352  0.9906476
4403.570159  0.7405994
4404.192966  0.5115209
4404.815773  0.4320403
4405.43858  0.5345225
4406.061387  0.6954962
4406.684194  0.7757572
4407.307001  0.7611943
4407.929808  0.7067435
4408.552615  0.7097237
4409.175422  0.8347318
4409.798229  0.993852
4410.421036  1.092402
4411.043843  1.104649
4411.66665  1.09861
4412.289457  1.126804
4412.912264  1.148589
4413.535071  1.051952
4414.157878  0.8374758
4414.780685  0.6563178
4415.403492  0.655528
4416.026299  0.7623399
4416.649106  0.8813674
4417.271913  0.959697
4417.89472  1.012211
4418.517527  1.078496
4419.140334  1.130757
4419.763141  1.119105
4420.385948  1.097896
4421.008755  1.034017
4421.631562  0.9143798
4422.254369  0.8333248
4422.877176  0.819137
4423.499983  0.8837997
4424.12279  1.002648
4424.745597  1.02038
4425.368404  0.9742614
4425.991211  0.967436
4426.614018  0.9773946
4427.236825  0.9816072
4427.859632  1.016129
4428.482439  1.1149
4429.105246  1.065187
4429.728053  0.8997525
4430.35086  0.8138675
4430.973667  0.8863885
4431.596474  1.007347
4432.219281  1.062143
4432.842088  1.043972
4433.464895  0.9455435
4434.087702  0.8210335
4434.710509  0.7436925
4435.333316  0.7158573
4435.956123  0.7763109
4436.57893  0.9150363
4437.201737  1.035047
4437.824544  1.111225
4438.447351  1.177471
4439.070158  1.252652
4439.692965  1.223198
4440.315772  1.095281
4440.938579  0.9520465
4441.561386  0.853073
4442.184193  0.8045769
4442.807  0.8112768
4443.429807  0.8826434
4444.052614  0.9686797
4444.675421  1.085005
4445.298228  1.222182
4445.921035  1.250276
4446.543842  1.172293
4447.166649  1.094316
4447.789456  1.127297
4448.412263  1.225835
4449.03507  1.229902
4449.657877  1.077537
4450.280684  1.014778
4450.903491  1.076784
4451.526298  1.149483
4452.149105  1.116828
4452.771912  1.056665
4453.394719  1.013506
4454.017526  0.9546642
4454.640333  0.8517442
4455.26314  0.79866
4455.885947  0.8533623
4456.508754  0.9195277
4457.131561  0.9488533
4457.754368  0.9254612
4458.377175  0.8643357
4458.999982  0.8130144
4459.622789  0.8179479
4460.245596  0.8532602
4460.868403  0.7980434
4461.49121  0.7073654
4462.114017  0.7156332
4462.736824  0.8931385
4463.359631  1.06533
4463.982438  1.108783
4464.605245  1.040733
4465.228052  1.00005
4465.850859  1.001242
4466.473666  1.013978
4467.096473  1.029469
4467.71928  1.038962
4468.342087  1.01264
4468.964894  0.9452043
4469.587701  0.9239562
4470.210508  0.9617819
4470.833315  1.019449
4471.456122  1.055761
4472.078929  1.082296
4472.701736  1.129968
4473.324543  1.192254
4473.94735  1.156857
4474.570157  1.083034
4475.192964  1.076366
4475.815771  1.134787
4476.438578  1.248478
4477.061385  1.344045
4477.684192  1.334363
4478.306999  1.285828
4478.929806  1.195484
4479.552613  1.055494
4480.17542  0.9571387
4480.798227  0.9182945
4481.421034  0.91063
4482.043841  0.9130383
4482.666648  0.9976708
4483.289455  1.124163
4483.912262  1.202719
4484.535069  1.252929
4485.157876  1.303154
4485.780683  1.338842
4486.40349  1.309363
4487.026297  0.8266935
4487.649104  0.
4488.271911  0.
4488.894718  0.
4489.517525  0.
4490.140332  0.
4490.763139  0.
4491.385946  0.
4492.008753  0.
4492.63156  0.
4493.254367  0.
4493.877174  0.
4494.499981  0.
4495.122788  0.
4495.745595  0.
4496.368402  0.
4496.991209  0.
4497.614016  0.
4498.236823  0.
4498.85963  0.
4499.482437  0.
4500.105244  0.
4500.728051  0.
4501.350858  0.
4501.973665  0.
4502.596472  0.
4503.219279  0.
4503.842086  0.
4504.464893  0.
4505.0877  0.
4505.710507  0.
4506.333314  0.
4506.956121  0.
4507.578928  0.
4508.201735  0.
4508.824542  0.
