3820.  0.05353625
3820.622807  0.03949155
3821.245614  0.04266519
3821.868421  0.05640569
3822.491228  0.07014066
3823.114035  0.07710154
3823.736842  0.07040258
3824.359649  0.05688888
3824.982456  0.04733969
3825.605263  0.04411644
3826.22807  0.04682096
3826.850877  0.05385388
3827.473684  0.06273066
3828.096491  0.06776067
3828.719298  0.07244077
3829.342105  0.08218774
3829.964912  0.09312425
3830.587719  0.100212
3831.210526  0.09899432
3831.833333  0.08819309
3832.45614  0.0739972
3833.078947  0.0620196
3833.701754  0.05560125
3834.324561  0.05714386
3834.947368  0.06969456
3835.570175  0.08915235
3836.192982  0.1034681
3836.815789  0.1096927
3837.438596  0.1053468
3838.061403  0.09119045
3838.68421  0.07817952
3839.307017  0.07250825
3839.929824  0.06922311
3840.552631  0.05731407
3841.175438  0.05523765
3841.798245  0.07158732
3842.421052  0.09583179
3843.043859  0.1125745
3843.666666  0.118795
3844.289473  0.1200601
3844.91228  0.1220592
3845.535087  0.120974
3846.157894  0.1180845
3846.780701  0.1197298
3847.403508  0.1222332
3848.026315  0.124075
3848.649122  0.1208538
3849.271929  0.10215
3849.894736  0.08043288
3850.517543  0.07414933
3851.14035  0.09061465
3851.763157  0.1110393
3852.385964  0.1208584
3853.008771  0.1198543
3853.631578  0.1208679
3854.254385  0.1201338
3854.877192  0.1121181
3855.499999  0.09901477
3856.122806  0.08313991
3856.745613  0.07805405
3857.36842  0.08952942
3857.991227  0.09032621
3858.614034  0.08036732
3859.236841  0.06775437
3859.859648  0.05426596
3860.482455  0.05416435
3861.105262  0.0706526
3861.728069  0.09390445
3862.350876  0.1127543
3862.973683  0.1217108
3863.59649  0.1200977
3864.219297  0.1100874
3864.842104  0.09827106
3865.464911  0.09182247
3866.087718  0.09490079
3866.710525  0.106325
3867.333332  0.1153311
3867.956139  0.1161744
3868.578946  0.1179868
3869.201753  0.1182618
3869.82456  0.1156399
3870.447367  0.1125028
3871.070174  0.1063053
3871.692981  0.09581389
3872.315788  0.08356085
3872.938595  0.07617528
3873.561402  0.08648577
3874.184209  0.108926
3874.807016  0.1199229
3875.429823  0.1170858
3876.05263  0.109322
3876.675437  0.1037478
3877.298244  0.09409117
3877.921051  0.07708732
3878.543858  0.06633974
3879.166665  0.08441158
3879.789472  0.1133122
3880.412279  0.1300716
3881.035086  0.1248094
3881.657893  0.1080625
3882.2807  0.09478837
3882.903507  0.09887237
3883.526314  0.1246052
3884.149121  0.1453339
3884.771928  0.1394093
3885.394735  0.1074305
3886.017542  0.0736483
3886.640349  0.05854145
3887.263156  0.0679358
3887.885963  0.09063291
3888.50877  0.1079345
3889.131577  0.1174434
3889.754384  0.1290832
3890.377191  0.1346407
3890.999998  0.143412
3891.622805  0.164538
3892.245612  0.1855956
3892.868419  0.1865044
3893.491226  0.1700118
3894.114033  0.1579461
3894.73684  0.1441765
3895.359647  0.1276987
3895.982454  0.120392
3896.605261  0.1411052
3897.228068  0.1557605
3897.850875  0.1455701
3898.473682  0.1327951
3899.096489  0.1200672
3899.719296  0.1122907
3900.342103  0.1192415
3900.96491  0.1497039
3901.587717  0.1728641
3902.210524  0.1641203
3902.833331  0.1373278
3903.456138  0.1335468
3904.078945  0.1524843
3904.701752  0.1605431
3905.324559  0.1456445
3905.947366  0.1230051
3906.570173  0.1134532
3907.19298  0.1223172
3907.815787  0.1416584
3908.438594  0.1637265
3909.061401  0.1831545
3909.684208  0.1893771
3910.307015  0.1876541
3910.929822  0.1855083
3911.552629  0.1796877
3912.175436  0.1744307
3912.798243  0.1726452
3913.42105  0.1733762
3914.043857  0.1753047
3914.666664  0.1783024
3915.289471  0.1786224
3915.912278  0.1665154
3916.535085  0.1496101
3917.157892  0.1412772
3917.780699  0.1473349
3918.403506  0.1522092
3919.026313  0.145469
3919.64912  0.1272187
3920.271927  0.1044777
3920.894734  0.09460096
3921.517541  0.09937319
3922.140348  0.1002706
3922.763155  0.09759416
3923.385962  0.1013585
3924.008769  0.1154341
3924.631576  0.1212108
3925.254383  0.1174906
3925.87719  0.1122259
3926.499997  0.1099821
3927.122804  0.1011759
3927.745611  0.08539294
3928.368418  0.07195199
3928.991225  0.06441917
3929.614032  0.0590524
3930.236839  0.05180961
3930.859646  0.04423313
3931.482453  0.03832712
3932.10526  0.03422602
3932.728067  0.0317466
3933.350874  0.03620138
3933.973681  0.03995365
3934.596488  0.03597304
3935.219295  0.03266512
3935.842102  0.03645173
3936.464909  0.04663241
3937.087716  0.05707731
3937.710523  0.06682198
3938.33333  0.07792466
3938.956137  0.09109072
3939.578944  0.101495
3940.201751  0.1032458
3940.824558  0.09795022
3941.447365  0.0948862
3942.070172  0.09803849
3942.692979  0.09880031
3943.315786  0.08706326
3943.938593  0.06898593
3944.5614  0.06786011
3945.184207  0.09428504
3945.807014  0.1306719
3946.429821  0.1540005
3947.052628  0.1546423
3947.675435  0.1402156
3948.298242  0.1278648
3948.921049  0.1305372
3949.543856  0.150747
3950.166663  0.1788736
3950.78947  0.1973312
3951.412277  0.1956875
3952.035084  0.1775928
3952.657891  0.158478
3953.280698  0.1650598
3953.903505  0.20011
3954.526312  0.2223927
3955.149119  0.2158215
3955.771926  0.186947
3956.394733  0.1562783
3957.01754  0.1464615
3957.640347  0.1483878
3958.263154  0.1467826
3958.885961  0.1526794
3959.508768  0.1534751
3960.131575  0.1351454
3960.754382  0.09930302
3961.377189  0.06870861
3961.999996  0.06007708
3962.622803  0.07186634
3963.24561  0.08325824
3963.868417  0.08891802
3964.491224  0.08931635
3965.114031  0.08271402
3965.736838  0.0716798
3966.359645  0.05826758
3966.982452  0.04481237
3967.605259  0.03725112
3968.228066  0.03638449
3968.850873  0.0394784
3969.47368  0.04370505
3970.096487  0.05189266
3970.719294  0.06252543
3971.342101  0.07135925
3971.964908  0.08196684
3972.587715  0.09273825
3973.210522  0.1018616
3973.833329  0.1128737
3974.456136  0.1298858
3975.078943  0.1491766
3975.70175  0.1614099
3976.324557  0.1649418
3976.947364  0.1711594
3977.570171  0.1863819
3978.192978  0.1961238
3978.815785  0.2033355
3979.438592  0.2160944
3980.061399  0.2343159
3980.684206  0.2354864
3981.307013  0.2152113
3981.92982  0.1942294
3982.552627  0.2057872
3983.175434  0.2270274
3983.798241  0.2332016
3984.421048  0.23297
3985.043855  0.2488776
3985.666662  0.2742497
3986.289469  0.2857651
3986.912276  0.2826487
3987.535083  0.2909826
3988.15789  0.3085308
3988.780697  0.287983
3989.403504  0.2395613
3990.026311  0.211835
3990.649118  0.2389721
3991.271925  0.2707837
3991.894732  0.2855139
3992.517539  0.2925144
3993.140346  0.3094013
3993.763153  0.3124588
3994.38596  0.296384
3995.008767  0.2835496
3995.631574  0.2812721
3996.254381  0.2828874
3996.877188  0.2776534
3997.499995  0.2624868
3998.122802  0.2500746
3998.745609  0.2615104
3999.368416  0.3065016
3999.991223  0.3450696
4000.61403  0.3574932
4001.236837  0.3549136
4001.859644  0.3646617
4002.482451  0.380557
4003.105258  0.3853716
4003.728065  0.3677945
4004.350872  0.3102639
4004.973679  0.2417049
4005.596486  0.2153245
4006.219293  0.2512351
4006.8421  0.3039679
4007.464907  0.3318925
4008.087714  0.3432965
4008.710521  0.3431804
4009.333328  0.3492446
4009.956135  0.3708413
4010.578942  0.3706264
4011.201749  0.3476163
4011.824556  0.3300767
4012.447363  0.3465349
4013.07017  0.3741635
4013.692977  0.3869581
4014.315784  0.3848688
4014.938591  0.4044682
4015.561398  0.4369453
4016.184205  0.4460119
4016.807012  0.4109921
4017.429819  0.3761775
4018.052626  0.379116
4018.675433  0.412312
4019.29824  0.4350902
4019.921047  0.426058
4020.543854  0.3961695
4021.166661  0.3794775
4021.789468  0.3762338
4022.412275  0.3764666
4023.035082  0.3726894
4023.657889  0.3387585
4024.280696  0.3005499
4024.903503  0.3073042
4025.52631  0.3614497
4026.149117  0.3981559
4026.771924  0.3951623
4027.394731  0.4166478
4028.017538  0.4553354
4028.640345  0.4741221
4029.263152  0.4358629
4029.885959  0.3248409
4030.508766  0.2202951
4031.131573  0.1939979
4031.75438  0.2215123
4032.377187  0.2212011
4032.999994  0.1857339
4033.622801  0.1776427
4034.245608  0.1962794
4034.868415  0.238938
4035.491222  0.3014613
4036.114029  0.3709463
4036.736836  0.4284967
4037.359643  0.4597339
4037.98245  0.4620429
4038.605257  0.4477515
4039.228064  0.4283973
4039.850871  0.4088488
4040.473678  0.3888627
4041.096485  0.3763478
4041.719292  0.3814975
4042.342099  0.4018289
4042.964906  0.39275
4043.587713  0.3391075
4044.21052  0.2615831
4044.833327  0.191005
4045.456134  0.1440703
4046.078941  0.1387868
4046.701748  0.1936999
4047.324555  0.273792
4047.947362  0.3389962
4048.570169  0.3729508
4049.192976  0.3947728
4049.815783  0.4204615
4050.43859  0.4468297
4051.061397  0.453843
4051.684204  0.4506301
4052.307011  0.450826
4052.929818  0.454306
4053.552625  0.4354734
4054.175432  0.387435
4054.798239  0.3399833
4055.421046  0.3477983
4056.043853  0.3768443
4056.66666  0.3740632
4057.289467  0.3260386
4057.912274  0.2981679
4058.535081  0.3111771
4059.157888  0.3446929
4059.780695  0.3821144
4060.403502  0.4094959
4061.026309  0.4139998
4061.649116  0.3835075
4062.271923  0.3151045
4062.89473  0.228931
4063.517537  0.1681282
4064.140344  0.1838624
4064.763151  0.2692111
4065.385958  0.3625047
4066.008765  0.388428
4066.631572  0.3628882
4067.254379  0.3388726
4067.877186  0.3566068
4068.499993  0.4026902
4069.1228  0.4555068
4069.745607  0.4750448
4070.368414  0.4103843
4070.991221  0.2956916
4071.614028  0.2169765
4072.236835  0.2445284
4072.859642  0.3422445
4073.482449  0.4327896
4074.105256  0.4603378
4074.728063  0.4340079
4075.35087  0.3816587
4075.973677  0.3195298
4076.596484  0.2526999
4077.219291  0.2163417
4077.842098  0.2319895
4078.464905  0.2901631
4079.087712  0.3516043
4079.710519  0.4139311
4080.333326  0.4833526
4080.956133  0.5451995
4081.57894  0.5408137
4082.201747  0.4750443
4082.824554  0.4136174
4083.447361  0.4215285
4084.070168  0.4567028
4084.692975  0.4614269
4085.315782  0.4387296
4085.938589  0.4289795
4086.561396  0.4566605
4087.184203  0.5133184
4087.80701  0.5699034
4088.429817  0.6091147
4089.052624  0.6155928
4089.675431  0.5729491
4090.298238  0.5271088
4090.921045  0.5099396
4091.543852  0.5068688
4092.166659  0.4597236
4092.789466  0.445312
4093.412273  0.517465
4094.03508  0.5514167
4094.657887  0.5027964
4095.280694  0.4058993
4095.903501  0.3355705
4096.526308  0.3300968
4097.149115  0.3644542
4097.771922  0.3901498
4098.394729  0.3946298
4099.017536  0.3904818
4099.640343  0.3712667
4100.26315  0.3129409
4100.885957  0.2732623
4101.508764  0.290168
4102.131571  0.3507404
4102.754378  0.4004525
4103.377185  0.4088603
4103.999992  0.3892955
4104.622799  0.3903055
4105.245606  0.4461782
4105.868413  0.5200908
4106.49122  0.5447728
4107.114027  0.5253327
4107.736834  0.5039193
4108.359641  0.5008037
4108.982448  0.4814075
4109.605255  0.4373153
4110.228062  0.390556
4110.850869  0.3676714
4111.473676  0.3430572
4112.096483  0.3375446
4112.71929  0.3751758
4113.342097  0.4243951
4113.964904  0.4506819
4114.587711  0.4447795
4115.210518  0.4268498
4115.833325  0.4155045
4116.456132  0.4307316
4117.078939  0.4573856
4117.701746  0.4188929
4118.324553  0.3499554
4118.94736  0.3225842
4119.570167  0.3667185
4120.192974  0.4174375
4120.815781  0.4272169
4121.438588  0.4026274
4122.061395  0.3949904
4122.684202  0.3879882
4123.307009  0.3817735
4123.929816  0.4329956
4124.552623  0.5087868
4125.17543  0.5477213
4125.798237  0.5247328
4126.421044  0.5119677
4127.043851  0.4813294
4127.666658  0.4189622
4128.289465  0.4156737
4128.912272  0.4123489
4129.535079  0.3815264
4130.157886  0.3646373
4130.780693  0.3573499
4131.4035  0.329282
4132.026307  0.2842351
4132.649114  0.2993614
4133.271921  0.3331907
4133.894728  0.3449433
4134.517535  0.3562171
4135.140342  0.4157201
4135.763149  0.471017
4136.385956  0.4552537
4137.008763  0.430263
4137.63157  0.4367915
4138.254377  0.4598364
4138.877184  0.4469427
4139.499991  0.4212798
4140.122798  0.4278235
4140.745605  0.4664134
4141.368412  0.4320849
4141.991219  0.3280197
4142.614026  0.2221192
4143.236833  0.1744062
4143.85964  0.1953852
4144.482447  0.2679068
4145.105254  0.3567382
4145.728061  0.4077148
4146.350868  0.4228947
4146.973675  0.4282623
4147.596482  0.4285258
4148.219289  0.4201128
4148.842096  0.3987311
4149.464903  0.369687
4150.08771  0.3589372
4150.710517  0.3675272
4151.333324  0.3738281
4151.956131  0.3554643
4152.578938  0.3544513
4153.201745  0.382202
4153.824552  0.3956712
4154.447359  0.4048749
4155.070166  0.4061078
4155.692973  0.3914992
4156.31578  0.3833974
4156.938587  0.4070832
4157.561394  0.4585711
4158.184201  0.4989258
4158.807008  0.5091103
4159.429815  0.4965237
4160.052622  0.4806897
4160.675429  0.4673397
4161.298236  0.4687584
4161.921043  0.4990747
4162.54385  0.5581663
4163.166657  0.5640706
4163.789464  0.4955483
4164.412271  0.4166624
4165.035078  0.3896858
4165.657885  0.4160808
4166.280692  0.4428554
4166.903499  0.40767
4167.526306  0.3783349
4168.149113  0.3925898
4168.77192  0.4121189
4169.394727  0.4384252
4170.017534  0.4713711
4170.640341  0.4841137
4171.263148  0.41797
4171.885955  0.3224921
4172.508762  0.2700482
4173.131569  0.2839795
4173.754376  0.3190419
4174.377183  0.3469259
4174.99999  0.3715401
4175.622797  0.4055396
4176.245604  0.4184989
4176.868411  0.3967333
4177.491218  0.3792835
4178.114025  0.4058851
4178.736832  0.4581318
4179.359639  0.4841767
4179.982446  0.4804131
4180.605253  0.4515942
4181.22806  0.4143152
4181.850867  0.3971592
4182.473674  0.4176928
4183.096481  0.459413
4183.719288  0.4917976
4184.342095  0.5370073
4184.964902  0.580686
4185.587709  0.578126
4186.210516  0.4928495
4186.833323  0.3944205
4187.45613  0.3718496
4188.078937  0.4501386
4188.701744  0.5163951
4189.324551  0.5204483
4189.947358  0.4805464
4190.570165  0.4168463
4191.192972  0.3915985
4191.815779  0.4420405
4192.438586  0.5368893
4193.061393  0.5778925
4193.6842  0.5519859
4194.307007  0.5138769
4194.929814  0.4770502
4195.552621  0.4396066
4196.175428  0.4055648
4196.798235  0.3927934
4197.421042  0.3821634
4198.043849  0.3629843
4198.666656  0.3488298
4199.289463  0.3697641
4199.91227  0.3957067
4200.535077  0.3839211
4201.157884  0.3394937
4201.780691  0.3144059
4202.403498  0.347997
4203.026305  0.4242034
4203.649112  0.4504146
4204.271919  0.4246586
4204.894726  0.4105793
4205.517533  0.4500469
4206.14034  0.4897089
4206.763147  0.5053113
4207.385954  0.5410311
4208.008761  0.5817202
4208.631568  0.5949657
4209.254375  0.5623384
4209.877182  0.5032523
4210.499989  0.4884703
4211.122796  0.5316438
4211.745603  0.5529816
4212.36841  0.5415605
4212.991217  0.5085201
4213.614024  0.4651227
4214.236831  0.410742
4214.859638  0.3426423
4215.482445  0.31066
4216.105252  0.4125352
4216.728059  0.5462468
4217.350866  0.6110095
4217.973673  0.6017892
4218.59648  0.5970942
4219.219287  0.5987365
4219.842094  0.5836406
4220.464901  0.5798525
4221.087708  0.5661636
4221.710515  0.5163873
4222.333322  0.4322563
4222.956129  0.3619158
4223.578936  0.3070273
4224.201743  0.243456
4224.82455  0.1781064
4225.447357  0.1159461
4226.070164  0.06795987
4226.692971  0.05120991
4227.315778  0.0736401
4227.938585  0.1309751
4228.561392  0.204089
4229.184199  0.260111
4229.807006  0.3289957
4230.429813  0.4282185
4231.05262  0.5085719
4231.675427  0.5091874
4232.298234  0.4478619
4232.921041  0.4043603
4233.543848  0.4198434
4234.166655  0.4672905
4234.789462  0.4900228
4235.412269  0.458863
4236.035076  0.4433235
4236.657883  0.4738339
4237.28069  0.5109208
4237.903497  0.5451567
4238.526304  0.5605273
4239.149111  0.5492189
4239.771918  0.5318162
4240.394725  0.5315409
4241.017532  0.5531754
4241.640339  0.5803093
4242.263146  0.6028784
4242.885953  0.6492863
4243.50876  0.7457577
4244.131567  0.8555666
4244.754374  0.8813145
4245.377181  0.8009238
4245.999988  0.7140388
4246.622795  0.6429235
4247.245602  0.6026369
4247.868409  0.6041002
4248.491216  0.6295549
4249.114023  0.6045269
4249.73683  0.4962693
4250.359637  0.3801777
4250.982444  0.3624589
4251.605251  0.4373139
4252.228058  0.4952333
4252.850865  0.4798309
4253.473672  0.3807914
4254.096479  0.2688977
4254.719286  0.2881854
4255.342093  0.3942421
4255.9649  0.5169933
4256.587707  0.6313781
4257.210514  0.6692607
4257.833321  0.6248332
4258.456128  0.5512416
4259.078935  0.5145901
4259.701742  0.4618506
4260.324549  0.3954059
4260.947356  0.4233726
4261.570163  0.503614
4262.19297  0.5942739
4262.815777  0.6836912
4263.438584  0.7611085
4264.061391  0.8035605
4264.684198  0.8090308
4265.307005  0.8097824
4265.929812  0.805223
4266.552619  0.7765998
4267.175426  0.7120363
4267.798233  0.639205
4268.42104  0.6007763
4269.043847  0.5965908
4269.666654  0.5560045
4270.289461  0.4541798
4270.912268  0.3238168
4271.535075  0.2386102
4272.157882  0.2704801
4272.780689  0.3610921
4273.403496  0.3940004
4274.026303  0.3258116
4274.64911  0.2725297
4275.271917  0.3285122
4275.894724  0.4612861
4276.517531  0.5625068
4277.140338  0.6362282
4277.763145  0.7353753
4278.385952  0.7954311
4279.008759  0.7638624
4279.631566  0.6561441
4280.254373  0.5646212
4280.87718  0.5779172
4281.499987  0.6244692
4282.122794  0.5839807
4282.745601  0.5728788
4283.368408  0.6169212
4283.991215  0.6582052
4284.614022  0.6307264
4285.236829  0.5917348
4285.859636  0.5900976
4286.482443  0.6112688
4287.10525  0.605556
4287.728057  0.5657963
4288.350864  0.4927945
4288.973671  0.3572385
4289.596478  0.2669244
4290.219285  0.2765818
4290.842092  0.3286105
4291.464899  0.4085957
4292.087706  0.5345961
4292.710513  0.6671178
4293.33332  0.6299484
4293.956127  0.5278093
4294.578934  0.5160524
4295.201741  0.6071411
4295.824548  0.6664422
4296.447355  0.6633131
4297.070162  0.6560577
4297.692969  0.6215677
4298.315776  0.5271003
4298.938583  0.3974033
4299.56139  0.3313048
4300.184197  0.3595956
4300.807004  0.4426351
4301.429811  0.5008828
4302.052618  0.4724874
4302.675425  0.4470307
4303.298232  0.509177
4303.921039  0.577968
4304.543846  0.5626084
4305.166653  0.4715084
4305.78946  0.3999808
4306.412267  0.361077
4307.035074  0.3176089
4307.657881  0.2594858
4308.280688  0.270696
4308.903495  0.3288446
4309.526302  0.4019708
4310.149109  0.5018353
4310.771916  0.6132281
4311.394723  0.6870897
4312.01753  0.6967272
4312.640337  0.7163852
4313.263144  0.7165067
4313.885951  0.6567593
4314.508758  0.587006
4315.131565  0.7083928
4315.754372  0.9585471
4316.377179  1.086236
4316.999986  1.094174
4317.622793  1.028299
4318.2456  0.9451435
4318.868407  0.8918722
4319.491214  0.8823029
4320.114021  0.8565984
4320.736828  0.7610473
4321.359635  0.7704712
4321.982442  0.8458471
4322.605249  0.8422846
4323.228056  0.7476305
4323.850863  0.6315303
4324.47367  0.5132234
4325.096477  0.3526451
4325.719284  0.2793706
4326.342091  0.3660057
4326.964898  0.5799824
4327.587705  0.82218
4328.210512  1.001988
4328.833319  1.055469
4329.456126  0.9705641
4330.078933  0.8583684
4330.70174  0.8221368
4331.324547  0.8806766
4331.947354  0.9440708
4332.570161  0.9826887
4333.192968  1.00752
4333.815775  1.026934
4334.438582  1.079352
4335.061389  1.155129
4335.684196  1.171083
4336.307003  0.9988731
4336.92981  0.7351749
4337.552617  0.5814942
4338.175424  0.6278682
4338.798231  0.6978508
4339.421038  0.6624455
4340.043845  0.587084
4340.666652  0.5803878
4341.289459  0.6946374
4341.912266  0.8708888
4342.535073  0.9477432
4343.15788  0.8958099
4343.780687  0.8161342
4344.403494  0.847869
4345.026301  0.9503602
4345.649108  0.9954133
4346.271915  0.9138166
4346.894722  0.8566401
4347.517529  0.9058023
4348.140336  1.048204
4348.763143  1.201083
4349.38595  1.241565
4350.008757  1.098916
4350.631564  0.8212804
4351.254371  0.6108505
4351.877178  0.5627846
4352.499985  0.6472578
4353.122792  0.7717574
4353.745599  0.8464024
4354.368406  0.8631274
4354.991213  0.8889561
4355.61402  0.9491405
4356.236827  1.037082
4356.859634  1.108011
4357.482441  1.088627
4358.105248  0.9718351
4358.728055  0.8360504
4359.350862  0.7947818
4359.973669  0.8151588
4360.596476  0.8730843
4361.219283  0.9654774
4361.84209  1.047367
4362.464897  1.055467
4363.087704  1.009508
4363.710511  1.036514
4364.333318  1.132376
4364.956125  1.207156
4365.578932  1.17993
4366.201739  1.103336
4366.824546  0.9814804
4367.447353  0.8371902
4368.07016  0.7795256
4368.692967  0.8400611
4369.315774  0.9463329
4369.938581  0.9859586
4370.561388  0.971179
4371.184195  0.9718933
4371.807002  1.008941
4372.429809  0.9776596
4373.052616  0.8817156
4373.675423  0.7782894
4374.29823  0.7086204
4374.921037  0.6316063
4375.543844  0.6219875
4376.166651  0.7656835
4376.789458  0.9339046
4377.412265  1.050594
4378.035072  1.083602
4378.657879  1.019901
4379.280686  0.9157041
4379.903493  0.8366569
4380.5263  0.8087199
4381.149107  0.78125
4381.771914  0.6896579
4382.394721  0.5156309
4383.017528  0.3237973
4383.640335  0.221963
4384.263142  0.2578473
4384.885949  0.4012706
4385.508756  0.6378178
4386.131563  0.8255123
4386.75437  0.8496571
4387.377177  0.8087233
4387.999984  0.8003621
4388.622791  0.8236685
4389.245598  0.793171
4389.868405  0.7438632
4390.491212  0.7279012
4391.114019  0.7665164
4391.736826  0.8291986
4392.359633  0.8873326
4392.98244  0.9058464
4393.605247  0.8504074
4394.228054  0.7609449
4394.850861  0.7175749
4395.473668  0.7948869
4396.096475  1.012171
4396.719282  1.187456
4397.342089  1.186992
4397.964896  1.126335
4398.587703  1.068043
4399.21051  0.9959163
4399.833317  0.8692515
4400.456124  0.7640945
4401.078931  0.8079343
4401.701738  1.002477
4402.324545  1.09792
4402.947352  0.9642952
4403.570159  0.6669226
4404.192966  0.4151985
4404.815773  0.3272202
4405.43858  0.405371
4406.061387  0.5593973
4406.684194  0.6703288
4407.307001  0.6606031
4407.929808  0.5780293
4408.552615  0.5857832
4409.175422  0.7596002
4409.798229  0.9911183
4410.421036  1.103277
4411.043843  1.104636
4411.66665  1.068526
4412.289457  1.06871
4412.912264  1.112756
4413.535071  1.020158
4414.157878  0.7684773
4414.780685  0.5564678
4415.403492  0.5645981
4416.026299  0.7098911
4416.649106  0.8294695
4417.271913  0.9354986
4417.89472  1.040781
4418.517527  1.13134
4419.140334  1.168493
4419.763141  1.146714
4420.385948  1.087253
4421.008755  1.007555
4421.631562  0.8874323
4422.254369  0.7911929
4422.877176  0.7913871
4423.499983  0.8936568
4424.12279  1.007538
4424.745597  1.039232
4425.368404  0.9779637
4425.991211  0.9582193
4426.614018  0.9434146
4427.236825  0.909833
4427.859632  0.9866987
4428.482439  1.084459
4429.105246  1.05035
4429.728053  0.8491465
4430.35086  0.7644938
4430.973667  0.887405
4431.596474  1.089379
4432.219281  1.162422
4432.842088  1.086135
4433.464895  0.9359409
4434.087702  0.790246
4434.710509  0.6642284
4435.333316  0.6150947
4435.956123  0.7013961
4436.57893  0.891601
4437.201737  1.034891
4437.824544  1.094047
4438.447351  1.209074
4439.070158  1.320964
4439.692965  1.323092
4440.315772  1.178267
4440.938579  1.007551
4441.561386  0.8633895
4442.184193  0.7742642
4442.807  0.789434
4443.429807  0.8408747
4444.052614  0.9235635
4444.675421  1.089858
4445.298228  1.260972
4445.921035  1.323915
4446.543842  1.239894
4447.166649  1.116507
4447.789456  1.158512
4448.412263  1.300295
4449.03507  1.236903
4449.657877  1.061835
4450.280684  0.9929898
4450.903491  1.122434
4451.526298  1.223158
4452.149105  1.182052
4452.771912  1.058084
4453.394719  1.002314
4454.017526  0.9308223
4454.640333  0.8211376
4455.26314  0.7580434
4455.885947  0.8193428
4456.508754  0.9130337
4457.131561  0.9372742
4457.754368  0.9209923
4458.377175  0.8644601
4458.999982  0.8024955
4459.622789  0.7880048
4460.245596  0.8110429
4460.868403  0.769865
4461.49121  0.6530946
4462.114017  0.6752028
4462.736824  0.8862177
4463.359631  1.141924
4463.982438  1.217334
4464.605245  1.096836
4465.228052  0.9607524
4465.850859  0.9654214
4466.473666  0.9967218
4467.096473  1.041599
4467.71928  1.069111
4468.342087  0.9909429
4468.964894  0.9200379
4469.587701  0.9403946
4470.210508  1.023784
4470.833315  1.045218
4471.456122  1.041223
4472.078929  1.093259
4472.701736  1.193657
4473.324543  1.279486
4473.94735  1.270962
4474.570157  1.152234
4475.192964  1.090667
4475.815771  1.157834
4476.438578  1.303617
4477.061385  1.416775
4477.684192  1.453346
4478.306999  1.412024
4478.929806  1.30798
4479.552613  1.145022
4480.17542  1.018205
4480.798227  0.9917333
4481.421034  0.939404
4482.043841  0.9120501
4482.666648  1.000021
4483.289455  1.194746
4483.912262  1.319646
4484.535069  1.361759
4485.157876  1.431452
4485.780683  1.496252
4486.40349  1.492092
4487.026297  1.396135
4487.649104  1.262883
4488.271911  1.128193
4488.894718  1.040603
4489.517525  0.1178365
4490.140332  0.
4490.763139  0.
4491.385946  0.
4492.008753  0.
4492.63156  0.
4493.254367  0.
4493.877174  0.
4494.499981  0.
4495.122788  0.
4495.745595  0.
4496.368402  0.
4496.991209  0.
4497.614016  0.
4498.236823  0.
4498.85963  0.
4499.482437  0.
4500.105244  0.
4500.728051  0.
4501.350858  0.
4501.973665  0.
4502.596472  0.
4503.219279  0.
4503.842086  0.
4504.464893  0.
4505.0877  0.
4505.710507  0.
4506.333314  0.
4506.956121  0.
4507.578928  0.
4508.201735  0.
4508.824542  0.
