3820.  0.1804338
3820.622807  0.1563322
3821.245614  0.1888791
3821.868421  0.2509076
3822.491228  0.2967965
3823.114035  0.3007369
3823.736842  0.2647604
3824.359649  0.2155264
3824.982456  0.1798711
3825.605263  0.1595128
3826.22807  0.1638542
3826.850877  0.187394
3827.473684  0.2067349
3828.096491  0.2164387
3828.719298  0.2273174
3829.342105  0.2390559
3829.964912  0.2474271
3830.587719  0.2607913
3831.210526  0.2624173
3831.833333  0.2321824
3832.45614  0.1978406
3833.078947  0.1801529
3833.701754  0.1786326
3834.324561  0.1878626
3834.947368  0.2123934
3835.570175  0.2516394
3836.192982  0.28148
3836.815789  0.2825947
3837.438596  0.2543778
3838.061403  0.2122127
3838.68421  0.1887052
3839.307017  0.1907466
3839.929824  0.1929646
3840.552631  0.1803256
3841.175438  0.1932968
3841.798245  0.2481348
3842.421052  0.3050691
3843.043859  0.3300829
3843.666666  0.3300083
3844.289473  0.3266899
3844.91228  0.3179442
3845.535087  0.2969151
3846.157894  0.2768813
3846.780701  0.2824889
3847.403508  0.2992288
3848.026315  0.3067382
3848.649122  0.2906415
3849.271929  0.251883
3849.894736  0.2159314
3850.517543  0.2110514
3851.14035  0.2456838
3851.763157  0.2866752
3852.385964  0.3037682
3853.008771  0.2865542
3853.631578  0.2527199
3854.254385  0.2414394
3854.877192  0.2583244
3855.499999  0.2631537
3856.122806  0.2470307
3856.745613  0.2340019
3857.36842  0.244113
3857.991227  0.2413973
3858.614034  0.2105472
3859.236841  0.1750304
3859.859648  0.1559437
3860.482455  0.1603505
3861.105262  0.1876485
3861.728069  0.2387449
3862.350876  0.2913583
3862.973683  0.3193374
3863.59649  0.3141113
3864.219297  0.3025085
3864.842104  0.2913465
3865.464911  0.2748972
3866.087718  0.264145
3866.710525  0.2636386
3867.333332  0.2595662
3867.956139  0.2461392
3868.578946  0.2345666
3869.201753  0.2228672
3869.82456  0.2064125
3870.447367  0.1859932
3871.070174  0.1730839
3871.692981  0.172773
3872.315788  0.1793207
3872.938595  0.2007438
3873.561402  0.2456988
3874.184209  0.3017594
3874.807016  0.3399681
3875.429823  0.3520177
3876.05263  0.3428805
3876.675437  0.3184468
3877.298244  0.2734633
3877.921051  0.2266371
3878.543858  0.210013
3879.166665  0.2435117
3879.789472  0.2753112
3880.412279  0.2647634
3881.035086  0.2283377
3881.657893  0.1853908
3882.2807  0.1688725
3882.903507  0.2158675
3883.526314  0.3335267
3884.149121  0.4344983
3884.771928  0.4370471
3885.394735  0.3598018
3886.017542  0.279032
3886.640349  0.2584145
3887.263156  0.3128802
3887.885963  0.3658633
3888.50877  0.3664841
3889.131577  0.335427
3889.754384  0.3426733
3890.377191  0.3840262
3890.999998  0.4313132
3891.622805  0.4784249
3892.245612  0.5046487
3892.868419  0.5031525
3893.491226  0.4886481
3894.114033  0.4799971
3894.73684  0.4430831
3895.359647  0.3881921
3895.982454  0.3925591
3896.605261  0.4598299
3897.228068  0.5095311
3897.850875  0.4813751
3898.473682  0.4463928
3899.096489  0.427227
3899.719296  0.415112
3900.342103  0.425785
3900.96491  0.467696
3901.587717  0.4906847
3902.210524  0.4488188
3902.833331  0.4048582
3903.456138  0.4178104
3904.078945  0.4698508
3904.701752  0.4630641
3905.324559  0.3904046
3905.947366  0.3294922
3906.570173  0.343129
3907.19298  0.3860987
3907.815787  0.4329067
3908.438594  0.4715168
3909.061401  0.4911971
3909.684208  0.4805255
3910.307015  0.457704
3910.929822  0.4658587
3911.552629  0.5004594
3912.175436  0.5346294
3912.798243  0.5381145
3913.42105  0.503879
3914.043857  0.4793958
3914.666664  0.4852378
3915.289471  0.486442
3915.912278  0.4636343
3916.535085  0.4443991
3917.157892  0.4634738
3917.780699  0.4755115
3918.403506  0.464725
3919.026313  0.4418256
3919.64912  0.4124822
3920.271927  0.361039
3920.894734  0.3129902
3921.517541  0.3189008
3922.140348  0.3445271
3922.763155  0.3618001
3923.385962  0.3779775
3924.008769  0.413138
3924.631576  0.4196039
3925.254383  0.3819497
3925.87719  0.344164
3926.499997  0.3256419
3927.122804  0.3024597
3927.745611  0.2558554
3928.368418  0.2130279
3928.991225  0.1901078
3929.614032  0.1762716
3930.236839  0.1520963
3930.859646  0.130083
3931.482453  0.1169853
3932.10526  0.1036295
3932.728067  0.083927
3933.350874  0.06862432
3933.973681  0.06487706
3934.596488  0.0708159
3935.219295  0.08708441
3935.842102  0.1109408
3936.464909  0.1359828
3937.087716  0.1616227
3937.710523  0.1894134
3938.33333  0.2188101
3938.956137  0.2515388
3939.578944  0.2848878
3940.201751  0.3048501
3940.824558  0.3038302
3941.447365  0.3019538
3942.070172  0.3153312
3942.692979  0.3298937
3943.315786  0.3121187
3943.938593  0.2860873
3944.5614  0.291497
3945.184207  0.3463811
3945.807014  0.4273142
3946.429821  0.4816126
3947.052628  0.4725133
3947.675435  0.4284531
3948.298242  0.4012355
3948.921049  0.4151174
3949.543856  0.4595035
3950.166663  0.5131974
3950.78947  0.5499225
3951.412277  0.5412781
3952.035084  0.4668902
3952.657891  0.3979203
3953.280698  0.412147
3953.903505  0.504968
3954.526312  0.5772182
3955.149119  0.5727777
3955.771926  0.5152259
3956.394733  0.4588312
3957.01754  0.4434793
3957.640347  0.4671217
3958.263154  0.4941428
3958.885961  0.5261511
3959.508768  0.5477877
3960.131575  0.518585
3960.754382  0.4323086
3961.377189  0.3325655
3961.999996  0.2749958
3962.622803  0.274706
3963.24561  0.2869513
3963.868417  0.2796622
3964.491224  0.2628681
3965.114031  0.2302799
3965.736838  0.1907011
3966.359645  0.1571937
3966.982452  0.1254022
3967.605259  0.09771324
3968.228066  0.07783853
3968.850873  0.07219952
3969.47368  0.08685024
3970.096487  0.1164218
3970.719294  0.1504351
3971.342101  0.1806185
3971.964908  0.2094668
3972.587715  0.2410588
3973.210522  0.2688292
3973.833329  0.291357
3974.456136  0.3238431
3975.078943  0.3773378
3975.70175  0.4167797
3976.324557  0.4312131
3976.947364  0.4443168
3977.570171  0.4811949
3978.192978  0.518401
3978.815785  0.5425406
3979.438592  0.5729015
3980.061399  0.6142712
3980.684206  0.6296108
3981.307013  0.594901
3981.92982  0.5454936
3982.552627  0.522654
3983.175434  0.5293589
3983.798241  0.5378234
3984.421048  0.5618182
3985.043855  0.6011549
3985.666662  0.6277684
3986.289469  0.6085215
3986.912276  0.5884801
3987.535083  0.6187798
3988.15789  0.684331
3988.780697  0.694842
3989.403504  0.6430691
3990.026311  0.6048727
3990.649118  0.6131973
3991.271925  0.6466321
3991.894732  0.6688722
3992.517539  0.6795514
3993.140346  0.6847106
3993.763153  0.6690297
3994.38596  0.6315238
3995.008767  0.6205595
3995.631574  0.62827
3996.254381  0.6219528
3996.877188  0.5930207
3997.499995  0.5686029
3998.122802  0.5752189
3998.745609  0.6200222
3999.368416  0.692326
3999.991223  0.7369242
4000.61403  0.7172788
4001.236837  0.6843873
4001.859644  0.6968709
4002.482451  0.750814
4003.105258  0.7866095
4003.728065  0.7817947
4004.350872  0.705934
4004.973679  0.5672539
4005.596486  0.4890497
4006.219293  0.5077825
4006.8421  0.584823
4007.464907  0.6617393
4008.087714  0.7100662
4008.710521  0.7237525
4009.333328  0.714809
4009.956135  0.7186974
4010.578942  0.727046
4011.201749  0.7216361
4011.824556  0.7079668
4012.447363  0.7117363
4013.07017  0.7307227
4013.692977  0.7259833
4014.315784  0.7130623
4014.938591  0.7319935
4015.561398  0.7779643
4016.184205  0.7768874
4016.807012  0.7243128
4017.429819  0.6668168
4018.052626  0.6632955
4018.675433  0.7169133
4019.29824  0.764771
4019.921047  0.7526299
4020.543854  0.7223048
4021.166661  0.7042729
4021.789468  0.7038447
4022.412275  0.7134416
4023.035082  0.7350896
4023.657889  0.7336078
4024.280696  0.685263
4024.903503  0.660576
4025.52631  0.6908519
4026.149117  0.7479289
4026.771924  0.7744139
4027.394731  0.791031
4028.017538  0.8190767
4028.640345  0.8435168
4029.263152  0.8347846
4029.885959  0.7531821
4030.508766  0.6248449
4031.131573  0.5760155
4031.75438  0.5993035
4032.377187  0.6187787
4032.999994  0.5938821
4033.622801  0.5902496
4034.245608  0.6133001
4034.868415  0.6331398
4035.491222  0.6623805
4036.114029  0.7163704
4036.736836  0.7810125
4037.359643  0.8199691
4037.98245  0.8349538
4038.605257  0.8321467
4039.228064  0.810863
4039.850871  0.7592573
4040.473678  0.7075638
4041.096485  0.6993616
4041.719292  0.7498728
4042.342099  0.8119943
4042.964906  0.8206202
4043.587713  0.7470015
4044.21052  0.6451642
4044.833327  0.5260912
4045.456134  0.4158111
4046.078941  0.4101309
4046.701748  0.5262014
4047.324555  0.6841965
4047.947362  0.7664603
4048.570169  0.7651601
4049.192976  0.7415125
4049.815783  0.7511257
4050.43859  0.7844618
4051.061397  0.7975454
4051.684204  0.7719372
4052.307011  0.7300961
4052.929818  0.711483
4053.552625  0.7078481
4054.175432  0.6859373
4054.798239  0.6548911
4055.421046  0.6543701
4056.043853  0.6859239
4056.66666  0.6969564
4057.289467  0.6547288
4057.912274  0.5999711
4058.535081  0.6007563
4059.157888  0.6425595
4059.780695  0.7077544
4060.403502  0.7753817
4061.026309  0.8060274
4061.649116  0.7852649
4062.271923  0.7060518
4062.89473  0.5786906
4063.517537  0.4722729
4064.140344  0.4763912
4064.763151  0.595627
4065.385958  0.6958891
4066.008765  0.7003036
4066.631572  0.6384211
4067.254379  0.6113659
4067.877186  0.6602513
4068.499993  0.7461513
4069.1228  0.8089529
4069.745607  0.8404511
4070.368414  0.8008425
4070.991221  0.6899427
4071.614028  0.5840991
4072.236835  0.5955178
4072.859642  0.7043359
4073.482449  0.7946452
4074.105256  0.8014385
4074.728063  0.7549512
4075.35087  0.6978925
4075.973677  0.6300144
4076.596484  0.5566741
4077.219291  0.5075308
4077.842098  0.5179527
4078.464905  0.5838913
4079.087712  0.6572561
4079.710519  0.7102308
4080.333326  0.7708617
4080.956133  0.8335171
4081.57894  0.8558059
4082.201747  0.8076664
4082.824554  0.747311
4083.447361  0.7059998
4084.070168  0.6884776
4084.692975  0.68779
4085.315782  0.6942731
4085.938589  0.7095727
4086.561396  0.7436085
4087.184203  0.8059432
4087.80701  0.8731093
4088.429817  0.908093
4089.052624  0.9048529
4089.675431  0.8705919
4090.298238  0.8368604
4090.921045  0.8419568
4091.543852  0.8286497
4092.166659  0.7858173
4092.789466  0.7707598
4093.412273  0.8400354
4094.03508  0.8843811
4094.657887  0.8302784
4095.280694  0.7566281
4095.903501  0.6911499
4096.526308  0.6676863
4097.149115  0.7041778
4097.771922  0.7432342
4098.394729  0.764896
4099.017536  0.7720244
4099.640343  0.7517619
4100.26315  0.6809729
4100.885957  0.5841054
4101.508764  0.5293998
4102.131571  0.5559042
4102.754378  0.6377304
4103.377185  0.7093832
4103.999992  0.7223656
4104.622799  0.7217356
4105.245606  0.7540667
4105.868413  0.8041486
4106.49122  0.8171929
4107.114027  0.8040263
4107.736834  0.8021803
4108.359641  0.7977092
4108.982448  0.7697353
4109.605255  0.7271224
4110.228062  0.7119643
4110.850869  0.7198663
4111.473676  0.72704
4112.096483  0.7265918
4112.71929  0.758151
4113.342097  0.8035688
4113.964904  0.8266807
4114.587711  0.8198088
4115.210518  0.8109789
4115.833325  0.817598
4116.456132  0.8284882
4117.078939  0.8378747
4117.701746  0.8053988
4118.324553  0.7204844
4118.94736  0.6627829
4119.570167  0.6841294
4120.192974  0.7523628
4120.815781  0.786833
4121.438588  0.7784383
4122.061395  0.7542718
4122.684202  0.7350758
4123.307009  0.7104658
4123.929816  0.731015
4124.552623  0.791671
4125.17543  0.8103203
4125.798237  0.7871751
4126.421044  0.7592525
4127.043851  0.7478518
4127.666658  0.718694
4128.289465  0.7057167
4128.912272  0.7156878
4129.535079  0.6961603
4130.157886  0.7106542
4130.780693  0.742171
4131.4035  0.7113019
4132.026307  0.6365496
4132.649114  0.6092238
4133.271921  0.6452149
4133.894728  0.6285134
4134.517535  0.6267272
4135.140342  0.7007993
4135.763149  0.8110738
4136.385956  0.832465
4137.008763  0.7850503
4137.63157  0.76183
4138.254377  0.7966843
4138.877184  0.8298123
4139.499991  0.8295035
4140.122798  0.8214531
4140.745605  0.8181717
4141.368412  0.7903174
4141.991219  0.7076096
4142.614026  0.5993302
4143.236833  0.5130584
4143.85964  0.5056338
4144.482447  0.6014873
4145.105254  0.6980114
4145.728061  0.7424496
4146.350868  0.7538952
4146.973675  0.757466
4147.596482  0.765544
4148.219289  0.769208
4148.842096  0.7392616
4149.464903  0.6787246
4150.08771  0.6482783
4150.710517  0.6879938
4151.333324  0.7010773
4151.956131  0.6948304
4152.578938  0.7061952
4153.201745  0.7170613
4153.824552  0.6907448
4154.447359  0.6639119
4155.070166  0.6996585
4155.692973  0.6935417
4156.31578  0.654331
4156.938587  0.6550815
4157.561394  0.7061361
4158.184201  0.755137
4158.807008  0.7797648
4159.429815  0.8030031
4160.052622  0.7926456
4160.675429  0.7536301
4161.298236  0.7352791
4161.921043  0.7878224
4162.54385  0.8430963
4163.166657  0.8377001
4163.789464  0.7899333
4164.412271  0.7552487
4165.035078  0.7588081
4165.657885  0.7805994
4166.280692  0.7746821
4166.903499  0.7204629
4167.526306  0.6663331
4168.149113  0.7029886
4168.77192  0.7579766
4169.394727  0.7822235
4170.017534  0.794879
4170.640341  0.7991531
4171.263148  0.749537
4171.885955  0.6417871
4172.508762  0.5606337
4173.131569  0.5506983
4173.754376  0.5982674
4174.377183  0.6515266
4174.99999  0.6872411
4175.622797  0.7082807
4176.245604  0.716036
4176.868411  0.6832519
4177.491218  0.63994
4178.114025  0.627697
4178.736832  0.6583414
4179.359639  0.7023879
4179.982446  0.7280062
4180.605253  0.7203979
4181.22806  0.6885455
4181.850867  0.6684579
4182.473674  0.6788226
4183.096481  0.7037858
4183.719288  0.733227
4184.342095  0.7746393
4184.964902  0.8282605
4185.587709  0.8402164
4186.210516  0.7762772
4186.833323  0.6766897
4187.45613  0.6426634
4188.078937  0.682062
4188.701744  0.7387593
4189.324551  0.75519
4189.947358  0.7539169
4190.570165  0.737462
4191.192972  0.7141533
4191.815779  0.7308547
4192.438586  0.7869243
4193.061393  0.8371941
4193.6842  0.8353606
4194.307007  0.7873716
4194.929814  0.7135782
4195.552621  0.6445633
4196.175428  0.6132932
4196.798235  0.6318344
4197.421042  0.6620349
4198.043849  0.6454403
4198.666656  0.64381
4199.289463  0.6852867
4199.91227  0.7312537
4200.535077  0.7194701
4201.157884  0.6689355
4201.780691  0.6309128
4202.403498  0.6427378
4203.026305  0.7019285
4203.649112  0.7418852
4204.271919  0.7132117
4204.894726  0.6941554
4205.517533  0.7184633
4206.14034  0.7640199
4206.763147  0.7854763
4207.385954  0.8084779
4208.008761  0.8373329
4208.631568  0.842665
4209.254375  0.8186378
4209.877182  0.7828408
4210.499989  0.7648537
4211.122796  0.7862469
4211.745603  0.8156707
4212.36841  0.8220103
4212.991217  0.8039301
4213.614024  0.7840144
4214.236831  0.7397414
4214.859638  0.6521112
4215.482445  0.570824
4216.105252  0.6048571
4216.728059  0.7452835
4217.350866  0.8469618
4217.973673  0.8923903
4218.59648  0.897861
4219.219287  0.8932739
4219.842094  0.9174131
4220.464901  0.9643964
4221.087708  0.9930881
4221.710515  0.9556159
4222.333322  0.8719137
4222.956129  0.7892787
4223.578936  0.7398837
4224.201743  0.7153949
4224.82455  0.6841286
4225.447357  0.6047269
4226.070164  0.4643556
4226.692971  0.3771753
4227.315778  0.4504802
4227.938585  0.6753668
4228.561392  0.8543881
4229.184199  0.8984705
4229.807006  0.8626425
4230.429813  0.8760492
4231.05262  0.9108639
4231.675427  0.9044946
4232.298234  0.8432932
4232.921041  0.7731009
4233.543848  0.7721342
4234.166655  0.8467579
4234.789462  0.8555601
4235.412269  0.7710312
4236.035076  0.6706187
4236.657883  0.6605858
4237.28069  0.7087492
4237.903497  0.7560533
4238.526304  0.7703301
4239.149111  0.7637897
4239.771918  0.7669882
4240.394725  0.8090044
4241.017532  0.8894716
4241.640339  0.9002447
4242.263146  0.8230505
4242.885953  0.7527043
4243.50876  0.7970515
4244.131567  0.8975925
4244.754374  0.9505417
4245.377181  0.9390078
4245.999988  0.8939944
4246.622795  0.8342626
4247.245602  0.7627798
4247.868409  0.7167094
4248.491216  0.70575
4249.114023  0.7055995
4249.73683  0.6803811
4250.359637  0.6818278
4250.982444  0.743801
4251.605251  0.8317761
4252.228058  0.8778401
4252.850865  0.862721
4253.473672  0.8096331
4254.096479  0.7480754
4254.719286  0.7070105
4255.342093  0.7095754
4255.9649  0.7660502
4256.587707  0.8846204
4257.210514  0.9508417
4257.833321  0.8640528
4258.456128  0.7632759
4259.078935  0.7093475
4259.701742  0.6804032
4260.324549  0.6310152
4260.947356  0.6274185
4261.570163  0.6980633
4262.19297  0.8039715
4262.815777  0.8957069
4263.438584  0.9199893
4264.061391  0.8839676
4264.684198  0.8766508
4265.307005  0.9262718
4265.929812  0.9747056
4266.552619  0.9397092
4267.175426  0.8420696
4267.798233  0.7785642
4268.42104  0.7956876
4269.043847  0.7991027
4269.666654  0.7775688
4270.289461  0.7189586
4270.912268  0.6064922
4271.535075  0.5339003
4272.157882  0.5711206
4272.780689  0.6821067
4273.403496  0.7032898
4274.026303  0.6489595
4274.64911  0.613783
4275.271917  0.6619081
4275.894724  0.7646752
4276.517531  0.8475944
4277.140338  0.8717731
4277.763145  0.9113221
4278.385952  0.9306846
4279.008759  0.8650202
4279.631566  0.7203021
4280.254373  0.6393726
4280.87718  0.6813574
4281.499987  0.7743827
4282.122794  0.804697
4282.745601  0.8250023
4283.368408  0.8778027
4283.991215  0.8565719
4284.614022  0.7658926
4285.236829  0.6702156
4285.859636  0.6360499
4286.482443  0.6728972
4287.10525  0.7420294
4287.728057  0.7831689
4288.350864  0.7490585
4288.973671  0.6598661
4289.596478  0.5887637
4290.219285  0.6010395
4290.842092  0.6348216
4291.464899  0.6831018
4292.087706  0.7662193
4292.710513  0.8456756
4293.33332  0.847012
4293.956127  0.7724829
4294.578934  0.7222092
4295.201741  0.7351415
4295.824548  0.7471766
4296.447355  0.6903474
4297.070162  0.6385042
4297.692969  0.6191607
4298.315776  0.5912946
4298.938583  0.4926087
4299.56139  0.4145484
4300.184197  0.4232369
4300.807004  0.496489
4301.429811  0.5490273
4302.052618  0.5351225
4302.675425  0.4867121
4303.298232  0.4916303
4303.921039  0.5207102
4304.543846  0.5253208
4305.166653  0.5040118
4305.78946  0.5303298
4306.412267  0.5622873
4307.035074  0.5240953
4307.657881  0.4328981
4308.280688  0.389129
4308.903495  0.4143214
4309.526302  0.4312064
4310.149109  0.4486524
4310.771916  0.4698437
4311.394723  0.4900659
4312.01753  0.5150298
4312.640337  0.581108
4313.263144  0.6650541
4313.885951  0.6877721
4314.508758  0.7139707
4315.131565  0.8271469
4315.754372  1.017632
4316.377179  1.109118
4316.999986  1.110466
4317.622793  1.089929
4318.2456  1.059103
4318.868407  1.063121
4319.491214  1.070386
4320.114021  1.018612
4320.736828  0.9545643
4321.359635  0.9479092
4321.982442  0.9652519
4322.605249  0.846401
4323.228056  0.690796
4323.850863  0.6026614
4324.47367  0.5783781
4325.096477  0.534338
4325.719284  0.5289502
4326.342091  0.6387615
4326.964898  0.7941295
4327.587705  0.9274114
4328.210512  1.006125
4328.833319  1.030543
4329.456126  0.9806756
4330.078933  0.9084516
4330.70174  0.8903715
4331.324547  0.942107
4331.947354  0.9932309
4332.570161  0.9943902
4333.192968  0.9746876
4333.815775  0.9692345
4334.438582  1.004251
4335.061389  1.069326
4335.684196  1.102813
4336.307003  1.026754
4336.92981  0.8586003
4337.552617  0.7378134
4338.175424  0.7198568
4338.798231  0.7346098
4339.421038  0.6801437
4340.043845  0.6049491
4340.666652  0.6079614
4341.289459  0.7283518
4341.912266  0.8823387
4342.535073  0.9480161
4343.15788  0.9060923
4343.780687  0.8580325
4344.403494  0.9161101
4345.026301  1.015069
4345.649108  1.036206
4346.271915  0.980572
4346.894722  0.9140635
4347.517529  0.9032155
4348.140336  0.9670561
4348.763143  1.066017
4349.38595  1.113213
4350.008757  1.041723
4350.631564  0.8755196
4351.254371  0.7132158
4351.877178  0.6476985
4352.499985  0.7083105
4353.122792  0.8393544
4353.745599  0.9259326
4354.368406  0.9035119
4354.991213  0.8697877
4355.61402  0.8753926
4356.236827  0.9271827
4356.859634  1.002433
4357.482441  1.007763
4358.105248  0.9231907
4358.728055  0.8229061
4359.350862  0.7941692
4359.973669  0.8542645
4360.596476  0.9594231
4361.219283  1.042353
4361.84209  1.039447
4362.464897  0.9687381
4363.087704  0.9183448
4363.710511  0.9549798
4364.333318  1.051023
4364.956125  1.117626
4365.578932  1.076246
4366.201739  0.9740838
4366.824546  0.8783807
4367.447353  0.8254504
4368.07016  0.8713522
4368.692967  0.9425081
4369.315774  0.9402478
4369.938581  0.9045801
4370.561388  0.8869269
4371.184195  0.9081852
4371.807002  0.9400147
4372.429809  0.923864
4373.052616  0.8604316
4373.675423  0.7914107
4374.29823  0.7312303
4374.921037  0.7114446
4375.543844  0.7548941
4376.166651  0.8495916
4376.789458  0.9315991
4377.412265  0.9736869
4378.035072  0.9886097
4378.657879  0.9799834
4379.280686  0.9516643
4379.903493  0.9241292
4380.5263  0.9318492
4381.149107  0.9583578
4381.771914  0.914344
4382.394721  0.7279595
4383.017528  0.5340368
4383.640335  0.4467312
4384.263142  0.4930975
4384.885949  0.613236
4385.508756  0.7704208
4386.131563  0.8914039
4386.75437  0.8980203
4387.377177  0.8757302
4387.999984  0.868984
4388.622791  0.8610058
4389.245598  0.8234732
4389.868405  0.7853324
4390.491212  0.7795727
4391.114019  0.8082616
4391.736826  0.8773176
4392.359633  0.9367284
4392.98244  0.9332058
4393.605247  0.9044275
4394.228054  0.8515057
4394.850861  0.8032607
4395.473668  0.8344573
4396.096475  0.9358575
4396.719282  1.030253
4397.342089  1.04388
4397.964896  1.01455
4398.587703  0.9623849
4399.21051  0.8936526
4399.833317  0.8210354
4400.456124  0.7803668
4401.078931  0.8278345
4401.701738  0.9738241
4402.324545  1.065823
4402.947352  1.01639
4403.570159  0.8494291
4404.192966  0.6785815
4404.815773  0.6557288
4405.43858  0.7884418
4406.061387  0.9231195
4406.684194  0.9524934
4407.307001  0.8826567
4407.929808  0.7998917
4408.552615  0.7928291
4409.175422  0.8727463
4409.798229  0.9806171
4410.421036  1.037974
4411.043843  1.05837
4411.66665  1.075627
4412.289457  1.105199
4412.912264  1.125282
4413.535071  1.065537
4414.157878  0.9210766
4414.780685  0.8001114
4415.403492  0.8096167
4416.026299  0.9007393
4416.649106  0.9436284
4417.271913  0.9486852
4417.89472  0.9766425
4418.517527  1.051261
4419.140334  1.111718
4419.763141  1.117657
4420.385948  1.072299
4421.008755  1.008936
4421.631562  0.9388246
4422.254369  0.8992944
4422.877176  0.9178917
4423.499983  0.9720093
4424.12279  1.018242
4424.745597  1.027527
4425.368404  1.005572
4425.991211  0.9964074
4426.614018  0.992423
4427.236825  0.9863139
4427.859632  1.038865
4428.482439  1.074899
4429.105246  1.022106
4429.728053  0.9121879
4430.35086  0.8862547
4430.973667  0.9600326
4431.596474  1.040127
4432.219281  1.057822
4432.842088  1.016273
4433.464895  0.9523482
4434.087702  0.8941307
4434.710509  0.835951
4435.333316  0.822304
4435.956123  0.8982407
4436.57893  0.9935621
4437.201737  1.058613
4437.824544  1.094548
4438.447351  1.137944
4439.070158  1.140955
4439.692965  1.091132
4440.315772  1.029538
4440.938579  0.9752333
4441.561386  0.9253942
4442.184193  0.8833616
4442.807  0.8790714
4443.429807  0.899661
4444.052614  0.950643
4444.675421  1.047346
4445.298228  1.122875
4445.921035  1.120857
4446.543842  1.053865
4447.166649  1.024473
4447.789456  1.067854
4448.412263  1.125555
4449.03507  1.101039
4449.657877  1.030144
4450.280684  0.9932568
4450.903491  1.030076
4451.526298  1.07019
4452.149105  1.076431
4452.771912  1.04899
4453.394719  1.006911
4454.017526  0.9280891
4454.640333  0.8585367
4455.26314  0.8655684
4455.885947  0.9103005
4456.508754  0.9489605
4457.131561  0.9573783
4457.754368  0.9393312
4458.377175  0.9044951
4458.999982  0.8892568
4459.622789  0.9184515
4460.245596  0.9196331
4460.868403  0.8594008
4461.49121  0.7928363
4462.114017  0.8412301
4462.736824  0.9638271
4463.359631  1.052188
4463.982438  1.040389
4464.605245  1.021358
4465.228052  1.020699
4465.850859  1.017179
4466.473666  1.021202
4467.096473  1.03786
4467.71928  1.035874
4468.342087  0.9735804
4468.964894  0.9275754
4469.587701  0.9358097
4470.210508  0.9777163
4470.833315  1.015601
4471.456122  1.039511
4472.078929  1.06088
4472.701736  1.097441
4473.324543  1.150543
4473.94735  1.1793
4474.570157  1.150999
4475.192964  1.121138
4475.815771  1.132927
4476.438578  1.182817
4477.061385  1.221708
4477.684192  1.224613
4478.306999  1.178141
4478.929806  1.088771
4479.552613  1.001497
4480.17542  0.9594902
4480.798227  0.9570944
4481.421034  0.9363478
4482.043841  0.9548668
4482.666648  1.030206
4483.289455  1.104771
4483.912262  1.152177
4484.535069  1.175266
4485.157876  1.188691
4485.780683  1.192953
4486.40349  1.181507
4487.026297  1.142953
4487.649104  1.078337
4488.271911  0.8164863
4488.894718  0.5243451
4489.517525  0.
4490.140332  0.
4490.763139  0.
4491.385946  0.
4492.008753  0.
4492.63156  0.
4493.254367  0.
4493.877174  0.
4494.499981  0.
4495.122788  0.
4495.745595  0.
4496.368402  0.
4496.991209  0.
4497.614016  0.
4498.236823  0.
4498.85963  0.
4499.482437  0.
4500.105244  0.
4500.728051  0.
4501.350858  0.
4501.973665  0.
4502.596472  0.
4503.219279  0.
4503.842086  0.
4504.464893  0.
4505.0877  0.
4505.710507  0.
4506.333314  0.
4506.956121  0.
4507.578928  0.
4508.201735  0.
4508.824542  0.
