3820.  0.07961024
3820.622807  0.06832432
3821.245614  0.09066004
3821.868421  0.1261797
3822.491228  0.1565607
3823.114035  0.1597741
3823.736842  0.1332526
3824.359649  0.1062873
3824.982456  0.08712087
3825.605263  0.07796781
3826.22807  0.08180944
3826.850877  0.09883704
3827.473684  0.116387
3828.096491  0.1239506
3828.719298  0.1314521
3829.342105  0.1434734
3829.964912  0.1599955
3830.587719  0.1759464
3831.210526  0.1714342
3831.833333  0.1457141
3832.45614  0.1174979
3833.078947  0.1047964
3833.701754  0.09953399
3834.324561  0.1002883
3834.947368  0.1314377
3835.570175  0.1684326
3836.192982  0.189752
3836.815789  0.1926598
3837.438596  0.1684801
3838.061403  0.1351898
3838.68421  0.1180808
3839.307017  0.1199957
3839.929824  0.1104268
3840.552631  0.08888019
3841.175438  0.09863579
3841.798245  0.1476307
3842.421052  0.2003285
3843.043859  0.2182496
3843.666666  0.2209235
3844.289473  0.219475
3844.91228  0.2132225
3845.535087  0.1980097
3846.157894  0.1854201
3846.780701  0.1875841
3847.403508  0.203168
3848.026315  0.206964
3848.649122  0.18684
3849.271929  0.1508396
3849.894736  0.1217926
3850.517543  0.1264257
3851.14035  0.1633278
3851.763157  0.1992764
3852.385964  0.2043349
3853.008771  0.1833077
3853.631578  0.1641401
3854.254385  0.1656508
3854.877192  0.174431
3855.499999  0.1674935
3856.122806  0.1394333
3856.745613  0.135625
3857.36842  0.1520596
3857.991227  0.1456585
3858.614034  0.1250423
3859.236841  0.1023462
3859.859648  0.08870227
3860.482455  0.09365173
3861.105262  0.1169217
3861.728069  0.1537508
3862.350876  0.1937998
3862.973683  0.2087623
3863.59649  0.2019841
3864.219297  0.1899624
3864.842104  0.1671376
3865.464911  0.1516817
3866.087718  0.1581247
3866.710525  0.1777227
3867.333332  0.1804509
3867.956139  0.1680749
3868.578946  0.1632921
3869.201753  0.1608793
3869.82456  0.151094
3870.447367  0.1351081
3871.070174  0.1292897
3871.692981  0.124472
3872.315788  0.1180665
3872.938595  0.1240857
3873.561402  0.1607499
3874.184209  0.2092625
3874.807016  0.2373848
3875.429823  0.2377309
3876.05263  0.2240408
3876.675437  0.2028628
3877.298244  0.1657986
3877.921051  0.1232951
3878.543858  0.1130436
3879.166665  0.1567499
3879.789472  0.199755
3880.412279  0.202402
3881.035086  0.1669801
3881.657893  0.1356217
3882.2807  0.1218157
3882.903507  0.1577832
3883.526314  0.2594905
3884.149121  0.3239013
3884.771928  0.2976541
3885.394735  0.2055044
3886.017542  0.1276425
3886.640349  0.112552
3887.263156  0.1520972
3887.885963  0.1955928
3888.50877  0.2108017
3889.131577  0.2245701
3889.754384  0.2671397
3890.377191  0.2884208
3890.999998  0.3098573
3891.622805  0.356724
3892.245612  0.4053894
3892.868419  0.4064398
3893.491226  0.3784848
3894.114033  0.3690194
3894.73684  0.3236412
3895.359647  0.2605034
3895.982454  0.2442668
3896.605261  0.3133667
3897.228068  0.3499324
3897.850875  0.315664
3898.473682  0.2922764
3899.096489  0.2608849
3899.719296  0.2324566
3900.342103  0.2467335
3900.96491  0.3293509
3901.587717  0.3805358
3902.210524  0.3372836
3902.833331  0.2653315
3903.456138  0.2716095
3904.078945  0.3268487
3904.701752  0.3216053
3905.324559  0.2613004
3905.947366  0.2095727
3906.570173  0.2150817
3907.19298  0.2590426
3907.815787  0.3012912
3908.438594  0.3338076
3909.061401  0.3722659
3909.684208  0.379171
3910.307015  0.3636814
3910.929822  0.3580944
3911.552629  0.3679146
3912.175436  0.3755541
3912.798243  0.3712326
3913.42105  0.3658751
3914.043857  0.3683649
3914.666664  0.3733523
3915.289471  0.3633127
3915.912278  0.3205422
3916.535085  0.2841536
3917.157892  0.2863594
3917.780699  0.3048029
3918.403506  0.3030948
3919.026313  0.2793199
3919.64912  0.2545106
3920.271927  0.2065894
3920.894734  0.1751787
3921.517541  0.1903334
3922.140348  0.2001503
3922.763155  0.1991973
3923.385962  0.2100433
3924.008769  0.2478118
3924.631576  0.2602341
3925.254383  0.2393495
3925.87719  0.2152235
3926.499997  0.2047696
3927.122804  0.1858508
3927.745611  0.1510905
3928.368418  0.1308142
3928.991225  0.1189065
3929.614032  0.1057359
3930.236839  0.09008586
3930.859646  0.07872644
3931.482453  0.07113526
3932.10526  0.06202817
3932.728067  0.04840916
3933.350874  0.04256125
3933.973681  0.04533221
3934.596488  0.04551138
3935.219295  0.05088924
3935.842102  0.06443679
3936.464909  0.08265405
3937.087716  0.1009969
3937.710523  0.1198353
3938.33333  0.1406047
3938.956137  0.1624532
3939.578944  0.1843388
3940.201751  0.195887
3940.824558  0.1905437
3941.447365  0.1864752
3942.070172  0.1961971
3942.692979  0.207487
3943.315786  0.1875664
3943.938593  0.1612107
3944.5614  0.1651858
3945.184207  0.2151684
3945.807014  0.2885225
3946.429821  0.3322693
3947.052628  0.3171023
3947.675435  0.2826017
3948.298242  0.2574621
3948.921049  0.2599425
3949.543856  0.2958282
3950.166663  0.3509837
3950.78947  0.3931714
3951.412277  0.3901824
3952.035084  0.3344541
3952.657891  0.2780462
3953.280698  0.2838302
3953.903505  0.36789
3954.526312  0.4398781
3955.149119  0.4344123
3955.771926  0.364722
3956.394733  0.3094406
3957.01754  0.2977539
3957.640347  0.3116248
3958.263154  0.3213037
3958.885961  0.3445198
3959.508768  0.368431
3960.131575  0.3420095
3960.754382  0.2644985
3961.377189  0.1821171
3961.999996  0.1457984
3962.622803  0.1583644
3963.24561  0.1782887
3963.868417  0.1766751
3964.491224  0.1652124
3965.114031  0.1473932
3965.736838  0.1239603
3966.359645  0.0972895
3966.982452  0.07634477
3967.605259  0.06062467
3968.228066  0.04845802
3968.850873  0.04500789
3969.47368  0.05543935
3970.096487  0.07591152
3970.719294  0.09649464
3971.342101  0.1166163
3971.964908  0.1366412
3972.587715  0.1558477
3973.210522  0.1728705
3973.833329  0.1904829
3974.456136  0.219378
3975.078943  0.2664772
3975.70175  0.2936721
3976.324557  0.2961875
3976.947364  0.3032455
3977.570171  0.3399962
3978.192978  0.3774577
3978.815785  0.3942707
3979.438592  0.4160549
3980.061399  0.4511142
3980.684206  0.4683042
3981.307013  0.4326505
3981.92982  0.3911673
3982.552627  0.3847297
3983.175434  0.4091435
3983.798241  0.4099827
3984.421048  0.4122378
3985.043855  0.4467016
3985.666662  0.5006761
3986.289469  0.5076289
3986.912276  0.4876405
3987.535083  0.5057859
3988.15789  0.564301
3988.780697  0.5679767
3989.403504  0.4869006
3990.026311  0.4272083
3990.649118  0.4528818
3991.271925  0.510452
3991.894732  0.5113486
3992.517539  0.5180716
3993.140346  0.5371372
3993.763153  0.5410651
3994.38596  0.5189846
3995.008767  0.5029496
3995.631574  0.5027997
3996.254381  0.4956205
3996.877188  0.4775911
3997.499995  0.4568632
3998.122802  0.4542673
3998.745609  0.4974905
3999.368416  0.5792398
3999.991223  0.6434294
4000.61403  0.6259282
4001.236837  0.5945281
4001.859644  0.5986933
4002.482451  0.6337556
4003.105258  0.6670261
4003.728065  0.6603115
4004.350872  0.583406
4004.973679  0.4392555
4005.596486  0.3631476
4006.219293  0.4014366
4006.8421  0.4802559
4007.464907  0.5461149
4008.087714  0.5797359
4008.710521  0.5907769
4009.333328  0.5993518
4009.956135  0.6144589
4010.578942  0.625633
4011.201749  0.6136322
4011.824556  0.5825534
4012.447363  0.5799199
4013.07017  0.6268981
4013.692977  0.637119
4014.315784  0.624492
4014.938591  0.6408589
4015.561398  0.7001044
4016.184205  0.7184094
4016.807012  0.6654426
4017.429819  0.5953553
4018.052626  0.5854706
4018.675433  0.6402142
4019.29824  0.6988543
4019.921047  0.6864862
4020.543854  0.6504301
4021.166661  0.6312379
4021.789468  0.6190016
4022.412275  0.6237609
4023.035082  0.6407592
4023.657889  0.6383352
4024.280696  0.5689046
4024.903503  0.5318197
4025.52631  0.5812401
4026.149117  0.6384621
4026.771924  0.6577685
4027.394731  0.6666789
4028.017538  0.7144003
4028.640345  0.7666143
4029.263152  0.7568186
4029.885959  0.6446763
4030.508766  0.4685
4031.131573  0.3949445
4031.75438  0.4370143
4032.377187  0.4546334
4032.999994  0.4154625
4033.622801  0.3818672
4034.245608  0.4086758
4034.868415  0.4481439
4035.491222  0.5078581
4036.114029  0.5890943
4036.736836  0.6627797
4037.359643  0.7135792
4037.98245  0.7267325
4038.605257  0.7029192
4039.228064  0.6762974
4039.850871  0.6482676
4040.473678  0.6135028
4041.096485  0.5871668
4041.719292  0.6129994
4042.342099  0.6693558
4042.964906  0.6802982
4043.587713  0.6012143
4044.21052  0.4748525
4044.833327  0.3551297
4045.456134  0.2425623
4046.078941  0.2120599
4046.701748  0.298159
4047.324555  0.4508249
4047.947362  0.578916
4048.570169  0.6297111
4049.192976  0.6223556
4049.815783  0.6407649
4050.43859  0.6720542
4051.061397  0.6844344
4051.684204  0.6801129
4052.307011  0.6539682
4052.929818  0.6351184
4053.552625  0.6388999
4054.175432  0.5865218
4054.798239  0.5199316
4055.421046  0.5103887
4056.043853  0.5545759
4056.66666  0.5610107
4057.289467  0.5033022
4057.912274  0.445945
4058.535081  0.4492714
4059.157888  0.5032609
4059.780695  0.568363
4060.403502  0.632573
4061.026309  0.6609224
4061.649116  0.6275033
4062.271923  0.5333655
4062.89473  0.3897929
4063.517537  0.271261
4064.140344  0.2682226
4064.763151  0.4007019
4065.385958  0.5555819
4066.008765  0.6103856
4066.631572  0.5451234
4067.254379  0.487652
4067.877186  0.5083506
4068.499993  0.5802216
4069.1228  0.664588
4069.745607  0.7117082
4070.368414  0.6719259
4070.991221  0.5194332
4071.614028  0.3730384
4072.236835  0.3568719
4072.859642  0.4936708
4073.482449  0.6428946
4074.105256  0.7007284
4074.728063  0.6584449
4075.35087  0.5877379
4075.973677  0.5030348
4076.596484  0.4100769
4077.219291  0.3422313
4077.842098  0.353606
4078.464905  0.4316882
4079.087712  0.5170155
4079.710519  0.5796586
4080.333326  0.6464249
4080.956133  0.7272224
4081.57894  0.7682496
4082.201747  0.7308437
4082.824554  0.6512247
4083.447361  0.6101258
4084.070168  0.6237246
4084.692975  0.639567
4085.315782  0.6169292
4085.938589  0.6012101
4086.561396  0.6198556
4087.184203  0.6800106
4087.80701  0.7633745
4088.429817  0.8122492
4089.052624  0.8091909
4089.675431  0.7727948
4090.298238  0.7180368
4090.921045  0.7179143
4091.543852  0.7491428
4092.166659  0.6753921
4092.789466  0.6446307
4093.412273  0.7164134
4094.03508  0.7909448
4094.657887  0.7468342
4095.280694  0.6314452
4095.903501  0.54553
4096.526308  0.5069668
4097.149115  0.5356818
4097.771922  0.5909443
4098.394729  0.6046528
4099.017536  0.6273316
4099.640343  0.6290117
4100.26315  0.5580218
4100.885957  0.4562165
4101.508764  0.4247388
4102.131571  0.4919014
4102.754378  0.5727108
4103.377185  0.6212199
4103.999992  0.6113665
4104.622799  0.5697684
4105.245606  0.6124395
4105.868413  0.6973366
4106.49122  0.7359028
4107.114027  0.714702
4107.736834  0.6831762
4108.359641  0.6747651
4108.982448  0.6725082
4109.605255  0.6177283
4110.228062  0.5651975
4110.850869  0.5682863
4111.473676  0.5550437
4112.096483  0.5409793
4112.71929  0.561784
4113.342097  0.6191673
4113.964904  0.6581527
4114.587711  0.6689878
4115.210518  0.6722907
4115.833325  0.6588623
4116.456132  0.659278
4117.078939  0.6738772
4117.701746  0.6481747
4118.324553  0.5580268
4118.94736  0.4802412
4119.570167  0.5088096
4120.192974  0.5811767
4120.815781  0.6206695
4121.438588  0.6064934
4122.061395  0.5949338
4122.684202  0.5727327
4123.307009  0.5474145
4123.929816  0.5653702
4124.552623  0.6521827
4125.17543  0.709792
4125.798237  0.6701334
4126.421044  0.6605521
4127.043851  0.6370699
4127.666658  0.5841352
4128.289465  0.5850751
4128.912272  0.5935709
4129.535079  0.5713382
4130.157886  0.5354391
4130.780693  0.5558064
4131.4035  0.5347078
4132.026307  0.4386878
4132.649114  0.4239923
4133.271921  0.4675453
4133.894728  0.4881433
4134.517535  0.4610328
4135.140342  0.5318776
4135.763149  0.6465751
4136.385956  0.6771391
4137.008763  0.6199237
4137.63157  0.5858836
4138.254377  0.6200143
4138.877184  0.6529495
4139.499991  0.6456271
4140.122798  0.6329535
4140.745605  0.6483277
4141.368412  0.6212218
4141.991219  0.5224378
4142.614026  0.3847127
4143.236833  0.2853608
4143.85964  0.2731131
4144.482447  0.3550446
4145.105254  0.4833977
4145.728061  0.5532536
4146.350868  0.5710424
4146.973675  0.5827448
4147.596482  0.5911837
4148.219289  0.5925727
4148.842096  0.5664976
4149.464903  0.5029919
4150.08771  0.4681059
4150.710517  0.4833896
4151.333324  0.5114285
4151.956131  0.4879931
4152.578938  0.4861084
4153.201745  0.5243822
4153.824552  0.5188702
4154.447359  0.516921
4155.070166  0.5265878
4155.692973  0.5163029
4156.31578  0.4799447
4156.938587  0.4779006
4157.561394  0.538143
4158.184201  0.6028559
4158.807008  0.6514935
4159.429815  0.6687675
4160.052622  0.6464605
4160.675429  0.6014034
4161.298236  0.5822154
4161.921043  0.6242241
4162.54385  0.7054895
4163.166657  0.7187645
4163.789464  0.6436505
4164.412271  0.5746676
4165.035078  0.5545964
4165.657885  0.5800214
4166.280692  0.5984219
4166.903499  0.5300115
4167.526306  0.4832249
4168.149113  0.5281058
4168.77192  0.5841728
4169.394727  0.6065099
4170.017534  0.6237921
4170.640341  0.6643954
4171.263148  0.6304243
4171.885955  0.5184164
4172.508762  0.4077639
4173.131569  0.3928599
4173.754376  0.4473117
4174.377183  0.5039407
4174.99999  0.5216446
4175.622797  0.5379934
4176.245604  0.5482515
4176.868411  0.5265507
4177.491218  0.4783549
4178.114025  0.4725098
4178.736832  0.5232556
4179.359639  0.562934
4179.982446  0.5637331
4180.605253  0.5407254
4181.22806  0.5240122
4181.850867  0.5179694
4182.473674  0.5361703
4183.096481  0.5757959
4183.719288  0.6135888
4184.342095  0.6691201
4184.964902  0.7337928
4185.587709  0.7575225
4186.210516  0.6777002
4186.833323  0.5440389
4187.45613  0.4688631
4188.078937  0.5307054
4188.701744  0.6296753
4189.324551  0.6747816
4189.947358  0.6610383
4190.570165  0.6125318
4191.192972  0.5613666
4191.815779  0.5511484
4192.438586  0.6336882
4193.061393  0.7038259
4193.6842  0.6959833
4194.307007  0.6636068
4194.929814  0.6081942
4195.552621  0.5361509
4196.175428  0.4741904
4196.798235  0.4682651
4197.421042  0.485162
4198.043849  0.4820565
4198.666656  0.4693849
4199.289463  0.5130316
4199.91227  0.5833761
4200.535077  0.5827646
4201.157884  0.5184743
4201.780691  0.4469138
4202.403498  0.4402874
4203.026305  0.5376203
4203.649112  0.6075518
4204.271919  0.5872173
4204.894726  0.5598129
4205.517533  0.6019583
4206.14034  0.6647575
4206.763147  0.6793994
4207.385954  0.7183219
4208.008761  0.7529438
4208.631568  0.7424652
4209.254375  0.696842
4209.877182  0.6317353
4210.499989  0.6014649
4211.122796  0.6440889
4211.745603  0.6879856
4212.36841  0.6942337
4212.991217  0.6621934
4213.614024  0.6088531
4214.236831  0.5424662
4214.859638  0.4525608
4215.482445  0.3652185
4216.105252  0.4681591
4216.728059  0.680114
4217.350866  0.8184444
4217.973673  0.8694783
4218.59648  0.8735031
4219.219287  0.8615082
4219.842094  0.8378419
4220.464901  0.8595179
4221.087708  0.8976687
4221.710515  0.873206
4222.333322  0.7619147
4222.956129  0.6570506
4223.578936  0.6158958
4224.201743  0.5731384
4224.82455  0.4903076
4225.447357  0.3612051
4226.070164  0.2197573
4226.692971  0.1377066
4227.315778  0.1853231
4227.938585  0.3668803
4228.561392  0.5863134
4229.184199  0.6946914
4229.807006  0.7095884
4230.429813  0.7813089
4231.05262  0.8652249
4231.675427  0.8639477
4232.298234  0.7459659
4232.921041  0.6270162
4233.543848  0.6088512
4234.166655  0.6807732
4234.789462  0.7221839
4235.412269  0.6616986
4236.035076  0.5837542
4236.657883  0.6065738
4237.28069  0.6627468
4237.903497  0.6943731
4238.526304  0.6893163
4239.149111  0.6804913
4239.771918  0.674705
4240.394725  0.7029672
4241.017532  0.7832729
4241.640339  0.8208135
4242.263146  0.7896237
4242.885953  0.7545208
4243.50876  0.8247835
4244.131567  0.9433538
4244.754374  0.9992405
4245.377181  0.9401951
4245.999988  0.8700162
4246.622795  0.8149467
4247.245602  0.7505823
4247.868409  0.711436
4248.491216  0.7141553
4249.114023  0.7115101
4249.73683  0.621139
4250.359637  0.524828
4250.982444  0.5213141
4251.605251  0.6288487
4252.228058  0.7245433
4252.850865  0.7427782
4253.473672  0.6730043
4254.096479  0.54402
4254.719286  0.5051291
4255.342093  0.5776404
4255.9649  0.6639977
4256.587707  0.8085263
4257.210514  0.8924377
4257.833321  0.8148675
4258.456128  0.70444
4259.078935  0.6407728
4259.701742  0.5989846
4260.324549  0.5090982
4260.947356  0.5017821
4261.570163  0.6024626
4262.19297  0.7369582
4262.815777  0.8587487
4263.438584  0.9118505
4264.061391  0.8985578
4264.684198  0.8950592
4265.307005  0.9370317
4265.929812  0.9806989
4266.552619  0.9531124
4267.175426  0.8590994
4267.798233  0.7733876
4268.42104  0.7454937
4269.043847  0.7298489
4269.666654  0.6946775
4270.289461  0.6058417
4270.912268  0.455387
4271.535075  0.3360297
4272.157882  0.3560503
4272.780689  0.5087754
4273.403496  0.595946
4274.026303  0.552506
4274.64911  0.4745818
4275.271917  0.5240027
4275.894724  0.6575121
4276.517531  0.7693585
4277.140338  0.8101212
4277.763145  0.8736808
4278.385952  0.9330783
4279.008759  0.9063891
4279.631566  0.7611558
4280.254373  0.6353028
4280.87718  0.6405126
4281.499987  0.7482904
4282.122794  0.7430155
4282.745601  0.7209936
4283.368408  0.7975109
4283.991215  0.8039809
4284.614022  0.7412104
4285.236829  0.6737293
4285.859636  0.654193
4286.482443  0.7032565
4287.10525  0.7725341
4287.728057  0.7903906
4288.350864  0.7297047
4288.973671  0.5815731
4289.596478  0.4441887
4290.219285  0.4743876
4290.842092  0.5347049
4291.464899  0.5800018
4292.087706  0.668713
4292.710513  0.7870879
4293.33332  0.7906417
4293.956127  0.6630103
4294.578934  0.6288109
4295.201741  0.6903275
4295.824548  0.7436373
4296.447355  0.7090179
4297.070162  0.6686001
4297.692969  0.6454005
4298.315776  0.5958459
4298.938583  0.4697237
4299.56139  0.3719285
4300.184197  0.3874817
4300.807004  0.4867756
4301.429811  0.5583466
4302.052618  0.5430241
4302.675425  0.4834953
4303.298232  0.5064947
4303.921039  0.5624992
4304.543846  0.5606087
4305.166653  0.4931848
4305.78946  0.4646718
4306.412267  0.4680774
4307.035074  0.418444
4307.657881  0.3372325
4308.280688  0.3068172
4308.903495  0.3581077
4309.526302  0.4118011
4310.149109  0.4678499
4310.771916  0.5322105
4311.394723  0.5891203
4312.01753  0.6110909
4312.640337  0.6554975
4313.263144  0.7371115
4313.885951  0.717975
4314.508758  0.685095
4315.131565  0.7790225
4315.754372  1.021396
4316.377179  1.150247
4316.999986  1.141581
4317.622793  1.124643
4318.2456  1.068593
4318.868407  1.041891
4319.491214  1.051895
4320.114021  0.9868726
4320.736828  0.9079744
4321.359635  0.9059138
4321.982442  0.9764675
4322.605249  0.9162421
4323.228056  0.7642933
4323.850863  0.6414282
4324.47367  0.5473737
4325.096477  0.4260312
4325.719284  0.3465115
4326.342091  0.4555584
4326.964898  0.6728918
4327.587705  0.8990163
4328.210512  1.058823
4328.833319  1.107045
4329.456126  1.045672
4330.078933  0.9351004
4330.70174  0.8722974
4331.324547  0.9237258
4331.947354  1.01213
4332.570161  1.024946
4333.192968  1.006187
4333.815775  1.008061
4334.438582  1.063234
4335.061389  1.158929
4335.684196  1.207379
4336.307003  1.104243
4336.92981  0.8503559
4337.552617  0.6924081
4338.175424  0.6928068
4338.798231  0.7437822
4339.421038  0.7067553
4340.043845  0.6307041
4340.666652  0.6209537
4341.289459  0.7310302
4341.912266  0.9156896
4342.535073  1.025355
4343.15788  0.9688916
4343.780687  0.8781664
4344.403494  0.910257
4345.026301  1.04564
4345.649108  1.085623
4346.271915  1.01665
4346.894722  0.9279174
4347.517529  0.9237828
4348.140336  1.023594
4348.763143  1.163523
4349.38595  1.227525
4350.008757  1.113326
4350.631564  0.8792632
4351.254371  0.668647
4351.877178  0.608775
4352.499985  0.7040306
4353.122792  0.8516828
4353.745599  0.9355437
4354.368406  0.9244187
4354.991213  0.9116834
4355.61402  0.9536272
4356.236827  1.017038
4356.859634  1.103658
4357.482441  1.109917
4358.105248  0.9688467
4358.728055  0.8331031
4359.350862  0.7963917
4359.973669  0.860152
4360.596476  0.9571152
4361.219283  1.057248
4361.84209  1.102286
4362.464897  1.056857
4363.087704  1.007168
4363.710511  1.037068
4364.333318  1.146438
4364.956125  1.232157
4365.578932  1.20673
4366.201739  1.08964
4366.824546  0.9702186
4367.447353  0.8480424
4368.07016  0.8174852
4368.692967  0.9159325
4369.315774  0.9816174
4369.938581  0.9825997
4370.561388  0.9623263
4371.184195  0.9729236
4371.807002  1.00964
4372.429809  1.000847
4373.052616  0.9030933
4373.675423  0.8091049
4374.29823  0.7295668
4374.921037  0.6732971
4375.543844  0.6940499
4376.166651  0.8123232
4376.789458  0.9583045
4377.412265  1.040746
4378.035072  1.081358
4378.657879  1.074594
4379.280686  1.016861
4379.903493  0.9448932
4380.5263  0.9179317
4381.149107  0.9151884
4381.771914  0.841088
4382.394721  0.6244714
4383.017528  0.3817811
4383.640335  0.2716291
4384.263142  0.3066933
4384.885949  0.4798854
4385.508756  0.7155344
4386.131563  0.8851729
4386.75437  0.9041537
4387.377177  0.8450763
4387.999984  0.8303753
4388.622791  0.8471019
4389.245598  0.8361663
4389.868405  0.7858701
4390.491212  0.7629089
4391.114019  0.7804169
4391.736826  0.8396096
4392.359633  0.9175399
4392.98244  0.9313182
4393.605247  0.8969303
4394.228054  0.8528552
4394.850861  0.7910411
4395.473668  0.8362764
4396.096475  0.9941232
4396.719282  1.122707
4397.342089  1.14178
4397.964896  1.086045
4398.587703  1.024943
4399.21051  0.9611323
4399.833317  0.8661594
4400.456124  0.7842376
4401.078931  0.8279784
4401.701738  1.012487
4402.324545  1.143574
4402.947352  1.024201
4403.570159  0.7601504
4404.192966  0.5124394
4404.815773  0.4282401
4405.43858  0.5657992
4406.061387  0.7473005
4406.684194  0.8278521
4407.307001  0.7882215
4407.929808  0.6920542
4408.552615  0.6904958
4409.175422  0.8400899
4409.798229  0.9906041
4410.421036  1.072539
4411.043843  1.082754
4411.66665  1.067506
4412.289457  1.110913
4412.912264  1.150663
4413.535071  1.062777
4414.157878  0.8229445
4414.780685  0.6462758
4415.403492  0.6736147
4416.026299  0.816588
4416.649106  0.9164517
4417.271913  0.9554347
4417.89472  1.010921
4418.517527  1.085399
4419.140334  1.132264
4419.763141  1.122623
4420.385948  1.081504
4421.008755  1.013188
4421.631562  0.9205748
4422.254369  0.8338913
4422.877176  0.8386104
4423.499983  0.9308605
4424.12279  1.026698
4424.745597  1.0322
4425.368404  1.001653
4425.991211  0.9835878
4426.614018  0.9681529
4427.236825  0.9590138
4427.859632  1.004205
4428.482439  1.081252
4429.105246  1.001477
4429.728053  0.8452141
4430.35086  0.7889687
4430.973667  0.9182698
4431.596474  1.066715
4432.219281  1.108543
4432.842088  1.039611
4433.464895  0.9382458
4434.087702  0.8374716
4434.710509  0.7560238
4435.333316  0.7333765
4435.956123  0.8296979
4436.57893  0.9799039
4437.201737  1.061057
4437.824544  1.115622
4438.447351  1.185047
4439.070158  1.240913
4439.692965  1.183378
4440.315772  1.066963
4440.938579  0.9564232
4441.561386  0.8679898
4442.184193  0.8311847
4442.807  0.8405449
4443.429807  0.8803601
4444.052614  0.9594643
4444.675421  1.089858
4445.298228  1.214927
4445.921035  1.226049
4446.543842  1.123588
4447.166649  1.0598
4447.789456  1.152841
4448.412263  1.223686
4449.03507  1.159554
4449.657877  1.021161
4450.280684  1.006125
4450.903491  1.095437
4451.526298  1.164655
4452.149105  1.122727
4452.771912  1.072183
4453.394719  1.02717
4454.017526  0.9513959
4454.640333  0.8507322
4455.26314  0.8271907
4455.885947  0.8998987
4456.508754  0.970229
4457.131561  0.9845035
4457.754368  0.9434724
4458.377175  0.8847957
4458.999982  0.8459992
4459.622789  0.8686712
4460.245596  0.8954328
4460.868403  0.8016767
4461.49121  0.7083442
4462.114017  0.7495164
4462.736824  0.9385429
4463.359631  1.110407
4463.982438  1.128293
4464.605245  1.026743
4465.228052  1.006404
4465.850859  1.009814
4466.473666  1.014659
4467.096473  1.060697
4467.71928  1.064293
4468.342087  0.9999522
4468.964894  0.9302318
4469.587701  0.9608638
4470.210508  1.013724
4470.833315  1.032071
4471.456122  1.056056
4472.078929  1.096929
4472.701736  1.168507
4473.324543  1.244425
4473.94735  1.23167
4474.570157  1.167448
4475.192964  1.143238
4475.815771  1.212848
4476.438578  1.314696
4477.061385  1.377774
4477.684192  1.369324
4478.306999  1.309293
4478.929806  1.179454
4479.552613  1.025352
4480.17542  0.980367
4480.798227  0.977246
4481.421034  0.9588395
4482.043841  0.9580817
4482.666648  1.064569
4483.289455  1.192225
4483.912262  1.242857
4484.535069  1.287608
4485.157876  1.331857
4485.780683  1.353303
4486.40349  1.329181
4487.026297  1.249912
4487.649104  1.149592
4488.271911  1.065186
4488.894718  0.9835289
4489.517525  0.9553335
4490.140332  1.009867
4490.763139  1.105806
4491.385946  1.184432
4492.008753  1.233166
4492.63156  1.242612
4493.254367  1.114081
4493.877174  0.9501267
4494.499981  0.8832225
4495.122788  0.9118469
4495.745595  0.9365375
4496.368402  0.9710333
4496.991209  1.096593
4497.614016  1.188756
4498.236823  1.23233
4498.85963  1.275293
4499.482437  1.31831
4500.105244  1.254312
4500.728051  1.101364
4501.350858  1.034963
4501.973665  1.144325
4502.596472  1.339719
4503.219279  1.463174
4503.842086  1.467666
4504.464893  1.428871
4505.0877  1.399024
4505.710507  1.341508
4506.333314  1.269153
4506.956121  1.230685
4507.578928  1.252725
4508.201735  0.571518
4508.824542  0.
