3820.  0.
3820.622807  0.
3821.245614  0.
3821.868421  0.
3822.491228  0.
3823.114035  0.
3823.736842  0.
3824.359649  0.
3824.982456  0.
3825.605263  0.
3826.22807  0.
3826.850877  0.
3827.473684  0.
3828.096491  0.
3828.719298  0.
3829.342105  0.
3829.964912  0.
3830.587719  0.
3831.210526  0.
3831.833333  0.
3832.45614  0.
3833.078947  0.
3833.701754  0.
3834.324561  0.
3834.947368  0.
3835.570175  0.
3836.192982  0.
3836.815789  0.
3837.438596  0.
3838.061403  0.
3838.68421  0.3450478
3839.307017  0.5275661
3839.929824  0.5814478
3840.552631  0.6078663
3841.175438  0.6133134
3841.798245  0.656154
3842.421052  0.7423232
3843.043859  0.7823372
3843.666666  0.7749739
3844.289473  0.7744267
3844.91228  0.8115953
3845.535087  0.8114642
3846.157894  0.790146
3846.780701  0.7928777
3847.403508  0.8328401
3848.026315  0.8914498
3848.649122  0.9224759
3849.271929  0.895665
3849.894736  0.8413668
3850.517543  0.8141363
3851.14035  0.845952
3851.763157  0.9162157
3852.385964  0.9378516
3853.008771  0.9226354
3853.631578  0.9199527
3854.254385  0.918098
3854.877192  0.9175109
3855.499999  0.8920576
3856.122806  0.8288127
3856.745613  0.8260694
3857.36842  0.8839673
3857.991227  0.9202661
3858.614034  0.8572359
3859.236841  0.782374
3859.859648  0.7639024
3860.482455  0.8011563
3861.105262  0.8787416
3861.728069  0.9387848
3862.350876  0.9511888
3862.973683  0.9499674
3863.59649  0.9439684
3864.219297  0.9407175
3864.842104  0.9388926
3865.464911  0.9148287
3866.087718  0.9025339
3866.710525  0.9147455
3867.333332  0.9154242
3867.956139  0.9323611
3868.578946  0.9555821
3869.201753  0.9547573
3869.82456  0.9399654
3870.447367  0.9334362
3871.070174  0.9223997
3871.692981  0.8649926
3872.315788  0.7863877
3872.938595  0.7415122
3873.561402  0.7660006
3874.184209  0.8323895
3874.807016  0.8913444
3875.429823  0.9132346
3876.05263  0.906845
3876.675437  0.9011299
3877.298244  0.8579257
3877.921051  0.753653
3878.543858  0.6766995
3879.166665  0.7290667
3879.789472  0.8588088
3880.412279  0.9020926
3881.035086  0.8792565
3881.657893  0.8212889
3882.2807  0.7621728
3882.903507  0.7488259
3883.526314  0.7581759
3884.149121  0.7505432
3884.771928  0.7091426
3885.394735  0.6484756
3886.017542  0.5899233
3886.640349  0.5491434
3887.263156  0.5259661
3887.885963  0.481261
3888.50877  0.412003
3889.131577  0.3700606
3889.754384  0.4196765
3890.377191  0.5161446
3890.999998  0.5896262
3891.622805  0.6443699
3892.245612  0.6789742
3892.868419  0.6900522
3893.491226  0.6834196
3894.114033  0.6950352
3894.73684  0.7160279
3895.359647  0.7298797
3895.982454  0.7556367
3896.605261  0.791559
3897.228068  0.8087219
3897.850875  0.7856202
3898.473682  0.7840785
3899.096489  0.7824317
3899.719296  0.7596006
3900.342103  0.7843081
3900.96491  0.8539704
3901.587717  0.9035882
3902.210524  0.8712422
3902.833331  0.8097753
3903.456138  0.7924899
3904.078945  0.8286251
3904.701752  0.8283964
3905.324559  0.7791216
3905.947366  0.7444221
3906.570173  0.7936927
3907.19298  0.8571078
3907.815787  0.8965825
3908.438594  0.9130002
3909.061401  0.9154031
3909.684208  0.9136811
3910.307015  0.9185921
3910.929822  0.9371296
3911.552629  0.9630417
3912.175436  0.9618773
3912.798243  0.9128345
3913.42105  0.8565834
3914.043857  0.8522684
3914.666664  0.8977923
3915.289471  0.9248014
3915.912278  0.8979936
3916.535085  0.8650528
3917.157892  0.8727788
3917.780699  0.8671482
3918.403506  0.8434703
3919.026313  0.8328684
3919.64912  0.8573689
3920.271927  0.844834
3920.894734  0.8342154
3921.517541  0.8820173
3922.140348  0.8928393
3922.763155  0.8804596
3923.385962  0.8916537
3924.008769  0.9272932
3924.631576  0.9040167
3925.254383  0.8421323
3925.87719  0.8190668
3926.499997  0.8227386
3927.122804  0.7900267
3927.745611  0.714348
3928.368418  0.6705422
3928.991225  0.6336469
3929.614032  0.5754987
3930.236839  0.4983583
3930.859646  0.4303452
3931.482453  0.358941
3932.10526  0.2760999
3932.728067  0.2108938
3933.350874  0.1769305
3933.973681  0.1802467
3934.596488  0.2220428
3935.219295  0.2994056
3935.842102  0.3988699
3936.464909  0.4972384
3937.087716  0.5707137
3937.710523  0.6217701
3938.33333  0.6778231
3938.956137  0.7590026
3939.578944  0.8156437
3940.201751  0.8231518
3940.824558  0.8017389
3941.447365  0.8035772
3942.070172  0.8175426
3942.692979  0.8167432
3943.315786  0.7939523
3943.938593  0.769898
3944.5614  0.7874151
3945.184207  0.8592868
3945.807014  0.9214205
3946.429821  0.9238015
3947.052628  0.8722178
3947.675435  0.8230071
3948.298242  0.8073978
3948.921049  0.8270808
3949.543856  0.860522
3950.166663  0.8789434
3950.78947  0.8811982
3951.412277  0.8693981
3952.035084  0.8381531
3952.657891  0.8289494
3953.280698  0.8630753
3953.903505  0.9159614
3954.526312  0.9251828
3955.149119  0.8764507
3955.771926  0.8029427
3956.394733  0.759963
3957.01754  0.7811034
3957.640347  0.836041
3958.263154  0.8654254
3958.885961  0.8869974
3959.508768  0.8857801
3960.131575  0.8394907
3960.754382  0.7660317
3961.377189  0.7084655
3961.999996  0.6910347
3962.622803  0.6977785
3963.24561  0.6863129
3963.868417  0.6591845
3964.491224  0.631244
3965.114031  0.5746846
3965.736838  0.4899975
3966.359645  0.3950426
3966.982452  0.3082167
3967.605259  0.2370712
3968.228066  0.1959864
3968.850873  0.197379
3969.47368  0.2313759
3970.096487  0.2929201
3970.719294  0.3735508
3971.342101  0.4553823
3971.964908  0.5220494
3972.587715  0.5657266
3973.210522  0.5927558
3973.833329  0.6234488
3974.456136  0.6729932
3975.078943  0.7281556
3975.70175  0.7435767
3976.324557  0.740946
3976.947364  0.7531324
3977.570171  0.789364
3978.192978  0.8271211
3978.815785  0.8584304
3979.438592  0.8884831
3980.061399  0.9146022
3980.684206  0.908168
3981.307013  0.8703761
3981.92982  0.8474832
3982.552627  0.8587846
3983.175434  0.8757917
3983.798241  0.871029
3984.421048  0.8927721
3985.043855  0.9144753
3985.666662  0.9007192
3986.289469  0.870966
3986.912276  0.8759947
3987.535083  0.9222411
3988.15789  0.9648575
3988.780697  0.9588797
3989.403504  0.9257295
3990.026311  0.9130237
3990.649118  0.9353527
3991.271925  0.9681416
3991.894732  0.9889478
3992.517539  0.9972828
3993.140346  1.00284
3993.763153  0.9990146
3994.38596  0.9773818
3995.008767  0.9517336
3995.631574  0.9362553
3996.254381  0.9236414
3996.877188  0.8900285
3997.499995  0.8679765
3998.122802  0.8892545
3998.745609  0.9522212
3999.368416  1.00779
3999.991223  1.024423
4000.61403  1.008282
4001.236837  0.9949626
4001.859644  0.9972543
4002.482451  1.012823
4003.105258  1.026841
4003.728065  1.012675
4004.350872  0.9439508
4004.973679  0.8501152
4005.596486  0.8393143
4006.219293  0.8915101
4006.8421  0.952811
4007.464907  0.9997092
4008.087714  1.02538
4008.710521  1.023929
4009.333328  1.001986
4009.956135  1.002212
4010.578942  1.017783
4011.201749  1.021204
4011.824556  1.000865
4012.447363  0.9899333
4013.07017  0.9956802
4013.692977  0.9961723
4014.315784  0.9919696
4014.938591  1.003267
4015.561398  1.02937
4016.184205  1.022242
4016.807012  0.9864565
4017.429819  0.9615058
4018.052626  0.98533
4018.675433  1.03845
4019.29824  1.076712
4019.921047  1.072395
4020.543854  1.051453
4021.166661  1.028217
4021.789468  1.013622
4022.412275  1.018646
4023.035082  1.025662
4023.657889  1.00954
4024.280696  0.9698983
4024.903503  0.9596748
4025.52631  1.000719
4026.149117  1.063914
4026.771924  1.085791
4027.394731  1.075171
4028.017538  1.056042
4028.640345  1.036224
4029.263152  1.00487
4029.885959  0.9441189
4030.508766  0.8785816
4031.131573  0.8966314
4031.75438  0.9256964
4032.377187  0.9135336
4032.999994  0.9103738
4033.622801  0.9469985
4034.245608  0.9859149
4034.868415  0.9822923
4035.491222  0.9867935
4036.114029  1.021616
4036.736836  1.071086
4037.359643  1.09614
4037.98245  1.098878
4038.605257  1.089123
4039.228064  1.071321
4039.850871  1.044056
4040.473678  1.007176
4041.096485  0.9836084
4041.719292  1.018068
4042.342099  1.069558
4042.964906  1.081014
4043.587713  1.031716
4044.21052  0.9661799
4044.833327  0.8935537
4045.456134  0.8249134
4046.078941  0.8438089
4046.701748  0.9553419
4047.324555  1.073628
4047.947362  1.082008
4048.570169  1.039163
4049.192976  1.023839
4049.815783  1.056067
4050.43859  1.074732
4051.061397  1.062208
4051.684204  1.032936
4052.307011  1.000087
4052.929818  0.9877865
4053.552625  0.9868519
4054.175432  0.965809
4054.798239  0.9512402
4055.421046  0.9670223
4056.043853  1.001015
4056.66666  0.9938435
4057.289467  0.9513475
4057.912274  0.9215539
4058.535081  0.9479967
4059.157888  0.9925465
4059.780695  1.033469
4060.403502  1.067346
4061.026309  1.068218
4061.649116  1.03639
4062.271923  0.9810272
4062.89473  0.9087868
4063.517537  0.8663262
4064.140344  0.8969944
4064.763151  0.9916373
4065.385958  1.037018
4066.008765  1.012517
4066.631572  0.9626793
4067.254379  0.9268229
4067.877186  0.9504245
4068.499993  1.020548
4069.1228  1.067658
4069.745607  1.066945
4070.368414  1.015943
4070.991221  0.93916
4071.614028  0.8886853
4072.236835  0.9141185
4072.859642  0.9908187
4073.482449  1.02029
4074.105256  1.012352
4074.728063  0.9953189
4075.35087  0.9772326
4075.973677  0.9404546
4076.596484  0.8791305
4077.219291  0.8166962
4077.842098  0.8039177
4078.464905  0.8542801
4079.087712  0.9216642
4079.710519  0.9449815
4080.333326  0.9719238
4080.956133  1.008537
4081.57894  1.025275
4082.201747  1.009051
4082.824554  0.9757475
4083.447361  0.9436797
4084.070168  0.9178641
4084.692975  0.9037371
4085.315782  0.9107626
4085.938589  0.9397083
4086.561396  0.9608685
4087.184203  0.977168
4087.80701  0.9953712
4088.429817  1.002852
4089.052624  0.992934
4089.675431  0.9767072
4090.298238  0.9700433
4090.921045  0.9611446
4091.543852  0.9441797
4092.166659  0.9252019
4092.789466  0.9169271
4093.412273  0.9236733
4094.03508  0.9276947
4094.657887  0.9030617
4095.280694  0.8632808
4095.903501  0.8296828
4096.526308  0.8137097
4097.149115  0.8044387
4097.771922  0.7849307
4098.394729  0.7534247
4099.017536  0.7245008
4099.640343  0.6893997
4100.26315  0.6244325
4100.885957  0.5206026
4101.508764  0.4226919
4102.131571  0.4068934
4102.754378  0.4921816
4103.377185  0.6000342
4103.999992  0.6825916
4104.622799  0.7349823
4105.245606  0.7782971
4105.868413  0.8110153
4106.49122  0.8283481
4107.114027  0.8326895
4107.736834  0.8406681
4108.359641  0.8554505
4108.982448  0.8671058
4109.605255  0.8652498
4110.228062  0.8739048
4110.850869  0.8944101
4111.473676  0.9131457
4112.096483  0.9259259
4112.71929  0.935638
4113.342097  0.9472792
4113.964904  0.9613836
4114.587711  0.9642248
4115.210518  0.9732417
4115.833325  1.008172
4116.456132  1.030617
4117.078939  1.030057
4117.701746  1.003353
4118.324553  0.9426844
4118.94736  0.9102778
4119.570167  0.9311883
4120.192974  0.970585
4120.815781  0.9871915
4121.438588  0.9743749
4122.061395  0.950899
4122.684202  0.9398794
4123.307009  0.9570051
4123.929816  0.9933674
4124.552623  1.01854
4125.17543  1.013838
4125.798237  0.996413
4126.421044  0.9878231
4127.043851  0.971449
4127.666658  0.9463009
4128.289465  0.9356475
4128.912272  0.9684292
4129.535079  1.001718
4130.157886  1.014216
4130.780693  1.008029
4131.4035  0.9683496
4132.026307  0.9187961
4132.649114  0.9010015
4133.271921  0.936488
4133.894728  0.9618213
4134.517535  0.9652814
4135.140342  0.9932594
4135.763149  1.047156
4136.385956  1.065769
4137.008763  1.028385
4137.63157  1.027348
4138.254377  1.062394
4138.877184  1.092928
4139.499991  1.089934
4140.122798  1.079246
4140.745605  1.076969
4141.368412  1.075257
4141.991219  1.051741
4142.614026  0.9927822
4143.236833  0.923085
4143.85964  0.9011787
4144.482447  0.9644236
4145.105254  1.050183
4145.728061  1.071657
4146.350868  1.059964
4146.973675  1.046741
4147.596482  1.045758
4148.219289  1.047936
4148.842096  1.030077
4149.464903  1.004795
4150.08771  1.006124
4150.710517  1.036382
4151.333324  1.050037
4151.956131  1.02962
4152.578938  1.031014
4153.201745  1.021049
4153.824552  0.9780289
4154.447359  0.9346629
4155.070166  0.9586192
4155.692973  0.9947464
4156.31578  0.9738865
4156.938587  0.9595982
4157.561394  0.97773
4158.184201  1.009439
4158.807008  1.019866
4159.429815  1.032196
4160.052622  1.04354
4160.675429  1.03516
4161.298236  1.013431
4161.921043  1.02398
4162.54385  1.063621
4163.166657  1.062943
4163.789464  1.054406
4164.412271  1.061184
4165.035078  1.074879
4165.657885  1.083478
4166.280692  1.063695
4166.903499  1.015782
4167.526306  0.9840068
4168.149113  1.005398
4168.77192  1.058256
4169.394727  1.081961
4170.017534  1.070531
4170.640341  1.024648
4171.263148  0.9591499
4171.885955  0.9077827
4172.508762  0.8775539
4173.131569  0.8717582
4173.754376  0.8982596
4174.377183  0.9461525
4174.99999  0.9841247
4175.622797  0.9925114
4176.245604  0.9963391
4176.868411  0.9832712
4177.491218  0.9546643
4178.114025  0.943613
4178.736832  0.9513828
4179.359639  0.9848547
4179.982446  1.039523
4180.605253  1.063879
4181.22806  1.029016
4181.850867  0.9688072
4182.473674  0.9646496
4183.096481  0.9874917
4183.719288  0.9947749
4184.342095  0.9841471
4184.964902  1.010804
4185.587709  1.050272
4186.210516  1.045843
4186.833323  0.9820633
4187.45613  0.9271567
4188.078937  0.9327109
4188.701744  0.9888566
4189.324551  1.05178
4189.947358  1.077694
4190.570165  1.054134
4191.192972  1.013676
4191.815779  1.00647
4192.438586  1.04827
4193.061393  1.102133
4193.6842  1.121638
4194.307007  1.095732
4194.929814  1.046222
4195.552621  0.9965946
4196.175428  0.9915281
4196.798235  1.02283
4197.421042  1.012048
4198.043849  0.9360427
4198.666656  0.8791951
4199.289463  0.9307219
4199.91227  1.00801
4200.535077  1.039653
4201.157884  1.009824
4201.780691  0.9644592
4202.403498  0.9595808
4203.026305  0.9946765
4203.649112  1.020815
4204.271919  1.012539
4204.894726  1.001781
4205.517533  1.019105
4206.14034  1.036079
4206.763147  1.041105
4207.385954  1.042635
4208.008761  1.053738
4208.631568  1.046205
4209.254375  1.028444
4209.877182  1.022228
4210.499989  1.022841
4211.122796  1.045403
4211.745603  1.080188
4212.36841  1.087638
4212.991217  1.084989
4213.614024  1.082319
4214.236831  1.067188
4214.859638  1.01188
4215.482445  0.9422455
4216.105252  0.9175115
4216.728059  0.9773381
4217.350866  1.034117
4217.973673  1.05178
4218.59648  1.05457
4219.219287  1.029603
4219.842094  1.017699
4220.464901  1.045526
4221.087708  1.072461
4221.710515  1.063674
4222.333322  1.038824
4222.956129  1.040574
4223.578936  1.023524
4224.201743  0.9819909
4224.82455  0.9382061
4225.447357  0.9018283
4226.070164  0.8388658
4226.692971  0.7769884
4227.315778  0.8050248
4227.938585  0.9298468
4228.561392  1.051407
4229.184199  1.080915
4229.807006  1.078224
4230.429813  1.081012
4231.05262  1.090515
4231.675427  1.081458
4232.298234  1.030418
4232.921041  0.9624698
4233.543848  0.9347853
4234.166655  0.9905499
4234.789462  1.025216
4235.412269  0.9818334
4236.035076  0.9584537
4236.657883  0.9816083
4237.28069  1.012416
4237.903497  1.001016
4238.526304  0.9735798
4239.149111  0.9532599
4239.771918  0.9574932
4240.394725  0.999117
4241.017532  1.04734
4241.640339  1.062568
4242.263146  1.03433
4242.885953  1.020733
4243.50876  1.039247
4244.131567  1.06229
4244.754374  1.051666
4245.377181  1.019974
4245.999988  0.9820525
4246.622795  0.9404322
4247.245602  0.924795
4247.868409  0.9558555
4248.491216  1.013437
4249.114023  1.02477
4249.73683  0.9797173
4250.359637  0.9302171
4250.982444  0.9473397
4251.605251  1.015062
4252.228058  1.067271
4252.850865  1.056872
4253.473672  1.029364
4254.096479  0.9963803
4254.719286  0.9753788
4255.342093  1.005906
4255.9649  1.050334
4256.587707  1.073491
4257.210514  1.065804
4257.833321  1.024967
4258.456128  0.9948756
4259.078935  0.9884847
4259.701742  0.9474354
4260.324549  0.8986737
4260.947356  0.9033294
4261.570163  0.9841392
4262.19297  1.036278
4262.815777  1.048287
4263.438584  1.05658
4264.061391  1.05336
4264.684198  1.049651
4265.307005  1.054765
4265.929812  1.063476
4266.552619  1.050037
4267.175426  1.026103
4267.798233  1.01653
4268.42104  1.013051
4269.043847  1.016942
4269.666654  1.016875
4270.289461  0.9849263
4270.912268  0.9079722
4271.535075  0.8531548
4272.157882  0.8917183
4272.780689  0.9677041
4273.403496  1.000689
4274.026303  0.969827
4274.64911  0.9412349
4275.271917  0.9516155
4275.894724  0.998875
4276.517531  1.049625
4277.140338  1.058667
4277.763145  1.046785
4278.385952  1.04531
4279.008759  1.041978
4279.631566  1.022663
4280.254373  1.007454
4280.87718  1.024036
4281.499987  1.012296
4282.122794  0.9715388
4282.745601  0.9469158
4283.368408  0.9728151
4283.991215  1.004584
4284.614022  1.00407
4285.236829  0.984789
4285.859636  0.9835864
4286.482443  0.9912079
4287.10525  0.9782079
4287.728057  0.9547366
4288.350864  0.9233467
4288.973671  0.875885
4289.596478  0.8120666
4290.219285  0.8141282
4290.842092  0.8835097
4291.464899  0.955595
4292.087706  1.009602
4292.710513  1.026023
4293.33332  0.9976881
4293.956127  0.9405732
4294.578934  0.9348789
4295.201741  0.9711455
4295.824548  0.9753438
4296.447355  0.9560688
4297.070162  0.9473705
4297.692969  0.9474384
4298.315776  0.8939
4298.938583  0.8160198
4299.56139  0.7740947
4300.184197  0.8003852
4300.807004  0.8494666
4301.429811  0.861579
4302.052618  0.8257924
4302.675425  0.810505
4303.298232  0.8585873
4303.921039  0.9289509
4304.543846  0.9330412
4305.166653  0.9010067
4305.78946  0.8902572
4306.412267  0.9114814
4307.035074  0.8862524
4307.657881  0.8298445
4308.280688  0.8026686
4308.903495  0.8398043
4309.526302  0.8833043
4310.149109  0.9152125
4310.771916  0.9538626
4311.394723  0.9724758
4312.01753  0.9621702
4312.640337  0.9350604
4313.263144  0.9083326
4313.885951  0.8703223
4314.508758  0.8453134
4315.131565  0.8785789
4315.754372  0.9558929
4316.377179  1.015259
4316.999986  1.019075
4317.622793  1.008373
4318.2456  0.9894096
4318.868407  0.9780127
4319.491214  0.9885814
4320.114021  0.9605169
4320.736828  0.9221373
4321.359635  0.9312252
4321.982442  0.9708536
4322.605249  0.9869831
4323.228056  0.9642251
4323.850863  0.9362975
4324.47367  0.8766347
4325.096477  0.806111
4325.719284  0.7819087
4326.342091  0.8370784
4326.964898  0.9041487
4327.587705  0.9339789
4328.210512  0.9599667
4328.833319  0.9708952
4329.456126  0.9537574
4330.078933  0.914306
4330.70174  0.8894202
4331.324547  0.8946426
4331.947354  0.9141428
4332.570161  0.9114199
4333.192968  0.8928402
4333.815775  0.8774824
4334.438582  0.8740786
4335.061389  0.868703
4335.684196  0.8441076
4336.307003  0.7896106
4336.92981  0.7104563
4337.552617  0.6494178
4338.175424  0.6218846
4338.798231  0.5940939
4339.421038  0.5098377
4340.043845  0.4084571
4340.666652  0.3803517
4341.289459  0.469316
4341.912266  0.5976481
4342.535073  0.6829
4343.15788  0.7144356
4343.780687  0.721995
4344.403494  0.7451842
4345.026301  0.797558
4345.649108  0.843545
4346.271915  0.863682
4346.894722  0.86738
4347.517529  0.8822452
4348.140336  0.903685
4348.763143  0.9267008
4349.38595  0.9436873
4350.008757  0.9278431
4350.631564  0.8709008
4351.254371  0.8001575
4351.877178  0.7745932
4352.499985  0.8224778
4353.122792  0.903823
4353.745599  0.9452496
4354.368406  0.9479384
4354.991213  0.9462804
4355.61402  0.9651739
4356.236827  0.9885092
4356.859634  1.002071
4357.482441  0.9959061
4358.105248  0.9700141
4358.728055  0.9468925
4359.350862  0.945904
4359.973669  0.970311
4360.596476  1.007946
4361.219283  1.033349
4361.84209  1.033824
4362.464897  1.020395
4363.087704  1.01896
4363.710511  1.032647
4364.333318  1.04565
4364.956125  1.048694
4365.578932  1.045264
4366.201739  1.030782
4366.824546  0.9911193
4367.447353  0.9591123
4368.07016  0.9602566
4368.692967  0.9846444
4369.315774  0.9864455
4369.938581  0.980604
4370.561388  0.9938253
4371.184195  1.003828
4371.807002  1.019685
4372.429809  1.034992
4373.052616  1.020415
4373.675423  0.9645138
4374.29823  0.8998054
4374.921037  0.875217
4375.543844  0.914509
4376.166651  0.9743462
4376.789458  1.016262
4377.412265  1.043289
4378.035072  1.052068
4378.657879  1.043526
4379.280686  1.027919
4379.903493  1.026448
4380.5263  1.040652
4381.149107  1.053255
4381.771914  1.039598
4382.394721  0.9739091
4383.017528  0.8797542
4383.640335  0.817073
4384.263142  0.8298687
4384.885949  0.8828306
4385.508756  0.9304985
4386.131563  0.9816924
4386.75437  0.9983737
4387.377177  0.9834657
4387.999984  0.983937
4388.622791  0.9938629
4389.245598  1.004939
4389.868405  1.006675
4390.491212  0.982725
4391.114019  0.9797237
4391.736826  1.012349
4392.359633  1.03322
4392.98244  1.031144
4393.605247  0.9993836
4394.228054  0.9441411
4394.850861  0.9012648
4395.473668  0.9152334
4396.096475  0.9819999
4396.719282  1.035338
4397.342089  1.051469
4397.964896  1.039514
4398.587703  1.01833
4399.21051  0.9800279
4399.833317  0.9319417
4400.456124  0.9008064
4401.078931  0.918261
4401.701738  0.9715137
4402.324545  1.024519
4402.947352  1.041076
4403.570159  1.007701
4404.192966  0.9469214
4404.815773  0.9143776
4405.43858  0.9708813
4406.061387  1.036475
4406.684194  1.039125
4407.307001  0.9983989
4407.929808  0.9609764
4408.552615  0.9566641
4409.175422  0.9840643
4409.798229  1.014907
4410.421036  1.030121
4411.043843  1.030306
4411.66665  1.034472
4412.289457  1.04949
4412.912264  1.0621
4413.535071  1.046709
4414.157878  0.9864411
4414.780685  0.9156331
4415.403492  0.8897393
4416.026299  0.9351514
4416.649106  0.9584827
4417.271913  0.9337835
4417.89472  0.9347591
4418.517527  0.9852783
4419.140334  1.0446
4419.763141  1.065195
4420.385948  1.063344
4421.008755  1.046455
4421.631562  1.01514
4422.254369  0.97486
4422.877176  0.9770684
4423.499983  1.010603
4424.12279  1.025371
4424.745597  1.014818
4425.368404  1.001159
4425.991211  0.9997298
4426.614018  0.9999101
4427.236825  0.9931821
4427.859632  1.001223
4428.482439  1.039555
4429.105246  1.043558
4429.728053  1.01161
4430.35086  0.9842318
4430.973667  0.9902622
4431.596474  1.016212
4432.219281  1.028795
4432.842088  1.006162
4433.464895  0.9806323
4434.087702  0.9572834
4434.710509  0.9296654
4435.333316  0.9165466
4435.956123  0.9475699
4436.57893  1.008857
4437.201737  1.041413
4437.824544  1.055839
4438.447351  1.064266
4439.070158  1.066412
4439.692965  1.055271
4440.315772  1.037711
4440.938579  1.015627
4441.561386  0.9766246
4442.184193  0.9311188
4442.807  0.8957514
4443.429807  0.8854577
4444.052614  0.9121732
4444.675421  0.9731069
4445.298228  1.038108
4445.921035  1.053732
4446.543842  1.023451
4447.166649  0.9879443
4447.789456  0.9894871
4448.412263  1.017346
4449.03507  1.028744
4449.657877  0.9986522
4450.280684  0.9661351
4450.903491  0.9667438
4451.526298  0.9971915
4452.149105  1.018165
4452.771912  1.022432
4453.394719  0.9996463
4454.017526  0.9442005
4454.640333  0.8808927
4455.26314  0.8654649
4455.885947  0.9106946
4456.508754  0.9467808
4457.131561  0.9636647
4457.754368  0.9616604
4458.377175  0.9404587
4458.999982  0.9287806
4459.622789  0.9475545
4460.245596  0.9793425
4460.868403  0.9625484
4461.49121  0.9245557
4462.114017  0.9213581
4462.736824  0.9721396
4463.359631  1.002914
4463.982438  0.9873623
4464.605245  0.960686
4465.228052  0.9717417
4465.850859  0.9851176
4466.473666  0.973101
4467.096473  0.9725013
4467.71928  0.9574454
4468.342087  0.923241
4468.964894  0.9013403
4469.587701  0.9159336
4470.210508  0.9435564
4470.833315  0.9613113
4471.456122  0.9909632
4472.078929  1.012102
4472.701736  1.01644
4473.324543  1.022415
4473.94735  1.036436
4474.570157  1.040039
4475.192964  1.015953
4475.815771  0.9828438
4476.438578  0.9843746
4477.061385  1.020626
4477.684192  1.034506
4478.306999  1.031664
4478.929806  1.01726
4479.552613  0.9855455
4480.17542  0.9376326
4480.798227  0.8774664
4481.421034  0.832252
4482.043841  0.8549685
4482.666648  0.9197721
4483.289455  0.9779187
4483.912262  1.001071
4484.535069  1.006021
4485.157876  1.009632
4485.780683  1.017743
4486.40349  1.029655
4487.026297  1.034116
4487.649104  1.016323
4488.271911  0.9735331
4488.894718  0.9364563
4489.517525  0.9241043
4490.140332  0.932848
4490.763139  0.9459914
4491.385946  0.9644185
4492.008753  0.9923149
4492.63156  1.020882
4493.254367  1.014012
4493.877174  0.9765095
4494.499981  0.9550359
4495.122788  0.9672737
4495.745595  0.9877592
4496.368402  0.9892477
4496.991209  0.9929764
4497.614016  1.008255
4498.236823  1.025102
4498.85963  1.025222
4499.482437  1.024572
4500.105244  1.011302
4500.728051  0.9683504
4501.350858  0.938858
4501.973665  0.9553258
4502.596472  1.006736
4503.219279  1.037757
4503.842086  1.044808
4504.464893  1.043846
4505.0877  1.04539
4505.710507  1.040363
4506.333314  1.035965
4506.956121  1.032799
4507.578928  1.002605
4508.201735  0.9723747
4508.824542  0.9747247
