3820.  0.1117853
3820.622807  0.08545697
3821.245614  0.1014272
3821.868421  0.1419678
3822.491228  0.1755265
3823.114035  0.182072
3823.736842  0.1616376
3824.359649  0.1302848
3824.982456  0.1044702
3825.605263  0.09366968
3826.22807  0.0977864
3826.850877  0.1116824
3827.473684  0.1267998
3828.096491  0.1370935
3828.719298  0.1469468
3829.342105  0.1548617
3829.964912  0.1614422
3830.587719  0.1737678
3831.210526  0.1762012
3831.833333  0.16018
3832.45614  0.1353383
3833.078947  0.1199529
3833.701754  0.1124036
3834.324561  0.1107006
3834.947368  0.1358043
3835.570175  0.1708286
3836.192982  0.1953846
3836.815789  0.2037579
3837.438596  0.182542
3838.061403  0.1470816
3838.68421  0.1256331
3839.307017  0.1228986
3839.929824  0.1172186
3840.552631  0.1020368
3841.175438  0.106184
3841.798245  0.143923
3842.421052  0.1936968
3843.043859  0.2188871
3843.666666  0.2207304
3844.289473  0.2145567
3844.91228  0.2085543
3845.535087  0.1925503
3846.157894  0.1771506
3846.780701  0.1750603
3847.403508  0.1866996
3848.026315  0.1931363
3848.649122  0.1831036
3849.271929  0.1587133
3849.894736  0.1323119
3850.517543  0.1248182
3851.14035  0.1484857
3851.763157  0.1924879
3852.385964  0.2084868
3853.008771  0.1880909
3853.631578  0.1618232
3854.254385  0.1547618
3854.877192  0.1650862
3855.499999  0.1723161
3856.122806  0.1578607
3856.745613  0.1492889
3857.36842  0.1539874
3857.991227  0.15069
3858.614034  0.1300113
3859.236841  0.1078861
3859.859648  0.1003246
3860.482455  0.09935299
3861.105262  0.1144279
3861.728069  0.1482768
3862.350876  0.1866126
3862.973683  0.2061868
3863.59649  0.2060146
3864.219297  0.1976159
3864.842104  0.1822847
3865.464911  0.1667154
3866.087718  0.1612574
3866.710525  0.1712212
3867.333332  0.1701095
3867.956139  0.1563198
3868.578946  0.1484196
3869.201753  0.1465209
3869.82456  0.1366496
3870.447367  0.1179745
3871.070174  0.1148333
3871.692981  0.118659
3872.315788  0.1234024
3872.938595  0.1364426
3873.561402  0.1662856
3874.184209  0.2079576
3874.807016  0.2448511
3875.429823  0.2586104
3876.05263  0.2524531
3876.675437  0.2317233
3877.298244  0.1963385
3877.921051  0.1522021
3878.543858  0.1334824
3879.166665  0.1621413
3879.789472  0.1942659
3880.412279  0.1960292
3881.035086  0.1642082
3881.657893  0.1270407
3882.2807  0.106444
3882.903507  0.146732
3883.526314  0.2656471
3884.149121  0.3671336
3884.771928  0.3694515
3885.394735  0.27477
3886.017542  0.1829151
3886.640349  0.1535313
3887.263156  0.1884357
3887.885963  0.2428564
3888.50877  0.2646918
3889.131577  0.2698569
3889.754384  0.2948179
3890.377191  0.3271967
3890.999998  0.3646066
3891.622805  0.4044574
3892.245612  0.4375031
3892.868419  0.4468062
3893.491226  0.4424748
3894.114033  0.4350731
3894.73684  0.391091
3895.359647  0.3250456
3895.982454  0.299647
3896.605261  0.3738734
3897.228068  0.4194666
3897.850875  0.3948965
3898.473682  0.364997
3899.096489  0.3352692
3899.719296  0.3083531
3900.342103  0.3096886
3900.96491  0.3831224
3901.587717  0.435948
3902.210524  0.4037502
3902.833331  0.3265856
3903.456138  0.3180989
3904.078945  0.3626313
3904.701752  0.3706421
3905.324559  0.3122939
3905.947366  0.2550941
3906.570173  0.2602292
3907.19298  0.3163387
3907.815787  0.3622724
3908.438594  0.389427
3909.061401  0.4189255
3909.684208  0.419604
3910.307015  0.4039298
3910.929822  0.3993303
3911.552629  0.4148039
3912.175436  0.4364712
3912.798243  0.4444805
3913.42105  0.4319027
3914.043857  0.4233915
3914.666664  0.42829
3915.289471  0.4292039
3915.912278  0.3932324
3916.535085  0.3607393
3917.157892  0.3615517
3917.780699  0.3781656
3918.403506  0.3759532
3919.026313  0.3537557
3919.64912  0.3225931
3920.271927  0.266789
3920.894734  0.2305808
3921.517541  0.2359455
3922.140348  0.2472574
3922.763155  0.2543035
3923.385962  0.2727269
3924.008769  0.311503
3924.631576  0.3254502
3925.254383  0.3031287
3925.87719  0.2682072
3926.499997  0.254829
3927.122804  0.2361865
3927.745611  0.1991964
3928.368418  0.1628193
3928.991225  0.1441566
3929.614032  0.1323744
3930.236839  0.113753
3930.859646  0.0997552
3931.482453  0.08839833
3932.10526  0.0749751
3932.728067  0.05939737
3933.350874  0.04721924
3933.973681  0.0430222
3934.596488  0.04778172
3935.219295  0.05872656
3935.842102  0.07496817
3936.464909  0.0958479
3937.087716  0.1193996
3937.710523  0.141845
3938.33333  0.1658604
3938.956137  0.1964513
3939.578944  0.2298824
3940.201751  0.2466584
3940.824558  0.239922
3941.447365  0.2330154
3942.070172  0.240835
3942.692979  0.2497974
3943.315786  0.2340565
3943.938593  0.2077934
3944.5614  0.203775
3945.184207  0.2475429
3945.807014  0.3319661
3946.429821  0.3885505
3947.052628  0.3834354
3947.675435  0.3522009
3948.298242  0.3251895
3948.921049  0.3229958
3949.543856  0.3528123
3950.166663  0.4092355
3950.78947  0.4571587
3951.412277  0.4573644
3952.035084  0.3983615
3952.657891  0.334106
3953.280698  0.3334129
3953.903505  0.416264
3954.526312  0.4913095
3955.149119  0.4958746
3955.771926  0.4343601
3956.394733  0.3718002
3957.01754  0.3529987
3957.640347  0.3741886
3958.263154  0.3999539
3958.885961  0.4309919
3959.508768  0.4493518
3960.131575  0.4245068
3960.754382  0.3394336
3961.377189  0.2431361
3961.999996  0.1912742
3962.622803  0.1975475
3963.24561  0.2156842
3963.868417  0.2177406
3964.491224  0.2050681
3965.114031  0.1836159
3965.736838  0.1551012
3966.359645  0.1225799
3966.982452  0.09402409
3967.605259  0.07193878
3968.228066  0.05663923
3968.850873  0.04971197
3969.47368  0.05736259
3970.096487  0.08059498
3970.719294  0.1118143
3971.342101  0.1373696
3971.964908  0.1640488
3972.587715  0.1912415
3973.210522  0.2085931
3973.833329  0.2276857
3974.456136  0.2613812
3975.078943  0.3073038
3975.70175  0.3393919
3976.324557  0.3501141
3976.947364  0.3596638
3977.570171  0.3978694
3978.192978  0.4330097
3978.815785  0.4561556
3979.438592  0.4847054
3980.061399  0.5231764
3980.684206  0.53803
3981.307013  0.5117976
3981.92982  0.4794178
3982.552627  0.4659841
3983.175434  0.4674117
3983.798241  0.465449
3984.421048  0.4737306
3985.043855  0.506427
3985.666662  0.5468222
3986.289469  0.5400093
3986.912276  0.5215914
3987.535083  0.5468017
3988.15789  0.6201338
3988.780697  0.628736
3989.403504  0.5626836
3990.026311  0.5030033
3990.649118  0.5139601
3991.271925  0.5534297
3991.894732  0.5719621
3992.517539  0.5790054
3993.140346  0.5900129
3993.763153  0.5945072
3994.38596  0.5766053
3995.008767  0.5671291
3995.631574  0.5593501
3996.254381  0.5382085
3996.877188  0.5139835
3997.499995  0.4984287
3998.122802  0.5054485
3998.745609  0.5473446
3999.368416  0.6313193
3999.991223  0.6979021
4000.61403  0.6934969
4001.236837  0.6534919
4001.859644  0.6411986
4002.482451  0.6773642
4003.105258  0.7193564
4003.728065  0.7291782
4004.350872  0.6562989
4004.973679  0.5057764
4005.596486  0.4113192
4006.219293  0.4296191
4006.8421  0.5182815
4007.464907  0.5801618
4008.087714  0.6217449
4008.710521  0.6502166
4009.333328  0.6577793
4009.956135  0.6602129
4010.578942  0.6622872
4011.201749  0.654839
4011.824556  0.6267846
4012.447363  0.6320673
4013.07017  0.6698099
4013.692977  0.6799086
4014.315784  0.6648003
4014.938591  0.6776239
4015.561398  0.7347692
4016.184205  0.7423701
4016.807012  0.6880921
4017.429819  0.6230263
4018.052626  0.6138839
4018.675433  0.6733414
4019.29824  0.7303575
4019.921047  0.7173646
4020.543854  0.6941551
4021.166661  0.6750212
4021.789468  0.6578038
4022.412275  0.6550115
4023.035082  0.6765817
4023.657889  0.6815414
4024.280696  0.6292318
4024.903503  0.5994127
4025.52631  0.6249241
4026.149117  0.6762494
4026.771924  0.6951995
4027.394731  0.7112926
4028.017538  0.7521053
4028.640345  0.7952002
4029.263152  0.7838761
4029.885959  0.6810374
4030.508766  0.5289181
4031.131573  0.4701922
4031.75438  0.4894805
4032.377187  0.507381
4032.999994  0.4793283
4033.622801  0.4570613
4034.245608  0.4677491
4034.868415  0.5001381
4035.491222  0.548831
4036.114029  0.607653
4036.736836  0.6722138
4037.359643  0.7371402
4037.98245  0.7628753
4038.605257  0.7477612
4039.228064  0.723932
4039.850871  0.6876752
4040.473678  0.6462149
4041.096485  0.6258148
4041.719292  0.6617669
4042.342099  0.7237167
4042.964906  0.7428395
4043.587713  0.6662493
4044.21052  0.5470332
4044.833327  0.4133542
4045.456134  0.2913405
4046.078941  0.2637313
4046.701748  0.3573975
4047.324555  0.5184783
4047.947362  0.6405659
4048.570169  0.6760833
4049.192976  0.6644753
4049.815783  0.6761951
4050.43859  0.709078
4051.061397  0.7245731
4051.684204  0.7013904
4052.307011  0.669626
4052.929818  0.6534505
4053.552625  0.6423189
4054.175432  0.6064351
4054.798239  0.5525335
4055.421046  0.5368653
4056.043853  0.5784375
4056.66666  0.5867066
4057.289467  0.5437298
4057.912274  0.4893511
4058.535081  0.4800171
4059.157888  0.5213627
4059.780695  0.5950444
4060.403502  0.6667746
4061.026309  0.6913173
4061.649116  0.6588873
4062.271923  0.57324
4062.89473  0.4446632
4063.517537  0.3314168
4064.140344  0.3213077
4064.763151  0.4497839
4065.385958  0.5879518
4066.008765  0.6281959
4066.631572  0.5668763
4067.254379  0.5162433
4067.877186  0.540859
4068.499993  0.6288027
4069.1228  0.7138761
4069.745607  0.7502553
4070.368414  0.6966286
4070.991221  0.5607522
4071.614028  0.4347722
4072.236835  0.4338488
4072.859642  0.5591553
4073.482449  0.6801144
4074.105256  0.7132456
4074.728063  0.6750177
4075.35087  0.622829
4075.973677  0.5463008
4076.596484  0.4533702
4077.219291  0.3882768
4077.842098  0.4124451
4078.464905  0.4898172
4079.087712  0.5677467
4079.710519  0.6253591
4080.333326  0.6917847
4080.956133  0.7625465
4081.57894  0.79953
4082.201747  0.7620424
4082.824554  0.6886224
4083.447361  0.6395674
4084.070168  0.6421329
4084.692975  0.6466717
4085.315782  0.6322441
4085.938589  0.6213466
4086.561396  0.6557317
4087.184203  0.7216672
4087.80701  0.7826718
4088.429817  0.8119991
4089.052624  0.8119221
4089.675431  0.7824276
4090.298238  0.7395167
4090.921045  0.7485136
4091.543852  0.746316
4092.166659  0.6910954
4092.789466  0.6660626
4093.412273  0.7181728
4094.03508  0.776981
4094.657887  0.7310395
4095.280694  0.6421967
4095.903501  0.5729117
4096.526308  0.5525304
4097.149115  0.5746179
4097.771922  0.6062157
4098.394729  0.6329942
4099.017536  0.6603599
4099.640343  0.6560655
4100.26315  0.5953966
4100.885957  0.5025671
4101.508764  0.4706836
4102.131571  0.5118958
4102.754378  0.5834803
4103.377185  0.6305746
4103.999992  0.6213501
4104.622799  0.6029131
4105.245606  0.6429116
4105.868413  0.7105669
4106.49122  0.7493644
4107.114027  0.7354915
4107.736834  0.7071781
4108.359641  0.6914531
4108.982448  0.6757714
4109.605255  0.6332003
4110.228062  0.6020805
4110.850869  0.5914216
4111.473676  0.5874476
4112.096483  0.5823911
4112.71929  0.6135902
4113.342097  0.6723534
4113.964904  0.6968977
4114.587711  0.7001346
4115.210518  0.6978558
4115.833325  0.6960646
4116.456132  0.6957788
4117.078939  0.7019173
4117.701746  0.6849754
4118.324553  0.5968966
4118.94736  0.5336738
4119.570167  0.5517703
4120.192974  0.6169294
4120.815781  0.6479559
4121.438588  0.635334
4122.061395  0.6097224
4122.684202  0.5906993
4123.307009  0.577522
4123.929816  0.5946811
4124.552623  0.6629743
4125.17543  0.6882784
4125.798237  0.6714809
4126.421044  0.655951
4127.043851  0.6256732
4127.666658  0.6042383
4128.289465  0.6034943
4128.912272  0.6011283
4129.535079  0.5754471
4130.157886  0.5650463
4130.780693  0.5935631
4131.4035  0.5562881
4132.026307  0.4862065
4132.649114  0.4616939
4133.271921  0.5011598
4133.894728  0.5049567
4134.517535  0.4897859
4135.140342  0.5556112
4135.763149  0.6566483
4136.385956  0.6972681
4137.008763  0.6503745
4137.63157  0.6222196
4138.254377  0.6342308
4138.877184  0.6583024
4139.499991  0.6626772
4140.122798  0.6641589
4140.745605  0.6679946
4141.368412  0.6515872
4141.991219  0.5715429
4142.614026  0.4508204
4143.236833  0.3529703
4143.85964  0.3384196
4144.482447  0.416567
4145.105254  0.5253065
4145.728061  0.5881271
4146.350868  0.6045229
4146.973675  0.5964683
4147.596482  0.5901662
4148.219289  0.5964199
4148.842096  0.5699525
4149.464903  0.5110334
4150.08771  0.4716978
4150.710517  0.4808723
4151.333324  0.4958025
4151.956131  0.4877789
4152.578938  0.5146936
4153.201745  0.5403271
4153.824552  0.5334623
4154.447359  0.5132651
4155.070166  0.5203301
4155.692973  0.5189294
4156.31578  0.4724106
4156.938587  0.457263
4157.561394  0.4983974
4158.184201  0.5738951
4158.807008  0.6397132
4159.429815  0.6664398
4160.052622  0.6441646
4160.675429  0.5959687
4161.298236  0.5872486
4161.921043  0.637067
4162.54385  0.6988588
4163.166657  0.6895902
4163.789464  0.6388083
4164.412271  0.5981438
4165.035078  0.590792
4165.657885  0.6053671
4166.280692  0.584518
4166.903499  0.5150831
4167.526306  0.4979347
4168.149113  0.5448093
4168.77192  0.6056269
4169.394727  0.6272069
4170.017534  0.6485967
4170.640341  0.6654516
4171.263148  0.6358392
4171.885955  0.5419921
4172.508762  0.4436133
4173.131569  0.4098935
4173.754376  0.4550268
4174.377183  0.5152726
4174.99999  0.5462999
4175.622797  0.550028
4176.245604  0.5531214
4176.868411  0.5298402
4177.491218  0.4780551
4178.114025  0.4727757
4178.736832  0.5110823
4179.359639  0.544543
4179.982446  0.5329841
4180.605253  0.5161402
4181.22806  0.5131353
4181.850867  0.5236238
4182.473674  0.5523079
4183.096481  0.5819498
4183.719288  0.6153771
4184.342095  0.6763743
4184.964902  0.7436914
4185.587709  0.7556809
4186.210516  0.6729302
4186.833323  0.5543642
4187.45613  0.5006228
4188.078937  0.5483828
4188.701744  0.623538
4189.324551  0.6601235
4189.947358  0.6519808
4190.570165  0.6316119
4191.192972  0.591604
4191.815779  0.5887305
4192.438586  0.6508584
4193.061393  0.700927
4193.6842  0.7000796
4194.307007  0.65499
4194.929814  0.5964327
4195.552621  0.5224487
4196.175428  0.4717097
4196.798235  0.4772383
4197.421042  0.5031261
4198.043849  0.5134824
4198.666656  0.5222205
4199.289463  0.5786577
4199.91227  0.6183611
4200.535077  0.6063256
4201.157884  0.558192
4201.780691  0.4966592
4202.403498  0.4947579
4203.026305  0.5653892
4203.649112  0.6125277
4204.271919  0.6069342
4204.894726  0.5952241
4205.517533  0.6372336
4206.14034  0.6782017
4206.763147  0.6996375
4207.385954  0.7150681
4208.008761  0.7320349
4208.631568  0.7253649
4209.254375  0.6858929
4209.877182  0.6416056
4210.499989  0.6292572
4211.122796  0.6575417
4211.745603  0.6991037
4212.36841  0.7024171
4212.991217  0.6675731
4213.614024  0.6131092
4214.236831  0.5463114
4214.859638  0.4412064
4215.482445  0.3910264
4216.105252  0.5104539
4216.728059  0.7048373
4217.350866  0.8509204
4217.973673  0.897912
4218.59648  0.9061049
4219.219287  0.8860501
4219.842094  0.873913
4220.464901  0.9132169
4221.087708  0.9448594
4221.710515  0.9079301
4222.333322  0.806038
4222.956129  0.7325184
4223.578936  0.6872085
4224.201743  0.6385689
4224.82455  0.5651532
4225.447357  0.4475388
4226.070164  0.3069288
4226.692971  0.2172772
4227.315778  0.2919644
4227.938585  0.5136826
4228.561392  0.7400638
4229.184199  0.8042987
4229.807006  0.8088729
4230.429813  0.8475777
4231.05262  0.906452
4231.675427  0.895774
4232.298234  0.7995722
4232.921041  0.6911459
4233.543848  0.6802856
4234.166655  0.7524546
4234.789462  0.7921922
4235.412269  0.7031602
4236.035076  0.6232744
4236.657883  0.6311855
4237.28069  0.6966997
4237.903497  0.7224838
4238.526304  0.7179385
4239.149111  0.7114472
4239.771918  0.7083001
4240.394725  0.7590359
4241.017532  0.8382621
4241.640339  0.8688814
4242.263146  0.8170504
4242.885953  0.7738144
4243.50876  0.8227119
4244.131567  0.9323249
4244.754374  0.990171
4245.377181  0.9642677
4245.999988  0.9064262
4246.622795  0.8351315
4247.245602  0.7688983
4247.868409  0.7287012
4248.491216  0.7256064
4249.114023  0.6995456
4249.73683  0.6275103
4250.359637  0.56648
4250.982444  0.6103654
4251.605251  0.7220945
4252.228058  0.7988359
4252.850865  0.8080511
4253.473672  0.7344246
4254.096479  0.6325376
4254.719286  0.6052113
4255.342093  0.6394947
4255.9649  0.7304479
4256.587707  0.8595859
4257.210514  0.9112704
4257.833321  0.8448735
4258.456128  0.7248776
4259.078935  0.67365
4259.701742  0.6160299
4260.324549  0.5442426
4260.947356  0.5471938
4261.570163  0.6413795
4262.19297  0.7867822
4262.815777  0.9083658
4263.438584  0.9355782
4264.061391  0.9167682
4264.684198  0.9203121
4265.307005  0.9644048
4265.929812  0.9926618
4266.552619  0.9550843
4267.175426  0.8579799
4267.798233  0.785886
4268.42104  0.756933
4269.043847  0.7499457
4269.666654  0.7315101
4270.289461  0.6459084
4270.912268  0.5004343
4271.535075  0.385771
4272.157882  0.443922
4272.780689  0.5834195
4273.403496  0.6427118
4274.026303  0.585735
4274.64911  0.5414278
4275.271917  0.5977385
4275.894724  0.7191638
4276.517531  0.8034203
4277.140338  0.8478978
4277.763145  0.8979472
4278.385952  0.9437085
4279.008759  0.892674
4279.631566  0.7457203
4280.254373  0.6411226
4280.87718  0.687719
4281.499987  0.7770962
4282.122794  0.7673749
4282.745601  0.7852422
4283.368408  0.8282565
4283.991215  0.8278225
4284.614022  0.7470614
4285.236829  0.6724029
4285.859636  0.6642711
4286.482443  0.7132438
4287.10525  0.780407
4287.728057  0.8067709
4288.350864  0.7481316
4288.973671  0.608353
4289.596478  0.5237771
4290.219285  0.5433433
4290.842092  0.5931563
4291.464899  0.6453438
4292.087706  0.731142
4292.710513  0.8371791
4293.33332  0.814469
4293.956127  0.7167912
4294.578934  0.6683754
4295.201741  0.7250888
4295.824548  0.7512258
4296.447355  0.7093568
4297.070162  0.6620454
4297.692969  0.6384434
4298.315776  0.5824953
4298.938583  0.4708305
4299.56139  0.3858718
4300.184197  0.4064471
4300.807004  0.5015112
4301.429811  0.560564
4302.052618  0.5333909
4302.675425  0.4914731
4303.298232  0.5098838
4303.921039  0.5504606
4304.543846  0.5452494
4305.166653  0.4993432
4305.78946  0.483037
4306.412267  0.4860969
4307.035074  0.4487572
4307.657881  0.3596274
4308.280688  0.3379271
4308.903495  0.374877
4309.526302  0.4215696
4310.149109  0.4610241
4310.771916  0.5072401
4311.394723  0.5456238
4312.01753  0.5661144
4312.640337  0.6361191
4313.263144  0.7071214
4313.885951  0.7216923
4314.508758  0.7173181
4315.131565  0.8364456
4315.754372  1.035217
4316.377179  1.131121
4316.999986  1.146645
4317.622793  1.11396
4318.2456  1.069958
4318.868407  1.060109
4319.491214  1.047204
4320.114021  0.9949271
4320.736828  0.926406
4321.359635  0.9455519
4321.982442  0.9767421
4322.605249  0.890402
4323.228056  0.7361019
4323.850863  0.6113892
4324.47367  0.5341371
4325.096477  0.4317931
4325.719284  0.4109089
4326.342091  0.532618
4326.964898  0.7491616
4327.587705  0.938216
4328.210512  1.058447
4328.833319  1.100471
4329.456126  1.03858
4330.078933  0.940529
4330.70174  0.8983377
4331.324547  0.9511337
4331.947354  1.005711
4332.570161  1.012739
4333.192968  0.9936551
4333.815775  1.00916
4334.438582  1.070228
4335.061389  1.149494
4335.684196  1.18558
4336.307003  1.065179
4336.92981  0.8525095
4337.552617  0.713874
4338.175424  0.7160465
4338.798231  0.7416861
4339.421038  0.6927753
4340.043845  0.6260801
4340.666652  0.6305543
4341.289459  0.7473254
4341.912266  0.9208437
4342.535073  0.9906367
4343.15788  0.9315459
4343.780687  0.8558398
4344.403494  0.9213499
4345.026301  1.037421
4345.649108  1.075216
4346.271915  1.00575
4346.894722  0.9353248
4347.517529  0.9377131
4348.140336  1.019607
4348.763143  1.134275
4349.38595  1.182856
4350.008757  1.094734
4350.631564  0.8883531
4351.254371  0.701203
4351.877178  0.6388391
4352.499985  0.7141583
4353.122792  0.8475286
4353.745599  0.9292786
4354.368406  0.9233959
4354.991213  0.9067671
4355.61402  0.928838
4356.236827  0.9941951
4356.859634  1.05926
4357.482441  1.047273
4358.105248  0.9523867
4358.728055  0.841712
4359.350862  0.8158325
4359.973669  0.8819645
4360.596476  0.997412
4361.219283  1.099453
4361.84209  1.10605
4362.464897  1.038624
4363.087704  0.9902694
4363.710511  1.035194
4364.333318  1.133788
4364.956125  1.198193
4365.578932  1.167847
4366.201739  1.068835
4366.824546  0.945604
4367.447353  0.8515867
4368.07016  0.8674027
4368.692967  0.9378632
4369.315774  0.9710088
4369.938581  0.9485123
4370.561388  0.938198
4371.184195  0.9694382
4371.807002  1.000544
4372.429809  0.9777829
4373.052616  0.9032352
4373.675423  0.8118453
4374.29823  0.7307271
4374.921037  0.6910944
4375.543844  0.726616
4376.166651  0.8450652
4376.789458  0.9553551
4377.412265  1.021561
4378.035072  1.056145
4378.657879  1.049315
4379.280686  0.9991155
4379.903493  0.9381824
4380.5263  0.9211419
4381.149107  0.9288834
4381.771914  0.8637266
4382.394721  0.6582142
4383.017528  0.4388602
4383.640335  0.3236447
4384.263142  0.3639362
4384.885949  0.5256568
4385.508756  0.7364507
4386.131563  0.8893503
4386.75437  0.9082606
4387.377177  0.8697245
4387.999984  0.8431113
4388.622791  0.8389379
4389.245598  0.8099641
4389.868405  0.7709016
4390.491212  0.7555525
4391.114019  0.7824304
4391.736826  0.8493494
4392.359633  0.9027318
4392.98244  0.8981965
4393.605247  0.8857591
4394.228054  0.8482199
4394.850861  0.8013274
4395.473668  0.8363349
4396.096475  0.9611629
4396.719282  1.085265
4397.342089  1.107464
4397.964896  1.070164
4398.587703  1.012491
4399.21051  0.944689
4399.833317  0.8586416
4400.456124  0.7929325
4401.078931  0.8301991
4401.701738  1.003529
4402.324545  1.10212
4402.947352  1.014331
4403.570159  0.7868038
4404.192966  0.5669298
4404.815773  0.514687
4405.43858  0.6474904
4406.061387  0.8136048
4406.684194  0.8788918
4407.307001  0.8254946
4407.929808  0.7442106
4408.552615  0.7545143
4409.175422  0.8638585
4409.798229  0.9981733
4410.421036  1.071765
4411.043843  1.079674
4411.66665  1.082291
4412.289457  1.13208
4412.912264  1.159012
4413.535071  1.066927
4414.157878  0.8607713
4414.780685  0.7127944
4415.403492  0.7276172
4416.026299  0.8524401
4416.649106  0.9338106
4417.271913  0.9625029
4417.89472  0.9957222
4418.517527  1.067507
4419.140334  1.115668
4419.763141  1.127651
4420.385948  1.104924
4421.008755  1.036667
4421.631562  0.9225307
4422.254369  0.8350962
4422.877176  0.854593
4423.499983  0.93743
4424.12279  1.001023
4424.745597  1.006722
4425.368404  0.9992424
4425.991211  0.9871228
4426.614018  0.9763277
4427.236825  0.9862363
4427.859632  1.05463
4428.482439  1.100392
4429.105246  1.029967
4429.728053  0.8775827
4430.35086  0.8172261
4430.973667  0.9100412
4431.596474  1.030786
4432.219281  1.077489
4432.842088  1.031574
4433.464895  0.9395216
4434.087702  0.8509988
4434.710509  0.7861535
4435.333316  0.7726989
4435.956123  0.8487625
4436.57893  0.9581236
4437.201737  1.042885
4437.824544  1.093036
4438.447351  1.162784
4439.070158  1.198768
4439.692965  1.144874
4440.315772  1.042472
4440.938579  0.950015
4441.561386  0.8898638
4442.184193  0.8522198
4442.807  0.8537078
4443.429807  0.8941965
4444.052614  0.9679383
4444.675421  1.082607
4445.298228  1.184308
4445.921035  1.199764
4446.543842  1.10518
4447.166649  1.061672
4447.789456  1.11794
4448.412263  1.185097
4449.03507  1.149215
4449.657877  1.062923
4450.280684  1.02728
4450.903491  1.069456
4451.526298  1.110234
4452.149105  1.103795
4452.771912  1.065669
4453.394719  1.018384
4454.017526  0.9425136
4454.640333  0.8523014
4455.26314  0.8423148
4455.885947  0.8948983
4456.508754  0.9457222
4457.131561  0.9453896
4457.754368  0.919908
4458.377175  0.8856117
4458.999982  0.8608155
4459.622789  0.8876815
4460.245596  0.8928056
4460.868403  0.8253464
4461.49121  0.7426186
4462.114017  0.7779027
4462.736824  0.9323722
4463.359631  1.078432
4463.982438  1.090154
4464.605245  1.036094
4465.228052  1.014011
4465.850859  1.010754
4466.473666  1.020278
4467.096473  1.039665
4467.71928  1.052898
4468.342087  1.001455
4468.964894  0.9416903
4469.587701  0.9474855
4470.210508  0.98968
4470.833315  1.029202
4471.456122  1.05255
4472.078929  1.081961
4472.701736  1.141097
4473.324543  1.19945
4473.94735  1.208728
4474.570157  1.168907
4475.192964  1.145397
4475.815771  1.18432
4476.438578  1.260086
4477.061385  1.309171
4477.684192  1.310914
4478.306999  1.2704
4478.929806  1.149213
4479.552613  1.012522
4480.17542  0.9410895
4480.798227  0.938641
4481.421034  0.9292789
4482.043841  0.9380129
4482.666648  1.049638
4483.289455  1.143227
4483.912262  1.196357
4484.535069  1.245437
4485.157876  1.280761
4485.780683  1.289944
4486.40349  1.262773
4487.026297  1.198369
4487.649104  1.113962
4488.271911  1.030694
4488.894718  0.9690383
4489.517525  0.9469911
4490.140332  0.9805642
4490.763139  1.058438
4491.385946  1.136658
4492.008753  1.201404
4492.63156  1.200822
4493.254367  1.091957
4493.877174  0.9548154
4494.499981  0.8895977
4495.122788  0.9188701
4495.745595  0.9526999
4496.368402  1.009305
4496.991209  1.096012
4497.614016  1.172343
4498.236823  1.204854
4498.85963  1.219922
4499.482437  1.234254
4500.105244  1.183501
4500.728051  1.08286
4501.350858  1.022677
4501.973665  1.097848
4502.596472  1.248681
4503.219279  1.363814
4503.842086  1.380365
4504.464893  1.368363
4505.0877  1.346227
4505.710507  1.307327
4506.333314  1.254074
4506.956121  1.217848
4507.578928  1.209385
4508.201735  1.216008
4508.824542  1.232159
