3820.  0.7469606
3820.622807  0.6938994
3821.245614  0.7029516
3821.868421  0.7654884
3822.491228  0.8200237
3823.114035  0.8213001
3823.736842  0.7717636
3824.359649  0.7086496
3824.982456  0.6749652
3825.605263  0.6738521
3826.22807  0.6796924
3826.850877  0.6650816
3827.473684  0.6531984
3828.096491  0.6536708
3828.719298  0.6523191
3829.342105  0.6232191
3829.964912  0.6238322
3830.587719  0.6571374
3831.210526  0.6317613
3831.833333  0.563176
3832.45614  0.4979323
3833.078947  0.4660593
3833.701754  0.4462711
3834.324561  0.4167288
3834.947368  0.3801867
3835.570175  0.3679745
3836.192982  0.3965715
3836.815789  0.4455864
3837.438596  0.477581
3838.061403  0.4863612
3838.68421  0.5063216
3839.307017  0.5511665
3839.929824  0.5732957
3840.552631  0.5834319
3841.175438  0.6154189
3841.798245  0.6827437
3842.421052  0.7300504
3843.043859  0.7452062
3843.666666  0.7506715
3844.289473  0.7616884
3844.91228  0.7641523
3845.535087  0.7567316
3846.157894  0.7645031
3846.780701  0.7963159
3847.403508  0.8403427
3848.026315  0.8698007
3848.649122  0.8604198
3849.271929  0.8319859
3849.894736  0.8166487
3850.517543  0.8290924
3851.14035  0.8733107
3851.763157  0.911706
3852.385964  0.9079362
3853.008771  0.8999863
3853.631578  0.8979232
3854.254385  0.8925559
3854.877192  0.875022
3855.499999  0.8318092
3856.122806  0.8024017
3856.745613  0.8387215
3857.36842  0.8858161
3857.991227  0.8843098
3858.614034  0.8245318
3859.236841  0.7640107
3859.859648  0.7526097
3860.482455  0.803928
3861.105262  0.8866543
3861.728069  0.9368302
3862.350876  0.9438474
3862.973683  0.9341996
3863.59649  0.9259749
3864.219297  0.9278689
3864.842104  0.9279122
3865.464911  0.9054407
3866.087718  0.8838276
3866.710525  0.8809272
3867.333332  0.8992336
3867.956139  0.9336366
3868.578946  0.9578046
3869.201753  0.9544324
3869.82456  0.9334193
3870.447367  0.9163967
3871.070174  0.8968585
3871.692981  0.8532281
3872.315788  0.7947253
3872.938595  0.7570481
3873.561402  0.7705755
3874.184209  0.829878
3874.807016  0.8769664
3875.429823  0.885982
3876.05263  0.8788293
3876.675437  0.8765074
3877.298244  0.8337622
3877.921051  0.7363713
3878.543858  0.686834
3879.166665  0.7406452
3879.789472  0.8439593
3880.412279  0.8812402
3881.035086  0.8645818
3881.657893  0.8239719
3882.2807  0.780714
3882.903507  0.7458495
3883.526314  0.7342715
3884.149121  0.7267964
3884.771928  0.6790192
3885.394735  0.6230611
3886.017542  0.575186
3886.640349  0.5321966
3887.263156  0.5083036
3887.885963  0.4760837
3888.50877  0.4236199
3889.131577  0.3896706
3889.754384  0.4117509
3890.377191  0.4856054
3890.999998  0.5701385
3891.622805  0.6291479
3892.245612  0.6541541
3892.868419  0.6609024
3893.491226  0.6718138
3894.114033  0.6812929
3894.73684  0.6915435
3895.359647  0.7149018
3895.982454  0.7400443
3896.605261  0.7607908
3897.228068  0.7767929
3897.850875  0.7854052
3898.473682  0.7675194
3899.096489  0.7379832
3899.719296  0.7424559
3900.342103  0.7642017
3900.96491  0.8078254
3901.587717  0.8661129
3902.210524  0.8679271
3902.833331  0.8225961
3903.456138  0.7843701
3904.078945  0.7946287
3904.701752  0.7969363
3905.324559  0.7764742
3905.947366  0.7679036
3906.570173  0.7882622
3907.19298  0.8248193
3907.815787  0.8610987
3908.438594  0.895382
3909.061401  0.9116777
3909.684208  0.9082721
3910.307015  0.9018922
3910.929822  0.9122936
3911.552629  0.9386411
3912.175436  0.953285
3912.798243  0.916396
3913.42105  0.8688209
3914.043857  0.8470913
3914.666664  0.8510154
3915.289471  0.8744819
3915.912278  0.8793118
3916.535085  0.8518065
3917.157892  0.8489377
3917.780699  0.8582388
3918.403506  0.8522159
3919.026313  0.8313116
3919.64912  0.8267668
3920.271927  0.8321733
3920.894734  0.8268009
3921.517541  0.833571
3922.140348  0.8526126
3922.763155  0.8759274
3923.385962  0.9002492
3924.008769  0.9096782
3924.631576  0.8908733
3925.254383  0.8455469
3925.87719  0.8005076
3926.499997  0.7762514
3927.122804  0.7618623
3927.745611  0.7199265
3928.368418  0.6633765
3928.991225  0.6078809
3929.614032  0.5509736
3930.236839  0.481582
3930.859646  0.4123707
3931.482453  0.3541914
3932.10526  0.2918492
3932.728067  0.2341043
3933.350874  0.1976088
3933.973681  0.1929053
3934.596488  0.2164436
3935.219295  0.2651809
3935.842102  0.3350305
3936.464909  0.416374
3937.087716  0.4923148
3937.710523  0.552525
3938.33333  0.6029032
3938.956137  0.6678153
3939.578944  0.7347187
3940.201751  0.7718225
3940.824558  0.775537
3941.447365  0.7793007
3942.070172  0.7983358
3942.692979  0.8024746
3943.315786  0.7847805
3943.938593  0.7664238
3944.5614  0.7786817
3945.184207  0.8244993
3945.807014  0.8771349
3946.429821  0.8996391
3947.052628  0.8706702
3947.675435  0.8308631
3948.298242  0.8031644
3948.921049  0.7839044
3949.543856  0.8013022
3950.166663  0.8427664
3950.78947  0.8712761
3951.412277  0.8621605
3952.035084  0.8318076
3952.657891  0.8100734
3953.280698  0.8199946
3953.903505  0.8750747
3954.526312  0.9144154
3955.149119  0.8788928
3955.771926  0.8122948
3956.394733  0.7654465
3957.01754  0.7624087
3957.640347  0.7917798
3958.263154  0.8444911
3958.885961  0.8872415
3959.508768  0.8842976
3960.131575  0.8412791
3960.754382  0.7811885
3961.377189  0.7251881
3961.999996  0.6823529
3962.622803  0.6753052
3963.24561  0.676262
3963.868417  0.6405419
3964.491224  0.6088681
3965.114031  0.5668519
3965.736838  0.4938033
3966.359645  0.4187731
3966.982452  0.3395206
3967.605259  0.265396
3968.228066  0.2218509
3968.850873  0.2126071
3969.47368  0.2321556
3970.096487  0.2727399
3970.719294  0.3295759
3971.342101  0.3988821
3971.964908  0.470161
3972.587715  0.528258
3973.210522  0.5717214
3973.833329  0.5998812
3974.456136  0.6247645
3975.078943  0.6835675
3975.70175  0.7248808
3976.324557  0.7212068
3976.947364  0.725718
3977.570171  0.7611479
3978.192978  0.8048553
3978.815785  0.8289074
3979.438592  0.868078
3980.061399  0.8990241
3980.684206  0.892461
3981.307013  0.8647214
3981.92982  0.8478565
3982.552627  0.8527634
3983.175434  0.8648353
3983.798241  0.8689886
3984.421048  0.8803737
3985.043855  0.9013591
3985.666662  0.8885303
3986.289469  0.8781789
3986.912276  0.8923817
3987.535083  0.9128501
3988.15789  0.9470246
3988.780697  0.9640341
3989.403504  0.940523
3990.026311  0.9214135
3990.649118  0.9256462
3991.271925  0.9478718
3991.894732  0.9712275
3992.517539  0.9922382
3993.140346  1.007269
3993.763153  1.008328
3994.38596  0.981407
3995.008767  0.9643829
3995.631574  0.9637571
3996.254381  0.9264829
3996.877188  0.8865674
3997.499995  0.8677739
3998.122802  0.8712124
3998.745609  0.9187562
3999.368416  0.9779342
3999.991223  1.011033
4000.61403  1.020413
4001.236837  1.010737
4001.859644  0.9984488
4002.482451  1.000642
4003.105258  1.011628
4003.728065  1.005546
4004.350872  0.9620168
4004.973679  0.8945403
4005.596486  0.8527479
4006.219293  0.8647476
4006.8421  0.9156317
4007.464907  0.9784712
4008.087714  1.014716
4008.710521  1.011201
4009.333328  1.011827
4009.956135  1.0177
4010.578942  1.022385
4011.201749  1.028718
4011.824556  1.014423
4012.447363  0.9964259
4013.07017  1.001904
4013.692977  1.001339
4014.315784  1.003936
4014.938591  1.02422
4015.561398  1.046794
4016.184205  1.049044
4016.807012  1.025951
4017.429819  0.9960201
4018.052626  0.9944895
4018.675433  1.028097
4019.29824  1.071317
4019.921047  1.080612
4020.543854  1.068878
4021.166661  1.055286
4021.789468  1.045169
4022.412275  1.037727
4023.035082  1.031052
4023.657889  1.016352
4024.280696  0.9813889
4024.903503  0.9621974
4025.52631  0.9884659
4026.149117  1.046016
4026.771924  1.077671
4027.394731  1.08452
4028.017538  1.091253
4028.640345  1.070461
4029.263152  1.020104
4029.885959  0.9594941
4030.508766  0.9135796
4031.131573  0.9025651
4031.75438  0.9073463
4032.377187  0.8982412
4032.999994  0.9016641
4033.622801  0.9257773
4034.245608  0.9568011
4034.868415  0.9746262
4035.491222  0.9910401
4036.114029  1.016715
4036.736836  1.049884
4037.359643  1.082524
4037.98245  1.104121
4038.605257  1.105539
4039.228064  1.080948
4039.850871  1.047538
4040.473678  1.017853
4041.096485  0.9964228
4041.719292  1.017882
4042.342099  1.060923
4042.964906  1.077044
4043.587713  1.053818
4044.21052  0.9890766
4044.833327  0.9030726
4045.456134  0.8392011
4046.078941  0.8587663
4046.701748  0.9533185
4047.324555  1.052689
4047.947362  1.083019
4048.570169  1.059518
4049.192976  1.040006
4049.815783  1.060674
4050.43859  1.082199
4051.061397  1.067979
4051.684204  1.022198
4052.307011  0.9922755
4052.929818  0.9754903
4053.552625  0.9583421
4054.175432  0.9553443
4054.798239  0.9452698
4055.421046  0.9419506
4056.043853  0.974359
4056.66666  0.9721525
4057.289467  0.9294297
4057.912274  0.899094
4058.535081  0.9317281
4059.157888  0.9905027
4059.780695  1.032786
4060.403502  1.053148
4061.026309  1.05321
4061.649116  1.026407
4062.271923  0.9687294
4062.89473  0.8990157
4063.517537  0.8700491
4064.140344  0.9073859
4064.763151  0.9743288
4065.385958  1.008807
4066.008765  0.9954468
4066.631572  0.961051
4067.254379  0.9230328
4067.877186  0.9348454
4068.499993  0.9985994
4069.1228  1.029475
4069.745607  1.034806
4070.368414  1.010982
4070.991221  0.9460782
4071.614028  0.9044495
4072.236835  0.9200015
4072.859642  0.9710425
4073.482449  0.9942304
4074.105256  0.994363
4074.728063  0.9897428
4075.35087  0.9767803
4075.973677  0.9218779
4076.596484  0.8449429
4077.219291  0.793586
4077.842098  0.7893687
4078.464905  0.8291681
4079.087712  0.885887
4079.710519  0.9268883
4080.333326  0.9586086
4080.956133  0.9943435
4081.57894  1.027285
4082.201747  1.014473
4082.824554  0.9641783
4083.447361  0.9145585
4084.070168  0.8982601
4084.692975  0.8894484
4085.315782  0.8931191
4085.938589  0.9296313
4086.561396  0.9548003
4087.184203  0.964844
4087.80701  0.9729792
4088.429817  0.9765545
4089.052624  0.9806376
4089.675431  0.9778016
4090.298238  0.9580336
4090.921045  0.9422533
4091.543852  0.9284407
4092.166659  0.9112533
4092.789466  0.9102026
4093.412273  0.9188113
4094.03508  0.9178807
4094.657887  0.891191
4095.280694  0.8466845
4095.903501  0.8140571
4096.526308  0.8099292
4097.149115  0.7996041
4097.771922  0.7733133
4098.394729  0.73865
4099.017536  0.7055171
4099.640343  0.6608742
4100.26315  0.5870631
4100.885957  0.48917
4101.508764  0.4182636
4102.131571  0.4186983
4102.754378  0.4900584
4103.377185  0.5805802
4103.999992  0.6594955
4104.622799  0.7188733
4105.245606  0.7652011
4105.868413  0.8017477
4106.49122  0.8108152
4107.114027  0.7990391
4107.736834  0.8205785
4108.359641  0.8426293
4108.982448  0.8449383
4109.605255  0.8481814
4110.228062  0.8587499
4110.850869  0.8805773
4111.473676  0.908538
4112.096483  0.9213372
4112.71929  0.9255099
4113.342097  0.9329017
4113.964904  0.9444724
4114.587711  0.9590698
4115.210518  0.9774035
4115.833325  0.9990926
4116.456132  1.011289
4117.078939  1.009527
4117.701746  0.9876624
4118.324553  0.9431705
4118.94736  0.915651
4119.570167  0.9297748
4120.192974  0.9685789
4120.815781  0.9777272
4121.438588  0.960011
4122.061395  0.9449941
4122.684202  0.9442981
4123.307009  0.9669365
4123.929816  0.9969893
4124.552623  1.009272
4125.17543  1.010926
4125.798237  0.9958703
4126.421044  0.9654341
4127.043851  0.9499415
4127.666658  0.9353004
4128.289465  0.9245919
4128.912272  0.947475
4129.535079  0.9842666
4130.157886  1.005193
4130.780693  0.9917616
4131.4035  0.9480643
4132.026307  0.9136069
4132.649114  0.9122035
4133.271921  0.9289193
4133.894728  0.9467216
4134.517535  0.9717991
4135.140342  1.014337
4135.763149  1.051022
4136.385956  1.054289
4137.008763  1.035357
4137.63157  1.049164
4138.254377  1.081193
4138.877184  1.102412
4139.499991  1.102813
4140.122798  1.104117
4140.745605  1.103937
4141.368412  1.089189
4141.991219  1.058374
4142.614026  0.9995761
4143.236833  0.9366269
4143.85964  0.9207675
4144.482447  0.9680589
4145.105254  1.035233
4145.728061  1.071965
4146.350868  1.080052
4146.973675  1.071241
4147.596482  1.057586
4148.219289  1.046262
4148.842096  1.036635
4149.464903  1.030481
4150.08771  1.03264
4150.710517  1.044203
4151.333324  1.041161
4151.956131  1.023477
4152.578938  1.025774
4153.201745  1.020795
4153.824552  0.987669
4154.447359  0.946008
4155.070166  0.9671071
4155.692973  1.00265
4156.31578  0.9956399
4156.938587  0.9808505
4157.561394  0.9860873
4158.184201  1.01284
4158.807008  1.041543
4159.429815  1.06031
4160.052622  1.054259
4160.675429  1.027097
4161.298236  1.014194
4161.921043  1.030896
4162.54385  1.063585
4163.166657  1.083105
4163.789464  1.086352
4164.412271  1.091423
4165.035078  1.108273
4165.657885  1.110036
4166.280692  1.081818
4166.903499  1.036385
4167.526306  1.010318
4168.149113  1.036871
4168.77192  1.078764
4169.394727  1.080326
4170.017534  1.071491
4170.640341  1.035557
4171.263148  0.9631898
4171.885955  0.8926855
4172.508762  0.8596137
4173.131569  0.8720936
4173.754376  0.9116523
4174.377183  0.9563605
4174.99999  0.989277
4175.622797  1.003667
4176.245604  1.002089
4176.868411  0.9780807
4177.491218  0.9484705
4178.114025  0.9444813
4178.736832  0.9540296
4179.359639  0.9877561
4179.982446  1.043862
4180.605253  1.06797
4181.22806  1.035248
4181.850867  0.9802924
4182.473674  0.9687825
4183.096481  0.9805608
4183.719288  0.985374
4184.342095  0.9838191
4184.964902  1.020056
4185.587709  1.052454
4186.210516  1.032868
4186.833323  0.9725848
4187.45613  0.9419617
4188.078937  0.9618478
4188.701744  1.003932
4189.324551  1.062165
4189.947358  1.095261
4190.570165  1.072551
4191.192972  1.016205
4191.815779  1.017826
4192.438586  1.084455
4193.061393  1.13418
4193.6842  1.133958
4194.307007  1.098326
4194.929814  1.055948
4195.552621  1.016095
4196.175428  1.010809
4196.798235  1.025653
4197.421042  1.001009
4198.043849  0.9274802
4198.666656  0.8864626
4199.289463  0.9397931
4199.91227  1.00235
4200.535077  1.028634
4201.157884  1.008512
4201.780691  0.9630289
4202.403498  0.9688075
4203.026305  1.004182
4203.649112  1.002812
4204.271919  0.9990751
4204.894726  1.010564
4205.517533  1.029858
4206.14034  1.036192
4206.763147  1.035237
4207.385954  1.044317
4208.008761  1.066266
4208.631568  1.063891
4209.254375  1.035479
4209.877182  1.014365
4210.499989  1.0422
4211.122796  1.074442
4211.745603  1.095093
4212.36841  1.125976
4212.991217  1.118426
4213.614024  1.093354
4214.236831  1.071988
4214.859638  0.9934056
4215.482445  0.9291168
4216.105252  0.9370897
4216.728059  0.9865555
4217.350866  1.034751
4217.973673  1.055546
4218.59648  1.050791
4219.219287  1.039489
4219.842094  1.041855
4220.464901  1.063447
4221.087708  1.089491
4221.710515  1.075295
4222.333322  1.05017
4222.956129  1.063653
4223.578936  1.040219
4224.201743  0.9911722
4224.82455  0.9475009
4225.447357  0.8932847
4226.070164  0.8229652
4226.692971  0.7792815
4227.315778  0.8223145
4227.938585  0.9311946
4228.561392  1.030598
4229.184199  1.071532
4229.807006  1.093408
4230.429813  1.106027
4231.05262  1.109389
4231.675427  1.098181
4232.298234  1.036591
4232.921041  0.9691305
4233.543848  0.9594135
4234.166655  0.9849518
4234.789462  0.9983889
4235.412269  0.9856172
4236.035076  0.9812349
4236.657883  0.9972801
4237.28069  1.016504
4237.903497  1.015444
4238.526304  0.9991934
4239.149111  0.9773149
4239.771918  0.9696519
4240.394725  0.9972563
4241.017532  1.039937
4241.640339  1.057338
4242.263146  1.03258
4242.885953  1.020867
4243.50876  1.041845
4244.131567  1.071391
4244.754374  1.066527
4245.377181  1.034087
4245.999988  0.9864132
4246.622795  0.9346576
4247.245602  0.9263582
4247.868409  0.9629493
4248.491216  1.006901
4249.114023  1.02003
4249.73683  0.9932215
4250.359637  0.9597717
4250.982444  0.9728946
4251.605251  1.03107
4252.228058  1.078339
4252.850865  1.069759
4253.473672  1.052232
4254.096479  1.032049
4254.719286  1.016971
4255.342093  1.035847
4255.9649  1.063983
4256.587707  1.075433
4257.210514  1.062115
4257.833321  1.036866
4258.456128  1.012865
4259.078935  0.9889127
4259.701742  0.9496193
4260.324549  0.9215953
4260.947356  0.9335273
4261.570163  0.986186
4262.19297  1.031254
4262.815777  1.060879
4263.438584  1.0845
4264.061391  1.089962
4264.684198  1.079882
4265.307005  1.071064
4265.929812  1.078106
4266.552619  1.077886
4267.175426  1.064789
4267.798233  1.048136
4268.42104  1.028459
4269.043847  1.027757
4269.666654  1.036926
4270.289461  1.00709
4270.912268  0.9452474
4271.535075  0.8971094
4272.157882  0.9050837
4272.780689  0.9537933
4273.403496  0.9924947
4274.026303  0.990636
4274.64911  0.9732744
4275.271917  0.9802307
4275.894724  1.017283
4276.517531  1.052987
4277.140338  1.053607
4277.763145  1.048406
4278.385952  1.064241
4279.008759  1.065866
4279.631566  1.053529
4280.254373  1.039633
4280.87718  1.031114
4281.499987  1.025106
4282.122794  1.006984
4282.745601  0.9808504
4283.368408  0.9876694
4283.991215  1.006606
4284.614022  1.014755
4285.236829  1.018103
4285.859636  1.016711
4286.482443  1.009734
4287.10525  0.9948388
4287.728057  0.9693344
4288.350864  0.9371322
4288.973671  0.8909402
4289.596478  0.8198699
4290.219285  0.8085391
4290.842092  0.8768843
4291.464899  0.9659354
4292.087706  1.025893
4292.710513  1.037618
4293.33332  1.010979
4293.956127  0.9752127
4294.578934  0.9594167
4295.201741  0.9696585
4295.824548  0.9856873
4296.447355  0.9800969
4297.070162  0.9629309
4297.692969  0.9460927
4298.315776  0.9041409
4298.938583  0.8403711
4299.56139  0.7891681
4300.184197  0.7918531
4300.807004  0.8402221
4301.429811  0.8677413
4302.052618  0.8366247
4302.675425  0.8332249
4303.298232  0.8696692
4303.921039  0.9138079
4304.543846  0.9307808
4305.166653  0.9219202
4305.78946  0.9101259
4306.412267  0.9088275
4307.035074  0.8952147
4307.657881  0.8532506
4308.280688  0.8130938
4308.903495  0.8441421
4309.526302  0.8961942
4310.149109  0.939135
4310.771916  0.9822087
4311.394723  0.9980873
4312.01753  0.9787992
4312.640337  0.942832
4313.263144  0.9202818
4313.885951  0.8871523
4314.508758  0.8541161
4315.131565  0.8758578
4315.754372  0.9476669
4316.377179  1.018994
4316.999986  1.039916
4317.622793  1.016456
4318.2456  0.9899206
4318.868407  0.9957926
4319.491214  1.023293
4320.114021  0.9907047
4320.736828  0.9365337
4321.359635  0.9486074
4321.982442  0.9702762
4322.605249  0.9901986
4323.228056  0.9975716
4323.850863  0.9551742
4324.47367  0.8950641
4325.096477  0.8349903
4325.719284  0.78848
4326.342091  0.8315085
4326.964898  0.9112131
4327.587705  0.9555414
4328.210512  0.985596
4328.833319  0.9820189
4329.456126  0.949218
4330.078933  0.9200206
4330.70174  0.8992651
4331.324547  0.8986118
4331.947354  0.9160816
4332.570161  0.914135
4333.192968  0.8990226
4333.815775  0.8879483
4334.438582  0.8855447
4335.061389  0.8720764
4335.684196  0.844552
4336.307003  0.8040894
4336.92981  0.7320949
4337.552617  0.6595395
4338.175424  0.6121249
4338.798231  0.5719786
4339.421038  0.5036096
4340.043845  0.4253888
4340.666652  0.3988081
4341.289459  0.4619252
4341.912266  0.5650262
4342.535073  0.6436887
4343.15788  0.6896517
4343.780687  0.7115364
4344.403494  0.7375014
4345.026301  0.7875881
4345.649108  0.8211015
4346.271915  0.845904
4346.894722  0.8762652
4347.517529  0.8826124
4348.140336  0.8877083
4348.763143  0.9118198
4349.38595  0.9406069
4350.008757  0.9313743
4350.631564  0.8784592
4351.254371  0.817032
4351.877178  0.795385
4352.499985  0.8316407
4353.122792  0.8980796
4353.745599  0.9393455
4354.368406  0.9476193
4354.991213  0.9476341
4355.61402  0.9648975
4356.236827  0.9897414
4356.859634  1.005106
4357.482441  0.997656
4358.105248  0.9678308
4358.728055  0.9470414
4359.350862  0.9534946
4359.973669  0.9788072
4360.596476  1.003787
4361.219283  1.025536
4361.84209  1.042967
4362.464897  1.044332
4363.087704  1.042966
4363.710511  1.051302
4364.333318  1.06725
4364.956125  1.077846
4365.578932  1.072792
4366.201739  1.049017
4366.824546  1.013667
4367.447353  0.9828473
4368.07016  0.9698012
4368.692967  0.9768609
4369.315774  0.9911444
4369.938581  1.001979
4370.561388  1.007215
4371.184195  1.009032
4371.807002  1.032592
4372.429809  1.062336
4373.052616  1.02935
4373.675423  0.9667704
4374.29823  0.9118021
4374.921037  0.8823271
4375.543844  0.9074291
4376.166651  0.9698744
4376.789458  1.028502
4377.412265  1.055053
4378.035072  1.064395
4378.657879  1.06466
4379.280686  1.050332
4379.903493  1.041582
4380.5263  1.048381
4381.149107  1.061656
4381.771914  1.054672
4382.394721  0.9921781
4383.017528  0.8944923
4383.640335  0.8357153
4384.263142  0.8289497
4384.885949  0.8585151
4385.508756  0.9033872
4386.131563  0.9560593
4386.75437  0.9950603
4387.377177  1.000455
4387.999984  0.9758952
4388.622791  0.9882237
4389.245598  1.02301
4389.868405  1.015875
4390.491212  0.9870628
4391.114019  0.9822879
4391.736826  1.013903
4392.359633  1.033732
4392.98244  1.032874
4393.605247  1.010337
4394.228054  0.9667861
4394.850861  0.9128415
4395.473668  0.9061782
4396.096475  0.9732717
4396.719282  1.040794
4397.342089  1.062171
4397.964896  1.041629
4398.587703  1.016613
4399.21051  0.9824981
4399.833317  0.9394215
4400.456124  0.906948
4401.078931  0.9187485
4401.701738  0.9584036
4402.324545  0.9976119
4402.947352  1.022659
4403.570159  1.006614
4404.192966  0.9650097
4404.815773  0.9446048
4405.43858  0.9711843
4406.061387  1.018535
4406.684194  1.04218
4407.307001  1.019093
4407.929808  0.9755937
4408.552615  0.9558297
4409.175422  0.982803
4409.798229  1.011542
4410.421036  1.020354
4411.043843  1.019354
4411.66665  1.030879
4412.289457  1.052345
4412.912264  1.064267
4413.535071  1.047376
4414.157878  0.9977698
4414.780685  0.9362058
4415.403492  0.8995368
4416.026299  0.9236381
4416.649106  0.953323
4417.271913  0.9465386
4417.89472  0.9329764
4418.517527  0.9670283
4419.140334  1.025821
4419.763141  1.052652
4420.385948  1.068243
4421.008755  1.057433
4421.631562  1.01684
4422.254369  0.9819418
4422.877176  0.9762819
4423.499983  0.9994887
4424.12279  1.026595
4424.745597  1.023723
4425.368404  1.014231
4425.991211  1.019783
4426.614018  1.011869
4427.236825  0.996254
4427.859632  1.001297
4428.482439  1.042009
4429.105246  1.054779
4429.728053  1.023592
4430.35086  0.9839717
4430.973667  0.9860929
4431.596474  1.008591
4432.219281  1.015841
4432.842088  0.9983162
4433.464895  0.9761471
4434.087702  0.9513693
4434.710509  0.9201882
4435.333316  0.9085369
4435.956123  0.9337893
4436.57893  0.9873728
4437.201737  1.037127
4437.824544  1.062855
4438.447351  1.06878
4439.070158  1.070775
4439.692965  1.07276
4440.315772  1.060884
4440.938579  1.02732
4441.561386  0.9837386
4442.184193  0.9361664
4442.807  0.8902622
4443.429807  0.8602399
4444.052614  0.8832942
4444.675421  0.946306
4445.298228  1.009458
4445.921035  1.047623
4446.543842  1.030939
4447.166649  0.9926496
4447.789456  1.005873
4448.412263  1.020863
4449.03507  1.016441
4449.657877  1.003405
4450.280684  0.9813617
4450.903491  0.9798559
4451.526298  1.004172
4452.149105  1.019122
4452.771912  1.022053
4453.394719  0.9983457
4454.017526  0.9376254
4454.640333  0.8758543
4455.26314  0.8571769
4455.885947  0.8899084
4456.508754  0.9307775
4457.131561  0.9537467
4457.754368  0.9503836
4458.377175  0.9303212
4458.999982  0.9184271
4459.622789  0.9357235
4460.245596  0.9629617
4460.868403  0.9354762
4461.49121  0.9017146
4462.114017  0.91171
4462.736824  0.9559452
4463.359631  0.9783676
4463.982438  0.975469
4464.605245  0.9761905
4465.228052  0.986819
4465.850859  0.9886602
4466.473666  0.9742683
4467.096473  0.9598218
4467.71928  0.9464809
4468.342087  0.9219303
4468.964894  0.8893859
4469.587701  0.9016954
4470.210508  0.9362898
4470.833315  0.963416
4471.456122  0.9943243
4472.078929  1.00684
4472.701736  1.005553
4473.324543  1.017105
4473.94735  1.041795
4474.570157  1.044227
4475.192964  1.012742
4475.815771  0.9970288
4476.438578  1.00357
4477.061385  1.019003
4477.684192  1.028272
4478.306999  1.02678
4478.929806  1.009377
4479.552613  0.9719769
4480.17542  0.9144659
4480.798227  0.8527327
4481.421034  0.8184154
4482.043841  0.8420176
4482.666648  0.9096172
4483.289455  0.9750248
4483.912262  0.9984682
4484.535069  0.9926128
4485.157876  0.9998472
4485.780683  1.028219
4486.40349  1.031586
4487.026297  1.017999
4487.649104  1.006522
4488.271911  0.06375444
4488.894718  0.
4489.517525  0.
4490.140332  0.
4490.763139  0.
4491.385946  0.
4492.008753  0.
4492.63156  0.
4493.254367  0.
4493.877174  0.
4494.499981  0.
4495.122788  0.
4495.745595  0.
4496.368402  0.
4496.991209  0.
4497.614016  0.
4498.236823  0.
4498.85963  0.
4499.482437  0.
4500.105244  0.
4500.728051  0.
4501.350858  0.
4501.973665  0.
4502.596472  0.
4503.219279  0.
4503.842086  0.
4504.464893  0.
4505.0877  0.
4505.710507  0.
4506.333314  0.
4506.956121  0.
4507.578928  0.
4508.201735  0.
4508.824542  0.
