3820.  0.07200713
3820.622807  0.06167319
3821.245614  0.07756475
3821.868421  0.1035551
3822.491228  0.1188173
3823.114035  0.1147559
3823.736842  0.1001684
3824.359649  0.0853399
3824.982456  0.07568914
3825.605263  0.07017627
3826.22807  0.07286198
3826.850877  0.08180837
3827.473684  0.08870788
3828.096491  0.09988192
3828.719298  0.1114461
3829.342105  0.1161968
3829.964912  0.1208327
3830.587719  0.12661
3831.210526  0.1257265
3831.833333  0.1078502
3832.45614  0.09245691
3833.078947  0.08735099
3833.701754  0.08646828
3834.324561  0.09310972
3834.947368  0.1078818
3835.570175  0.1251301
3836.192982  0.1339291
3836.815789  0.130136
3837.438596  0.116628
3838.061403  0.102041
3838.68421  0.09960245
3839.307017  0.09937783
3839.929824  0.08996611
3840.552631  0.08423861
3841.175438  0.09025516
3841.798245  0.109342
3842.421052  0.1342829
3843.043859  0.1439799
3843.666666  0.1439439
3844.289473  0.1493178
3844.91228  0.1502931
3845.535087  0.1489395
3846.157894  0.1486938
3846.780701  0.1473995
3847.403508  0.1482664
3848.026315  0.1482324
3848.649122  0.1397641
3849.271929  0.1202561
3849.894736  0.1039079
3850.517543  0.1056311
3851.14035  0.1251107
3851.763157  0.1459585
3852.385964  0.1530685
3853.008771  0.1440416
3853.631578  0.1335175
3854.254385  0.1320776
3854.877192  0.1365142
3855.499999  0.1303737
3856.122806  0.1179978
3856.745613  0.1133433
3857.36842  0.1220727
3857.991227  0.1142348
3858.614034  0.09662508
3859.236841  0.09062357
3859.859648  0.08424839
3860.482455  0.08242016
3861.105262  0.0960132
3861.728069  0.1269725
3862.350876  0.1501988
3862.973683  0.15548
3863.59649  0.1496873
3864.219297  0.1373302
3864.842104  0.1270742
3865.464911  0.1244901
3866.087718  0.127333
3866.710525  0.1316822
3867.333332  0.1319179
3867.956139  0.126188
3868.578946  0.1264751
3869.201753  0.1237312
3869.82456  0.1116618
3870.447367  0.1087926
3871.070174  0.1068122
3871.692981  0.1019215
3872.315788  0.102873
3872.938595  0.1072299
3873.561402  0.1230612
3874.184209  0.1525927
3874.807016  0.1723944
3875.429823  0.1762991
3876.05263  0.1679361
3876.675437  0.1521831
3877.298244  0.1293058
3877.921051  0.1064578
3878.543858  0.1000075
3879.166665  0.1308853
3879.789472  0.1603737
3880.412279  0.1549801
3881.035086  0.132932
3881.657893  0.1110368
3882.2807  0.1103526
3882.903507  0.1451614
3883.526314  0.2037892
3884.149121  0.2386838
3884.771928  0.2151272
3885.394735  0.1538519
3886.017542  0.1063833
3886.640349  0.100201
3887.263156  0.1223792
3887.885963  0.1486942
3888.50877  0.1726084
3889.131577  0.1989718
3889.754384  0.2262587
3890.377191  0.2424672
3890.999998  0.2546752
3891.622805  0.2866772
3892.245612  0.3147765
3892.868419  0.3177024
3893.491226  0.2970965
3894.114033  0.2820636
3894.73684  0.2480532
3895.359647  0.1996717
3895.982454  0.201699
3896.605261  0.2420558
3897.228068  0.2676214
3897.850875  0.2431234
3898.473682  0.2229055
3899.096489  0.2080083
3899.719296  0.1938622
3900.342103  0.2157002
3900.96491  0.2581805
3901.587717  0.2826554
3902.210524  0.2619871
3902.833331  0.2185987
3903.456138  0.2104338
3904.078945  0.2489103
3904.701752  0.2435261
3905.324559  0.2020816
3905.947366  0.176078
3906.570173  0.1990054
3907.19298  0.2292831
3907.815787  0.2562257
3908.438594  0.2905897
3909.061401  0.3149621
3909.684208  0.3167861
3910.307015  0.3004246
3910.929822  0.2863879
3911.552629  0.2902902
3912.175436  0.3000088
3912.798243  0.2978147
3913.42105  0.3066055
3914.043857  0.3152954
3914.666664  0.3111665
3915.289471  0.3060678
3915.912278  0.282032
3916.535085  0.2517818
3917.157892  0.2496587
3917.780699  0.2602873
3918.403506  0.2583925
3919.026313  0.2335713
3919.64912  0.2032613
3920.271927  0.1713275
3920.894734  0.1521202
3921.517541  0.1628357
3922.140348  0.1675363
3922.763155  0.1651817
3923.385962  0.1786553
3924.008769  0.2109544
3924.631576  0.2246124
3925.254383  0.2062178
3925.87719  0.1895267
3926.499997  0.1805554
3927.122804  0.1666391
3927.745611  0.1385894
3928.368418  0.1182539
3928.991225  0.1095716
3929.614032  0.103085
3930.236839  0.08904427
3930.859646  0.07573768
3931.482453  0.06645068
3932.10526  0.05676335
3932.728067  0.04856514
3933.350874  0.04510004
3933.973681  0.04621309
3934.596488  0.04667792
3935.219295  0.05022811
3935.842102  0.0636321
3936.464909  0.08844779
3937.087716  0.1100075
3937.710523  0.123817
3938.33333  0.1369834
3938.956137  0.1591491
3939.578944  0.1782799
3940.201751  0.1821381
3940.824558  0.1732859
3941.447365  0.1685621
3942.070172  0.1740759
3942.692979  0.1772766
3943.315786  0.1527218
3943.938593  0.1266502
3944.5614  0.1331645
3945.184207  0.1749636
3945.807014  0.2378538
3946.429821  0.2805808
3947.052628  0.2711951
3947.675435  0.2498961
3948.298242  0.2350058
3948.921049  0.2357121
3949.543856  0.2700545
3950.166663  0.3209572
3950.78947  0.3561851
3951.412277  0.3499334
3952.035084  0.302186
3952.657891  0.2636095
3953.280698  0.2834557
3953.903505  0.3472957
3954.526312  0.3897705
3955.149119  0.3706869
3955.771926  0.3121355
3956.394733  0.2725221
3957.01754  0.2698322
3957.640347  0.2821613
3958.263154  0.2857806
3958.885961  0.2896539
3959.508768  0.2906816
3960.131575  0.2561031
3960.754382  0.1946061
3961.377189  0.1402823
3961.999996  0.1233572
3962.622803  0.1327314
3963.24561  0.1503807
3963.868417  0.1602638
3964.491224  0.1544438
3965.114031  0.1409241
3965.736838  0.1219485
3966.359645  0.09443687
3966.982452  0.07345611
3967.605259  0.06005953
3968.228066  0.05093037
3968.850873  0.05287113
3969.47368  0.06512488
3970.096487  0.08227421
3970.719294  0.0990805
3971.342101  0.1176068
3971.964908  0.1377441
3972.587715  0.1567123
3973.210522  0.1720942
3973.833329  0.1890649
3974.456136  0.2149883
3975.078943  0.2504376
3975.70175  0.273794
3976.324557  0.280788
3976.947364  0.2878451
3977.570171  0.314845
3978.192978  0.3389299
3978.815785  0.3480803
3979.438592  0.3719293
3980.061399  0.401661
3980.684206  0.4102544
3981.307013  0.3845895
3981.92982  0.3649524
3982.552627  0.3654098
3983.175434  0.3736692
3983.798241  0.3729452
3984.421048  0.376984
3985.043855  0.4023839
3985.666662  0.4430638
3986.289469  0.4440102
3986.912276  0.4356177
3987.535083  0.469587
3988.15789  0.5111386
3988.780697  0.4910378
3989.403504  0.4137
3990.026311  0.3724056
3990.649118  0.3958846
3991.271925  0.438573
3991.894732  0.4485504
3992.517539  0.4630805
3993.140346  0.4848809
3993.763153  0.4924036
3994.38596  0.4691632
3995.008767  0.451248
3995.631574  0.4489415
3996.254381  0.4419721
3996.877188  0.4277571
3997.499995  0.4072125
3998.122802  0.4013323
3998.745609  0.4499327
3999.368416  0.5245316
3999.991223  0.5714049
4000.61403  0.5607978
4001.236837  0.5388924
4001.859644  0.5397452
4002.482451  0.5694057
4003.105258  0.609886
4003.728065  0.5891342
4004.350872  0.4855557
4004.973679  0.3673676
4005.596486  0.325088
4006.219293  0.3615396
4006.8421  0.4206965
4007.464907  0.4754693
4008.087714  0.5090368
4008.710521  0.5258526
4009.333328  0.5449191
4009.956135  0.5600882
4010.578942  0.5530359
4011.201749  0.5218421
4011.824556  0.5157161
4012.447363  0.5342396
4013.07017  0.5546076
4013.692977  0.5684528
4014.315784  0.5779757
4014.938591  0.5976586
4015.561398  0.6315708
4016.184205  0.6299398
4016.807012  0.5851906
4017.429819  0.5373031
4018.052626  0.5443965
4018.675433  0.6017956
4019.29824  0.6486466
4019.921047  0.6245874
4020.543854  0.5899309
4021.166661  0.570304
4021.789468  0.5568337
4022.412275  0.55579
4023.035082  0.5650526
4023.657889  0.5540743
4024.280696  0.491357
4024.903503  0.4795694
4025.52631  0.5231221
4026.149117  0.5510837
4026.771924  0.56822
4027.394731  0.5935257
4028.017538  0.6356111
4028.640345  0.6740615
4029.263152  0.62797
4029.885959  0.4974717
4030.508766  0.3712532
4031.131573  0.3309705
4031.75438  0.3450938
4032.377187  0.3417582
4032.999994  0.3041096
4033.622801  0.2841569
4034.245608  0.3067432
4034.868415  0.3484331
4035.491222  0.4090694
4036.114029  0.4859094
4036.736836  0.5640283
4037.359643  0.6137697
4037.98245  0.6265153
4038.605257  0.6107321
4039.228064  0.5840821
4039.850871  0.5571635
4040.473678  0.5372744
4041.096485  0.5329036
4041.719292  0.5549532
4042.342099  0.5816517
4042.964906  0.5703138
4043.587713  0.4868845
4044.21052  0.3750036
4044.833327  0.2713271
4045.456134  0.1957919
4046.078941  0.1910807
4046.701748  0.2641619
4047.324555  0.374694
4047.947362  0.4536157
4048.570169  0.5029366
4049.192976  0.540085
4049.815783  0.5722971
4050.43859  0.6022789
4051.061397  0.6141438
4051.684204  0.6009704
4052.307011  0.5895321
4052.929818  0.5798686
4053.552625  0.553585
4054.175432  0.4982463
4054.798239  0.4460304
4055.421046  0.4383853
4056.043853  0.4732732
4056.66666  0.4692191
4057.289467  0.4200411
4057.912274  0.3730844
4058.535081  0.3794347
4059.157888  0.4264163
4059.780695  0.4807951
4060.403502  0.5181986
4061.026309  0.5410517
4061.649116  0.5122257
4062.271923  0.4187904
4062.89473  0.3150432
4063.517537  0.2367059
4064.140344  0.2373937
4064.763151  0.3442831
4065.385958  0.4562254
4066.008765  0.4912395
4066.631572  0.4485869
4067.254379  0.4164515
4067.877186  0.4460819
4068.499993  0.52273
4069.1228  0.5848467
4069.745607  0.6022851
4070.368414  0.5404359
4070.991221  0.4089361
4071.614028  0.3094417
4072.236835  0.3211523
4072.859642  0.4324675
4073.482449  0.5438745
4074.105256  0.5863854
4074.728063  0.5607514
4075.35087  0.5062765
4075.973677  0.4359913
4076.596484  0.359767
4077.219291  0.3124633
4077.842098  0.3462408
4078.464905  0.4223385
4079.087712  0.4911773
4079.710519  0.5397895
4080.333326  0.6096714
4080.956133  0.676675
4081.57894  0.6894867
4082.201747  0.6315035
4082.824554  0.5619915
4083.447361  0.534201
4084.070168  0.5492745
4084.692975  0.5487349
4085.315782  0.5326462
4085.938589  0.5363427
4086.561396  0.5727714
4087.184203  0.6253277
4087.80701  0.6750731
4088.429817  0.7115065
4089.052624  0.7152942
4089.675431  0.6747025
4090.298238  0.6130242
4090.921045  0.6045133
4091.543852  0.6017793
4092.166659  0.564815
4092.789466  0.5432317
4093.412273  0.5969403
4094.03508  0.6517172
4094.657887  0.5948541
4095.280694  0.4999524
4095.903501  0.4401335
4096.526308  0.4373246
4097.149115  0.455877
4097.771922  0.4716796
4098.394729  0.4938861
4099.017536  0.5342709
4099.640343  0.5277578
4100.26315  0.4687243
4100.885957  0.4059681
4101.508764  0.3988394
4102.131571  0.4510816
4102.754378  0.5143094
4103.377185  0.5276248
4103.999992  0.4995519
4104.622799  0.4816619
4105.245606  0.5183027
4105.868413  0.5950539
4106.49122  0.6530699
4107.114027  0.6553078
4107.736834  0.6195921
4108.359641  0.592535
4108.982448  0.5655524
4109.605255  0.5135149
4110.228062  0.4834759
4110.850869  0.4683149
4111.473676  0.4513584
4112.096483  0.4456036
4112.71929  0.473082
4113.342097  0.5167169
4113.964904  0.5388061
4114.587711  0.5471586
4115.210518  0.5522713
4115.833325  0.5575609
4116.456132  0.5582491
4117.078939  0.5691871
4117.701746  0.5512943
4118.324553  0.4576883
4118.94736  0.4084749
4119.570167  0.4399488
4120.192974  0.4978791
4120.815781  0.5100175
4121.438588  0.4936454
4122.061395  0.4801915
4122.684202  0.4713445
4123.307009  0.4561254
4123.929816  0.4742883
4124.552623  0.5477982
4125.17543  0.5818632
4125.798237  0.5784281
4126.421044  0.5657454
4127.043851  0.5428111
4127.666658  0.5164259
4128.289465  0.4982857
4128.912272  0.490481
4129.535079  0.4661032
4130.157886  0.4486669
4130.780693  0.4423013
4131.4035  0.3934744
4132.026307  0.3469064
4132.649114  0.3485038
4133.271921  0.3903492
4133.894728  0.3931978
4134.517535  0.3949375
4135.140342  0.4547407
4135.763149  0.529397
4136.385956  0.5497012
4137.008763  0.5216217
4137.63157  0.5180425
4138.254377  0.5200443
4138.877184  0.5126035
4139.499991  0.5050123
4140.122798  0.5215783
4140.745605  0.5399787
4141.368412  0.5144751
4141.991219  0.4188985
4142.614026  0.3120106
4143.236833  0.2454555
4143.85964  0.2403725
4144.482447  0.2999088
4145.105254  0.3874269
4145.728061  0.4517775
4146.350868  0.4616028
4146.973675  0.457567
4147.596482  0.4583744
4148.219289  0.4482466
4148.842096  0.424346
4149.464903  0.3928918
4150.08771  0.3690192
4150.710517  0.3691913
4151.333324  0.3652417
4151.956131  0.3604758
4152.578938  0.3842967
4153.201745  0.3973579
4153.824552  0.3957539
4154.447359  0.3955915
4155.070166  0.3925861
4155.692973  0.3777644
4156.31578  0.3604686
4156.938587  0.3674932
4157.561394  0.4023907
4158.184201  0.458027
4158.807008  0.5151005
4159.429815  0.539827
4160.052622  0.5238274
4160.675429  0.4893793
4161.298236  0.4784407
4161.921043  0.5127004
4162.54385  0.5621209
4163.166657  0.5729604
4163.789464  0.5288357
4164.412271  0.4711425
4165.035078  0.4501443
4165.657885  0.4709415
4166.280692  0.4598738
4166.903499  0.4100498
4167.526306  0.3916475
4168.149113  0.4372127
4168.77192  0.492478
4169.394727  0.5079214
4170.017534  0.5250669
4170.640341  0.5380346
4171.263148  0.5115606
4171.885955  0.4239867
4172.508762  0.3439874
4173.131569  0.3255569
4173.754376  0.3679608
4174.377183  0.4113594
4174.99999  0.4341264
4175.622797  0.441078
4176.245604  0.4429396
4176.868411  0.4259647
4177.491218  0.4061119
4178.114025  0.4127636
4178.736832  0.4417735
4179.359639  0.458344
4179.982446  0.4441308
4180.605253  0.4218774
4181.22806  0.4061502
4181.850867  0.4137214
4182.473674  0.4509586
4183.096481  0.4877467
4183.719288  0.5264802
4184.342095  0.5804483
4184.964902  0.638235
4185.587709  0.6329901
4186.210516  0.5461032
4186.833323  0.4387957
4187.45613  0.4022188
4188.078937  0.4513932
4188.701744  0.5336497
4189.324551  0.5799817
4189.947358  0.5735677
4190.570165  0.5366872
4191.192972  0.5077911
4191.815779  0.5209301
4192.438586  0.5689197
4193.061393  0.6107216
4193.6842  0.6024495
4194.307007  0.5643393
4194.929814  0.5210299
4195.552621  0.4667135
4196.175428  0.4159447
4196.798235  0.3953921
4197.421042  0.4116591
4198.043849  0.4113441
4198.666656  0.4169518
4199.289463  0.455237
4199.91227  0.4941892
4200.535077  0.4945728
4201.157884  0.4445969
4201.780691  0.3813293
4202.403498  0.395956
4203.026305  0.4682228
4203.649112  0.5201188
4204.271919  0.5129347
4204.894726  0.5087752
4205.517533  0.5423559
4206.14034  0.580339
4206.763147  0.5974434
4207.385954  0.6057087
4208.008761  0.6232746
4208.631568  0.6308852
4209.254375  0.6015426
4209.877182  0.5479578
4210.499989  0.5240074
4211.122796  0.5467655
4211.745603  0.5841493
4212.36841  0.5896508
4212.991217  0.5545416
4213.614024  0.5053341
4214.236831  0.4486187
4214.859638  0.3628195
4215.482445  0.3323352
4216.105252  0.4317802
4216.728059  0.6356699
4217.350866  0.7614331
4217.973673  0.7981699
4218.59648  0.8031492
4219.219287  0.7758585
4219.842094  0.7687083
4220.464901  0.7931472
4221.087708  0.8037939
4221.710515  0.7593399
4222.333322  0.6781985
4222.956129  0.6016853
4223.578936  0.5402182
4224.201743  0.4678309
4224.82455  0.3679048
4225.447357  0.2551121
4226.070164  0.1551326
4226.692971  0.1050494
4227.315778  0.1399345
4227.938585  0.2733223
4228.561392  0.4327186
4229.184199  0.5416844
4229.807006  0.5913318
4230.429813  0.6794018
4231.05262  0.7768037
4231.675427  0.7756464
4232.298234  0.67852
4232.921041  0.5753181
4233.543848  0.5535776
4234.166655  0.6169646
4234.789462  0.6505864
4235.412269  0.6084555
4236.035076  0.5520627
4236.657883  0.5601709
4237.28069  0.61051
4237.903497  0.6444906
4238.526304  0.6537819
4239.149111  0.6468927
4239.771918  0.6466276
4240.394725  0.6746078
4241.017532  0.7206583
4241.640339  0.7468184
4242.263146  0.7356427
4242.885953  0.7315855
4243.50876  0.8046957
4244.131567  0.9283807
4244.754374  0.9822728
4245.377181  0.9527068
4245.999988  0.8763558
4246.622795  0.7963227
4247.245602  0.7295415
4247.868409  0.6954433
4248.491216  0.6852097
4249.114023  0.6537641
4249.73683  0.5516925
4250.359637  0.4483217
4250.982444  0.4585443
4251.605251  0.5578493
4252.228058  0.6589977
4252.850865  0.6709507
4253.473672  0.5616147
4254.096479  0.447409
4254.719286  0.4262444
4255.342093  0.5093029
4255.9649  0.6484586
4256.587707  0.7867137
4257.210514  0.8563277
4257.833321  0.7891819
4258.456128  0.6835376
4259.078935  0.6101618
4259.701742  0.5447859
4260.324549  0.4801468
4260.947356  0.4691012
4261.570163  0.5567675
4262.19297  0.6917643
4262.815777  0.826635
4263.438584  0.9089546
4264.061391  0.9038819
4264.684198  0.8961606
4265.307005  0.9178097
4265.929812  0.9341738
4266.552619  0.9111995
4267.175426  0.8325615
4267.798233  0.7337201
4268.42104  0.6876624
4269.043847  0.6708322
4269.666654  0.6321872
4270.289461  0.5374972
4270.912268  0.3940363
4271.535075  0.2986787
4272.157882  0.3272037
4272.780689  0.4356522
4273.403496  0.4935117
4274.026303  0.4491256
4274.64911  0.3828773
4275.271917  0.4419978
4275.894724  0.5809919
4276.517531  0.6847519
4277.140338  0.7563678
4277.763145  0.8332188
4278.385952  0.8964749
4279.008759  0.8697037
4279.631566  0.7477874
4280.254373  0.6408109
4280.87718  0.6470329
4281.499987  0.6959974
4282.122794  0.7055687
4282.745601  0.6853598
4283.368408  0.7255284
4283.991215  0.7450803
4284.614022  0.7078446
4285.236829  0.6583682
4285.859636  0.6550819
4286.482443  0.6970555
4287.10525  0.7421803
4287.728057  0.7423622
4288.350864  0.6560216
4288.973671  0.5143661
4289.596478  0.4088441
4290.219285  0.420304
4290.842092  0.4765308
4291.464899  0.5197312
4292.087706  0.6393898
4292.710513  0.750044
4293.33332  0.749024
4293.956127  0.6377202
4294.578934  0.5925881
4295.201741  0.65172
4295.824548  0.723595
4296.447355  0.7096736
4297.070162  0.6723207
4297.692969  0.6440648
4298.315776  0.5613645
4298.938583  0.4372297
4299.56139  0.3520888
4300.184197  0.376986
4300.807004  0.4752218
4301.429811  0.5329611
4302.052618  0.5017669
4302.675425  0.4628058
4303.298232  0.4891763
4303.921039  0.5470828
4304.543846  0.5467882
4305.166653  0.4871878
4305.78946  0.4294638
4306.412267  0.4023104
4307.035074  0.3545367
4307.657881  0.3016415
4308.280688  0.2853589
4308.903495  0.3275949
4309.526302  0.3834264
4310.149109  0.444545
4310.771916  0.512503
4311.394723  0.5591514
4312.01753  0.5965571
4312.640337  0.6491683
4313.263144  0.716274
4313.885951  0.708271
4314.508758  0.6938829
4315.131565  0.798557
4315.754372  1.010887
4316.377179  1.160346
4316.999986  1.162219
4317.622793  1.110072
4318.2456  1.044443
4318.868407  1.008846
4319.491214  1.00967
4320.114021  0.9594628
4320.736828  0.883156
4321.359635  0.8592254
4321.982442  0.9175786
4322.605249  0.8871925
4323.228056  0.7424909
4323.850863  0.5999889
4324.47367  0.4813775
4325.096477  0.373447
4325.719284  0.3115187
4326.342091  0.4048932
4326.964898  0.6176941
4327.587705  0.8552167
4328.210512  1.031065
4328.833319  1.108038
4329.456126  1.063813
4330.078933  0.9442888
4330.70174  0.8908143
4331.324547  0.9311447
4331.947354  0.9997669
4332.570161  1.015773
4333.192968  1.025662
4333.815775  1.054689
4334.438582  1.102141
4335.061389  1.174859
4335.684196  1.202313
4336.307003  1.096023
4336.92981  0.8431451
4337.552617  0.6714211
4338.175424  0.6608129
4338.798231  0.7098541
4339.421038  0.701831
4340.043845  0.6542382
4340.666652  0.6534191
4341.289459  0.7549813
4341.912266  0.9124585
4342.535073  1.000784
4343.15788  0.9391404
4343.780687  0.8645024
4344.403494  0.9027088
4345.026301  1.033262
4345.649108  1.068798
4346.271915  1.002998
4346.894722  0.934514
4347.517529  0.9649619
4348.140336  1.077876
4348.763143  1.206536
4349.38595  1.258365
4350.008757  1.145349
4350.631564  0.9052997
4351.254371  0.6730202
4351.877178  0.5928841
4352.499985  0.6667467
4353.122792  0.7906175
4353.745599  0.8569926
4354.368406  0.8667811
4354.991213  0.8754593
4355.61402  0.9234393
4356.236827  0.9960709
4356.859634  1.057357
4357.482441  1.050273
4358.105248  0.9511478
4358.728055  0.8449144
4359.350862  0.8044294
4359.973669  0.8522739
4360.596476  0.9517145
4361.219283  1.064467
4361.84209  1.117154
4362.464897  1.06111
4363.087704  0.9961065
4363.710511  1.02241
4364.333318  1.142068
4364.956125  1.231039
4365.578932  1.225314
4366.201739  1.125039
4366.824546  0.9775447
4367.447353  0.8480267
4368.07016  0.8200471
4368.692967  0.9014052
4369.315774  0.9575911
4369.938581  0.963288
4370.561388  0.9537352
4371.184195  0.9678641
4371.807002  1.006829
4372.429809  1.000866
4373.052616  0.9018685
4373.675423  0.8012013
4374.29823  0.71663
4374.921037  0.6543714
4375.543844  0.6582043
4376.166651  0.7800545
4376.789458  0.9427331
4377.412265  1.024683
4378.035072  1.06408
4378.657879  1.047219
4379.280686  0.9705392
4379.903493  0.897168
4380.5263  0.8486371
4381.149107  0.8105806
4381.771914  0.7359954
4382.394721  0.552375
4383.017528  0.3470663
4383.640335  0.2492559
4384.263142  0.2771134
4384.885949  0.4354424
4385.508756  0.6567438
4386.131563  0.819002
4386.75437  0.8565095
4387.377177  0.823067
4387.999984  0.8046073
4388.622791  0.7999318
4389.245598  0.777732
4389.868405  0.7402022
4390.491212  0.732545
4391.114019  0.7550566
4391.736826  0.8024918
4392.359633  0.8547211
4392.98244  0.8574986
4393.605247  0.8265855
4394.228054  0.7932585
4394.850861  0.7689523
4395.473668  0.8387312
4396.096475  0.989035
4396.719282  1.11724
4397.342089  1.156315
4397.964896  1.119464
4398.587703  1.053864
4399.21051  0.9826658
4399.833317  0.8775818
4400.456124  0.7885805
4401.078931  0.8243822
4401.701738  0.9904772
4402.324545  1.088879
4402.947352  0.9529331
4403.570159  0.6846598
4404.192966  0.4493708
4404.815773  0.3761552
4405.43858  0.4825946
4406.061387  0.642787
4406.684194  0.7394668
4407.307001  0.7300292
4407.929808  0.6631567
4408.552615  0.6797917
4409.175422  0.8313674
4409.798229  1.010668
4410.421036  1.107734
4411.043843  1.107879
4411.66665  1.080264
4412.289457  1.097741
4412.912264  1.117806
4413.535071  1.036238
4414.157878  0.8002136
4414.780685  0.6178708
4415.403492  0.6216546
4416.026299  0.7597395
4416.649106  0.8703547
4417.271913  0.9401045
4417.89472  1.019524
4418.517527  1.101758
4419.140334  1.151183
4419.763141  1.154158
4420.385948  1.121972
4421.008755  1.036322
4421.631562  0.9062912
4422.254369  0.7952745
4422.877176  0.8108132
4423.499983  0.9175773
4424.12279  1.008889
4424.745597  1.004399
4425.368404  0.9739607
4425.991211  0.9654543
4426.614018  0.9727005
4427.236825  0.9659776
4427.859632  1.032563
4428.482439  1.128281
4429.105246  1.045547
4429.728053  0.8688205
4430.35086  0.7769831
4430.973667  0.8714717
4431.596474  1.036622
4432.219281  1.11528
4432.842088  1.051226
4433.464895  0.9343512
4434.087702  0.8006251
4434.710509  0.6951689
4435.333316  0.6745402
4435.956123  0.7709838
4436.57893  0.9213043
4437.201737  1.037648
4437.824544  1.094392
4438.447351  1.175841
4439.070158  1.257757
4439.692965  1.218908
4440.315772  1.099272
4440.938579  0.9573472
4441.561386  0.8465023
4442.184193  0.8074747
4442.807  0.8241885
4443.429807  0.8750354
4444.052614  0.9634096
4444.675421  1.113049
4445.298228  1.254228
4445.921035  1.282755
4446.543842  1.176931
4447.166649  1.100358
4447.789456  1.151669
4448.412263  1.233078
4449.03507  1.200325
4449.657877  1.086572
4450.280684  1.040394
4450.903491  1.10948
4451.526298  1.173124
4452.149105  1.137561
4452.771912  1.06356
4453.394719  0.9958603
4454.017526  0.9204553
4454.640333  0.8194307
4455.26314  0.7941877
4455.885947  0.8493535
4456.508754  0.916826
4457.131561  0.9281955
4457.754368  0.8895558
4458.377175  0.8379518
4458.999982  0.8083951
4459.622789  0.8258406
4460.245596  0.8310295
4460.868403  0.7653829
4461.49121  0.6793603
4462.114017  0.7164114
4462.736824  0.9051605
4463.359631  1.097699
4463.982438  1.131822
4464.605245  1.044791
4465.228052  0.981705
4465.850859  0.9829093
4466.473666  1.009897
4467.096473  1.02852
4467.71928  1.047622
4468.342087  1.004811
4468.964894  0.9427498
4469.587701  0.950362
4470.210508  0.9925637
4470.833315  1.029397
4471.456122  1.054978
4472.078929  1.101643
4472.701736  1.173095
4473.324543  1.217561
4473.94735  1.179601
4474.570157  1.106766
4475.192964  1.087853
4475.815771  1.164936
4476.438578  1.276986
4477.061385  1.354084
4477.684192  1.370541
4478.306999  1.336108
4478.929806  1.209403
4479.552613  1.045491
4480.17542  0.9406012
4480.798227  0.929001
4481.421034  0.9114383
4482.043841  0.8969588
4482.666648  1.019963
4483.289455  1.151272
4483.912262  1.230355
4484.535069  1.286011
4485.157876  1.335811
4485.780683  1.364875
4486.40349  1.341475
4487.026297  1.248719
4487.649104  1.134804
4488.271911  1.06321
4488.894718  0.04810661
4489.517525  0.
4490.140332  0.
4490.763139  0.
4491.385946  0.
4492.008753  0.
4492.63156  0.
4493.254367  0.
4493.877174  0.
4494.499981  0.
4495.122788  0.
4495.745595  0.
4496.368402  0.
4496.991209  0.
4497.614016  0.
4498.236823  0.
4498.85963  0.
4499.482437  0.
4500.105244  0.
4500.728051  0.
4501.350858  0.
4501.973665  0.
4502.596472  0.
4503.219279  0.
4503.842086  0.
4504.464893  0.
4505.0877  0.
4505.710507  0.
4506.333314  0.
4506.956121  0.
4507.578928  0.
4508.201735  0.
4508.824542  0.
