3820.  0.4144654
3820.622807  0.3977957
3821.245614  0.4932375
3821.868421  0.6194643
3822.491228  0.68682
3823.114035  0.6565444
3823.736842  0.5628738
3824.359649  0.4770643
3824.982456  0.4193384
3825.605263  0.3991123
3826.22807  0.4110198
3826.850877  0.4288004
3827.473684  0.4374577
3828.096491  0.434875
3828.719298  0.4313982
3829.342105  0.4495707
3829.964912  0.4940215
3830.587719  0.5286865
3831.210526  0.4756198
3831.833333  0.3907672
3832.45614  0.3483507
3833.078947  0.3518204
3833.701754  0.3564073
3834.324561  0.3563476
3834.947368  0.377971
3835.570175  0.4160556
3836.192982  0.4486659
3836.815789  0.4481046
3837.438596  0.4005665
3838.061403  0.3530973
3838.68421  0.3512532
3839.307017  0.3918528
3839.929824  0.3932146
3840.552631  0.3926226
3841.175438  0.4623568
3841.798245  0.5846618
3842.421052  0.6530652
3843.043859  0.6455631
3843.666666  0.6491441
3844.289473  0.6746334
3844.91228  0.6836474
3845.535087  0.6551923
3846.157894  0.6484939
3846.780701  0.6895643
3847.403508  0.7539104
3848.026315  0.7811766
3848.649122  0.737593
3849.271929  0.6494377
3849.894736  0.5879394
3850.517543  0.6191095
3851.14035  0.705401
3851.763157  0.7679213
3852.385964  0.7617623
3853.008771  0.7256507
3853.631578  0.6992872
3854.254385  0.6862962
3854.877192  0.6600484
3855.499999  0.611851
3856.122806  0.5805089
3856.745613  0.635026
3857.36842  0.6772181
3857.991227  0.6308625
3858.614034  0.5260764
3859.236841  0.4366542
3859.859648  0.419213
3860.482455  0.4826244
3861.105262  0.5860655
3861.728069  0.6981496
3862.350876  0.7781962
3862.973683  0.7865217
3863.59649  0.7682144
3864.219297  0.7456879
3864.842104  0.7152525
3865.464911  0.6927361
3866.087718  0.6988848
3866.710525  0.7221995
3867.333332  0.7175345
3867.956139  0.7193522
3868.578946  0.7298265
3869.201753  0.7143283
3869.82456  0.6714825
3870.447367  0.6188498
3871.070174  0.5693129
3871.692981  0.5191225
3872.315788  0.4958232
3872.938595  0.5259548
3873.561402  0.6090145
3874.184209  0.7035567
3874.807016  0.7620553
3875.429823  0.7683487
3876.05263  0.755734
3876.675437  0.7162001
3877.298244  0.6318812
3877.921051  0.5200056
3878.543858  0.504896
3879.166665  0.5971815
3879.789472  0.7015727
3880.412279  0.7288404
3881.035086  0.6810833
3881.657893  0.6038369
3882.2807  0.5406172
3882.903507  0.5564361
3883.526314  0.6278494
3884.149121  0.6681599
3884.771928  0.6398464
3885.394735  0.550265
3886.017542  0.459662
3886.640349  0.45206
3887.263156  0.4901844
3887.885963  0.4959693
3888.50877  0.4383506
3889.131577  0.4183684
3889.754384  0.4699959
3890.377191  0.5565144
3890.999998  0.624001
3891.622805  0.6649308
3892.245612  0.678848
3892.868419  0.663631
3893.491226  0.6651809
3894.114033  0.6737359
3894.73684  0.6561825
3895.359647  0.6282483
3895.982454  0.6645068
3896.605261  0.74996
3897.228068  0.7573721
3897.850875  0.7232288
3898.473682  0.6941801
3899.096489  0.6799042
3899.719296  0.665784
3900.342103  0.6923809
3900.96491  0.7597899
3901.587717  0.774985
3902.210524  0.7073784
3902.833331  0.6286525
3903.456138  0.632846
3904.078945  0.6627056
3904.701752  0.6359208
3905.324559  0.5546364
3905.947366  0.5490059
3906.570173  0.6192629
3907.19298  0.7052773
3907.815787  0.7542194
3908.438594  0.7737938
3909.061401  0.7736781
3909.684208  0.7601264
3910.307015  0.7441182
3910.929822  0.761637
3911.552629  0.8084354
3912.175436  0.8262666
3912.798243  0.8003737
3913.42105  0.7616603
3914.043857  0.7529757
3914.666664  0.7730998
3915.289471  0.7736093
3915.912278  0.7390745
3916.535085  0.7243365
3917.157892  0.7363277
3917.780699  0.7396863
3918.403506  0.7062452
3919.026313  0.6915144
3919.64912  0.6669827
3920.271927  0.6091618
3920.894734  0.5835538
3921.517541  0.604471
3922.140348  0.6338099
3922.763155  0.6303131
3923.385962  0.6612824
3924.008769  0.6986157
3924.631576  0.6778521
3925.254383  0.6141726
3925.87719  0.5684529
3926.499997  0.5514888
3927.122804  0.5086656
3927.745611  0.4416679
3928.368418  0.3846824
3928.991225  0.3590395
3929.614032  0.3277761
3930.236839  0.2900627
3930.859646  0.258074
3931.482453  0.2325158
3932.10526  0.201488
3932.728067  0.167625
3933.350874  0.146505
3933.973681  0.1448163
3934.596488  0.162305
3935.219295  0.1940897
3935.842102  0.2339877
3936.464909  0.2773762
3937.087716  0.3192155
3937.710523  0.3572083
3938.33333  0.3990366
3938.956137  0.4533135
3939.578944  0.5099213
3940.201751  0.5329438
3940.824558  0.5337533
3941.447365  0.5419127
3942.070172  0.5693403
3942.692979  0.5698675
3943.315786  0.5331335
3943.938593  0.4972705
3944.5614  0.5203026
3945.184207  0.607629
3945.807014  0.7077919
3946.429821  0.746115
3947.052628  0.7135404
3947.675435  0.6570091
3948.298242  0.6365605
3948.921049  0.6667966
3949.543856  0.7246048
3950.166663  0.7748405
3950.78947  0.7939507
3951.412277  0.7738085
3952.035084  0.7167328
3952.657891  0.6547861
3953.280698  0.6855076
3953.903505  0.7679813
3954.526312  0.8062029
3955.149119  0.7749373
3955.771926  0.7059377
3956.394733  0.6579309
3957.01754  0.670861
3957.640347  0.7116539
3958.263154  0.7537935
3958.885961  0.7849983
3959.508768  0.7923396
3960.131575  0.7379042
3960.754382  0.6232756
3961.377189  0.5125513
3961.999996  0.4737884
3962.622803  0.4890472
3963.24561  0.4948164
3963.868417  0.4839866
3964.491224  0.4552436
3965.114031  0.4085752
3965.736838  0.347289
3966.359645  0.2859331
3966.982452  0.2330373
3967.605259  0.18944
3968.228066  0.1599419
3968.850873  0.1563414
3969.47368  0.1838527
3970.096487  0.2303403
3970.719294  0.2834532
3971.342101  0.3368632
3971.964908  0.3892547
3972.587715  0.4344348
3973.210522  0.4638324
3973.833329  0.4855813
3974.456136  0.532913
3975.078943  0.5908399
3975.70175  0.6285292
3976.324557  0.6350778
3976.947364  0.6594561
3977.570171  0.704327
3978.192978  0.7423136
3978.815785  0.7790851
3979.438592  0.8171566
3980.061399  0.8474573
3980.684206  0.8529394
3981.307013  0.8256683
3981.92982  0.7939837
3982.552627  0.7892359
3983.175434  0.7838671
3983.798241  0.7783587
3984.421048  0.7895148
3985.043855  0.8224441
3985.666662  0.8218682
3986.289469  0.7861744
3986.912276  0.7773048
3987.535083  0.8383961
3988.15789  0.9042887
3988.780697  0.9017405
3989.403504  0.8619753
3990.026311  0.844542
3990.649118  0.8658671
3991.271925  0.8905575
3991.894732  0.9070776
3992.517539  0.9174989
3993.140346  0.9224485
3993.763153  0.9072734
3994.38596  0.8863788
3995.008767  0.875253
3995.631574  0.8701081
3996.254381  0.8506765
3996.877188  0.813561
3997.499995  0.7819824
3998.122802  0.7970927
3998.745609  0.866704
3999.368416  0.9482055
3999.991223  0.9715309
4000.61403  0.942162
4001.236837  0.9136552
4001.859644  0.9330862
4002.482451  0.9703324
4003.105258  1.002214
4003.728065  0.9915166
4004.350872  0.8809122
4004.973679  0.7498624
4005.596486  0.6978875
4006.219293  0.7560251
4006.8421  0.8343665
4007.464907  0.8990453
4008.087714  0.9496018
4008.710521  0.9511697
4009.333328  0.9283156
4009.956135  0.9181471
4010.578942  0.933424
4011.201749  0.9437416
4011.824556  0.9461749
4012.447363  0.9549807
4013.07017  0.9573693
4013.692977  0.9433872
4014.315784  0.9296512
4014.938591  0.9507965
4015.561398  0.9834478
4016.184205  0.9811544
4016.807012  0.9235932
4017.429819  0.8716644
4018.052626  0.8875598
4018.675433  0.9666752
4019.29824  1.019918
4019.921047  1.005635
4020.543854  0.9610262
4021.166661  0.9505794
4021.789468  0.9443074
4022.412275  0.9519256
4023.035082  0.9771168
4023.657889  0.9601202
4024.280696  0.9174025
4024.903503  0.8956582
4025.52631  0.9257138
4026.149117  0.9736294
4026.771924  1.006982
4027.394731  1.016741
4028.017538  1.016233
4028.640345  1.01612
4029.263152  0.9868153
4029.885959  0.8832509
4030.508766  0.7942567
4031.131573  0.7818283
4031.75438  0.8226439
4032.377187  0.8160816
4032.999994  0.8000252
4033.622801  0.8263375
4034.245608  0.8571609
4034.868415  0.875734
4035.491222  0.8963565
4036.114029  0.9435302
4036.736836  1.001026
4037.359643  1.040425
4037.98245  1.045647
4038.605257  1.030091
4039.228064  1.00685
4039.850871  0.9738677
4040.473678  0.9283863
4041.096485  0.912863
4041.719292  0.9546294
4042.342099  1.024588
4042.964906  1.028908
4043.587713  0.9571081
4044.21052  0.8366056
4044.833327  0.7002094
4045.456134  0.5897632
4046.078941  0.601172
4046.701748  0.7712768
4047.324555  0.9318401
4047.947362  0.9952708
4048.570169  0.9782017
4049.192976  0.962186
4049.815783  0.9838505
4050.43859  1.016374
4051.061397  1.008441
4051.684204  0.9582777
4052.307011  0.9102674
4052.929818  0.8991545
4053.552625  0.9079557
4054.175432  0.8874258
4054.798239  0.8520114
4055.421046  0.8622184
4056.043853  0.8981853
4056.66666  0.8952359
4057.289467  0.8320333
4057.912274  0.7923011
4058.535081  0.8089342
4059.157888  0.8686957
4059.780695  0.9335947
4060.403502  0.9757938
4061.026309  0.9821737
4061.649116  0.9474912
4062.271923  0.8633478
4062.89473  0.7395628
4063.517537  0.6503295
4064.140344  0.7015512
4064.763151  0.8326148
4065.385958  0.9226565
4066.008765  0.8997827
4066.631572  0.8382825
4067.254379  0.821888
4067.877186  0.8783158
4068.499993  0.9602168
4069.1228  1.015687
4069.745607  1.011039
4070.368414  0.9394391
4070.991221  0.8085569
4071.614028  0.7247483
4072.236835  0.7721275
4072.859642  0.8985823
4073.482449  0.9797713
4074.105256  0.9735358
4074.728063  0.9421232
4075.35087  0.9036774
4075.973677  0.8444026
4076.596484  0.7613629
4077.219291  0.7071139
4077.842098  0.7136061
4078.464905  0.7688484
4079.087712  0.8276949
4079.710519  0.8819414
4080.333326  0.9403629
4080.956133  0.9978225
4081.57894  1.006627
4082.201747  0.9743621
4082.824554  0.9288445
4083.447361  0.8838627
4084.070168  0.8563755
4084.692975  0.8538135
4085.315782  0.8710407
4085.938589  0.8971909
4086.561396  0.9344872
4087.184203  0.9787667
4087.80701  1.008861
4088.429817  1.015926
4089.052624  1.004065
4089.675431  0.9845147
4090.298238  0.971601
4090.921045  0.9606556
4091.543852  0.9384913
4092.166659  0.9010268
4092.789466  0.9090136
4093.412273  0.9610914
4094.03508  0.9769877
4094.657887  0.9340151
4095.280694  0.8688529
4095.903501  0.8321298
4096.526308  0.8269576
4097.149115  0.8285297
4097.771922  0.8185149
4098.394729  0.8027252
4099.017536  0.795481
4099.640343  0.7695299
4100.26315  0.687804
4100.885957  0.5751141
4101.508764  0.5007673
4102.131571  0.5168339
4102.754378  0.6105959
4103.377185  0.7074719
4103.999992  0.768497
4104.622799  0.8084509
4105.245606  0.8495398
4105.868413  0.8838332
4106.49122  0.896885
4107.114027  0.8948305
4107.736834  0.8911601
4108.359641  0.8892475
4108.982448  0.8836541
4109.605255  0.8794236
4110.228062  0.8827806
4110.850869  0.8938403
4111.473676  0.9035001
4112.096483  0.9159846
4112.71929  0.9392662
4113.342097  0.9734906
4113.964904  0.9893649
4114.587711  0.9862729
4115.210518  0.9874594
4115.833325  1.00765
4116.456132  1.030392
4117.078939  1.028008
4117.701746  0.9861297
4118.324553  0.9117712
4118.94736  0.8684573
4119.570167  0.9088272
4120.192974  0.9634207
4120.815781  0.9822372
4121.438588  0.9635825
4122.061395  0.9461375
4122.684202  0.9364805
4123.307009  0.9394392
4123.929816  0.9614102
4124.552623  0.9918494
4125.17543  0.9883618
4125.798237  0.9430529
4126.421044  0.9267252
4127.043851  0.9151279
4127.666658  0.8965206
4128.289465  0.9002334
4128.912272  0.9255537
4129.535079  0.95302
4130.157886  0.9636048
4130.780693  0.9537748
4131.4035  0.8896378
4132.026307  0.8091563
4132.649114  0.8154178
4133.271921  0.853079
4133.894728  0.8683388
4134.517535  0.8709272
4135.140342  0.9418433
4135.763149  1.01412
4136.385956  1.017005
4137.008763  0.9868094
4137.63157  0.9831796
4138.254377  1.018957
4138.877184  1.055481
4139.499991  1.05671
4140.122798  1.046732
4140.745605  1.046712
4141.368412  1.023845
4141.991219  0.9597834
4142.614026  0.8651325
4143.236833  0.7835087
4143.85964  0.7774354
4144.482447  0.8557546
4145.105254  0.9602374
4145.728061  0.9972891
4146.350868  0.992166
4146.973675  0.9906065
4147.596482  1.000164
4148.219289  1.006061
4148.842096  0.9804682
4149.464903  0.9305472
4150.08771  0.9374607
4150.710517  0.9709443
4151.333324  0.9805205
4151.956131  0.9653338
4152.578938  0.9695097
4153.201745  0.9580548
4153.824552  0.8877319
4154.447359  0.8633778
4155.070166  0.8977219
4155.692973  0.9290814
4156.31578  0.8946897
4156.938587  0.8828869
4157.561394  0.9204454
4158.184201  0.9512016
4158.807008  0.9677033
4159.429815  0.9813673
4160.052622  0.9916764
4160.675429  0.9733282
4161.298236  0.9708457
4161.921043  1.008223
4162.54385  1.054632
4163.166657  1.055348
4163.789464  1.031732
4164.412271  1.027735
4165.035078  1.02942
4165.657885  1.029214
4166.280692  1.006458
4166.903499  0.942559
4167.526306  0.9023899
4168.149113  0.9266407
4168.77192  0.993094
4169.394727  1.020593
4170.017534  1.007794
4170.640341  0.9692076
4171.263148  0.8948743
4171.885955  0.8206961
4172.508762  0.784604
4173.131569  0.8001211
4173.754376  0.8415378
4174.377183  0.8828076
4174.99999  0.9113777
4175.622797  0.9306613
4176.245604  0.9323028
4176.868411  0.9097697
4177.491218  0.8744037
4178.114025  0.8755247
4178.736832  0.9088987
4179.359639  0.9500797
4179.982446  0.9991543
4180.605253  0.9981086
4181.22806  0.9379389
4181.850867  0.8789251
4182.473674  0.8709034
4183.096481  0.8901052
4183.719288  0.898431
4184.342095  0.9263818
4184.964902  0.9727498
4185.587709  0.9947481
4186.210516  0.9381341
4186.833323  0.8438877
4187.45613  0.7900539
4188.078937  0.8235874
4188.701744  0.8965383
4189.324551  0.9670644
4189.947358  1.000936
4190.570165  0.9751821
4191.192972  0.9315289
4191.815779  0.9318073
4192.438586  0.9990093
4193.061393  1.064046
4193.6842  1.074551
4194.307007  1.022539
4194.929814  0.9440201
4195.552621  0.8937941
4196.175428  0.898865
4196.798235  0.9290935
4197.421042  0.8918041
4198.043849  0.8068158
4198.666656  0.7657047
4199.289463  0.825511
4199.91227  0.8995994
4200.535077  0.9089695
4201.157884  0.8642124
4201.780691  0.8193571
4202.403498  0.8326011
4203.026305  0.9040476
4203.649112  0.9388689
4204.271919  0.938443
4204.894726  0.941672
4205.517533  0.9648236
4206.14034  0.9740032
4206.763147  0.9738522
4207.385954  0.9927099
4208.008761  1.013309
4208.631568  1.008773
4209.254375  0.9753476
4209.877182  0.9459116
4210.499989  0.9523118
4211.122796  0.9908466
4211.745603  1.028856
4212.36841  1.042384
4212.991217  1.040899
4213.614024  1.036842
4214.236831  1.014421
4214.859638  0.9387574
4215.482445  0.8516405
4216.105252  0.844098
4216.728059  0.8967448
4217.350866  0.9531633
4217.973673  0.9720308
4218.59648  0.9630527
4219.219287  0.9565715
4219.842094  0.9748424
4220.464901  1.012549
4221.087708  1.030218
4221.710515  1.010136
4222.333322  0.9698394
4222.956129  0.9460176
4223.578936  0.9158953
4224.201743  0.8673653
4224.82455  0.8247089
4225.447357  0.7401796
4226.070164  0.61738
4226.692971  0.5356178
4227.315778  0.606714
4227.938585  0.78813
4228.561392  0.9503774
4229.184199  0.9936261
4229.807006  0.9901712
4230.429813  1.000284
4231.05262  1.01461
4231.675427  1.00993
4232.298234  0.9592504
4232.921041  0.8867366
4233.543848  0.8843014
4234.166655  0.9301533
4234.789462  0.9407223
4235.412269  0.8637376
4236.035076  0.807461
4236.657883  0.824306
4237.28069  0.8804215
4237.903497  0.9031693
4238.526304  0.8861906
4239.149111  0.8601403
4239.771918  0.8584915
4240.394725  0.9102988
4241.017532  0.9772513
4241.640339  0.9943511
4242.263146  0.9446822
4242.885953  0.903589
4243.50876  0.928611
4244.131567  0.9897233
4244.754374  1.011657
4245.377181  0.9851832
4245.999988  0.9514041
4246.622795  0.903313
4247.245602  0.8650247
4247.868409  0.8629173
4248.491216  0.8875721
4249.114023  0.8753812
4249.73683  0.8190917
4250.359637  0.7852699
4250.982444  0.8486709
4251.605251  0.9544641
4252.228058  1.009313
4252.850865  0.9996806
4253.473672  0.940917
4254.096479  0.873888
4254.719286  0.8444052
4255.342093  0.8673506
4255.9649  0.9331793
4256.587707  1.003296
4257.210514  1.017571
4257.833321  0.9675108
4258.456128  0.8974225
4259.078935  0.8590153
4259.701742  0.7894494
4260.324549  0.7235738
4260.947356  0.7465778
4261.570163  0.8371034
4262.19297  0.9371531
4262.815777  0.997855
4263.438584  1.011562
4264.061391  0.9955889
4264.684198  0.9822975
4265.307005  0.993713
4265.929812  1.016239
4266.552619  1.005839
4267.175426  0.9547655
4267.798233  0.9222565
4268.42104  0.9204251
4269.043847  0.9301787
4269.666654  0.9168009
4270.289461  0.8456388
4270.912268  0.7300767
4271.535075  0.6489037
4272.157882  0.7120879
4272.780689  0.8189719
4273.403496  0.8575741
4274.026303  0.8213005
4274.64911  0.7940348
4275.271917  0.8256616
4275.894724  0.9023715
4276.517531  0.9671137
4277.140338  0.9938285
4277.763145  0.9948157
4278.385952  0.9948437
4279.008759  0.9538518
4279.631566  0.8862203
4280.254373  0.8509486
4280.87718  0.8842136
4281.499987  0.9185274
4282.122794  0.9081649
4282.745601  0.9031411
4283.368408  0.9366436
4283.991215  0.9590583
4284.614022  0.906926
4285.236829  0.8563444
4285.859636  0.833795
4286.482443  0.8379423
4287.10525  0.8723004
4287.728057  0.8864966
4288.350864  0.8475929
4288.973671  0.7726128
4289.596478  0.7169555
4290.219285  0.7149107
4290.842092  0.7627596
4291.464899  0.822774
4292.087706  0.8898342
4292.710513  0.9364991
4293.33332  0.9197146
4293.956127  0.8703628
4294.578934  0.8450903
4295.201741  0.864798
4295.824548  0.8738685
4296.447355  0.844489
4297.070162  0.7989853
4297.692969  0.7786046
4298.315776  0.7242023
4298.938583  0.6368799
4299.56139  0.5797542
4300.184197  0.594007
4300.807004  0.6560453
4301.429811  0.6999097
4302.052618  0.6704903
4302.675425  0.6444835
4303.298232  0.6697056
4303.921039  0.717758
4304.543846  0.7266452
4305.166653  0.7087639
4305.78946  0.7048473
4306.412267  0.716207
4307.035074  0.668096
4307.657881  0.578774
4308.280688  0.5519217
4308.903495  0.5863739
4309.526302  0.63815
4310.149109  0.6728832
4310.771916  0.7053778
4311.394723  0.7297892
4312.01753  0.7509257
4312.640337  0.7862526
4313.263144  0.8269842
4313.885951  0.8431054
4314.508758  0.8388469
4315.131565  0.9012171
4315.754372  0.9988329
4316.377179  1.068264
4316.999986  1.086835
4317.622793  1.06871
4318.2456  1.044167
4318.868407  1.036016
4319.491214  1.039694
4320.114021  1.017289
4320.736828  0.9740109
4321.359635  0.9783821
4321.982442  0.9850007
4322.605249  0.93843
4323.228056  0.839389
4323.850863  0.7786814
4324.47367  0.730148
4325.096477  0.6620998
4325.719284  0.6485433
4326.342091  0.728206
4326.964898  0.8562013
4327.587705  0.9443418
4328.210512  1.001129
4328.833319  1.026577
4329.456126  1.012713
4330.078933  0.9695663
4330.70174  0.9468164
4331.324547  0.9642162
4331.947354  0.9889266
4332.570161  0.9943228
4333.192968  0.9839437
4333.815775  0.9773431
4334.438582  0.9798856
4335.061389  0.9835418
4335.684196  0.9670244
4336.307003  0.9077508
4336.92981  0.8095433
4337.552617  0.725252
4338.175424  0.6969589
4338.798231  0.6676903
4339.421038  0.5921227
4340.043845  0.5024022
4340.666652  0.5054426
4341.289459  0.6071027
4341.912266  0.7347488
4342.535073  0.803312
4343.15788  0.807202
4343.780687  0.8014729
4344.403494  0.8365982
4345.026301  0.9028738
4345.649108  0.945516
4346.271915  0.9451252
4346.894722  0.9354013
4347.517529  0.9382987
4348.140336  0.9642805
4348.763143  1.005224
4349.38595  1.033894
4350.008757  1.005275
4350.631564  0.9104633
4351.254371  0.7964373
4351.877178  0.747456
4352.499985  0.7967976
4353.122792  0.9015754
4353.745599  0.9603214
4354.368406  0.9604388
4354.991213  0.9447939
4355.61402  0.9578087
4356.236827  0.9931573
4356.859634  1.023096
4357.482441  1.019657
4358.105248  0.9777925
4358.728055  0.9296973
4359.350862  0.9168292
4359.973669  0.9552987
4360.596476  1.01891
4361.219283  1.065177
4361.84209  1.064744
4362.464897  1.030965
4363.087704  1.010161
4363.710511  1.033548
4364.333318  1.080567
4364.956125  1.102025
4365.578932  1.081038
4366.201739  1.039571
4366.824546  0.981021
4367.447353  0.9465498
4368.07016  0.9628804
4368.692967  0.9879251
4369.315774  0.9905047
4369.938581  0.9742292
4370.561388  0.9708649
4371.184195  0.9893066
4371.807002  1.013639
4372.429809  1.01495
4373.052616  0.9718508
4373.675423  0.9079167
4374.29823  0.8579254
4374.921037  0.8422356
4375.543844  0.875319
4376.166651  0.9365305
4376.789458  0.9887954
4377.412265  1.019996
4378.035072  1.028912
4378.657879  1.020717
4379.280686  1.003826
4379.903493  0.9845302
4380.5263  0.9847007
4381.149107  1.006412
4381.771914  0.9655766
4382.394721  0.8263431
4383.017528  0.6520383
4383.640335  0.5818759
4384.263142  0.6267489
4384.885949  0.7400184
4385.508756  0.865522
4386.131563  0.9496075
4386.75437  0.9696236
4387.377177  0.9438992
4387.999984  0.9263893
4388.622791  0.9264371
4389.245598  0.9279329
4389.868405  0.9166418
4390.491212  0.9071649
4391.114019  0.9204786
4391.736826  0.9600998
4392.359633  0.9902163
4392.98244  0.9931086
4393.605247  0.9677124
4394.228054  0.9239072
4394.850861  0.8907019
4395.473668  0.9064773
4396.096475  0.9785528
4396.719282  1.039132
4397.342089  1.057931
4397.964896  1.043301
4398.587703  1.020497
4399.21051  0.9791958
4399.833317  0.9188219
4400.456124  0.8686479
4401.078931  0.8828783
4401.701738  0.9522555
4402.324545  1.016546
4402.947352  1.009527
4403.570159  0.9039662
4404.192966  0.7779254
4404.815773  0.7596713
4405.43858  0.8591116
4406.061387  0.9709087
4406.684194  0.9925053
4407.307001  0.9454635
4407.929808  0.9043227
4408.552615  0.9194924
4409.175422  0.9765136
4409.798229  1.019174
4410.421036  1.035662
4411.043843  1.048301
4411.66665  1.06651
4412.289457  1.088744
4412.912264  1.093293
4413.535071  1.048703
4414.157878  0.9414631
4414.780685  0.8479527
4415.403492  0.854697
4416.026299  0.9217967
4416.649106  0.9705878
4417.271913  0.9749007
4417.89472  0.993403
4418.517527  1.033069
4419.140334  1.076293
4419.763141  1.101244
4420.385948  1.097165
4421.008755  1.057102
4421.631562  0.9955428
4422.254369  0.9534622
4422.877176  0.952896
4423.499983  0.9834605
4424.12279  1.010418
4424.745597  1.008335
4425.368404  1.001541
4425.991211  1.010464
4426.614018  0.9958354
4427.236825  1.000352
4427.859632  1.041463
4428.482439  1.071181
4429.105246  1.042126
4429.728053  0.9788008
4430.35086  0.9446986
4430.973667  0.971884
4431.596474  1.010273
4432.219281  1.013869
4432.842088  0.9912974
4433.464895  0.958768
4434.087702  0.917005
4434.710509  0.8716011
4435.333316  0.8677299
4435.956123  0.917928
4436.57893  0.9947468
4437.201737  1.050164
4437.824544  1.075427
4438.447351  1.084305
4439.070158  1.086335
4439.692965  1.061845
4440.315772  1.026096
4440.938579  0.9948522
4441.561386  0.952332
4442.184193  0.9095269
4442.807  0.8895997
4443.429807  0.9098022
4444.052614  0.9635858
4444.675421  1.032393
4445.298228  1.083393
4445.921035  1.074615
4446.543842  1.021447
4447.166649  0.981799
4447.789456  1.006019
4448.412263  1.050576
4449.03507  1.062009
4449.657877  1.026003
4450.280684  0.9923745
4450.903491  0.9969391
4451.526298  1.028078
4452.149105  1.039383
4452.771912  1.028547
4453.394719  0.9793143
4454.017526  0.8893953
4454.640333  0.8226305
4455.26314  0.8236051
4455.885947  0.8775081
4456.508754  0.9185249
4457.131561  0.9255308
4457.754368  0.9081452
4458.377175  0.8913522
4458.999982  0.9026578
4459.622789  0.9343677
4460.245596  0.9467992
4460.868403  0.9002606
4461.49121  0.8665837
4462.114017  0.897711
4462.736824  0.9690688
4463.359631  1.007486
4463.982438  1.001311
4464.605245  0.9846943
4465.228052  0.9891508
4465.850859  0.9884695
4466.473666  0.981904
4467.096473  0.9977999
4467.71928  0.9896525
4468.342087  0.954285
4468.964894  0.9254318
4469.587701  0.9259971
4470.210508  0.9529189
4470.833315  0.9919216
4471.456122  1.027646
4472.078929  1.037978
4472.701736  1.04059
4473.324543  1.062324
4473.94735  1.078304
4474.570157  1.064066
4475.192964  1.028393
4475.815771  1.016415
4476.438578  1.045486
4477.061385  1.08803
4477.684192  1.09936
4478.306999  1.075103
4478.929806  1.023085
4479.552613  0.9594301
4480.17542  0.9041435
4480.798227  0.8683679
4481.421034  0.8619283
4482.043841  0.8918646
4482.666648  0.9571338
4483.289455  1.014768
4483.912262  1.034319
4484.535069  1.045002
4485.157876  1.055838
4485.780683  1.068176
4486.40349  1.077243
4487.026297  1.05835
4487.649104  1.016727
4488.271911  0.9800614
4488.894718  0.355357
4489.517525  0.
4490.140332  0.
4490.763139  0.
4491.385946  0.
4492.008753  0.
4492.63156  0.
4493.254367  0.
4493.877174  0.
4494.499981  0.
4495.122788  0.
4495.745595  0.
4496.368402  0.
4496.991209  0.
4497.614016  0.
4498.236823  0.
4498.85963  0.
4499.482437  0.
4500.105244  0.
4500.728051  0.
4501.350858  0.
4501.973665  0.
4502.596472  0.
4503.219279  0.
4503.842086  0.
4504.464893  0.
4505.0877  0.
4505.710507  0.
4506.333314  0.
4506.956121  0.
4507.578928  0.
4508.201735  0.
4508.824542  0.
