3820.  0.09355699
3820.622807  0.0751556
3821.245614  0.09989297
3821.868421  0.143462
3822.491228  0.1802945
3823.114035  0.1858721
3823.736842  0.1560067
3824.359649  0.1211152
3824.982456  0.09661012
3825.605263  0.08571313
3826.22807  0.09232768
3826.850877  0.1099964
3827.473684  0.1261068
3828.096491  0.1354932
3828.719298  0.1474229
3829.342105  0.1599471
3829.964912  0.1722051
3830.587719  0.1917624
3831.210526  0.1900315
3831.833333  0.1569182
3832.45614  0.1254359
3833.078947  0.1121476
3833.701754  0.1092653
3834.324561  0.1123614
3834.947368  0.1436337
3835.570175  0.1852277
3836.192982  0.2113959
3836.815789  0.2159415
3837.438596  0.1863731
3838.061403  0.1420004
3838.68421  0.1223373
3839.307017  0.1266338
3839.929824  0.121892
3840.552631  0.1009875
3841.175438  0.1103868
3841.798245  0.1610135
3842.421052  0.2187788
3843.043859  0.2421269
3843.666666  0.2462873
3844.289473  0.2486083
3844.91228  0.2419559
3845.535087  0.2234395
3846.157894  0.2122844
3846.780701  0.217481
3847.403508  0.230556
3848.026315  0.2334821
3848.649122  0.2134386
3849.271929  0.1756046
3849.894736  0.1441611
3850.517543  0.1430266
3851.14035  0.1770917
3851.763157  0.2200753
3852.385964  0.2329953
3853.008771  0.2120619
3853.631578  0.1877247
3854.254385  0.1873984
3854.877192  0.1986385
3855.499999  0.1879968
3856.122806  0.1585851
3856.745613  0.1514028
3857.36842  0.1675088
3857.991227  0.1623818
3858.614034  0.1361387
3859.236841  0.1092125
3859.859648  0.09525543
3860.482455  0.09957066
3861.105262  0.1267534
3861.728069  0.1717956
3862.350876  0.2180081
3862.973683  0.2346934
3863.59649  0.2256545
3864.219297  0.2164089
3864.842104  0.196796
3865.464911  0.1759384
3866.087718  0.1763389
3866.710525  0.1928191
3867.333332  0.1977022
3867.956139  0.1888478
3868.578946  0.1831943
3869.201753  0.1761209
3869.82456  0.1626593
3870.447367  0.1465149
3871.070174  0.1382753
3871.692981  0.1339152
3872.315788  0.1295393
3872.938595  0.1380279
3873.561402  0.1743342
3874.184209  0.2237499
3874.807016  0.2538652
3875.429823  0.2573613
3876.05263  0.245133
3876.675437  0.2225892
3877.298244  0.1830868
3877.921051  0.1383613
3878.543858  0.1263274
3879.166665  0.1675393
3879.789472  0.210815
3880.412279  0.2151009
3881.035086  0.183056
3881.657893  0.1440579
3882.2807  0.1267668
3882.903507  0.1670798
3883.526314  0.2717517
3884.149121  0.3443566
3884.771928  0.322356
3885.394735  0.2359416
3886.017542  0.1525172
3886.640349  0.1274699
3887.263156  0.1721053
3887.885963  0.2232979
3888.50877  0.2364983
3889.131577  0.2418492
3889.754384  0.2744349
3890.377191  0.3052756
3890.999998  0.3335687
3891.622805  0.3768034
3892.245612  0.4116372
3892.868419  0.4069061
3893.491226  0.3851997
3894.114033  0.3771654
3894.73684  0.3348001
3895.359647  0.2693849
3895.982454  0.2621889
3896.605261  0.3331882
3897.228068  0.3819923
3897.850875  0.3533599
3898.473682  0.3198174
3899.096489  0.2911338
3899.719296  0.2617504
3900.342103  0.2735889
3900.96491  0.3401203
3901.587717  0.3840381
3902.210524  0.346898
3902.833331  0.2881348
3903.456138  0.2967251
3904.078945  0.3522478
3904.701752  0.347692
3905.324559  0.2835302
3905.947366  0.2294371
3906.570173  0.2324967
3907.19298  0.2742733
3907.815787  0.3210497
3908.438594  0.3598232
3909.061401  0.3884946
3909.684208  0.3863232
3910.307015  0.3650338
3910.929822  0.3673631
3911.552629  0.3910738
3912.175436  0.4079176
3912.798243  0.4049313
3913.42105  0.3873601
3914.043857  0.3771701
3914.666664  0.3841185
3915.289471  0.3798528
3915.912278  0.3448667
3916.535085  0.3157649
3917.157892  0.3283444
3917.780699  0.347397
3918.403506  0.3413286
3919.026313  0.3171412
3919.64912  0.2837953
3920.271927  0.2339677
3920.894734  0.197499
3921.517541  0.2103798
3922.140348  0.2266083
3922.763155  0.2236104
3923.385962  0.2353208
3924.008769  0.2712424
3924.631576  0.2842895
3925.254383  0.2606176
3925.87719  0.2378799
3926.499997  0.2279206
3927.122804  0.2094027
3927.745611  0.1701588
3928.368418  0.1392653
3928.991225  0.1266939
3929.614032  0.1141435
3930.236839  0.09508807
3930.859646  0.08140182
3931.482453  0.07277256
3932.10526  0.06183656
3932.728067  0.05120496
3933.350874  0.04633697
3933.973681  0.04592051
3934.596488  0.04697252
3935.219295  0.05316243
3935.842102  0.06696092
3936.464909  0.08606742
3937.087716  0.1059555
3937.710523  0.1266753
3938.33333  0.1475056
3938.956137  0.1722174
3939.578944  0.2002901
3940.201751  0.2145091
3940.824558  0.2080413
3941.447365  0.2030324
3942.070172  0.211987
3942.692979  0.222958
3943.315786  0.2061876
3943.938593  0.1733154
3944.5614  0.1719047
3945.184207  0.2266629
3945.807014  0.3031606
3946.429821  0.3518452
3947.052628  0.3452335
3947.675435  0.311711
3948.298242  0.2886883
3948.921049  0.2948886
3949.543856  0.3321015
3950.166663  0.3863494
3950.78947  0.4274779
3951.412277  0.4226615
3952.035084  0.3627181
3952.657891  0.3002787
3953.280698  0.3102735
3953.903505  0.3919928
3954.526312  0.4636166
3955.149119  0.4607637
3955.771926  0.3980852
3956.394733  0.3424553
3957.01754  0.3305273
3957.640347  0.3390606
3958.263154  0.3501999
3958.885961  0.3722094
3959.508768  0.3925134
3960.131575  0.3690412
3960.754382  0.2889738
3961.377189  0.1958119
3961.999996  0.1569078
3962.622803  0.1685212
3963.24561  0.1898
3963.868417  0.1926645
3964.491224  0.1809821
3965.114031  0.1596256
3965.736838  0.1329488
3966.359645  0.1047511
3966.982452  0.08163217
3967.605259  0.06440721
3968.228066  0.0519181
3968.850873  0.04927272
3969.47368  0.05847953
3970.096487  0.07951914
3970.719294  0.104845
3971.342101  0.1245352
3971.964908  0.1432642
3972.587715  0.1670983
3973.210522  0.1886821
3973.833329  0.2083821
3974.456136  0.2391908
3975.078943  0.2853299
3975.70175  0.3179778
3976.324557  0.3233746
3976.947364  0.3324721
3977.570171  0.3664103
3978.192978  0.4022072
3978.815785  0.4173777
3979.438592  0.4420481
3980.061399  0.4807746
3980.684206  0.4997471
3981.307013  0.4651497
3981.92982  0.4200913
3982.552627  0.4099938
3983.175434  0.4257152
3983.798241  0.4325418
3984.421048  0.4425348
3985.043855  0.4792219
3985.666662  0.5185879
3986.289469  0.5165291
3986.912276  0.4915117
3987.535083  0.5160823
3988.15789  0.5751187
3988.780697  0.5861748
3989.403504  0.5152897
3990.026311  0.4604191
3990.649118  0.4757492
3991.271925  0.5257877
3991.894732  0.5403724
3992.517539  0.5496477
3993.140346  0.5663571
3993.763153  0.5582192
3994.38596  0.5297387
3995.008767  0.5140907
3995.631574  0.519781
3996.254381  0.513412
3996.877188  0.4945557
3997.499995  0.4754489
3998.122802  0.467177
3998.745609  0.5060824
3999.368416  0.5844639
3999.991223  0.6397576
4000.61403  0.6231007
4001.236837  0.5935422
4001.859644  0.6081693
4002.482451  0.6491058
4003.105258  0.6846203
4003.728065  0.6823741
4004.350872  0.6148484
4004.973679  0.4791018
4005.596486  0.3881175
4006.219293  0.4170051
4006.8421  0.488255
4007.464907  0.5561575
4008.087714  0.6025466
4008.710521  0.6127474
4009.333328  0.6110948
4009.956135  0.6205195
4010.578942  0.6334109
4011.201749  0.624669
4011.824556  0.6048822
4012.447363  0.6054774
4013.07017  0.633357
4013.692977  0.634844
4014.315784  0.6202639
4014.938591  0.6402903
4015.561398  0.6921045
4016.184205  0.7090883
4016.807012  0.6563769
4017.429819  0.5898892
4018.052626  0.5811408
4018.675433  0.6317625
4019.29824  0.6808116
4019.921047  0.672038
4020.543854  0.6388463
4021.166661  0.6265967
4021.789468  0.6172751
4022.412275  0.6240677
4023.035082  0.6416968
4023.657889  0.6363478
4024.280696  0.5834139
4024.903503  0.5492333
4025.52631  0.5917762
4026.149117  0.6434203
4026.771924  0.6664653
4027.394731  0.6804953
4028.017538  0.722856
4028.640345  0.7748913
4029.263152  0.7720909
4029.885959  0.6679311
4030.508766  0.513572
4031.131573  0.4434321
4031.75438  0.4824716
4032.377187  0.485957
4032.999994  0.454437
4033.622801  0.4366864
4034.245608  0.4542102
4034.868415  0.4843696
4035.491222  0.5314671
4036.114029  0.6028494
4036.736836  0.6774994
4037.359643  0.7317355
4037.98245  0.7516249
4038.605257  0.7418243
4039.228064  0.7167179
4039.850871  0.6772445
4040.473678  0.6293933
4041.096485  0.6086345
4041.719292  0.6424757
4042.342099  0.7018532
4042.964906  0.7114441
4043.587713  0.6441213
4044.21052  0.5269493
4044.833327  0.4047737
4045.456134  0.2871392
4046.078941  0.2534824
4046.701748  0.351215
4047.324555  0.5049416
4047.947362  0.6170085
4048.570169  0.6494798
4049.192976  0.6392465
4049.815783  0.6552677
4050.43859  0.6929753
4051.061397  0.7115402
4051.684204  0.69783
4052.307011  0.6668153
4052.929818  0.6477401
4053.552625  0.6511028
4054.175432  0.6099595
4054.798239  0.5512743
4055.421046  0.5496046
4056.043853  0.597335
4056.66666  0.6049027
4057.289467  0.5418708
4057.912274  0.4881233
4058.535081  0.4872575
4059.157888  0.5332233
4059.780695  0.5974513
4060.403502  0.6700634
4061.026309  0.7083904
4061.649116  0.680459
4062.271923  0.5955701
4062.89473  0.4534098
4063.517537  0.324591
4064.140344  0.3166809
4064.763151  0.4435283
4065.385958  0.5856854
4066.008765  0.6202669
4066.631572  0.5658915
4067.254379  0.5268552
4067.877186  0.5598958
4068.499993  0.6295856
4069.1228  0.7071438
4069.745607  0.7512961
4070.368414  0.7153063
4070.991221  0.572796
4071.614028  0.4356058
4072.236835  0.4239293
4072.859642  0.550659
4073.482449  0.6841773
4074.105256  0.728022
4074.728063  0.6841139
4075.35087  0.6153877
4075.973677  0.5387101
4076.596484  0.4571033
4077.219291  0.4007093
4077.842098  0.4154331
4078.464905  0.4881887
4079.087712  0.5585784
4079.710519  0.6154575
4080.333326  0.6817017
4080.956133  0.7606486
4081.57894  0.7957039
4082.201747  0.7546766
4082.824554  0.6738986
4083.447361  0.6331171
4084.070168  0.6337042
4084.692975  0.6424546
4085.315782  0.6366105
4085.938589  0.639855
4086.561396  0.6704326
4087.184203  0.7306679
4087.80701  0.8029105
4088.429817  0.8464862
4089.052624  0.8469575
4089.675431  0.8185312
4090.298238  0.7743512
4090.921045  0.7633654
4091.543852  0.7747693
4092.166659  0.7057378
4092.789466  0.6788321
4093.412273  0.7473437
4094.03508  0.8136787
4094.657887  0.7778963
4095.280694  0.6680751
4095.903501  0.5745335
4096.526308  0.535234
4097.149115  0.5616496
4097.771922  0.6162415
4098.394729  0.6388109
4099.017536  0.6586788
4099.640343  0.6524401
4100.26315  0.5788715
4100.885957  0.478977
4101.508764  0.4393089
4102.131571  0.4939577
4102.754378  0.5791387
4103.377185  0.6293277
4103.999992  0.6208511
4104.622799  0.5915501
4105.245606  0.6326484
4105.868413  0.7064742
4106.49122  0.7375193
4107.114027  0.7223744
4107.736834  0.7096252
4108.359641  0.7108774
4108.982448  0.6905202
4109.605255  0.6372821
4110.228062  0.5949731
4110.850869  0.5943952
4111.473676  0.5837007
4112.096483  0.5773929
4112.71929  0.604359
4113.342097  0.6625047
4113.964904  0.7007032
4114.587711  0.7065509
4115.210518  0.6998447
4115.833325  0.684794
4116.456132  0.6901452
4117.078939  0.7110081
4117.701746  0.6894072
4118.324553  0.6021272
4118.94736  0.5258586
4119.570167  0.55634
4120.192974  0.6331108
4120.815781  0.6786374
4121.438588  0.6680999
4122.061395  0.651147
4122.684202  0.6228076
4123.307009  0.5984668
4123.929816  0.6211827
4124.552623  0.6996257
4125.17543  0.7486842
4125.798237  0.7151032
4126.421044  0.7037684
4127.043851  0.6829115
4127.666658  0.637702
4128.289465  0.6270881
4128.912272  0.6232434
4129.535079  0.6044707
4130.157886  0.5858787
4130.780693  0.6105427
4131.4035  0.5859812
4132.026307  0.4921581
4132.649114  0.4725146
4133.271921  0.5024069
4133.894728  0.5136561
4134.517535  0.496116
4135.140342  0.5716208
4135.763149  0.6839477
4136.385956  0.7203367
4137.008763  0.6756167
4137.63157  0.6522925
4138.254377  0.6850616
4138.877184  0.7080635
4139.499991  0.6946996
4140.122798  0.683176
4140.745605  0.6983056
4141.368412  0.668795
4141.991219  0.5615669
4142.614026  0.4152863
4143.236833  0.3175815
4143.85964  0.3146448
4144.482447  0.4023519
4145.105254  0.5248344
4145.728061  0.5941138
4146.350868  0.6165367
4146.973675  0.6294491
4147.596482  0.6420878
4148.219289  0.6488953
4148.842096  0.6232456
4149.464903  0.5595449
4150.08771  0.5363398
4150.710517  0.5618923
4151.333324  0.5884383
4151.956131  0.5729542
4152.578938  0.5706012
4153.201745  0.5899165
4153.824552  0.5779853
4154.447359  0.5741419
4155.070166  0.5881228
4155.692973  0.5895476
4156.31578  0.5572807
4156.938587  0.5614516
4157.561394  0.6217591
4158.184201  0.6719133
4158.807008  0.6990103
4159.429815  0.7031692
4160.052622  0.6890374
4160.675429  0.6600453
4161.298236  0.6444572
4161.921043  0.675526
4162.54385  0.7459024
4163.166657  0.7606623
4163.789464  0.6990805
4164.412271  0.6268562
4165.035078  0.6015949
4165.657885  0.6318026
4166.280692  0.6594152
4166.903499  0.6029633
4167.526306  0.5545844
4168.149113  0.5769987
4168.77192  0.6230732
4169.394727  0.6458877
4170.017534  0.6702968
4170.640341  0.7050198
4171.263148  0.6600975
4171.885955  0.5453435
4172.508762  0.4429055
4173.131569  0.4358239
4173.754376  0.4909222
4174.377183  0.5450205
4174.99999  0.5678978
4175.622797  0.5905344
4176.245604  0.6080486
4176.868411  0.5952328
4177.491218  0.5470281
4178.114025  0.5359966
4178.736832  0.5795421
4179.359639  0.6270993
4179.982446  0.6435403
4180.605253  0.6227026
4181.22806  0.5855733
4181.850867  0.5651127
4182.473674  0.5814973
4183.096481  0.6177233
4183.719288  0.6458246
4184.342095  0.6913019
4184.964902  0.7491066
4185.587709  0.7709708
4186.210516  0.700816
4186.833323  0.5862329
4187.45613  0.5281925
4188.078937  0.5861351
4188.701744  0.663938
4189.324551  0.6916147
4189.947358  0.6730902
4190.570165  0.631707
4191.192972  0.5911534
4191.815779  0.5955609
4192.438586  0.6796192
4193.061393  0.749599
4193.6842  0.7519529
4194.307007  0.7117736
4194.929814  0.6480345
4195.552621  0.5803804
4196.175428  0.5319106
4196.798235  0.5303758
4197.421042  0.542569
4198.043849  0.5303975
4198.666656  0.5156781
4199.289463  0.5543422
4199.91227  0.6063383
4200.535077  0.6042654
4201.157884  0.551999
4201.780691  0.4974056
4202.403498  0.5046248
4203.026305  0.587837
4203.649112  0.6417176
4204.271919  0.6231101
4204.894726  0.5920734
4205.517533  0.6286653
4206.14034  0.6841536
4206.763147  0.7088457
4207.385954  0.7441391
4208.008761  0.7811437
4208.631568  0.783683
4209.254375  0.7361885
4209.877182  0.6761211
4210.499989  0.6565604
4211.122796  0.6892478
4211.745603  0.7260509
4212.36841  0.7341416
4212.991217  0.7067973
4213.614024  0.6676582
4214.236831  0.6213073
4214.859638  0.5359012
4215.482445  0.4490027
4216.105252  0.5116867
4216.728059  0.6752081
4217.350866  0.8057534
4217.973673  0.8531724
4218.59648  0.8563122
4219.219287  0.8505176
4219.842094  0.8579279
4220.464901  0.8953373
4221.087708  0.9179456
4221.710515  0.8787328
4222.333322  0.7882711
4222.956129  0.703003
4223.578936  0.6528962
4224.201743  0.614687
4224.82455  0.5436105
4225.447357  0.4179196
4226.070164  0.2692504
4226.692971  0.1792296
4227.315778  0.2374374
4227.938585  0.4416676
4228.561392  0.6638109
4229.184199  0.7535858
4229.807006  0.752542
4230.429813  0.7907996
4231.05262  0.8527758
4231.675427  0.8541832
4232.298234  0.7694409
4232.921041  0.6758733
4233.543848  0.6636709
4234.166655  0.7255518
4234.789462  0.7576638
4235.412269  0.6871038
4236.035076  0.6028783
4236.657883  0.6030981
4237.28069  0.6568876
4237.903497  0.701432
4238.526304  0.7155371
4239.149111  0.7069347
4239.771918  0.6908385
4240.394725  0.7196181
4241.017532  0.7973386
4241.640339  0.8311284
4242.263146  0.7851102
4242.885953  0.7318875
4243.50876  0.7821183
4244.131567  0.8945093
4244.754374  0.9542553
4245.377181  0.926136
4245.999988  0.8686518
4246.622795  0.8010498
4247.245602  0.7331305
4247.868409  0.6888108
4248.491216  0.6841316
4249.114023  0.6820831
4249.73683  0.6252838
4250.359637  0.5604257
4250.982444  0.5772547
4251.605251  0.6736999
4252.228058  0.7542702
4252.850865  0.7690728
4253.473672  0.7011477
4254.096479  0.5919254
4254.719286  0.5513023
4255.342093  0.5960267
4255.9649  0.6879456
4256.587707  0.8226963
4257.210514  0.8960989
4257.833321  0.8282381
4258.456128  0.7085335
4259.078935  0.6489764
4259.701742  0.6091301
4260.324549  0.5393311
4260.947356  0.5370784
4261.570163  0.6164615
4262.19297  0.7290925
4262.815777  0.8404583
4263.438584  0.8904017
4264.061391  0.8713207
4264.684198  0.8595143
4265.307005  0.8974513
4265.929812  0.9386708
4266.552619  0.9175256
4267.175426  0.8308135
4267.798233  0.7531308
4268.42104  0.7413693
4269.043847  0.7480991
4269.666654  0.7211401
4270.289461  0.6403171
4270.912268  0.4999981
4271.535075  0.3850252
4272.157882  0.4141051
4272.780689  0.5509608
4273.403496  0.6175539
4274.026303  0.564107
4274.64911  0.4977789
4275.271917  0.5466127
4275.894724  0.674544
4276.517531  0.7705234
4277.140338  0.8125437
4277.763145  0.8694009
4278.385952  0.9154285
4279.008759  0.8693287
4279.631566  0.7196
4280.254373  0.6080112
4280.87718  0.6339903
4281.499987  0.7255751
4282.122794  0.7410671
4282.745601  0.7417889
4283.368408  0.7940146
4283.991215  0.8057244
4284.614022  0.7378296
4285.236829  0.6513547
4285.859636  0.618081
4286.482443  0.6556933
4287.10525  0.7263609
4287.728057  0.7636099
4288.350864  0.7151751
4288.973671  0.5866155
4289.596478  0.4812114
4290.219285  0.4948708
4290.842092  0.5554364
4291.464899  0.6064337
4292.087706  0.6908814
4292.710513  0.7961818
4293.33332  0.7972384
4293.956127  0.6942716
4294.578934  0.6449099
4295.201741  0.6916953
4295.824548  0.7368152
4296.447355  0.6971794
4297.070162  0.6426482
4297.692969  0.6194174
4298.315776  0.5750853
4298.938583  0.4701386
4299.56139  0.3826774
4300.184197  0.391598
4300.807004  0.4823182
4301.429811  0.5490386
4302.052618  0.5319395
4302.675425  0.4777445
4303.298232  0.4833651
4303.921039  0.5280266
4304.543846  0.5344755
4305.166653  0.4959731
4305.78946  0.4806017
4306.412267  0.485465
4307.035074  0.443229
4307.657881  0.363885
4308.280688  0.3320464
4308.903495  0.3674571
4309.526302  0.4074489
4310.149109  0.4433034
4310.771916  0.4835638
4311.394723  0.5200585
4312.01753  0.5489996
4312.640337  0.6023852
4313.263144  0.6730956
4313.885951  0.6726571
4314.508758  0.6672749
4315.131565  0.7869194
4315.754372  1.000528
4316.377179  1.121725
4316.999986  1.125376
4317.622793  1.097657
4318.2456  1.058741
4318.868407  1.045942
4319.491214  1.05388
4320.114021  1.001735
4320.736828  0.9214045
4321.359635  0.9107743
4321.982442  0.9526266
4322.605249  0.8767503
4323.228056  0.7151218
4323.850863  0.6121458
4324.47367  0.5498824
4325.096477  0.4551761
4325.719284  0.4024095
4326.342091  0.5101658
4326.964898  0.7095613
4327.587705  0.8927578
4328.210512  1.008878
4328.833319  1.042042
4329.456126  0.9865404
4330.078933  0.8989688
4330.70174  0.8692364
4331.324547  0.9213082
4331.947354  0.9873087
4332.570161  0.995153
4333.192968  0.9731385
4333.815775  0.966888
4334.438582  1.007138
4335.061389  1.093973
4335.684196  1.147558
4336.307003  1.065848
4336.92981  0.8575251
4337.552617  0.713351
4338.175424  0.7038625
4338.798231  0.7342722
4339.421038  0.6960706
4340.043845  0.6242468
4340.666652  0.6148197
4341.289459  0.7238679
4341.912266  0.8939839
4342.535073  0.9867036
4343.15788  0.9355159
4343.780687  0.8680996
4344.403494  0.91735
4345.026301  1.038069
4345.649108  1.06482
4346.271915  0.9913998
4346.894722  0.906733
4347.517529  0.8995139
4348.140336  0.9818239
4348.763143  1.105708
4349.38595  1.169862
4350.008757  1.075346
4350.631564  0.8715819
4351.254371  0.6836128
4351.877178  0.6123772
4352.499985  0.6841136
4353.122792  0.8218002
4353.745599  0.9079105
4354.368406  0.8991078
4354.991213  0.8669702
4355.61402  0.8830028
4356.236827  0.9507555
4356.859634  1.035164
4357.482441  1.048061
4358.105248  0.9457393
4358.728055  0.8294567
4359.350862  0.7915416
4359.973669  0.8471956
4360.596476  0.9461898
4361.219283  1.032556
4361.84209  1.055706
4362.464897  0.9985986
4363.087704  0.9391304
4363.710511  0.9686954
4364.333318  1.078318
4364.956125  1.155444
4365.578932  1.130141
4366.201739  1.023605
4366.824546  0.9091865
4367.447353  0.824921
4368.07016  0.8304647
4368.692967  0.9163468
4369.315774  0.9581466
4369.938581  0.9384683
4370.561388  0.9123415
4371.184195  0.9256107
4371.807002  0.9515913
4372.429809  0.9363067
4373.052616  0.8624853
4373.675423  0.7864792
4374.29823  0.7181702
4374.921037  0.6715522
4375.543844  0.69865
4376.166651  0.7996569
4376.789458  0.9166963
4377.412265  0.9915501
4378.035072  1.0247
4378.657879  1.015411
4379.280686  0.9711745
4379.903493  0.9187407
4380.5263  0.9103341
4381.149107  0.9275241
4381.771914  0.8707623
4382.394721  0.6631672
4383.017528  0.4264369
4383.640335  0.3231373
4384.263142  0.3601122
4384.885949  0.5178173
4385.508756  0.7311507
4386.131563  0.8866054
4386.75437  0.9056238
4387.377177  0.8621507
4387.999984  0.8563281
4388.622791  0.8554026
4389.245598  0.8224671
4389.868405  0.7716642
4390.491212  0.7595074
4391.114019  0.7900453
4391.736826  0.8526356
4392.359633  0.9211452
4392.98244  0.9270731
4393.605247  0.8867579
4394.228054  0.8401918
4394.850861  0.7934102
4395.473668  0.8327856
4396.096475  0.9621093
4396.719282  1.073342
4397.342089  1.087567
4397.964896  1.04117
4398.587703  0.990979
4399.21051  0.9292603
4399.833317  0.8376033
4400.456124  0.7690468
4401.078931  0.825419
4401.701738  0.9883133
4402.324545  1.101003
4402.947352  1.021901
4403.570159  0.7952404
4404.192966  0.5719139
4404.815773  0.5046967
4405.43858  0.6423738
4406.061387  0.813691
4406.684194  0.8766623
4407.307001  0.8203256
4407.929808  0.7296776
4408.552615  0.7272468
4409.175422  0.8453953
4409.798229  0.9810543
4410.421036  1.064433
4411.043843  1.078737
4411.66665  1.064443
4412.289457  1.096076
4412.912264  1.133873
4413.535071  1.076378
4414.157878  0.8773243
4414.780685  0.7172855
4415.403492  0.7254167
4416.026299  0.8435964
4416.649106  0.9207497
4417.271913  0.948575
4417.89472  0.999822
4418.517527  1.077125
4419.140334  1.124766
4419.763141  1.113579
4420.385948  1.066797
4421.008755  0.9977905
4421.631562  0.9190088
4422.254369  0.8576559
4422.877176  0.8728818
4423.499983  0.9535155
4424.12279  1.026162
4424.745597  1.014579
4425.368404  0.9870122
4425.991211  0.9762799
4426.614018  0.9618255
4427.236825  0.959781
4427.859632  1.01019
4428.482439  1.075611
4429.105246  1.004556
4429.728053  0.8708445
4430.35086  0.8275815
4430.973667  0.9419876
4431.596474  1.065801
4432.219281  1.099032
4432.842088  1.040954
4433.464895  0.9531863
4434.087702  0.8599207
4434.710509  0.7840868
4435.333316  0.762951
4435.956123  0.8463532
4436.57893  0.9720822
4437.201737  1.049252
4437.824544  1.108744
4438.447351  1.169972
4439.070158  1.202671
4439.692965  1.143763
4440.315772  1.046694
4440.938579  0.9611546
4441.561386  0.9003397
4442.184193  0.8708139
4442.807  0.8699341
4443.429807  0.8998507
4444.052614  0.9693184
4444.675421  1.079134
4445.298228  1.176789
4445.921035  1.184856
4446.543842  1.102302
4447.166649  1.056758
4447.789456  1.125967
4448.412263  1.182718
4449.03507  1.139146
4449.657877  1.039114
4450.280684  1.014923
4450.903491  1.06649
4451.526298  1.114442
4452.149105  1.098824
4452.771912  1.063577
4453.394719  1.01532
4454.017526  0.9478599
4454.640333  0.8704553
4455.26314  0.8633901
4455.885947  0.9211282
4456.508754  0.9675268
4457.131561  0.9800266
4457.754368  0.9558246
4458.377175  0.9100436
4458.999982  0.8726162
4459.622789  0.8919628
4460.245596  0.9078907
4460.868403  0.8257595
4461.49121  0.748386
4462.114017  0.7861285
4462.736824  0.9437673
4463.359631  1.07978
4463.982438  1.095751
4464.605245  1.038811
4465.228052  1.035112
4465.850859  1.033037
4466.473666  1.037538
4467.096473  1.070357
4467.71928  1.069202
4468.342087  1.007889
4468.964894  0.9425835
4469.587701  0.9660131
4470.210508  1.006572
4470.833315  1.032069
4471.456122  1.060741
4472.078929  1.09293
4472.701736  1.148521
4473.324543  1.208381
4473.94735  1.209122
4474.570157  1.172493
4475.192964  1.15586
4475.815771  1.199968
4476.438578  1.28059
4477.061385  1.331333
4477.684192  1.315164
4478.306999  1.264685
4478.929806  1.160104
4479.552613  1.0418
4480.17542  0.9951121
4480.798227  0.9886134
4481.421034  0.9767944
4482.043841  0.9723262
4482.666648  1.06351
4483.289455  1.167349
4483.912262  1.219013
4484.535069  1.255415
4485.157876  1.283748
4485.780683  1.297643
4486.40349  1.283566
4487.026297  1.228159
4487.649104  1.145382
4488.271911  1.063104
4488.894718  0.7496727
4489.517525  0.678046
4490.140332  0.7133766
4490.763139  0.775377
4491.385946  0.8267877
4492.008753  0.8584395
4492.63156  0.8561459
4493.254367  0.7824983
4493.877174  0.6973256
4494.499981  0.6583058
4495.122788  0.6697693
4495.745595  0.6758996
4496.368402  0.6996964
4496.991209  0.7743421
4497.614016  0.8324989
4498.236823  0.8574547
4498.85963  0.8696883
4499.482437  0.8835528
4500.105244  0.8466027
4500.728051  0.7730295
4501.350858  0.7397254
4501.973665  0.8052195
4502.596472  0.9084345
4503.219279  0.970753
4503.842086  0.9768108
4504.464893  0.9598941
4505.0877  0.9395179
4505.710507  0.9131833
4506.333314  0.8864698
4506.956121  0.7832927
4507.578928  0.
4508.201735  0.
4508.824542  0.
