3820.  0.08545462
3820.622807  0.07003438
3821.245614  0.08362239
3821.868421  0.1130125
3822.491228  0.1371629
3823.114035  0.1402255
3823.736842  0.1215705
3824.359649  0.09768192
3824.982456  0.08164185
3825.605263  0.07513694
3826.22807  0.07313127
3826.850877  0.08386905
3827.473684  0.09597076
3828.096491  0.09805554
3828.719298  0.1051157
3829.342105  0.1148431
3829.964912  0.1241294
3830.587719  0.1341233
3831.210526  0.1310949
3831.833333  0.1141263
3832.45614  0.09625478
3833.078947  0.09257647
3833.701754  0.09152827
3834.324561  0.09050585
3834.947368  0.1092239
3835.570175  0.1367615
3836.192982  0.155452
3836.815789  0.1535594
3837.438596  0.1313211
3838.061403  0.1061027
3838.68421  0.09513875
3839.307017  0.09918024
3839.929824  0.09395089
3840.552631  0.08221503
3841.175438  0.09085563
3841.798245  0.1231886
3842.421052  0.1618853
3843.043859  0.1841018
3843.666666  0.1802878
3844.289473  0.1761217
3844.91228  0.1771546
3845.535087  0.164341
3846.157894  0.151349
3846.780701  0.1524051
3847.403508  0.1652467
3848.026315  0.166123
3848.649122  0.1536632
3849.271929  0.1340854
3849.894736  0.1137252
3850.517543  0.1105634
3851.14035  0.1332622
3851.763157  0.1686595
3852.385964  0.1798658
3853.008771  0.1619205
3853.631578  0.1361221
3854.254385  0.1288811
3854.877192  0.1358385
3855.499999  0.1375875
3856.122806  0.1248753
3856.745613  0.123196
3857.36842  0.1257523
3857.991227  0.1182358
3858.614034  0.1032895
3859.236841  0.08800486
3859.859648  0.07986012
3860.482455  0.08332816
3861.105262  0.09703366
3861.728069  0.1281269
3862.350876  0.1681489
3862.973683  0.1817515
3863.59649  0.1812784
3864.219297  0.1772479
3864.842104  0.1649733
3865.464911  0.150309
3866.087718  0.1461922
3866.710525  0.154544
3867.333332  0.1534137
3867.956139  0.1474611
3868.578946  0.1426126
3869.201753  0.1341397
3869.82456  0.1198598
3870.447367  0.1055185
3871.070174  0.09919158
3871.692981  0.1023422
3872.315788  0.1087742
3872.938595  0.1214461
3873.561402  0.1540209
3874.184209  0.1998081
3874.807016  0.2344409
3875.429823  0.2384542
3876.05263  0.2259831
3876.675437  0.2058351
3877.298244  0.1742999
3877.921051  0.1259239
3878.543858  0.1093379
3879.166665  0.1356508
3879.789472  0.1686309
3880.412279  0.177065
3881.035086  0.1564406
3881.657893  0.1236693
3882.2807  0.1047126
3882.903507  0.1466128
3883.526314  0.2343466
3884.149121  0.2940725
3884.771928  0.285111
3885.394735  0.217898
3886.017542  0.1426073
3886.640349  0.1174047
3887.263156  0.1530503
3887.885963  0.202665
3888.50877  0.2078532
3889.131577  0.2207506
3889.754384  0.2571889
3890.377191  0.2967581
3890.999998  0.3313719
3891.622805  0.362675
3892.245612  0.3829815
3892.868419  0.3762467
3893.491226  0.3670788
3894.114033  0.354827
3894.73684  0.3195544
3895.359647  0.2608587
3895.982454  0.2530512
3896.605261  0.3131943
3897.228068  0.3435814
3897.850875  0.330528
3898.473682  0.2964897
3899.096489  0.2659561
3899.719296  0.2371626
3900.342103  0.2532231
3900.96491  0.321172
3901.587717  0.358566
3902.210524  0.3208595
3902.833331  0.2598918
3903.456138  0.2668623
3904.078945  0.3068309
3904.701752  0.3055363
3905.324559  0.2434434
3905.947366  0.2096166
3906.570173  0.2288154
3907.19298  0.2818812
3907.815787  0.3347457
3908.438594  0.3697142
3909.061401  0.3805968
3909.684208  0.3718497
3910.307015  0.3557753
3910.929822  0.3560754
3911.552629  0.3761687
3912.175436  0.392393
3912.798243  0.3962266
3913.42105  0.3877436
3914.043857  0.3791482
3914.666664  0.3960882
3915.289471  0.3978403
3915.912278  0.3619245
3916.535085  0.3326843
3917.157892  0.333124
3917.780699  0.3416917
3918.403506  0.3252061
3919.026313  0.307776
3919.64912  0.2747921
3920.271927  0.2236736
3920.894734  0.2013244
3921.517541  0.2094021
3922.140348  0.2211324
3922.763155  0.217326
3923.385962  0.2389138
3924.008769  0.2756571
3924.631576  0.2912211
3925.254383  0.2751376
3925.87719  0.2552204
3926.499997  0.2427493
3927.122804  0.2190328
3927.745611  0.1819717
3928.368418  0.1513427
3928.991225  0.1401264
3929.614032  0.1239642
3930.236839  0.1080906
3930.859646  0.09963293
3931.482453  0.09146883
3932.10526  0.07751558
3932.728067  0.05952838
3933.350874  0.04590993
3933.973681  0.04554158
3934.596488  0.05238497
3935.219295  0.06309462
3935.842102  0.08504003
3936.464909  0.1085291
3937.087716  0.1301081
3937.710523  0.1543723
3938.33333  0.1821714
3938.956137  0.2105039
3939.578944  0.233756
3940.201751  0.2455846
3940.824558  0.239732
3941.447365  0.2333399
3942.070172  0.2460546
3942.692979  0.2418445
3943.315786  0.2098175
3943.938593  0.1745723
3944.5614  0.1789859
3945.184207  0.2359632
3945.807014  0.3143855
3946.429821  0.3602604
3947.052628  0.3563546
3947.675435  0.3271112
3948.298242  0.3103145
3948.921049  0.319096
3949.543856  0.3571984
3950.166663  0.4083369
3950.78947  0.4405888
3951.412277  0.4317401
3952.035084  0.3763793
3952.657891  0.313473
3953.280698  0.3422883
3953.903505  0.4230075
3954.526312  0.4712108
3955.149119  0.4536856
3955.771926  0.3933678
3956.394733  0.3443575
3957.01754  0.3443168
3957.640347  0.3636147
3958.263154  0.3856577
3958.885961  0.4035706
3959.508768  0.40645
3960.131575  0.3589903
3960.754382  0.2674452
3961.377189  0.1853567
3961.999996  0.1634958
3962.622803  0.1850105
3963.24561  0.2078293
3963.868417  0.220604
3964.491224  0.2159269
3965.114031  0.1930579
3965.736838  0.1580388
3966.359645  0.1221875
3966.982452  0.09336017
3967.605259  0.07277232
3968.228066  0.05620792
3968.850873  0.05228727
3969.47368  0.06716282
3970.096487  0.0953529
3970.719294  0.1244422
3971.342101  0.1515684
3971.964908  0.1796705
3972.587715  0.2051781
3973.210522  0.224025
3973.833329  0.2431893
3974.456136  0.2788443
3975.078943  0.3196603
3975.70175  0.3436806
3976.324557  0.345393
3976.947364  0.3654867
3977.570171  0.3978994
3978.192978  0.4238473
3978.815785  0.4479976
3979.438592  0.479589
3980.061399  0.5102813
3980.684206  0.517052
3981.307013  0.4866387
3981.92982  0.4577683
3982.552627  0.4597552
3983.175434  0.4590479
3983.798241  0.4540387
3984.421048  0.4601317
3985.043855  0.4872188
3985.666662  0.5100137
3986.289469  0.5020116
3986.912276  0.4820892
3987.535083  0.5341893
3988.15789  0.5903791
3988.780697  0.5760242
3989.403504  0.507114
3990.026311  0.4724751
3990.649118  0.4947127
3991.271925  0.5306038
3991.894732  0.5403686
3992.517539  0.5560184
3993.140346  0.5840437
3993.763153  0.5680097
3994.38596  0.5456496
3995.008767  0.5389596
3995.631574  0.5354043
3996.254381  0.5236006
3996.877188  0.4994691
3997.499995  0.4751661
3998.122802  0.4779772
3998.745609  0.5308958
3999.368416  0.6080306
3999.991223  0.6497965
4000.61403  0.627925
4001.236837  0.5967588
4001.859644  0.610616
4002.482451  0.6425809
4003.105258  0.6743194
4003.728065  0.6685247
4004.350872  0.5871342
4004.973679  0.4594382
4005.596486  0.3856924
4006.219293  0.4249433
4006.8421  0.4901893
4007.464907  0.5597064
4008.087714  0.6179507
4008.710521  0.6342169
4009.333328  0.6270102
4009.956135  0.6209607
4010.578942  0.6233985
4011.201749  0.6146671
4011.824556  0.607216
4012.447363  0.6174105
4013.07017  0.6402079
4013.692977  0.6374485
4014.315784  0.6301367
4014.938591  0.6638932
4015.561398  0.7033842
4016.184205  0.6966246
4016.807012  0.6336852
4017.429819  0.5737401
4018.052626  0.5911947
4018.675433  0.6666627
4019.29824  0.7081875
4019.921047  0.6861525
4020.543854  0.6451744
4021.166661  0.6331599
4021.789468  0.6336134
4022.412275  0.6468199
4023.035082  0.6608971
4023.657889  0.6515734
4024.280696  0.6106997
4024.903503  0.5866681
4025.52631  0.6155308
4026.149117  0.6442568
4026.771924  0.6575292
4027.394731  0.6742346
4028.017538  0.7158415
4028.640345  0.7436627
4029.263152  0.7074121
4029.885959  0.5931441
4030.508766  0.4612178
4031.131573  0.4165092
4031.75438  0.4538414
4032.377187  0.4356722
4032.999994  0.4068331
4033.622801  0.401395
4034.245608  0.4108516
4034.868415  0.4424673
4035.491222  0.5004408
4036.114029  0.5781998
4036.736836  0.6553334
4037.359643  0.7087774
4037.98245  0.726829
4038.605257  0.7156058
4039.228064  0.692853
4039.850871  0.6543173
4040.473678  0.607048
4041.096485  0.5953097
4041.719292  0.6340604
4042.342099  0.68848
4042.964906  0.6922018
4043.587713  0.6018797
4044.21052  0.4596534
4044.833327  0.3344451
4045.456134  0.2440005
4046.078941  0.2401228
4046.701748  0.3395794
4047.324555  0.4881195
4047.947362  0.5883083
4048.570169  0.616725
4049.192976  0.6223866
4049.815783  0.6603193
4050.43859  0.7014429
4051.061397  0.7033938
4051.684204  0.6684465
4052.307011  0.6308597
4052.929818  0.6185845
4053.552625  0.6232539
4054.175432  0.5809527
4054.798239  0.5286431
4055.421046  0.5249811
4056.043853  0.5603781
4056.66666  0.5566075
4057.289467  0.4978295
4057.912274  0.4467091
4058.535081  0.4535133
4059.157888  0.5113231
4059.780695  0.5822551
4060.403502  0.637961
4061.026309  0.6474609
4061.649116  0.600472
4062.271923  0.5099969
4062.89473  0.3841695
4063.517537  0.2970279
4064.140344  0.3228514
4064.763151  0.442258
4065.385958  0.5475605
4066.008765  0.5651008
4066.631572  0.5224446
4067.254379  0.5033849
4067.877186  0.5456368
4068.499993  0.6254817
4069.1228  0.6934139
4069.745607  0.7035171
4070.368414  0.6250786
4070.991221  0.4670374
4071.614028  0.3598146
4072.236835  0.3927192
4072.859642  0.5390584
4073.482449  0.6525973
4074.105256  0.6805447
4074.728063  0.6470255
4075.35087  0.5921546
4075.973677  0.5213968
4076.596484  0.4475075
4077.219291  0.4044142
4077.842098  0.4351903
4078.464905  0.5048915
4079.087712  0.5635749
4079.710519  0.6195081
4080.333326  0.689182
4080.956133  0.7539915
4081.57894  0.7670255
4082.201747  0.7212977
4082.824554  0.6588465
4083.447361  0.6239336
4084.070168  0.6112785
4084.692975  0.6087816
4085.315782  0.6136795
4085.938589  0.6353521
4086.561396  0.6745101
4087.184203  0.7228695
4087.80701  0.7664608
4088.429817  0.7920107
4089.052624  0.7894305
4089.675431  0.7569507
4090.298238  0.7085665
4090.921045  0.7075445
4091.543852  0.7088165
4092.166659  0.6438369
4092.789466  0.6431409
4093.412273  0.7082871
4094.03508  0.7487095
4094.657887  0.686594
4095.280694  0.5910776
4095.903501  0.5316402
4096.526308  0.520278
4097.149115  0.5446363
4097.771922  0.5767442
4098.394729  0.5981477
4099.017536  0.6143343
4099.640343  0.6080759
4100.26315  0.5590755
4100.885957  0.4768064
4101.508764  0.4500276
4102.131571  0.4969666
4102.754378  0.567167
4103.377185  0.6024431
4103.999992  0.5875053
4104.622799  0.570326
4105.245606  0.6199421
4105.868413  0.6787406
4106.49122  0.7033376
4107.114027  0.6943228
4107.736834  0.6737664
4108.359641  0.6599451
4108.982448  0.6467582
4109.605255  0.6106944
4110.228062  0.5867404
4110.850869  0.5776435
4111.473676  0.5616553
4112.096483  0.5590897
4112.71929  0.5967615
4113.342097  0.6564607
4113.964904  0.665324
4114.587711  0.6591017
4115.210518  0.6650152
4115.833325  0.6703551
4116.456132  0.6728858
4117.078939  0.677907
4117.701746  0.6651649
4118.324553  0.580861
4118.94736  0.5205027
4119.570167  0.5472542
4120.192974  0.6135888
4120.815781  0.6384002
4121.438588  0.6190361
4122.061395  0.5974303
4122.684202  0.5785028
4123.307009  0.5680521
4123.929816  0.591308
4124.552623  0.6677265
4125.17543  0.6886362
4125.798237  0.6560465
4126.421044  0.6401664
4127.043851  0.614561
4127.666658  0.5919323
4128.289465  0.5877606
4128.912272  0.5898679
4129.535079  0.5704594
4130.157886  0.554148
4130.780693  0.567236
4131.4035  0.5100213
4132.026307  0.4380675
4132.649114  0.4367822
4133.271921  0.4797487
4133.894728  0.4847507
4134.517535  0.4750351
4135.140342  0.5470786
4135.763149  0.6455423
4136.385956  0.6787688
4137.008763  0.6287316
4137.63157  0.6061763
4138.254377  0.6229916
4138.877184  0.6452231
4139.499991  0.6472452
4140.122798  0.6475488
4140.745605  0.6484766
4141.368412  0.6214416
4141.991219  0.5242943
4142.614026  0.4061335
4143.236833  0.3306212
4143.85964  0.32185
4144.482447  0.4042855
4145.105254  0.5120049
4145.728061  0.558977
4146.350868  0.574706
4146.973675  0.5782382
4147.596482  0.5777085
4148.219289  0.5742404
4148.842096  0.547227
4149.464903  0.504873
4150.08771  0.4809074
4150.710517  0.4937305
4151.333324  0.4984509
4151.956131  0.4787765
4152.578938  0.5021326
4153.201745  0.5259048
4153.824552  0.5158095
4154.447359  0.4922058
4155.070166  0.504487
4155.692973  0.5094354
4156.31578  0.4694732
4156.938587  0.4628531
4157.561394  0.4992518
4158.184201  0.5577248
4158.807008  0.6139734
4159.429815  0.6427258
4160.052622  0.6344336
4160.675429  0.6055832
4161.298236  0.5972257
4161.921043  0.6318642
4162.54385  0.6781231
4163.166657  0.6700698
4163.789464  0.6289492
4164.412271  0.5885699
4165.035078  0.5705951
4165.657885  0.5840028
4166.280692  0.5681885
4166.903499  0.505379
4167.526306  0.4777845
4168.149113  0.5262814
4168.77192  0.5986536
4169.394727  0.617018
4170.017534  0.6293392
4170.640341  0.6422954
4171.263148  0.618739
4171.885955  0.5223939
4172.508762  0.4415686
4173.131569  0.4360558
4173.754376  0.4800549
4174.377183  0.5192376
4174.99999  0.5370365
4175.622797  0.5445474
4176.245604  0.5468236
4176.868411  0.5269476
4177.491218  0.4948983
4178.114025  0.4927308
4178.736832  0.5285997
4179.359639  0.5582498
4179.982446  0.5439695
4180.605253  0.5282389
4181.22806  0.5164611
4181.850867  0.5133628
4182.473674  0.5389051
4183.096481  0.5729924
4183.719288  0.6087304
4184.342095  0.6539175
4184.964902  0.705065
4185.587709  0.7078812
4186.210516  0.6293347
4186.833323  0.5144411
4187.45613  0.464368
4188.078937  0.5125573
4188.701744  0.6023426
4189.324551  0.6528337
4189.947358  0.655564
4190.570165  0.6301498
4191.192972  0.5744157
4191.815779  0.5715404
4192.438586  0.6326138
4193.061393  0.6781183
4193.6842  0.6813833
4194.307007  0.6425518
4194.929814  0.5797545
4195.552621  0.5176258
4196.175428  0.4734919
4196.798235  0.4630847
4197.421042  0.4884973
4198.043849  0.4866294
4198.666656  0.4811701
4199.289463  0.5254632
4199.91227  0.5746186
4200.535077  0.5870443
4201.157884  0.5469365
4201.780691  0.480215
4202.403498  0.4822516
4203.026305  0.5563656
4203.649112  0.6225253
4204.271919  0.627341
4204.894726  0.6269543
4205.517533  0.6693172
4206.14034  0.708426
4206.763147  0.7287506
4207.385954  0.7369838
4208.008761  0.7425335
4208.631568  0.7274966
4209.254375  0.6767896
4209.877182  0.6119609
4210.499989  0.5996799
4211.122796  0.6358249
4211.745603  0.6799434
4212.36841  0.6902137
4212.991217  0.6526429
4213.614024  0.597971
4214.236831  0.5457528
4214.859638  0.4531656
4215.482445  0.4045324
4216.105252  0.4777841
4216.728059  0.6481524
4217.350866  0.7777292
4217.973673  0.8264353
4218.59648  0.8389589
4219.219287  0.8308306
4219.842094  0.83798
4220.464901  0.8670427
4221.087708  0.8750745
4221.710515  0.8285235
4222.333322  0.7520971
4222.956129  0.694222
4223.578936  0.639763
4224.201743  0.5833338
4224.82455  0.5116501
4225.447357  0.3960143
4226.070164  0.2611429
4226.692971  0.1837802
4227.315778  0.2423982
4227.938585  0.4330328
4228.561392  0.6286215
4229.184199  0.7190099
4229.807006  0.7449316
4230.429813  0.7879604
4231.05262  0.8469477
4231.675427  0.8373159
4232.298234  0.761308
4232.921041  0.671661
4233.543848  0.6386439
4234.166655  0.7009962
4234.789462  0.7274047
4235.412269  0.6521053
4236.035076  0.5783312
4236.657883  0.5939509
4237.28069  0.6600114
4237.903497  0.685958
4238.526304  0.6922513
4239.149111  0.6792157
4239.771918  0.6678063
4240.394725  0.7085463
4241.017532  0.7869428
4241.640339  0.8301125
4242.263146  0.7869092
4242.885953  0.7430627
4243.50876  0.7812677
4244.131567  0.8911374
4244.754374  0.9508967
4245.377181  0.9376274
4245.999988  0.8774854
4246.622795  0.8045482
4247.245602  0.731832
4247.868409  0.6878776
4248.491216  0.6786882
4249.114023  0.6525491
4249.73683  0.5685387
4250.359637  0.4903212
4250.982444  0.5381542
4251.605251  0.645116
4252.228058  0.7356957
4252.850865  0.7554318
4253.473672  0.66225
4254.096479  0.548555
4254.719286  0.5128661
4255.342093  0.5723085
4255.9649  0.6955727
4256.587707  0.8275852
4257.210514  0.8973091
4257.833321  0.8198698
4258.456128  0.7061326
4259.078935  0.6435879
4259.701742  0.5624261
4260.324549  0.4911581
4260.947356  0.4900554
4261.570163  0.5891414
4262.19297  0.7304983
4262.815777  0.8481241
4263.438584  0.8977913
4264.061391  0.8789518
4264.684198  0.8626895
4265.307005  0.8869772
4265.929812  0.9201277
4266.552619  0.8987903
4267.175426  0.8206134
4267.798233  0.740387
4268.42104  0.7228644
4269.043847  0.7150266
4269.666654  0.6707341
4270.289461  0.5986966
4270.912268  0.4620198
4271.535075  0.3553202
4272.157882  0.3919985
4272.780689  0.5107527
4273.403496  0.5773426
4274.026303  0.533392
4274.64911  0.4658458
4275.271917  0.5142375
4275.894724  0.6493722
4276.517531  0.7423398
4277.140338  0.792456
4277.763145  0.8471369
4278.385952  0.8981878
4279.008759  0.8502804
4279.631566  0.7232125
4280.254373  0.6284792
4280.87718  0.6594422
4281.499987  0.7204626
4282.122794  0.7349812
4282.745601  0.7201301
4283.368408  0.7755803
4283.991215  0.8015143
4284.614022  0.7448117
4285.236829  0.6758196
4285.859636  0.6511482
4286.482443  0.6822839
4287.10525  0.7388006
4287.728057  0.7716776
4288.350864  0.7148319
4288.973671  0.5825034
4289.596478  0.482534
4290.219285  0.4973471
4290.842092  0.5661331
4291.464899  0.6050866
4292.087706  0.6977494
4292.710513  0.787677
4293.33332  0.7832378
4293.956127  0.6764821
4294.578934  0.6262932
4295.201741  0.6751087
4295.824548  0.7277308
4296.447355  0.7001041
4297.070162  0.6439216
4297.692969  0.6131441
4298.315776  0.55743
4298.938583  0.4606532
4299.56139  0.3765365
4300.184197  0.3839919
4300.807004  0.474609
4301.429811  0.543961
4302.052618  0.520092
4302.675425  0.4720545
4303.298232  0.4800334
4303.921039  0.5299802
4304.543846  0.5322227
4305.166653  0.495158
4305.78946  0.4675594
4306.412267  0.4631295
4307.035074  0.4067078
4307.657881  0.3390758
4308.280688  0.3202223
4308.903495  0.3556329
4309.526302  0.3985013
4310.149109  0.4346856
4310.771916  0.474985
4311.394723  0.5043473
4312.01753  0.534193
4312.640337  0.5900811
4313.263144  0.680716
4313.885951  0.7078825
4314.508758  0.7079119
4315.131565  0.8056668
4315.754372  0.9857551
4316.377179  1.118773
4316.999986  1.123202
4317.622793  1.077864
4318.2456  1.032438
4318.868407  1.015578
4319.491214  1.022197
4320.114021  0.9778013
4320.736828  0.9203995
4321.359635  0.9230143
4321.982442  0.9647371
4322.605249  0.8895705
4323.228056  0.7020978
4323.850863  0.5836866
4324.47367  0.5004885
4325.096477  0.4170215
4325.719284  0.3702559
4326.342091  0.4701496
4326.964898  0.6652858
4327.587705  0.8552662
4328.210512  0.9841387
4328.833319  1.042988
4329.456126  1.018093
4330.078933  0.9287944
4330.70174  0.8895175
4331.324547  0.9255307
4331.947354  0.9854032
4332.570161  1.00234
4333.192968  0.9889264
4333.815775  0.9847842
4334.438582  1.01807
4335.061389  1.090873
4335.684196  1.123707
4336.307003  1.036448
4336.92981  0.8428295
4337.552617  0.7099416
4338.175424  0.702116
4338.798231  0.7222596
4339.421038  0.686873
4340.043845  0.6283293
4340.666652  0.6340094
4341.289459  0.7377124
4341.912266  0.8879531
4342.535073  0.9757271
4343.15788  0.9220203
4343.780687  0.8558251
4344.403494  0.8839872
4345.026301  0.9938527
4345.649108  1.042107
4346.271915  1.004882
4346.894722  0.9405856
4347.517529  0.922293
4348.140336  0.9878855
4348.763143  1.103884
4349.38595  1.176689
4350.008757  1.100743
4350.631564  0.9053815
4351.254371  0.705005
4351.877178  0.6123909
4352.499985  0.6610505
4353.122792  0.785879
4353.745599  0.8758438
4354.368406  0.8844292
4354.991213  0.8600056
4355.61402  0.8732187
4356.236827  0.9326747
4356.859634  1.005606
4357.482441  1.021374
4358.105248  0.9331853
4358.728055  0.8407205
4359.350862  0.8123658
4359.973669  0.8619344
4360.596476  0.9753497
4361.219283  1.073003
4361.84209  1.082967
4362.464897  1.002463
4363.087704  0.9424524
4363.710511  0.974567
4364.333318  1.079236
4364.956125  1.156804
4365.578932  1.145638
4366.201739  1.049602
4366.824546  0.9319073
4367.447353  0.8529006
4368.07016  0.8593681
4368.692967  0.9389895
4369.315774  0.9696445
4369.938581  0.9394936
4370.561388  0.9097037
4371.184195  0.9300854
4371.807002  0.9649549
4372.429809  0.9543254
4373.052616  0.8753377
4373.675423  0.7992834
4374.29823  0.7394595
4374.921037  0.6913908
4375.543844  0.6960614
4376.166651  0.7761422
4376.789458  0.8954171
4377.412265  0.9778801
4378.035072  1.010399
4378.657879  0.999496
4379.280686  0.9585347
4379.903493  0.9025456
4380.5263  0.8715129
4381.149107  0.8609481
4381.771914  0.8011413
4382.394721  0.6217319
4383.017528  0.4065339
4383.640335  0.3054149
4384.263142  0.3303726
4384.885949  0.4768932
4385.508756  0.6882957
4386.131563  0.8507231
4386.75437  0.8879774
4387.377177  0.8464679
4387.999984  0.8295944
4388.622791  0.8258148
4389.245598  0.8049161
4389.868405  0.7681068
4390.491212  0.7632918
4391.114019  0.7877622
4391.736826  0.8301331
4392.359633  0.8803759
4392.98244  0.8953996
4393.605247  0.87447
4394.228054  0.8406964
4394.850861  0.806162
4395.473668  0.8351472
4396.096475  0.9382473
4396.719282  1.04318
4397.342089  1.084845
4397.964896  1.065127
4398.587703  1.021794
4399.21051  0.9616455
4399.833317  0.8737801
4400.456124  0.794903
4401.078931  0.8136327
4401.701738  0.9416704
4402.324545  1.046643
4402.947352  0.9727851
4403.570159  0.7585683
4404.192966  0.5363305
4404.815773  0.4510932
4405.43858  0.5662816
4406.061387  0.7436938
4406.684194  0.8410426
4407.307001  0.818901
4407.929808  0.7490465
4408.552615  0.7544538
4409.175422  0.8790696
4409.798229  1.009304
4410.421036  1.07518
4411.043843  1.075036
4411.66665  1.064082
4412.289457  1.098317
4412.912264  1.131146
4413.535071  1.066431
4414.157878  0.8670377
4414.780685  0.6927853
4415.403492  0.6783859
4416.026299  0.7958705
4416.649106  0.9047435
4417.271913  0.9597463
4417.89472  1.005776
4418.517527  1.063475
4419.140334  1.118778
4419.763141  1.14604
4420.385948  1.126447
4421.008755  1.057607
4421.631562  0.9464435
4422.254369  0.8352804
4422.877176  0.843769
4423.499983  0.9331181
4424.12279  0.9961503
4424.745597  0.9822223
4425.368404  0.9558942
4425.991211  0.9503449
4426.614018  0.9432403
4427.236825  0.9518183
4427.859632  1.008436
4428.482439  1.084982
4429.105246  1.060372
4429.728053  0.9332659
4430.35086  0.8336028
4430.973667  0.903583
4431.596474  1.018108
4432.219281  1.071335
4432.842088  1.040626
4433.464895  0.9643136
4434.087702  0.8670151
4434.710509  0.7818869
4435.333316  0.7552727
4435.956123  0.820509
4436.57893  0.9347777
4437.201737  1.027
4437.824544  1.095777
4438.447351  1.155424
4439.070158  1.193255
4439.692965  1.157853
4440.315772  1.061112
4440.938579  0.9592481
4441.561386  0.9019578
4442.184193  0.864637
4442.807  0.8596607
4443.429807  0.9039019
4444.052614  0.9776816
4444.675421  1.084478
4445.298228  1.187524
4445.921035  1.214572
4446.543842  1.139358
4447.166649  1.061242
4447.789456  1.080104
4448.412263  1.143775
4449.03507  1.161195
4449.657877  1.110631
4450.280684  1.06368
4450.903491  1.075379
4451.526298  1.111214
4452.149105  1.104687
4452.771912  1.062911
4453.394719  1.006647
4454.017526  0.9363295
4454.640333  0.8380812
4455.26314  0.805952
4455.885947  0.8599576
4456.508754  0.9315948
4457.131561  0.95357
4457.754368  0.9272465
4458.377175  0.8836833
4458.999982  0.8433511
4459.622789  0.8624496
4460.245596  0.8922371
4460.868403  0.8316407
4461.49121  0.7432595
4462.114017  0.7468222
4462.736824  0.8902614
4463.359631  1.06149
4463.982438  1.107209
4464.605245  1.043348
4465.228052  1.028251
4465.850859  1.015797
4466.473666  1.007451
4467.096473  1.035643
4467.71928  1.074494
4468.342087  1.046788
4468.964894  0.9634719
4469.587701  0.9409181
4470.210508  0.9775254
4470.833315  1.033444
4471.456122  1.074279
4472.078929  1.095643
4472.701736  1.12747
4473.324543  1.171608
4473.94735  1.179813
4474.570157  1.143918
4475.192964  1.105541
4475.815771  1.119283
4476.438578  1.18911
4477.061385  1.263895
4477.684192  1.294211
4478.306999  1.276454
4478.929806  1.18419
4479.552613  1.052015
4480.17542  0.9623232
4480.798227  0.9425739
4481.421034  0.9338334
4482.043841  0.9122086
4482.666648  0.9873497
4483.289455  1.096573
4483.912262  1.169213
4484.535069  1.212915
4485.157876  1.25013
4485.780683  1.272092
4486.40349  1.25589
4487.026297  1.202471
4487.649104  1.128636
4488.271911  1.053633
4488.894718  0.9915923
4489.517525  0.6135592
4490.140332  0.
4490.763139  0.
4491.385946  0.
4492.008753  0.
4492.63156  0.
4493.254367  0.
4493.877174  0.
4494.499981  0.
4495.122788  0.
4495.745595  0.
4496.368402  0.
4496.991209  0.
4497.614016  0.
4498.236823  0.
4498.85963  0.
4499.482437  0.
4500.105244  0.
4500.728051  0.
4501.350858  0.
4501.973665  0.
4502.596472  0.
4503.219279  0.
4503.842086  0.
4504.464893  0.
4505.0877  0.
4505.710507  0.
4506.333314  0.
4506.956121  0.
4507.578928  0.
4508.201735  0.
4508.824542  0.
