3820.  0.
3820.622807  0.
3821.245614  0.
3821.868421  0.
3822.491228  0.
3823.114035  0.
3823.736842  0.
3824.359649  0.
3824.982456  0.
3825.605263  0.
3826.22807  0.
3826.850877  0.
3827.473684  0.
3828.096491  0.
3828.719298  0.
3829.342105  0.
3829.964912  0.
3830.587719  0.
3831.210526  0.
3831.833333  0.
3832.45614  0.
3833.078947  0.
3833.701754  0.
3834.324561  0.
3834.947368  0.
3835.570175  0.
3836.192982  0.
3836.815789  0.
3837.438596  0.1260213
3838.061403  0.1288171
3838.68421  0.1089385
3839.307017  0.1077257
3839.929824  0.1135979
3840.552631  0.106291
3841.175438  0.09456322
3841.798245  0.1052978
3842.421052  0.1317745
3843.043859  0.1482989
3843.666666  0.1455588
3844.289473  0.145343
3844.91228  0.1551512
3845.535087  0.1642044
3846.157894  0.1620555
3846.780701  0.1630762
3847.403508  0.1615416
3848.026315  0.1555459
3848.649122  0.1530898
3849.271929  0.1366799
3849.894736  0.1113426
3850.517543  0.1002402
3851.14035  0.1194985
3851.763157  0.1436807
3852.385964  0.1581976
3853.008771  0.1710225
3853.631578  0.1709822
3854.254385  0.1649796
3854.877192  0.1561109
3855.499999  0.127748
3856.122806  0.09579979
3856.745613  0.08859508
3857.36842  0.112522
3857.991227  0.1157852
3858.614034  0.09874754
3859.236841  0.07808685
3859.859648  0.05377464
3860.482455  0.0639274
3861.105262  0.100174
3861.728069  0.125924
3862.350876  0.1479063
3862.973683  0.1591585
3863.59649  0.1521109
3864.219297  0.1327605
3864.842104  0.1241829
3865.464911  0.1299197
3866.087718  0.140194
3866.710525  0.1555346
3867.333332  0.1609323
3867.956139  0.1568117
3868.578946  0.1621395
3869.201753  0.1646854
3869.82456  0.1609093
3870.447367  0.1561902
3871.070174  0.1506425
3871.692981  0.1291152
3872.315788  0.09699658
3872.938595  0.08489912
3873.561402  0.1067585
3874.184209  0.1398549
3874.807016  0.1521377
3875.429823  0.1395448
3876.05263  0.1320743
3876.675437  0.1291905
3877.298244  0.1017333
3877.921051  0.08102609
3878.543858  0.09131014
3879.166665  0.1281617
3879.789472  0.1593052
3880.412279  0.166676
3881.035086  0.1489558
3881.657893  0.1213501
3882.2807  0.1129432
3882.903507  0.1383249
3883.526314  0.1810791
3884.149121  0.1962142
3884.771928  0.1665767
3885.394735  0.1112088
3886.017542  0.07074906
3886.640349  0.07266107
3887.263156  0.1046469
3887.885963  0.1305331
3888.50877  0.1229414
3889.131577  0.115578
3889.754384  0.1270038
3890.377191  0.1440148
3890.999998  0.174627
3891.622805  0.2126998
3892.245612  0.2342684
3892.868419  0.2109483
3893.491226  0.1757979
3894.114033  0.1477393
3894.73684  0.1174908
3895.359647  0.1047605
3895.982454  0.1297605
3896.605261  0.1754359
3897.228068  0.17608
3897.850875  0.1529207
3898.473682  0.1329734
3899.096489  0.1158908
3899.719296  0.1060376
3900.342103  0.1340209
3900.96491  0.1957175
3901.587717  0.2073275
3902.210524  0.1738282
3902.833331  0.1496668
3903.456138  0.1766735
3904.078945  0.2079067
3904.701752  0.2004271
3905.324559  0.1530324
3905.947366  0.1115758
3906.570173  0.1046679
3907.19298  0.127235
3907.815787  0.1526123
3908.438594  0.1811875
3909.061401  0.2036714
3909.684208  0.2105767
3910.307015  0.2116314
3910.929822  0.2066137
3911.552629  0.1924405
3912.175436  0.1713885
3912.798243  0.1572719
3913.42105  0.1604848
3914.043857  0.1786533
3914.666664  0.1932703
3915.289471  0.1883168
3915.912278  0.1656068
3916.535085  0.1468133
3917.157892  0.1541133
3917.780699  0.1663786
3918.403506  0.1510611
3919.026313  0.1304141
3919.64912  0.1079785
3920.271927  0.09301011
3920.894734  0.1086146
3921.517541  0.1211523
3922.140348  0.1115451
3922.763155  0.09601825
3923.385962  0.1094838
3924.008769  0.1305859
3924.631576  0.1338201
3925.254383  0.1355101
3925.87719  0.1315536
3926.499997  0.1171387
3927.122804  0.09556926
3927.745611  0.07817984
3928.368418  0.07434575
3928.991225  0.07887451
3929.614032  0.06991301
3930.236839  0.05937323
3930.859646  0.06056191
3931.482453  0.07066441
3932.10526  0.07437171
3932.728067  0.06658757
3933.350874  0.05644823
3933.973681  0.06055167
3934.596488  0.06926882
3935.219295  0.07061106
3935.842102  0.06623261
3936.464909  0.06844766
3937.087716  0.08054738
3937.710523  0.09415518
3938.33333  0.09660415
3938.956137  0.09936143
3939.578944  0.1072037
3940.201751  0.1049606
3940.824558  0.1036426
3941.447365  0.1095315
3942.070172  0.1174134
3942.692979  0.1186752
3943.315786  0.1073442
3943.938593  0.09630293
3944.5614  0.1157386
3945.184207  0.1475529
3945.807014  0.1676233
3946.429821  0.167344
3947.052628  0.1535156
3947.675435  0.1435408
3948.298242  0.1444934
3948.921049  0.1405913
3949.543856  0.1462364
3950.166663  0.1650736
3950.78947  0.1781749
3951.412277  0.1761238
3952.035084  0.1648379
3952.657891  0.1639541
3953.280698  0.1954412
3953.903505  0.2264551
3954.526312  0.227607
3955.149119  0.2079679
3955.771926  0.1767423
3956.394733  0.1527616
3957.01754  0.1493752
3957.640347  0.151405
3958.263154  0.1591488
3958.885961  0.1716906
3959.508768  0.1725357
3960.131575  0.1522264
3960.754382  0.1187894
3961.377189  0.09524276
3961.999996  0.1059141
3962.622803  0.1204877
3963.24561  0.1095983
3963.868417  0.1029642
3964.491224  0.09893562
3965.114031  0.091491
3965.736838  0.08434439
3966.359645  0.08571135
3966.982452  0.08576483
3967.605259  0.07283367
3968.228066  0.06006689
3968.850873  0.05631427
3969.47368  0.06251484
3970.096487  0.073385
3970.719294  0.08673348
3971.342101  0.09903639
3971.964908  0.1056841
3972.587715  0.1037056
3973.210522  0.1059288
3973.833329  0.1202223
3974.456136  0.1347125
3975.078943  0.1503379
3975.70175  0.1638879
3976.324557  0.1694044
3976.947364  0.1793733
3977.570171  0.1864965
3978.192978  0.183453
3978.815785  0.1890659
3979.438592  0.2098209
3980.061399  0.2309602
3980.684206  0.2252819
3981.307013  0.188149
3981.92982  0.1593453
3982.552627  0.1775846
3983.175434  0.2092799
3983.798241  0.2296956
3984.421048  0.2447902
3985.043855  0.2822916
3985.666662  0.3012807
3986.289469  0.2884297
3986.912276  0.275111
3987.535083  0.2871207
3988.15789  0.2903182
3988.780697  0.2553959
3989.403504  0.2254046
3990.026311  0.2273421
3990.649118  0.2495499
3991.271925  0.2571481
3991.894732  0.26465
3992.517539  0.2881336
3993.140346  0.3190116
3993.763153  0.3137683
3994.38596  0.2752532
3995.008767  0.2389493
3995.631574  0.2390664
3996.254381  0.2475836
3996.877188  0.2383877
3997.499995  0.2154074
3998.122802  0.2105879
3998.745609  0.2573643
3999.368416  0.3413623
3999.991223  0.3847252
4000.61403  0.3843471
4001.236837  0.3775301
4001.859644  0.394142
4002.482451  0.3919859
4003.105258  0.3752524
4003.728065  0.3599783
4004.350872  0.304055
4004.973679  0.2442391
4005.596486  0.2336829
4006.219293  0.2831205
4006.8421  0.3375289
4007.464907  0.3557487
4008.087714  0.337999
4008.710521  0.3146351
4009.333328  0.3187779
4009.956135  0.3474286
4010.578942  0.349311
4011.201749  0.3161767
4011.824556  0.2934071
4012.447363  0.3327739
4013.07017  0.3746234
4013.692977  0.3776409
4014.315784  0.3610729
4014.938591  0.3995592
4015.561398  0.4613104
4016.184205  0.4792403
4016.807012  0.4269702
4017.429819  0.3679359
4018.052626  0.3540436
4018.675433  0.3839427
4019.29824  0.4023582
4019.921047  0.3789256
4020.543854  0.3279114
4021.166661  0.2977145
4021.789468  0.3113267
4022.412275  0.3357216
4023.035082  0.3139602
4023.657889  0.2627026
4024.280696  0.2457048
4024.903503  0.3058485
4025.52631  0.4003429
4026.149117  0.4324962
4026.771924  0.403607
4027.394731  0.431954
4028.017538  0.4948865
4028.640345  0.5318734
4029.263152  0.4906259
4029.885959  0.3475004
4030.508766  0.2267539
4031.131573  0.2190774
4031.75438  0.2462159
4032.377187  0.2386092
4032.999994  0.2022411
4033.622801  0.1979938
4034.245608  0.2205277
4034.868415  0.2712931
4035.491222  0.3509412
4036.114029  0.43731
4036.736836  0.5006992
4037.359643  0.5171891
4037.98245  0.486064
4038.605257  0.4574563
4039.228064  0.4435406
4039.850871  0.4163592
4040.473678  0.354683
4041.096485  0.3161398
4041.719292  0.3435082
4042.342099  0.3907473
4042.964906  0.3988701
4043.587713  0.3582978
4044.21052  0.3033925
4044.833327  0.2333576
4045.456134  0.1838104
4046.078941  0.1938415
4046.701748  0.2563476
4047.324555  0.3375354
4047.947362  0.3939148
4048.570169  0.4009089
4049.192976  0.4032139
4049.815783  0.4148534
4050.43859  0.4253391
4051.061397  0.458515
4051.684204  0.4881735
4052.307011  0.4859171
4052.929818  0.4605707
4053.552625  0.4154006
4054.175432  0.3597215
4054.798239  0.3154724
4055.421046  0.3244504
4056.043853  0.3630512
4056.66666  0.3741634
4057.289467  0.3308122
4057.912274  0.2973722
4058.535081  0.312169
4059.157888  0.3398001
4059.780695  0.3616898
4060.403502  0.3865962
4061.026309  0.4192399
4061.649116  0.4135947
4062.271923  0.3551036
4062.89473  0.266696
4063.517537  0.1972195
4064.140344  0.2057689
4064.763151  0.3003732
4065.385958  0.4195287
4066.008765  0.4535707
4066.631572  0.3895659
4067.254379  0.3116486
4067.877186  0.3360765
4068.499993  0.4098983
4069.1228  0.4705665
4069.745607  0.5133812
4070.368414  0.4670904
4070.991221  0.3520618
4071.614028  0.2581309
4072.236835  0.2473557
4072.859642  0.3211852
4073.482449  0.4214137
4074.105256  0.4644604
4074.728063  0.4332982
4075.35087  0.3618055
4075.973677  0.2970827
4076.596484  0.2430775
4077.219291  0.1963315
4077.842098  0.173991
4078.464905  0.2189178
4079.087712  0.2756162
4079.710519  0.3111938
4080.333326  0.3591161
4080.956133  0.4449823
4081.57894  0.5060944
4082.201747  0.465677
4082.824554  0.3595857
4083.447361  0.3374039
4084.070168  0.4292569
4084.692975  0.4628194
4085.315782  0.4316385
4085.938589  0.3876737
4086.561396  0.3849466
4087.184203  0.4514073
4087.80701  0.5411071
4088.429817  0.5975328
4089.052624  0.6184267
4089.675431  0.587311
4090.298238  0.5370462
4090.921045  0.5329567
4091.543852  0.5570808
4092.166659  0.5376534
4092.789466  0.4702568
4093.412273  0.5200448
4094.03508  0.5996695
4094.657887  0.5892625
4095.280694  0.5019801
4095.903501  0.4049103
4096.526308  0.3749876
4097.149115  0.4328875
4097.771922  0.4787301
4098.394729  0.4762993
4099.017536  0.4389842
4099.640343  0.3866165
4100.26315  0.3189595
4100.885957  0.2502866
4101.508764  0.214613
4102.131571  0.2350207
4102.754378  0.3129424
4103.377185  0.4079342
4103.999992  0.4387162
4104.622799  0.4364509
4105.245606  0.4629556
4105.868413  0.5348999
4106.49122  0.5792097
4107.114027  0.5628654
4107.736834  0.5138024
4108.359641  0.479582
4108.982448  0.4432228
4109.605255  0.3891028
4110.228062  0.3530486
4110.850869  0.358345
4111.473676  0.372551
4112.096483  0.3507426
4112.71929  0.3562767
4113.342097  0.4021206
4113.964904  0.4465353
4114.587711  0.435825
4115.210518  0.4211029
4115.833325  0.4334373
4116.456132  0.444113
4117.078939  0.4754479
4117.701746  0.4780464
4118.324553  0.4078042
4118.94736  0.3548071
4119.570167  0.3630487
4120.192974  0.4012694
4120.815781  0.3933135
4121.438588  0.3601536
4122.061395  0.3488038
4122.684202  0.3751028
4123.307009  0.3765864
4123.929816  0.3859063
4124.552623  0.4463433
4125.17543  0.5177242
4125.798237  0.525692
4126.421044  0.4829904
4127.043851  0.467269
4127.666658  0.4272904
4128.289465  0.3963192
4128.912272  0.4106611
4129.535079  0.3886189
4130.157886  0.3597715
4130.780693  0.3671878
4131.4035  0.3961526
4132.026307  0.3644517
4132.649114  0.3217003
4133.271921  0.3491433
4133.894728  0.3378169
4134.517535  0.3115167
4135.140342  0.3459689
4135.763149  0.4558205
4136.385956  0.5070274
4137.008763  0.4659305
4137.63157  0.4286707
4138.254377  0.4703107
4138.877184  0.5153787
4139.499991  0.4808063
4140.122798  0.4256007
4140.745605  0.434215
4141.368412  0.4824277
4141.991219  0.4551747
4142.614026  0.367186
4143.236833  0.2740051
4143.85964  0.2333092
4144.482447  0.2764638
4145.105254  0.3820197
4145.728061  0.4855159
4146.350868  0.5187483
4146.973675  0.4950814
4147.596482  0.4618341
4148.219289  0.4492313
4148.842096  0.4291106
4149.464903  0.3705253
4150.08771  0.3139639
4150.710517  0.3652018
4151.333324  0.4285468
4151.956131  0.4268769
4152.578938  0.38339
4153.201745  0.3847345
4153.824552  0.402335
4154.447359  0.3953784
4155.070166  0.4220344
4155.692973  0.4338475
4156.31578  0.4144164
4156.938587  0.4178095
4157.561394  0.4756845
4158.184201  0.5361834
4158.807008  0.5425612
4159.429815  0.5376812
4160.052622  0.5290473
4160.675429  0.5148729
4161.298236  0.5077883
4161.921043  0.5458981
4162.54385  0.6056909
4163.166657  0.6198229
4163.789464  0.551659
4164.412271  0.4652661
4165.035078  0.4355183
4165.657885  0.4678402
4166.280692  0.5126004
4166.903499  0.514334
4167.526306  0.4670191
4168.149113  0.4662954
4168.77192  0.4904824
4169.394727  0.4955562
4170.017534  0.5198742
4170.640341  0.5477797
4171.263148  0.5254628
4171.885955  0.4183489
4172.508762  0.3101336
4173.131569  0.2608809
4173.754376  0.2701545
4174.377183  0.2888883
4174.99999  0.3229686
4175.622797  0.3768336
4176.245604  0.4207567
4176.868411  0.4119921
4177.491218  0.3755723
4178.114025  0.3729604
4178.736832  0.4217184
4179.359639  0.4773667
4179.982446  0.5081488
4180.605253  0.5299364
4181.22806  0.504929
4181.850867  0.4528801
4182.473674  0.4350256
4183.096481  0.4660158
4183.719288  0.5040663
4184.342095  0.5220609
4184.964902  0.5514216
4185.587709  0.5918638
4186.210516  0.5820938
4186.833323  0.4724487
4187.45613  0.3849788
4188.078937  0.4118202
4188.701744  0.5239882
4189.324551  0.5652971
4189.947358  0.5177971
4190.570165  0.4315188
4191.192972  0.372398
4191.815779  0.411925
4192.438586  0.521744
4193.061393  0.6150658
4193.6842  0.6382387
4194.307007  0.6073269
4194.929814  0.5475529
4195.552621  0.4659329
4196.175428  0.4094923
4196.798235  0.3967114
4197.421042  0.4075532
4198.043849  0.4045207
4198.666656  0.3730606
4199.289463  0.342768
4199.91227  0.3655372
4200.535077  0.3963423
4201.157884  0.39649
4201.780691  0.373263
4202.403498  0.3735838
4203.026305  0.4020929
4203.649112  0.4206706
4204.271919  0.3852637
4204.894726  0.364283
4205.517533  0.387379
4206.14034  0.4171523
4206.763147  0.4281289
4207.385954  0.4811269
4208.008761  0.5916418
4208.631568  0.6324311
4209.254375  0.6138157
4209.877182  0.5805397
4210.499989  0.5581711
4211.122796  0.5765235
4211.745603  0.6034466
4212.36841  0.5985416
4212.991217  0.5814036
4213.614024  0.5451989
4214.236831  0.4843157
4214.859638  0.4045745
4215.482445  0.2895274
4216.105252  0.2815808
4216.728059  0.4768889
4217.350866  0.6432454
4217.973673  0.707476
4218.59648  0.7178023
4219.219287  0.7445967
4219.842094  0.7259389
4220.464901  0.7009703
4221.087708  0.7356132
4221.710515  0.7172335
4222.333322  0.6073495
4222.956129  0.4744334
4223.578936  0.4349662
4224.201743  0.4146646
4224.82455  0.361486
4225.447357  0.288465
4226.070164  0.1967281
4226.692971  0.1261988
4227.315778  0.1287436
4227.938585  0.2269236
4228.561392  0.3636013
4229.184199  0.4517252
4229.807006  0.466325
4230.429813  0.5636954
4231.05262  0.7074056
4231.675427  0.7423061
4232.298234  0.5789958
4232.921041  0.3886738
4233.543848  0.3226834
4234.166655  0.3785579
4234.789462  0.4716705
4235.412269  0.5070746
4236.035076  0.4712494
4236.657883  0.4724023
4237.28069  0.4979544
4237.903497  0.5132548
4238.526304  0.5179326
4239.149111  0.5110384
4239.771918  0.4988648
4240.394725  0.5008807
4241.017532  0.548587
4241.640339  0.6150471
4242.263146  0.6715276
4242.885953  0.7312845
4243.50876  0.8624719
4244.131567  0.9936072
4244.754374  0.9898871
4245.377181  0.8430484
4245.999988  0.6709149
4246.622795  0.5631889
4247.245602  0.5052127
4247.868409  0.5290135
4248.491216  0.6189126
4249.114023  0.6875284
4249.73683  0.6024615
4250.359637  0.4514336
4250.982444  0.3864467
4251.605251  0.4531818
4252.228058  0.5602887
4252.850865  0.608791
4253.473672  0.5547782
4254.096479  0.4075934
4254.719286  0.3358774
4255.342093  0.4288639
4255.9649  0.5396111
4256.587707  0.662638
4257.210514  0.7236473
4257.833321  0.6236498
4258.456128  0.5043414
4259.078935  0.4809901
4259.701742  0.5312991
4260.324549  0.5031624
4260.947356  0.5152025
4261.570163  0.6191517
4262.19297  0.7145607
4262.815777  0.7764814
4263.438584  0.8127825
4264.061391  0.8458848
4264.684198  0.8911375
4265.307005  0.936448
4265.929812  0.9552462
4266.552619  0.9232111
4267.175426  0.829041
4267.798233  0.7345474
4268.42104  0.7055269
4269.043847  0.7193743
4269.666654  0.6965471
4270.289461  0.5825808
4270.912268  0.4036508
4271.535075  0.2791222
4272.157882  0.3009405
4272.780689  0.4424839
4273.403496  0.5243033
4274.026303  0.4676744
4274.64911  0.3673494
4275.271917  0.4134555
4275.894724  0.5600572
4276.517531  0.6984538
4277.140338  0.7731006
4277.763145  0.8472582
4278.385952  0.9055197
4279.008759  0.8949964
4279.631566  0.7897419
4280.254373  0.6450101
4280.87718  0.5748507
4281.499987  0.6232721
4282.122794  0.5989286
4282.745601  0.5824342
4283.368408  0.6622838
4283.991215  0.7183303
4284.614022  0.6744077
4285.236829  0.5851444
4285.859636  0.5622845
4286.482443  0.5832773
4287.10525  0.5865402
4287.728057  0.5487695
4288.350864  0.5122994
4288.973671  0.4044834
4289.596478  0.2755763
4290.219285  0.2565475
4290.842092  0.2713267
4291.464899  0.338947
4292.087706  0.4983819
4292.710513  0.6853728
4293.33332  0.6949703
4293.956127  0.5580953
4294.578934  0.5220096
4295.201741  0.600799
4295.824548  0.6848603
4296.447355  0.6985506
4297.070162  0.7131463
4297.692969  0.6721045
4298.315776  0.5444855
4298.938583  0.3927711
4299.56139  0.3071977
4300.184197  0.3265612
4300.807004  0.4145691
4301.429811  0.4801155
4302.052618  0.4607244
4302.675425  0.4250688
4303.298232  0.5124078
4303.921039  0.6306295
4304.543846  0.6442889
4305.166653  0.5258135
4305.78946  0.4388285
4306.412267  0.4133847
4307.035074  0.4016592
4307.657881  0.3665105
4308.280688  0.369632
4308.903495  0.4125315
4309.526302  0.4760393
4310.149109  0.6319326
4310.771916  0.8312481
4311.394723  0.9589079
4312.01753  0.9319327
4312.640337  0.8556839
4313.263144  0.7432719
4313.885951  0.5687565
4314.508758  0.4855707
4315.131565  0.6752216
4315.754372  1.052049
4316.377179  1.23271
4316.999986  1.290633
4317.622793  1.256495
4318.2456  1.100731
4318.868407  1.022753
4319.491214  1.015443
4320.114021  0.95706
4320.736828  0.7941418
4321.359635  0.798407
4321.982442  0.9510393
4322.605249  0.978263
4323.228056  0.9359714
4323.850863  0.83623
4324.47367  0.6585377
4325.096477  0.4274997
4325.719284  0.3278744
4326.342091  0.4449954
4326.964898  0.701939
4327.587705  1.013453
4328.210512  1.220101
4328.833319  1.196884
4329.456126  0.9780123
4330.078933  0.7896442
4330.70174  0.8046328
4331.324547  0.9923684
4331.947354  1.106407
4332.570161  1.101584
4333.192968  1.077697
4333.815775  1.085837
4334.438582  1.239859
4335.061389  1.459777
4335.684196  1.460277
4336.307003  1.104669
4336.92981  0.653793
4337.552617  0.4742902
4338.175424  0.574265
4338.798231  0.6515371
4339.421038  0.5222071
4340.043845  0.3458066
4340.666652  0.3841874
4341.289459  0.6699612
4341.912266  0.997354
4342.535073  1.115072
4343.15788  0.9885793
4343.780687  0.8250044
4344.403494  0.9092178
4345.026301  1.090419
4345.649108  1.100012
4346.271915  0.8551738
4346.894722  0.7020752
4347.517529  0.8354373
4348.140336  1.181618
4348.763143  1.45601
4349.38595  1.451734
4350.008757  1.153335
4350.631564  0.7458264
4351.254371  0.5270423
4351.877178  0.5739717
4352.499985  0.7833771
4353.122792  1.001639
4353.745599  1.068109
4354.368406  1.025193
4354.991213  1.067312
4355.61402  1.217416
4356.236827  1.424563
4356.859634  1.541585
4357.482441  1.354823
4358.105248  1.008208
4358.728055  0.7679544
4359.350862  0.7813145
4359.973669  0.8593041
4360.596476  0.931855
4361.219283  1.044709
4361.84209  1.201289
4362.464897  1.28287
4363.087704  1.274101
4363.710511  1.314628
4364.333318  1.410976
4364.956125  1.451939
4365.578932  1.363031
4366.201739  1.281034
4366.824546  1.113323
4367.447353  0.8698981
4368.07016  0.8071933
4368.692967  0.926928
4369.315774  1.084395
4369.938581  1.138911
4370.561388  1.121889
4371.184195  1.149424
4371.807002  1.209682
4372.429809  1.094773
4373.052616  0.8812337
4373.675423  0.6810946
4374.29823  0.5439637
4374.921037  0.4795841
4375.543844  0.593664
4376.166651  0.9013374
4376.789458  1.180685
4377.412265  1.356263
4378.035072  1.373746
4378.657879  1.208486
4379.280686  1.050112
4379.903493  1.007243
4380.5263  1.040162
4381.149107  1.001736
4381.771914  0.8329751
4382.394721  0.5832953
4383.017528  0.3747657
4383.640335  0.3008913
4384.263142  0.3691078
4384.885949  0.5373777
4385.508756  0.7870739
4386.131563  0.9494519
4386.75437  0.9368045
4387.377177  0.8627149
4387.999984  0.7970549
4388.622791  0.7307452
4389.245598  0.6451048
4389.868405  0.6491168
4390.491212  0.7129962
4391.114019  0.8009683
4391.736826  0.9746811
4392.359633  1.118017
4392.98244  1.112024
4393.605247  0.9440795
4394.228054  0.7511124
4394.850861  0.7025779
4395.473668  0.8950278
4396.096475  1.264605
4396.719282  1.421475
4397.342089  1.263292
4397.964896  1.100604
4398.587703  1.005632
4399.21051  0.8949053
4399.833317  0.720937
4400.456124  0.6777686
4401.078931  0.9532623
4401.701738  1.381414
4402.324545  1.451138
4402.947352  1.156824
4403.570159  0.7363397
4404.192966  0.4537973
4404.815773  0.404455
4405.43858  0.5240639
4406.061387  0.6542804
4406.684194  0.6475294
4407.307001  0.5419479
4407.929808  0.4770645
4408.552615  0.5822052
4409.175422  0.854619
4409.798229  1.114369
4410.421036  1.200445
4411.043843  1.181807
4411.66665  1.195773
4412.289457  1.279896
4412.912264  1.308906
4413.535071  1.104594
4414.157878  0.7705272
4414.780685  0.580393
4415.403492  0.6398335
4416.026299  0.7660019
4416.649106  0.8045817
4417.271913  0.8474713
4417.89472  0.9512689
4418.517527  1.087217
4419.140334  1.16172
4419.763141  1.102701
4420.385948  0.9859763
4421.008755  0.90358
4421.631562  0.81825
4422.254369  0.8012021
4422.877176  0.8950489
4423.499983  1.046882
4424.12279  1.161566
4424.745597  1.17445
4425.368404  1.106278
4425.991211  1.083921
4426.614018  0.9856788
4427.236825  0.8268151
4427.859632  0.9122844
4428.482439  1.043151
4429.105246  1.00391
4429.728053  0.8166862
4430.35086  0.8194615
4430.973667  1.016905
4431.596474  1.192404
4432.219281  1.19708
4432.842088  1.065601
4433.464895  0.8873708
4434.087702  0.7131379
4434.710509  0.5466315
4435.333316  0.4984239
4435.956123  0.6759052
4436.57893  0.9676534
4437.201737  1.169729
4437.824544  1.250412
4438.447351  1.426458
4439.070158  1.497028
4439.692965  1.367989
4440.315772  1.168969
4440.938579  0.9622566
4441.561386  0.7819366
4442.184193  0.6572668
4442.807  0.6335098
4443.429807  0.6736524
4444.052614  0.7706466
4444.675421  0.9687718
4445.298228  1.145748
4445.921035  1.184253
4446.543842  1.092671
4447.166649  1.079575
4447.789456  1.272326
4448.412263  1.506029
4449.03507  1.331105
4449.657877  1.012594
4450.280684  0.9012379
4450.903491  1.040717
4451.526298  1.186973
4452.149105  1.176137
4452.771912  1.039102
4453.394719  0.9605419
4454.017526  0.8925056
4454.640333  0.7628405
4455.26314  0.6651411
4455.885947  0.7029285
4456.508754  0.8241385
4457.131561  0.8670913
4457.754368  0.8645668
4458.377175  0.8190416
4458.999982  0.7357025
4459.622789  0.7090458
4460.245596  0.7446012
4460.868403  0.7420226
4461.49121  0.5847863
4462.114017  0.5454463
4462.736824  0.7776833
4463.359631  1.134061
4463.982438  1.258007
4464.605245  1.118628
4465.228052  0.9222395
4465.850859  0.8361521
4466.473666  0.8450133
4467.096473  0.8879673
4467.71928  0.9473694
4468.342087  0.8891388
4468.964894  0.8020419
4469.587701  0.8809987
4470.210508  0.9466978
4470.833315  0.9088632
4471.456122  0.8415523
4472.078929  0.9301257
4472.701736  1.171341
4473.324543  1.43641
4473.94735  1.569129
4474.570157  1.457379
4475.192964  1.25493
4475.815771  1.245199
4476.438578  1.414748
4477.061385  1.586109
4477.684192  1.617145
4478.306999  1.576016
4478.929806  1.439229
4479.552613  1.222946
4480.17542  1.049071
4480.798227  0.9745275
4481.421034  0.9092667
4482.043841  0.7688589
4482.666648  0.8695264
4483.289455  1.164743
4483.912262  1.387612
4484.535069  1.431567
4485.157876  1.456015
4485.780683  1.574656
4486.40349  1.657931
4487.026297  1.625602
4487.649104  1.498246
4488.271911  1.35267
4488.894718  1.141047
4489.517525  0.9047828
4490.140332  0.7862992
4490.763139  0.9557374
4491.385946  1.224496
4492.008753  1.376934
4492.63156  1.455853
4493.254367  1.445476
4493.877174  1.309919
4494.499981  1.0621
4495.122788  0.9509891
4495.745595  0.9486336
4496.368402  0.8654028
4496.991209  0.7785346
4497.614016  0.8754082
4498.236823  1.172291
4498.85963  1.332324
4499.482437  1.434296
4500.105244  1.554374
4500.728051  1.54427
4501.350858  1.293884
4501.973665  1.0268
4502.596472  1.129029
4503.219279  1.555512
4503.842086  1.990883
4504.464893  2.139884
4505.0877  2.05957
4505.710507  1.886989
4506.333314  1.700638
4506.956121  1.460862
4507.578928  1.324328
4508.201735  1.361385
4508.824542  1.464405
