3820.  0.07526333
3820.622807  0.05536749
3821.245614  0.06344666
3821.868421  0.08748481
3822.491228  0.1087297
3823.114035  0.1192947
3823.736842  0.1093873
3824.359649  0.08732273
3824.982456  0.07019375
3825.605263  0.06197166
3826.22807  0.06360375
3826.850877  0.07190683
3827.473684  0.08065642
3828.096491  0.08756774
3828.719298  0.09535336
3829.342105  0.1067314
3829.964912  0.1162275
3830.587719  0.1248211
3831.210526  0.1288928
3831.833333  0.1152341
3832.45614  0.09554313
3833.078947  0.08167759
3833.701754  0.07618437
3834.324561  0.07783192
3834.947368  0.09217457
3835.570175  0.1187751
3836.192982  0.140237
3836.815789  0.1461652
3837.438596  0.1332742
3838.061403  0.1077072
3838.68421  0.09325504
3839.307017  0.09158819
3839.929824  0.08814685
3840.552631  0.07381434
3841.175438  0.07252721
3841.798245  0.09914217
3842.421052  0.1376747
3843.043859  0.1605274
3843.666666  0.1665324
3844.289473  0.169532
3844.91228  0.1666152
3845.535087  0.1565229
3846.157894  0.1463863
3846.780701  0.1490206
3847.403508  0.1577986
3848.026315  0.1611685
3848.649122  0.1511875
3849.271929  0.1286094
3849.894736  0.1051716
3850.517543  0.09845638
3851.14035  0.1204833
3851.763157  0.1517342
3852.385964  0.1659162
3853.008771  0.1530488
3853.631578  0.1380286
3854.254385  0.133489
3854.877192  0.1346138
3855.499999  0.127941
3856.122806  0.1127443
3856.745613  0.1039529
3857.36842  0.1148141
3857.991227  0.1163362
3858.614034  0.1031798
3859.236841  0.08734218
3859.859648  0.07371139
3860.482455  0.07273943
3861.105262  0.08814071
3861.728069  0.1132066
3862.350876  0.1427027
3862.973683  0.1620022
3863.59649  0.1608653
3864.219297  0.152694
3864.842104  0.1391099
3865.464911  0.1251309
3866.087718  0.1245372
3866.710525  0.1362411
3867.333332  0.144826
3867.956139  0.1384116
3868.578946  0.1329695
3869.201753  0.1285034
3869.82456  0.1196612
3870.447367  0.1084949
3871.070174  0.1019995
3871.692981  0.1013985
3872.315788  0.1023348
3872.938595  0.1030482
3873.561402  0.1208524
3874.184209  0.1595675
3874.807016  0.1862627
3875.429823  0.1912129
3876.05263  0.1820126
3876.675437  0.1689521
3877.298244  0.141337
3877.921051  0.106839
3878.543858  0.09006718
3879.166665  0.1136224
3879.789472  0.1490307
3880.412279  0.1612811
3881.035086  0.1415913
3881.657893  0.1137843
3882.2807  0.1009359
3882.903507  0.1214554
3883.526314  0.1924952
3884.149121  0.2495791
3884.771928  0.2398474
3885.394735  0.1813287
3886.017542  0.1202738
3886.640349  0.09548493
3887.263156  0.1145324
3887.885963  0.1462
3888.50877  0.1687198
3889.131577  0.1857792
3889.754384  0.2190494
3890.377191  0.2453204
3890.999998  0.2650951
3891.622805  0.2987944
3892.245612  0.3305079
3892.868419  0.3356495
3893.491226  0.3146341
3894.114033  0.3034716
3894.73684  0.273739
3895.359647  0.2258253
3895.982454  0.2067721
3896.605261  0.2493437
3897.228068  0.2889216
3897.850875  0.2670971
3898.473682  0.243587
3899.096489  0.2182232
3899.719296  0.1941835
3900.342103  0.2018096
3900.96491  0.2589051
3901.587717  0.3076825
3902.210524  0.2859095
3902.833331  0.2310157
3903.456138  0.2181206
3904.078945  0.2554532
3904.701752  0.2631533
3905.324559  0.2242377
3905.947366  0.1823775
3906.570173  0.1881641
3907.19298  0.2221365
3907.815787  0.261036
3908.438594  0.2930273
3909.061401  0.3192275
3909.684208  0.3231917
3910.307015  0.3104796
3910.929822  0.304036
3911.552629  0.3106931
3912.175436  0.3200006
3912.798243  0.3210096
3913.42105  0.3166483
3914.043857  0.3188175
3914.666664  0.3262933
3915.289471  0.3220932
3915.912278  0.2931375
3916.535085  0.261688
3917.157892  0.2554426
3917.780699  0.2689781
3918.403506  0.2686372
3919.026313  0.2460455
3919.64912  0.2237022
3920.271927  0.184646
3920.894734  0.1549283
3921.517541  0.1625273
3922.140348  0.169685
3922.763155  0.1718449
3923.385962  0.1829349
3924.008769  0.2103979
3924.631576  0.2232086
3925.254383  0.212993
3925.87719  0.1969053
3926.499997  0.1891957
3927.122804  0.171003
3927.745611  0.1362648
3928.368418  0.1150804
3928.991225  0.1065023
3929.614032  0.09785519
3930.236839  0.08150382
3930.859646  0.06961368
3931.482453  0.06243666
3932.10526  0.05414658
3932.728067  0.04366235
3933.350874  0.03656869
3933.973681  0.03432233
3934.596488  0.03446292
3935.219295  0.04275808
3935.842102  0.05804743
3936.464909  0.07491139
3937.087716  0.09037785
3937.710523  0.1089168
3938.33333  0.1313621
3938.956137  0.1525911
3939.578944  0.1734765
3940.201751  0.1830849
3940.824558  0.174735
3941.447365  0.1679378
3942.070172  0.1743366
3942.692979  0.1811456
3943.315786  0.1612875
3943.938593  0.1321586
3944.5614  0.1302089
3945.184207  0.1766821
3945.807014  0.245175
3946.429821  0.2882694
3947.052628  0.2845858
3947.675435  0.2604199
3948.298242  0.2411798
3948.921049  0.2440527
3949.543856  0.2727889
3950.166663  0.3173372
3950.78947  0.3558251
3951.412277  0.3592135
3952.035084  0.3071651
3952.657891  0.2587451
3953.280698  0.269726
3953.903505  0.3393684
3954.526312  0.3928887
3955.149119  0.3868054
3955.771926  0.3322406
3956.394733  0.2819408
3957.01754  0.2726037
3957.640347  0.2912048
3958.263154  0.2949021
3958.885961  0.3085301
3959.508768  0.3182251
3960.131575  0.2880556
3960.754382  0.2155184
3961.377189  0.146046
3961.999996  0.1198724
3962.622803  0.1350873
3963.24561  0.1549098
3963.868417  0.1601799
3964.491224  0.153748
3965.114031  0.1376792
3965.736838  0.1144209
3966.359645  0.08819365
3966.982452  0.0654927
3967.605259  0.05150929
3968.228066  0.04454814
3968.850873  0.04131179
3969.47368  0.04929244
3970.096487  0.06813051
3970.719294  0.0916058
3971.342101  0.113524
3971.964908  0.1317644
3972.587715  0.147374
3973.210522  0.1629699
3973.833329  0.1805557
3974.456136  0.2102128
3975.078943  0.2494026
3975.70175  0.2679619
3976.324557  0.2700954
3976.947364  0.2800082
3977.570171  0.3148639
3978.192978  0.3447579
3978.815785  0.365489
3979.438592  0.3917758
3980.061399  0.4231867
3980.684206  0.4253878
3981.307013  0.3908996
3981.92982  0.3612134
3982.552627  0.3667336
3983.175434  0.3846281
3983.798241  0.379455
3984.421048  0.3799838
3985.043855  0.4095114
3985.666662  0.4497239
3986.289469  0.4478479
3986.912276  0.4396799
3987.535083  0.4662212
3988.15789  0.5171944
3988.780697  0.5014474
3989.403504  0.4303809
3990.026311  0.3818568
3990.649118  0.4129655
3991.271925  0.4549346
3991.894732  0.4655722
3992.517539  0.472865
3993.140346  0.4885642
3993.763153  0.4938221
3994.38596  0.4755675
3995.008767  0.4628986
3995.631574  0.4572289
3996.254381  0.4489614
3996.877188  0.4329052
3997.499995  0.4156909
3998.122802  0.4127166
3998.745609  0.4441686
3999.368416  0.5259765
3999.991223  0.5799438
4000.61403  0.5638933
4001.236837  0.5365316
4001.859644  0.5431795
4002.482451  0.5781455
4003.105258  0.6015223
4003.728065  0.5922468
4004.350872  0.5116575
4004.973679  0.3857854
4005.596486  0.3307719
4006.219293  0.364216
4006.8421  0.4387695
4007.464907  0.4959513
4008.087714  0.5339803
4008.710521  0.5507962
4009.333328  0.553754
4009.956135  0.5677426
4010.578942  0.5691028
4011.201749  0.5441351
4011.824556  0.5152792
4012.447363  0.5291433
4013.07017  0.5632445
4013.692977  0.5733064
4014.315784  0.5715364
4014.938591  0.5939614
4015.561398  0.6344396
4016.184205  0.6384671
4016.807012  0.5888942
4017.429819  0.5356412
4018.052626  0.5404736
4018.675433  0.5955341
4019.29824  0.6366262
4019.921047  0.6271958
4020.543854  0.5997227
4021.166661  0.5768944
4021.789468  0.5665005
4022.412275  0.5665496
4023.035082  0.5814294
4023.657889  0.5661591
4024.280696  0.5128512
4024.903503  0.4983231
4025.52631  0.5384841
4026.149117  0.5865262
4026.771924  0.5920512
4027.394731  0.6093574
4028.017538  0.6543836
4028.640345  0.6918489
4029.263152  0.6620761
4029.885959  0.5365835
4030.508766  0.3906912
4031.131573  0.3489082
4031.75438  0.3783319
4032.377187  0.3866638
4032.999994  0.3356931
4033.622801  0.3227395
4034.245608  0.3448963
4034.868415  0.3825574
4035.491222  0.4463493
4036.114029  0.5257664
4036.736836  0.5998619
4037.359643  0.6472755
4037.98245  0.6556879
4038.605257  0.6425713
4039.228064  0.6216721
4039.850871  0.5860144
4040.473678  0.5485051
4041.096485  0.5399045
4041.719292  0.577616
4042.342099  0.6171944
4042.964906  0.6053037
4043.587713  0.5232639
4044.21052  0.4071716
4044.833327  0.2896095
4045.456134  0.2071873
4046.078941  0.1965513
4046.701748  0.2826556
4047.324555  0.4159013
4047.947362  0.517819
4048.570169  0.5502747
4049.192976  0.5620432
4049.815783  0.5920197
4050.43859  0.6248634
4051.061397  0.6353253
4051.684204  0.6180999
4052.307011  0.5939338
4052.929818  0.5928795
4053.552625  0.5819435
4054.175432  0.5335884
4054.798239  0.4745359
4055.421046  0.4742513
4056.043853  0.5110785
4056.66666  0.5071571
4057.289467  0.450242
4057.912274  0.403287
4058.535081  0.4157251
4059.157888  0.4652677
4059.780695  0.5288134
4060.403502  0.5807027
4061.026309  0.5954844
4061.649116  0.5530055
4062.271923  0.454573
4062.89473  0.3314064
4063.517537  0.2424742
4064.140344  0.2659321
4064.763151  0.3911302
4065.385958  0.5132003
4066.008765  0.5375487
4066.631572  0.4865239
4067.254379  0.4492323
4067.877186  0.483859
4068.499993  0.5621425
4069.1228  0.630296
4069.745607  0.6485195
4070.368414  0.5763899
4070.991221  0.4351799
4071.614028  0.3167627
4072.236835  0.3495949
4072.859642  0.4837888
4073.482449  0.6002976
4074.105256  0.6269305
4074.728063  0.5954281
4075.35087  0.5351696
4075.973677  0.4538291
4076.596484  0.3715941
4077.219291  0.3325331
4077.842098  0.3637934
4078.464905  0.4432824
4079.087712  0.5144008
4079.710519  0.5677259
4080.333326  0.6350775
4080.956133  0.7078987
4081.57894  0.7278827
4082.201747  0.6687621
4082.824554  0.6005477
4083.447361  0.5755472
4084.070168  0.5860955
4084.692975  0.5847566
4085.315782  0.573747
4085.938589  0.5760261
4086.561396  0.6109728
4087.184203  0.6720265
4087.80701  0.7268362
4088.429817  0.7568699
4089.052624  0.767751
4089.675431  0.7251793
4090.298238  0.6747063
4090.921045  0.6737762
4091.543852  0.6636822
4092.166659  0.6194674
4092.789466  0.5939676
4093.412273  0.6738055
4094.03508  0.7154065
4094.657887  0.6525967
4095.280694  0.5499131
4095.903501  0.4798325
4096.526308  0.4697194
4097.149115  0.499018
4097.771922  0.5251227
4098.394729  0.5493717
4099.017536  0.5695456
4099.640343  0.5619278
4100.26315  0.4931151
4100.885957  0.4196737
4101.508764  0.4163347
4102.131571  0.4793501
4102.754378  0.5456204
4103.377185  0.5643766
4103.999992  0.5401064
4104.622799  0.5263854
4105.245606  0.5676452
4105.868413  0.6498692
4106.49122  0.6818123
4107.114027  0.6627596
4107.736834  0.6384863
4108.359641  0.639388
4108.982448  0.6141232
4109.605255  0.560513
4110.228062  0.5219266
4110.850869  0.5133805
4111.473676  0.5031394
4112.096483  0.4887405
4112.71929  0.5258569
4113.342097  0.5772604
4113.964904  0.606001
4114.587711  0.6092414
4115.210518  0.6058874
4115.833325  0.6040511
4116.456132  0.6088763
4117.078939  0.6261836
4117.701746  0.5856712
4118.324553  0.495007
4118.94736  0.4512136
4119.570167  0.4894933
4120.192974  0.5525352
4120.815781  0.5709764
4121.438588  0.5584401
4122.061395  0.5461069
4122.684202  0.5342994
4123.307009  0.5052757
4123.929816  0.5456063
4124.552623  0.6270401
4125.17543  0.6567588
4125.798237  0.6330665
4126.421044  0.6036281
4127.043851  0.5873876
4127.666658  0.5498096
4128.289465  0.5424454
4128.912272  0.5472514
4129.535079  0.5132043
4130.157886  0.5040699
4130.780693  0.5011446
4131.4035  0.4603729
4132.026307  0.389876
4132.649114  0.3914702
4133.271921  0.4428912
4133.894728  0.4353136
4134.517535  0.4452895
4135.140342  0.5185791
4135.763149  0.6121039
4136.385956  0.6130612
4137.008763  0.5721819
4137.63157  0.5615297
4138.254377  0.5876977
4138.877184  0.5963423
4139.499991  0.5861595
4140.122798  0.5889522
4140.745605  0.6050153
4141.368412  0.5675031
4141.991219  0.4531377
4142.614026  0.3290008
4143.236833  0.2536639
4143.85964  0.2640514
4144.482447  0.3523065
4145.105254  0.4509003
4145.728061  0.5141288
4146.350868  0.5334263
4146.973675  0.5315884
4147.596482  0.5333781
4148.219289  0.5306102
4148.842096  0.5000903
4149.464903  0.4588945
4150.08771  0.4411877
4150.710517  0.4524099
4151.333324  0.4487489
4151.956131  0.4422891
4152.578938  0.4533186
4153.201745  0.4779428
4153.824552  0.4753559
4154.447359  0.4672774
4155.070166  0.479217
4155.692973  0.4628248
4156.31578  0.4415754
4156.938587  0.450878
4157.561394  0.4961305
4158.184201  0.5596191
4158.807008  0.6067575
4159.429815  0.6132878
4160.052622  0.5914819
4160.675429  0.559738
4161.298236  0.5505028
4161.921043  0.5965136
4162.54385  0.6494983
4163.166657  0.6511831
4163.789464  0.5881339
4164.412271  0.529279
4165.035078  0.5187361
4165.657885  0.5392085
4166.280692  0.524152
4166.903499  0.4739928
4167.526306  0.4493347
4168.149113  0.501256
4168.77192  0.5476815
4169.394727  0.5693065
4170.017534  0.5898497
4170.640341  0.6103152
4171.263148  0.5638034
4171.885955  0.4535695
4172.508762  0.3748751
4173.131569  0.375871
4173.754376  0.4267571
4174.377183  0.4685046
4174.99999  0.4877287
4175.622797  0.5011097
4176.245604  0.5092885
4176.868411  0.4875505
4177.491218  0.4622315
4178.114025  0.4671356
4178.736832  0.5071505
4179.359639  0.5317107
4179.982446  0.5229175
4180.605253  0.4947428
4181.22806  0.4752069
4181.850867  0.4770252
4182.473674  0.5020261
4183.096481  0.5423489
4183.719288  0.5800459
4184.342095  0.6333917
4184.964902  0.6955344
4185.587709  0.6910936
4186.210516  0.5988908
4186.833323  0.4831982
4187.45613  0.4486115
4188.078937  0.5113936
4188.701744  0.5969747
4189.324551  0.626525
4189.947358  0.612066
4190.570165  0.5628493
4191.192972  0.5196381
4191.815779  0.5426832
4192.438586  0.6106675
4193.061393  0.6625647
4193.6842  0.6539312
4194.307007  0.6096097
4194.929814  0.5548431
4195.552621  0.5011156
4196.175428  0.4522618
4196.798235  0.4477978
4197.421042  0.4651631
4198.043849  0.4542825
4198.666656  0.4567228
4199.289463  0.4950791
4199.91227  0.5430056
4200.535077  0.5361283
4201.157884  0.4753807
4201.780691  0.4200353
4202.403498  0.4377653
4203.026305  0.5180097
4203.649112  0.5705298
4204.271919  0.5491478
4204.894726  0.550998
4205.517533  0.5938439
4206.14034  0.6423563
4206.763147  0.6584607
4207.385954  0.6808624
4208.008761  0.7075221
4208.631568  0.702164
4209.254375  0.6477988
4209.877182  0.5867476
4210.499989  0.5696372
4211.122796  0.6071855
4211.745603  0.6477893
4212.36841  0.652272
4212.991217  0.6184914
4213.614024  0.5716457
4214.236831  0.501247
4214.859638  0.4140652
4215.482445  0.3742848
4216.105252  0.4776139
4216.728059  0.665921
4217.350866  0.7819628
4217.973673  0.8278486
4218.59648  0.8270185
4219.219287  0.8094608
4219.842094  0.8081179
4220.464901  0.832612
4221.087708  0.8458753
4221.710515  0.7953637
4222.333322  0.7091385
4222.956129  0.6328827
4223.578936  0.5824481
4224.201743  0.5147256
4224.82455  0.4155969
4225.447357  0.2938343
4226.070164  0.1771097
4226.692971  0.121342
4227.315778  0.179125
4227.938585  0.3480542
4228.561392  0.5263332
4229.184199  0.6279609
4229.807006  0.6652523
4230.429813  0.7423155
4231.05262  0.813809
4231.675427  0.8053037
4232.298234  0.7014372
4232.921041  0.6073205
4233.543848  0.5998827
4234.166655  0.6624205
4234.789462  0.682151
4235.412269  0.6238852
4236.035076  0.5593537
4236.657883  0.5876561
4237.28069  0.6367105
4237.903497  0.6635969
4238.526304  0.6684831
4239.149111  0.659937
4239.771918  0.6592834
4240.394725  0.690826
4241.017532  0.7570042
4241.640339  0.7862529
4242.263146  0.7619647
4242.885953  0.7427207
4243.50876  0.8186527
4244.131567  0.9261776
4244.754374  0.968412
4245.377181  0.926781
4245.999988  0.8615776
4246.622795  0.8005813
4247.245602  0.7365015
4247.868409  0.6980878
4248.491216  0.6894874
4249.114023  0.6679671
4249.73683  0.5677443
4250.359637  0.4825269
4250.982444  0.498002
4251.605251  0.604167
4252.228058  0.6966507
4252.850865  0.7022951
4253.473672  0.6150138
4254.096479  0.4960776
4254.719286  0.4667413
4255.342093  0.5551545
4255.9649  0.6740496
4256.587707  0.8089357
4257.210514  0.8680069
4257.833321  0.7883549
4258.456128  0.6913745
4259.078935  0.622337
4259.701742  0.5616515
4260.324549  0.4849976
4260.947356  0.489493
4261.570163  0.5911876
4262.19297  0.7209331
4262.815777  0.8356244
4263.438584  0.8915139
4264.061391  0.890579
4264.684198  0.892478
4265.307005  0.9188865
4265.929812  0.9411775
4266.552619  0.909848
4267.175426  0.8242596
4267.798233  0.7426803
4268.42104  0.7127663
4269.043847  0.7038288
4269.666654  0.6671539
4270.289461  0.5697489
4270.912268  0.4252158
4271.535075  0.324387
4272.157882  0.3507014
4272.780689  0.4836043
4273.403496  0.5482243
4274.026303  0.5005223
4274.64911  0.4346785
4275.271917  0.4918097
4275.894724  0.6248248
4276.517531  0.7383082
4277.140338  0.7898886
4277.763145  0.8569962
4278.385952  0.9091277
4279.008759  0.8731245
4279.631566  0.7336345
4280.254373  0.6334172
4280.87718  0.6485334
4281.499987  0.7192517
4282.122794  0.7136594
4282.745601  0.7036236
4283.368408  0.7632098
4283.991215  0.7700424
4284.614022  0.7186074
4285.236829  0.6623579
4285.859636  0.6547506
4286.482443  0.6923292
4287.10525  0.7424728
4287.728057  0.7571357
4288.350864  0.6878512
4288.973671  0.5479876
4289.596478  0.4315685
4290.219285  0.4488139
4290.842092  0.5081923
4291.464899  0.5716549
4292.087706  0.6635396
4292.710513  0.7665597
4293.33332  0.7634799
4293.956127  0.6498211
4294.578934  0.6124225
4295.201741  0.6707454
4295.824548  0.7318466
4296.447355  0.7066645
4297.070162  0.6682796
4297.692969  0.637925
4298.315776  0.5807019
4298.938583  0.457626
4299.56139  0.3674667
4300.184197  0.3845414
4300.807004  0.480134
4301.429811  0.544512
4302.052618  0.5308587
4302.675425  0.4835366
4303.298232  0.4995529
4303.921039  0.5483052
4304.543846  0.5568792
4305.166653  0.4978463
4305.78946  0.4565929
4306.412267  0.4371609
4307.035074  0.3879224
4307.657881  0.3179199
4308.280688  0.2967802
4308.903495  0.3470607
4309.526302  0.4014897
4310.149109  0.4599342
4310.771916  0.5222457
4311.394723  0.5727817
4312.01753  0.5974791
4312.640337  0.6480051
4313.263144  0.7231249
4313.885951  0.7119197
4314.508758  0.695172
4315.131565  0.7918738
4315.754372  1.014669
4316.377179  1.140786
4316.999986  1.144468
4317.622793  1.112593
4318.2456  1.052639
4318.868407  1.028095
4319.491214  1.031279
4320.114021  0.9789471
4320.736828  0.9049449
4321.359635  0.8940001
4321.982442  0.9537325
4322.605249  0.9018607
4323.228056  0.7587502
4323.850863  0.620084
4324.47367  0.5239652
4325.096477  0.4116637
4325.719284  0.3441806
4326.342091  0.4406472
4326.964898  0.6479803
4327.587705  0.8703752
4328.210512  1.026753
4328.833319  1.086837
4329.456126  1.038087
4330.078933  0.9390572
4330.70174  0.8905692
4331.324547  0.9319705
4331.947354  0.9963465
4332.570161  1.012234
4333.192968  1.011347
4333.815775  1.020925
4334.438582  1.066596
4335.061389  1.148023
4335.684196  1.188277
4336.307003  1.087456
4336.92981  0.8519639
4337.552617  0.7012222
4338.175424  0.6924132
4338.798231  0.7383256
4339.421038  0.7094747
4340.043845  0.6447054
4340.666652  0.6360738
4341.289459  0.7396362
4341.912266  0.9061544
4342.535073  0.9963703
4343.15788  0.9497449
4343.780687  0.8827623
4344.403494  0.9163595
4345.026301  1.026656
4345.649108  1.077919
4346.271915  1.022771
4346.894722  0.9433817
4347.517529  0.9444501
4348.140336  1.033287
4348.763143  1.164368
4349.38595  1.234497
4350.008757  1.140653
4350.631564  0.9205006
4351.254371  0.7025774
4351.877178  0.6138248
4352.499985  0.680049
4353.122792  0.8134366
4353.745599  0.9046087
4354.368406  0.9076087
4354.991213  0.8961323
4355.61402  0.9240771
4356.236827  0.9902346
4356.859634  1.068846
4357.482441  1.07449
4358.105248  0.9749261
4358.728055  0.8574019
4359.350862  0.8125433
4359.973669  0.8589914
4360.596476  0.9510078
4361.219283  1.061148
4361.84209  1.11108
4362.464897  1.061735
4363.087704  0.9944896
4363.710511  1.015892
4364.333318  1.127527
4364.956125  1.216229
4365.578932  1.199345
4366.201739  1.098092
4366.824546  0.9789559
4367.447353  0.8625606
4368.07016  0.8368269
4368.692967  0.9098014
4369.315774  0.9692618
4369.938581  0.9760405
4370.561388  0.9575949
4371.184195  0.9644383
4371.807002  0.9987425
4372.429809  0.9904721
4373.052616  0.9091595
4373.675423  0.823948
4374.29823  0.7381211
4374.921037  0.6715114
4375.543844  0.6741577
4376.166651  0.7812213
4376.789458  0.9230469
4377.412265  1.016642
4378.035072  1.064538
4378.657879  1.053276
4379.280686  0.9955552
4379.903493  0.9331384
4380.5263  0.8917863
4381.149107  0.8700658
4381.771914  0.8162054
4382.394721  0.6306946
4383.017528  0.4034192
4383.640335  0.2699673
4384.263142  0.2915491
4384.885949  0.444124
4385.508756  0.662262
4386.131563  0.8540075
4386.75437  0.9046668
4387.377177  0.8624952
4387.999984  0.8285879
4388.622791  0.8344233
4389.245598  0.8217778
4389.868405  0.7809928
4390.491212  0.7619504
4391.114019  0.7786117
4391.736826  0.8285151
4392.359633  0.8847868
4392.98244  0.8997849
4393.605247  0.8858828
4394.228054  0.8505029
4394.850861  0.7968513
4395.473668  0.8221862
4396.096475  0.9500011
4396.719282  1.103393
4397.342089  1.148039
4397.964896  1.108504
4398.587703  1.049132
4399.21051  0.9852432
4399.833317  0.8913951
4400.456124  0.8073599
4401.078931  0.8196219
4401.701738  0.9723725
4402.324545  1.09702
4402.947352  1.028167
4403.570159  0.7893574
4404.192966  0.5284886
4404.815773  0.4108968
4405.43858  0.5057701
4406.061387  0.6832793
4406.684194  0.7999794
4407.307001  0.7914502
4407.929808  0.7136756
4408.552615  0.7016954
4409.175422  0.8129376
4409.798229  0.9755885
4410.421036  1.07635
4411.043843  1.092234
4411.66665  1.081473
4412.289457  1.105095
4412.912264  1.141142
4413.535071  1.093468
4414.157878  0.8797328
4414.780685  0.6750066
4415.403492  0.6376029
4416.026299  0.7707705
4416.649106  0.8850381
4417.271913  0.9484134
4417.89472  1.007481
4418.517527  1.079752
4419.140334  1.132084
4419.763141  1.142493
4420.385948  1.112981
4421.008755  1.042959
4421.631562  0.9374669
4422.254369  0.83833
4422.877176  0.827032
4423.499983  0.8998715
4424.12279  0.9895004
4424.745597  1.01872
4425.368404  0.9914873
4425.991211  0.9632969
4426.614018  0.9677911
4427.236825  0.9545141
4427.859632  0.9958582
4428.482439  1.080223
4429.105246  1.056548
4429.728053  0.9089786
4430.35086  0.7964228
4430.973667  0.8740051
4431.596474  1.022934
4432.219281  1.107241
4432.842088  1.070306
4433.464895  0.9649542
4434.087702  0.8491725
4434.710509  0.7580684
4435.333316  0.7148464
4435.956123  0.7741006
4436.57893  0.9036997
4437.201737  1.022962
4437.824544  1.079777
4438.447351  1.146612
4439.070158  1.222822
4439.692965  1.208729
4440.315772  1.108724
4440.938579  0.982941
4441.561386  0.8906783
4442.184193  0.8360284
4442.807  0.833158
4443.429807  0.8765241
4444.052614  0.9421255
4444.675421  1.05464
4445.298228  1.184467
4445.921035  1.253208
4446.543842  1.19284
4447.166649  1.101227
4447.789456  1.10073
4448.412263  1.196532
4449.03507  1.204729
4449.657877  1.099892
4450.280684  1.034145
4450.903491  1.072665
4451.526298  1.140773
4452.149105  1.142115
4452.771912  1.085724
4453.394719  1.029208
4454.017526  0.9683682
4454.640333  0.8573871
4455.26314  0.8094673
4455.885947  0.8561762
4456.508754  0.9355347
4457.131561  0.9628828
4457.754368  0.939709
4458.377175  0.8947505
4458.999982  0.8447482
4459.622789  0.8437399
4460.245596  0.8639624
4460.868403  0.8297048
4461.49121  0.7263037
4462.114017  0.7019532
4462.736824  0.8501267
4463.359631  1.054363
4463.982438  1.133767
4464.605245  1.075694
4465.228052  1.017018
4465.850859  1.002456
4466.473666  1.014
4467.096473  1.02904
4467.71928  1.066128
4468.342087  1.039176
4468.964894  0.9571878
4469.587701  0.9414662
4470.210508  0.9859883
4470.833315  1.03612
4471.456122  1.055196
4472.078929  1.078111
4472.701736  1.13195
4473.324543  1.196644
4473.94735  1.211614
4474.570157  1.16493
4475.192964  1.115884
4475.815771  1.140765
4476.438578  1.241041
4477.061385  1.334101
4477.684192  1.357734
4478.306999  1.332138
4478.929806  1.23353
4479.552613  1.08976
4480.17542  0.978441
4480.798227  0.9564392
4481.421034  0.9473358
4482.043841  0.9107803
4482.666648  0.9828362
4483.289455  1.107297
4483.912262  1.203336
4484.535069  1.261764
4485.157876  1.310303
4485.780683  1.346662
4486.40349  1.342988
4487.026297  1.27873
4487.649104  1.186576
4488.271911  1.098265
4488.894718  1.012479
4489.517525  0.9594935
4490.140332  0.9435883
4490.763139  0.04732096
4491.385946  0.
4492.008753  0.
4492.63156  0.
4493.254367  0.
4493.877174  0.
4494.499981  0.
4495.122788  0.
4495.745595  0.
4496.368402  0.
4496.991209  0.
4497.614016  0.
4498.236823  0.
4498.85963  0.
4499.482437  0.
4500.105244  0.
4500.728051  0.
4501.350858  0.
4501.973665  0.
4502.596472  0.
4503.219279  0.
4503.842086  0.
4504.464893  0.
4505.0877  0.
4505.710507  0.
4506.333314  0.
4506.956121  0.
4507.578928  0.
4508.201735  0.
4508.824542  0.
