3820.  0.1642578
3820.622807  0.1347206
3821.245614  0.155184
3821.868421  0.204103
3822.491228  0.2526693
3823.114035  0.267783
3823.736842  0.2383798
3824.359649  0.196181
3824.982456  0.1620728
3825.605263  0.1445654
3826.22807  0.1438901
3826.850877  0.1596249
3827.473684  0.1782652
3828.096491  0.1881473
3828.719298  0.203189
3829.342105  0.2140778
3829.964912  0.2177228
3830.587719  0.2304455
3831.210526  0.2352373
3831.833333  0.2168528
3832.45614  0.1819922
3833.078947  0.1683743
3833.701754  0.1636898
3834.324561  0.1585906
3834.947368  0.1871942
3835.570175  0.224458
3836.192982  0.2474383
3836.815789  0.2532391
3837.438596  0.2321184
3838.061403  0.196564
3838.68421  0.1716261
3839.307017  0.1744107
3839.929824  0.1727396
3840.552631  0.1567083
3841.175438  0.1597602
3841.798245  0.2031398
3842.421052  0.2620673
3843.043859  0.2946147
3843.666666  0.2919969
3844.289473  0.2807968
3844.91228  0.2744623
3845.535087  0.2565452
3846.157894  0.23873
3846.780701  0.2352906
3847.403508  0.2477776
3848.026315  0.2575901
3848.649122  0.2455712
3849.271929  0.2120353
3849.894736  0.1820461
3850.517543  0.176684
3851.14035  0.2049488
3851.763157  0.2526298
3852.385964  0.273711
3853.008771  0.2534539
3853.631578  0.2150513
3854.254385  0.2009917
3854.877192  0.2189082
3855.499999  0.2358224
3856.122806  0.2163233
3856.745613  0.2040866
3857.36842  0.20763
3857.991227  0.2052516
3858.614034  0.181758
3859.236841  0.1546079
3859.859648  0.1400985
3860.482455  0.1392888
3861.105262  0.1603235
3861.728069  0.2042625
3862.350876  0.2565048
3862.973683  0.2848573
3863.59649  0.2824017
3864.219297  0.2661373
3864.842104  0.2589262
3865.464911  0.2439461
3866.087718  0.2322816
3866.710525  0.2416778
3867.333332  0.2333536
3867.956139  0.2143548
3868.578946  0.2046751
3869.201753  0.2013235
3869.82456  0.1854091
3870.447367  0.1618716
3871.070174  0.1537701
3871.692981  0.159254
3872.315788  0.1686547
3872.938595  0.1842742
3873.561402  0.2281594
3874.184209  0.2903083
3874.807016  0.3418789
3875.429823  0.3573255
3876.05263  0.3424894
3876.675437  0.314668
3877.298244  0.2799878
3877.921051  0.2228296
3878.543858  0.1922515
3879.166665  0.2167484
3879.789472  0.2613696
3880.412279  0.2639197
3881.035086  0.2233593
3881.657893  0.1796784
3882.2807  0.1478228
3882.903507  0.1925569
3883.526314  0.3246013
3884.149121  0.4500092
3884.771928  0.4578636
3885.394735  0.3615217
3886.017542  0.2673464
3886.640349  0.2355822
3887.263156  0.2831734
3887.885963  0.3549359
3888.50877  0.3499149
3889.131577  0.332871
3889.754384  0.3559148
3890.377191  0.4025344
3890.999998  0.4455853
3891.622805  0.4902554
3892.245612  0.5335062
3892.868419  0.5314417
3893.491226  0.5214567
3894.114033  0.5172301
3894.73684  0.4830664
3895.359647  0.4146361
3895.982454  0.3947884
3896.605261  0.4709015
3897.228068  0.5217761
3897.850875  0.5082748
3898.473682  0.4638823
3899.096489  0.4420784
3899.719296  0.4121466
3900.342103  0.41519
3900.96491  0.4944112
3901.587717  0.5465094
3902.210524  0.5105246
3902.833331  0.4288687
3903.456138  0.4195451
3904.078945  0.462387
3904.701752  0.4694683
3905.324559  0.3909397
3905.947366  0.3325007
3906.570173  0.3436792
3907.19298  0.4018383
3907.815787  0.4493648
3908.438594  0.4842915
3909.061401  0.5099743
3909.684208  0.5164807
3910.307015  0.496607
3910.929822  0.4885123
3911.552629  0.5194762
3912.175436  0.5486838
3912.798243  0.5501623
3913.42105  0.5272773
3914.043857  0.5087107
3914.666664  0.521978
3915.289471  0.5265492
3915.912278  0.4831193
3916.535085  0.444295
3917.157892  0.4503635
3917.780699  0.479479
3918.403506  0.4665409
3919.026313  0.4457193
3919.64912  0.4169804
3920.271927  0.3600714
3920.894734  0.3132898
3921.517541  0.3174888
3922.140348  0.3559307
3922.763155  0.3553915
3923.385962  0.3711867
3924.008769  0.4130003
3924.631576  0.4268765
3925.254383  0.3878402
3925.87719  0.3433476
3926.499997  0.3310803
3927.122804  0.311723
3927.745611  0.266949
3928.368418  0.2176762
3928.991225  0.197692
3929.614032  0.1820209
3930.236839  0.161303
3930.859646  0.1409855
3931.482453  0.1228658
3932.10526  0.1046301
3932.728067  0.08686798
3933.350874  0.07459862
3933.973681  0.07018626
3934.596488  0.07391304
3935.219295  0.08551432
3935.842102  0.1056368
3936.464909  0.1343958
3937.087716  0.1667346
3937.710523  0.1942437
3938.33333  0.2215901
3938.956137  0.2555766
3939.578944  0.2927179
3940.201751  0.3106531
3940.824558  0.3091012
3941.447365  0.3066163
3942.070172  0.3223279
3942.692979  0.3329546
3943.315786  0.318049
3943.938593  0.2871036
3944.5614  0.2881074
3945.184207  0.3423867
3945.807014  0.4276866
3946.429821  0.487237
3947.052628  0.485288
3947.675435  0.440441
3948.298242  0.4091585
3948.921049  0.4136367
3949.543856  0.4575964
3950.166663  0.522639
3950.78947  0.5682166
3951.412277  0.5615227
3952.035084  0.4973547
3952.657891  0.4150833
3953.280698  0.4222363
3953.903505  0.5158688
3954.526312  0.6015176
3955.149119  0.5986019
3955.771926  0.5274412
3956.394733  0.4597027
3957.01754  0.4510768
3957.640347  0.4784922
3958.263154  0.5124125
3958.885961  0.5409762
3959.508768  0.5625481
3960.131575  0.5412745
3960.754382  0.4550808
3961.377189  0.337033
3961.999996  0.2744876
3962.622803  0.280047
3963.24561  0.2929423
3963.868417  0.2909417
3964.491224  0.2720909
3965.114031  0.2426885
3965.736838  0.2051175
3966.359645  0.1663096
3966.982452  0.132405
3967.605259  0.1063385
3968.228066  0.08785392
3968.850873  0.0813414
3969.47368  0.09228569
3970.096487  0.1205062
3970.719294  0.1551339
3971.342101  0.1894222
3971.964908  0.224976
3972.587715  0.2550912
3973.210522  0.2762064
3973.833329  0.2950477
3974.456136  0.3308711
3975.078943  0.3837597
3975.70175  0.4282114
3976.324557  0.4341315
3976.947364  0.4520765
3977.570171  0.4945382
3978.192978  0.532619
3978.815785  0.5635977
3979.438592  0.5979175
3980.061399  0.6379141
3980.684206  0.6619197
3981.307013  0.626205
3981.92982  0.5656267
3982.552627  0.5570558
3983.175434  0.5654675
3983.798241  0.5669208
3984.421048  0.574993
3985.043855  0.6264996
3985.666662  0.6628723
3986.289469  0.6480286
3986.912276  0.6191965
3987.535083  0.6533591
3988.15789  0.7240244
3988.780697  0.7439671
3989.403504  0.672331
3990.026311  0.6159509
3990.649118  0.6384473
3991.271925  0.6776993
3991.894732  0.694154
3992.517539  0.6991268
3993.140346  0.7162985
3993.763153  0.7141374
3994.38596  0.6888439
3995.008767  0.662874
3995.631574  0.6616709
3996.254381  0.6507079
3996.877188  0.6203098
3997.499995  0.595467
3998.122802  0.5974208
3998.745609  0.6578112
3999.368416  0.7607588
3999.991223  0.8199233
4000.61403  0.7951841
4001.236837  0.7373608
4001.859644  0.7359388
4002.482451  0.7828438
4003.105258  0.8390407
4003.728065  0.8476017
4004.350872  0.7536677
4004.973679  0.6033108
4005.596486  0.5049042
4006.219293  0.5405322
4006.8421  0.6166846
4007.464907  0.6904751
4008.087714  0.7569244
4008.710521  0.7722533
4009.333328  0.7626544
4009.956135  0.7632509
4010.578942  0.7750375
4011.201749  0.7718825
4011.824556  0.7567441
4012.447363  0.755178
4013.07017  0.7789584
4013.692977  0.7828306
4014.315784  0.7627509
4014.938591  0.7915761
4015.561398  0.8476653
4016.184205  0.865609
4016.807012  0.8054296
4017.429819  0.727439
4018.052626  0.7145967
4018.675433  0.7822744
4019.29824  0.8401313
4019.921047  0.8356162
4020.543854  0.7919922
4021.166661  0.770276
4021.789468  0.7490267
4022.412275  0.7553053
4023.035082  0.7958421
4023.657889  0.7859732
4024.280696  0.7292606
4024.903503  0.6952435
4025.52631  0.7460898
4026.149117  0.7986851
4026.771924  0.8230886
4027.394731  0.8431461
4028.017538  0.8672865
4028.640345  0.8999893
4029.263152  0.895303
4029.885959  0.7831568
4030.508766  0.6399299
4031.131573  0.579137
4031.75438  0.6290811
4032.377187  0.6331262
4032.999994  0.5994303
4033.622801  0.5932705
4034.245608  0.6205452
4034.868415  0.6538644
4035.491222  0.6887829
4036.114029  0.7429809
4036.736836  0.8103746
4037.359643  0.8680828
4037.98245  0.892378
4038.605257  0.8759921
4039.228064  0.8442705
4039.850871  0.8031124
4040.473678  0.7480686
4041.096485  0.7383376
4041.719292  0.7897929
4042.342099  0.8589
4042.964906  0.8668985
4043.587713  0.7886664
4044.21052  0.6537054
4044.833327  0.5179235
4045.456134  0.394742
4046.078941  0.3721986
4046.701748  0.5114546
4047.324555  0.6981755
4047.947362  0.8112277
4048.570169  0.8158772
4049.192976  0.7851207
4049.815783  0.7943488
4050.43859  0.8349063
4051.061397  0.8465392
4051.684204  0.8144313
4052.307011  0.767751
4052.929818  0.7429981
4053.552625  0.7446223
4054.175432  0.7090579
4054.798239  0.6517538
4055.421046  0.6495867
4056.043853  0.6971644
4056.66666  0.7105826
4057.289467  0.6478648
4057.912274  0.5949584
4058.535081  0.5982448
4059.157888  0.6544539
4059.780695  0.7261806
4060.403502  0.7897832
4061.026309  0.8155629
4061.649116  0.7825465
4062.271923  0.6960136
4062.89473  0.5580305
4063.517537  0.4379986
4064.140344  0.4508039
4064.763151  0.5940076
4065.385958  0.7350522
4066.008765  0.7432657
4066.631572  0.6588775
4067.254379  0.6094384
4067.877186  0.6625833
4068.499993  0.7593764
4069.1228  0.8415691
4069.745607  0.8704446
4070.368414  0.8234326
4070.991221  0.6722244
4071.614028  0.5411533
4072.236835  0.5574316
4072.859642  0.7068063
4073.482449  0.8218955
4074.105256  0.831081
4074.728063  0.7899132
4075.35087  0.7262475
4075.973677  0.640692
4076.596484  0.5412288
4077.219291  0.4744361
4077.842098  0.4924257
4078.464905  0.5778539
4079.087712  0.6577663
4079.710519  0.7248998
4080.333326  0.7982955
4080.956133  0.875495
4081.57894  0.9011799
4082.201747  0.8582383
4082.824554  0.7847192
4083.447361  0.7450614
4084.070168  0.7365088
4084.692975  0.7330312
4085.315782  0.7215571
4085.938589  0.7264202
4086.561396  0.7657403
4087.184203  0.8320374
4087.80701  0.8919409
4088.429817  0.9259027
4089.052624  0.9208108
4089.675431  0.8801197
4090.298238  0.836505
4090.921045  0.8400175
4091.543852  0.8620323
4092.166659  0.7888926
4092.789466  0.7737102
4093.412273  0.8555587
4094.03508  0.904899
4094.657887  0.8522584
4095.280694  0.7508564
4095.903501  0.6856996
4096.526308  0.6693288
4097.149115  0.6945274
4097.771922  0.7316774
4098.394729  0.7504393
4099.017536  0.7739375
4099.640343  0.768536
4100.26315  0.6928066
4100.885957  0.5801248
4101.508764  0.5192119
4102.131571  0.5578591
4102.754378  0.6557648
4103.377185  0.7240006
4103.999992  0.7331178
4104.622799  0.7261271
4105.245606  0.7742693
4105.868413  0.8346599
4106.49122  0.8514035
4107.114027  0.8355235
4107.736834  0.8189439
4108.359641  0.8082277
4108.982448  0.7834061
4109.605255  0.7315841
4110.228062  0.6998171
4110.850869  0.7132942
4111.473676  0.7230961
4112.096483  0.7294551
4112.71929  0.7568099
4113.342097  0.8111759
4113.964904  0.8248733
4114.587711  0.814494
4115.210518  0.8187788
4115.833325  0.8170825
4116.456132  0.8244466
4117.078939  0.8314289
4117.701746  0.7974051
4118.324553  0.7094037
4118.94736  0.6458058
4119.570167  0.6776523
4120.192974  0.7456999
4120.815781  0.7789777
4121.438588  0.7599428
4122.061395  0.7329745
4122.684202  0.7082892
4123.307009  0.6953303
4123.929816  0.7113444
4124.552623  0.7759144
4125.17543  0.8028235
4125.798237  0.7626137
4126.421044  0.7495395
4127.043851  0.7266098
4127.666658  0.6971072
4128.289465  0.7013322
4128.912272  0.7065712
4129.535079  0.6946276
4130.157886  0.6849265
4130.780693  0.716444
4131.4035  0.6789309
4132.026307  0.5881425
4132.649114  0.5781014
4133.271921  0.6198153
4133.894728  0.6286344
4134.517535  0.6012985
4135.140342  0.6849599
4135.763149  0.7930232
4136.385956  0.8163818
4137.008763  0.7588578
4137.63157  0.739318
4138.254377  0.7734457
4138.877184  0.8020619
4139.499991  0.8017499
4140.122798  0.7984305
4140.745605  0.8022318
4141.368412  0.7784812
4141.991219  0.6902047
4142.614026  0.5644398
4143.236833  0.4727401
4143.85964  0.4626369
4144.482447  0.5536271
4145.105254  0.6823553
4145.728061  0.7254412
4146.350868  0.723754
4146.973675  0.7187421
4147.596482  0.7139231
4148.219289  0.7208186
4148.842096  0.6944693
4149.464903  0.62385
4150.08771  0.5923296
4150.710517  0.6059887
4151.333324  0.6235074
4151.956131  0.6126795
4152.578938  0.6400019
4153.201745  0.6641238
4153.824552  0.6345946
4154.447359  0.6190234
4155.070166  0.6346198
4155.692973  0.6377046
4156.31578  0.5800707
4156.938587  0.5674011
4157.561394  0.6189457
4158.184201  0.6858102
4158.807008  0.7501699
4159.429815  0.783387
4160.052622  0.7650743
4160.675429  0.7085384
4161.298236  0.6955801
4161.921043  0.7510805
4162.54385  0.8186525
4163.166657  0.8056622
4163.789464  0.7471349
4164.412271  0.7125779
4165.035078  0.7122274
4165.657885  0.7248249
4166.280692  0.6963701
4166.903499  0.6103957
4167.526306  0.5907264
4168.149113  0.6558576
4168.77192  0.7353148
4169.394727  0.7534958
4170.017534  0.7598639
4170.640341  0.7697721
4171.263148  0.7316963
4171.885955  0.6261767
4172.508762  0.529412
4173.131569  0.5188857
4173.754376  0.5671836
4174.377183  0.6213539
4174.99999  0.6524119
4175.622797  0.6660625
4176.245604  0.6592188
4176.868411  0.6231393
4177.491218  0.5715089
4178.114025  0.5665155
4178.736832  0.5994341
4179.359639  0.6332006
4179.982446  0.6436139
4180.605253  0.6323444
4181.22806  0.6201978
4181.850867  0.6272724
4182.473674  0.6526956
4183.096481  0.6795617
4183.719288  0.7090575
4184.342095  0.7682564
4184.964902  0.8367313
4185.587709  0.8537383
4186.210516  0.7730653
4186.833323  0.6513687
4187.45613  0.5953735
4188.078937  0.6492286
4188.701744  0.7289791
4189.324551  0.7741461
4189.947358  0.7728609
4190.570165  0.7485741
4191.192972  0.6972721
4191.815779  0.6872862
4192.438586  0.7549427
4193.061393  0.8002372
4193.6842  0.7955981
4194.307007  0.749302
4194.929814  0.676886
4195.552621  0.5939442
4196.175428  0.5435758
4196.798235  0.5575706
4197.421042  0.6026076
4198.043849  0.6105883
4198.666656  0.6001956
4199.289463  0.6740585
4199.91227  0.7318118
4200.535077  0.7200637
4201.157884  0.6665485
4201.780691  0.5979731
4202.403498  0.5962
4203.026305  0.6739229
4203.649112  0.7214399
4204.271919  0.711065
4204.894726  0.6963329
4205.517533  0.7389055
4206.14034  0.7785527
4206.763147  0.8009996
4207.385954  0.82327
4208.008761  0.8473185
4208.631568  0.8344285
4209.254375  0.7831684
4209.877182  0.740701
4210.499989  0.7315257
4211.122796  0.7600619
4211.745603  0.8012384
4212.36841  0.8031182
4212.991217  0.7722361
4213.614024  0.7253842
4214.236831  0.657693
4214.859638  0.539276
4215.482445  0.4750941
4216.105252  0.5798947
4216.728059  0.7688498
4217.350866  0.9134013
4217.973673  0.9585525
4218.59648  0.9586146
4219.219287  0.9337643
4219.842094  0.9281943
4220.464901  0.9742054
4221.087708  1.015469
4221.710515  0.9841557
4222.333322  0.8846306
4222.956129  0.8130352
4223.578936  0.7691708
4224.201743  0.7333315
4224.82455  0.6847998
4225.447357  0.5791721
4226.070164  0.4291081
4226.692971  0.3279123
4227.315778  0.4118538
4227.938585  0.6487172
4228.561392  0.8672537
4229.184199  0.9074454
4229.807006  0.8922483
4230.429813  0.9191329
4231.05262  0.9767039
4231.675427  0.9620351
4232.298234  0.8676075
4232.921041  0.7678437
4233.543848  0.75681
4234.166655  0.8336809
4234.789462  0.8709477
4235.412269  0.7767134
4236.035076  0.6957644
4236.657883  0.7045348
4237.28069  0.7722443
4237.903497  0.802217
4238.526304  0.7905257
4239.149111  0.7655296
4239.771918  0.7646926
4240.394725  0.8296865
4241.017532  0.9142632
4241.640339  0.9372196
4242.263146  0.8628353
4242.885953  0.8118502
4243.50876  0.8634574
4244.131567  0.9759205
4244.754374  1.018131
4245.377181  0.9892192
4245.999988  0.9416399
4246.622795  0.8721966
4247.245602  0.8058864
4247.868409  0.7725553
4248.491216  0.7780365
4249.114023  0.7692687
4249.73683  0.7161508
4250.359637  0.6609095
4250.982444  0.7174754
4251.605251  0.8201932
4252.228058  0.8838449
4252.850865  0.8940079
4253.473672  0.8289702
4254.096479  0.7428759
4254.719286  0.7104257
4255.342093  0.7251507
4255.9649  0.8029612
4256.587707  0.9182044
4257.210514  0.9782251
4257.833321  0.8944061
4258.456128  0.770162
4259.078935  0.7507448
4259.701742  0.6892275
4260.324549  0.6127256
4260.947356  0.6156451
4261.570163  0.713357
4262.19297  0.8545517
4262.815777  0.9624976
4263.438584  0.9874917
4264.061391  0.956909
4264.684198  0.94879
4265.307005  0.9998551
4265.929812  1.039782
4266.552619  1.001752
4267.175426  0.9042144
4267.798233  0.8362764
4268.42104  0.825655
4269.043847  0.8314279
4269.666654  0.80051
4270.289461  0.7349298
4270.912268  0.6010104
4271.535075  0.4832903
4272.157882  0.5504308
4272.780689  0.6774424
4273.403496  0.7323827
4274.026303  0.6883584
4274.64911  0.6410545
4275.271917  0.6833857
4275.894724  0.8031947
4276.517531  0.8814844
4277.140338  0.9146944
4277.763145  0.9486971
4278.385952  0.9929631
4279.008759  0.9335415
4279.631566  0.7908185
4280.254373  0.690877
4280.87718  0.7514821
4281.499987  0.8253003
4282.122794  0.8343273
4282.745601  0.8435809
4283.368408  0.8943387
4283.991215  0.9022912
4284.614022  0.8108975
4285.236829  0.7335181
4285.859636  0.7110788
4286.482443  0.747167
4287.10525  0.8193237
4287.728057  0.855137
4288.350864  0.8011745
4288.973671  0.6772854
4289.596478  0.5952732
4290.219285  0.6047257
4290.842092  0.6678613
4291.464899  0.7099601
4292.087706  0.7996275
4292.710513  0.8936455
4293.33332  0.8872144
4293.956127  0.7896565
4294.578934  0.7373791
4295.201741  0.7806076
4295.824548  0.7928675
4296.447355  0.7447355
4297.070162  0.6932804
4297.692969  0.6878757
4298.315776  0.6278676
4298.938583  0.5147613
4299.56139  0.4292147
4300.184197  0.449176
4300.807004  0.5384058
4301.429811  0.5989195
4302.052618  0.5661895
4302.675425  0.5312698
4303.298232  0.5497356
4303.921039  0.5972097
4304.543846  0.5916445
4305.166653  0.55484
4305.78946  0.5457168
4306.412267  0.5797483
4307.035074  0.5336056
4307.657881  0.4391499
4308.280688  0.405733
4308.903495  0.4406116
4309.526302  0.486606
4310.149109  0.5159597
4310.771916  0.5584328
4311.394723  0.5899543
4312.01753  0.6203626
4312.640337  0.6783433
4313.263144  0.7564957
4313.885951  0.7706317
4314.508758  0.7489628
4315.131565  0.8684253
4315.754372  1.04929
4316.377179  1.161186
4316.999986  1.153287
4317.622793  1.125203
4318.2456  1.101644
4318.868407  1.080683
4319.491214  1.088667
4320.114021  1.031552
4320.736828  0.9522595
4321.359635  0.982618
4321.982442  1.013783
4322.605249  0.9348168
4323.228056  0.7622057
4323.850863  0.6708793
4324.47367  0.6003609
4325.096477  0.5149335
4325.719284  0.5006685
4326.342091  0.6251779
4326.964898  0.8225613
4327.587705  0.980165
4328.210512  1.081221
4328.833319  1.113403
4329.456126  1.070913
4330.078933  0.9746216
4330.70174  0.935517
4331.324547  0.9770026
4331.947354  1.032758
4332.570161  1.032305
4333.192968  1.014592
4333.815775  1.034407
4334.438582  1.08505
4335.061389  1.151729
4335.684196  1.167865
4336.307003  1.06506
4336.92981  0.8716388
4337.552617  0.7387492
4338.175424  0.7428198
4338.798231  0.7556104
4339.421038  0.69348
4340.043845  0.6023729
4340.666652  0.6098483
4341.289459  0.7519227
4341.912266  0.9220926
4342.535073  0.9882345
4343.15788  0.9327658
4343.780687  0.8832715
4344.403494  0.9310591
4345.026301  1.038571
4345.649108  1.07628
4346.271915  1.025553
4346.894722  0.9642577
4347.517529  0.9622319
4348.140336  1.036355
4348.763143  1.13982
4349.38595  1.185129
4350.008757  1.092321
4350.631564  0.9010794
4351.254371  0.7318777
4351.877178  0.6720982
4352.499985  0.7497348
4353.122792  0.8940244
4353.745599  0.9682313
4354.368406  0.9621848
4354.991213  0.9366756
4355.61402  0.9558955
4356.236827  1.018448
4356.859634  1.076857
4357.482441  1.068665
4358.105248  0.9618964
4358.728055  0.864135
4359.350862  0.8535218
4359.973669  0.9207858
4360.596476  1.029819
4361.219283  1.115126
4361.84209  1.123064
4362.464897  1.056663
4363.087704  1.00576
4363.710511  1.039228
4364.333318  1.139105
4364.956125  1.207322
4365.578932  1.185039
4366.201739  1.082034
4366.824546  0.9613599
4367.447353  0.8913913
4368.07016  0.9052825
4368.692967  0.9758281
4369.315774  1.000382
4369.938581  0.9739456
4370.561388  0.9645178
4371.184195  0.9905838
4371.807002  1.016233
4372.429809  0.9974645
4373.052616  0.9245642
4373.675423  0.8394876
4374.29823  0.7686098
4374.921037  0.7282722
4375.543844  0.7835454
4376.166651  0.8951132
4376.789458  0.9907109
4377.412265  1.049486
4378.035072  1.075103
4378.657879  1.062543
4379.280686  1.009776
4379.903493  0.9650732
4380.5263  0.9694716
4381.149107  0.9989523
4381.771914  0.9421874
4382.394721  0.7429572
4383.017528  0.5027866
4383.640335  0.4123167
4384.263142  0.4493465
4384.885949  0.5931482
4385.508756  0.7990894
4386.131563  0.9280794
4386.75437  0.9386861
4387.377177  0.8894122
4387.999984  0.8742841
4388.622791  0.8712015
4389.245598  0.848368
4389.868405  0.8082448
4390.491212  0.7993108
4391.114019  0.8338143
4391.736826  0.8907976
4392.359633  0.9360689
4392.98244  0.9432397
4393.605247  0.9155716
4394.228054  0.8751346
4394.850861  0.8290197
4395.473668  0.8597401
4396.096475  0.9887471
4396.719282  1.088419
4397.342089  1.102971
4397.964896  1.061516
4398.587703  1.021354
4399.21051  0.9538793
4399.833317  0.8573056
4400.456124  0.7891841
4401.078931  0.8441228
4401.701738  0.9987362
4402.324545  1.114738
4402.947352  1.040421
4403.570159  0.830579
4404.192966  0.6395653
4404.815773  0.6093594
4405.43858  0.7583899
4406.061387  0.9139277
4406.684194  0.9432426
4407.307001  0.8827198
4407.929808  0.7962765
4408.552615  0.791736
4409.175422  0.913847
4409.798229  1.019595
4410.421036  1.065742
4411.043843  1.081985
4411.66665  1.104558
4412.289457  1.145764
4412.912264  1.164308
4413.535071  1.095133
4414.157878  0.9072217
4414.780685  0.7588048
4415.403492  0.780879
4416.026299  0.891805
4416.649106  0.9594544
4417.271913  0.9648021
4417.89472  0.9944803
4418.517527  1.062362
4419.140334  1.122203
4419.763141  1.132046
4420.385948  1.108645
4421.008755  1.046422
4421.631562  0.9546865
4422.254369  0.8767516
4422.877176  0.8783464
4423.499983  0.948443
4424.12279  1.018423
4424.745597  1.025818
4425.368404  1.014467
4425.991211  1.017197
4426.614018  1.006268
4427.236825  1.000979
4427.859632  1.036957
4428.482439  1.094319
4429.105246  1.024624
4429.728053  0.895466
4430.35086  0.8483858
4430.973667  0.9341723
4431.596474  1.035104
4432.219281  1.059568
4432.842088  1.008579
4433.464895  0.9386897
4434.087702  0.8713889
4434.710509  0.8170816
4435.333316  0.811304
4435.956123  0.8831354
4436.57893  0.9916051
4437.201737  1.058591
4437.824544  1.103639
4438.447351  1.146959
4439.070158  1.169293
4439.692965  1.112672
4440.315772  1.024569
4440.938579  0.9549068
4441.561386  0.9067906
4442.184193  0.8703141
4442.807  0.8555743
4443.429807  0.8805832
4444.052614  0.9391881
4444.675421  1.043877
4445.298228  1.14953
4445.921035  1.15491
4446.543842  1.069598
4447.166649  1.016866
4447.789456  1.088719
4448.412263  1.155713
4449.03507  1.126966
4449.657877  1.030244
4450.280684  0.996415
4450.903491  1.036278
4451.526298  1.084476
4452.149105  1.078031
4452.771912  1.053165
4453.394719  1.006025
4454.017526  0.9247792
4454.640333  0.8377246
4455.26314  0.827551
4455.885947  0.89019
4456.508754  0.936176
4457.131561  0.9476925
4457.754368  0.9236667
4458.377175  0.881446
4458.999982  0.8589838
4459.622789  0.8858387
4460.245596  0.9068993
4460.868403  0.8305201
4461.49121  0.7637757
4462.114017  0.80168
4462.736824  0.9360047
4463.359631  1.038563
4463.982438  1.038533
4464.605245  0.9847299
4465.228052  0.9964414
4465.850859  0.9956273
4466.473666  0.9862632
4467.096473  1.02031
4467.71928  1.025915
4468.342087  0.9780748
4468.964894  0.9206398
4469.587701  0.9292929
4470.210508  0.9614748
4470.833315  0.9935014
4471.456122  1.035062
4472.078929  1.059807
4472.701736  1.096721
4473.324543  1.154388
4473.94735  1.165834
4474.570157  1.132177
4475.192964  1.100887
4475.815771  1.122659
4476.438578  1.186567
4477.061385  1.233179
4477.684192  1.220225
4478.306999  1.177073
4478.929806  1.080424
4479.552613  0.9643732
4480.17542  0.9164757
4480.798227  0.9092093
4481.421034  0.906307
4482.043841  0.9152476
4482.666648  1.004446
4483.289455  1.093997
4483.912262  1.130127
4484.535069  1.164038
4485.157876  1.189155
4485.780683  1.199172
4486.40349  1.188759
4487.026297  1.137879
4487.649104  1.060422
4488.271911  0.9973055
4488.894718  0.2519218
4489.517525  0.
4490.140332  0.
4490.763139  0.
4491.385946  0.
4492.008753  0.
4492.63156  0.
4493.254367  0.
4493.877174  0.
4494.499981  0.
4495.122788  0.
4495.745595  0.
4496.368402  0.
4496.991209  0.
4497.614016  0.
4498.236823  0.
4498.85963  0.
4499.482437  0.
4500.105244  0.
4500.728051  0.
4501.350858  0.
4501.973665  0.
4502.596472  0.
4503.219279  0.
4503.842086  0.
4504.464893  0.
4505.0877  0.
4505.710507  0.
4506.333314  0.
4506.956121  0.
4507.578928  0.
4508.201735  0.
4508.824542  0.
