3820.  0.1724445
3820.622807  0.1525432
3821.245614  0.1825342
3821.868421  0.2361097
3822.491228  0.2744161
3823.114035  0.2811493
3823.736842  0.2506294
3824.359649  0.2040833
3824.982456  0.1757891
3825.605263  0.1606066
3826.22807  0.1628577
3826.850877  0.1839526
3827.473684  0.198817
3828.096491  0.2102193
3828.719298  0.2234819
3829.342105  0.2313981
3829.964912  0.2431003
3830.587719  0.2554305
3831.210526  0.2526838
3831.833333  0.2246439
3832.45614  0.19124
3833.078947  0.1751747
3833.701754  0.1756526
3834.324561  0.1819779
3834.947368  0.2000333
3835.570175  0.2370049
3836.192982  0.2624574
3836.815789  0.2643622
3837.438596  0.2440542
3838.061403  0.2062858
3838.68421  0.187952
3839.307017  0.1935233
3839.929824  0.1897327
3840.552631  0.1738831
3841.175438  0.1815378
3841.798245  0.2343637
3842.421052  0.2897954
3843.043859  0.3121752
3843.666666  0.3063212
3844.289473  0.3035035
3844.91228  0.2948456
3845.535087  0.2756069
3846.157894  0.2581445
3846.780701  0.2591944
3847.403508  0.2739458
3848.026315  0.280499
3848.649122  0.2598218
3849.271929  0.2287151
3849.894736  0.2037273
3850.517543  0.1970726
3851.14035  0.2304536
3851.763157  0.274662
3852.385964  0.2881328
3853.008771  0.2649295
3853.631578  0.2317423
3854.254385  0.2240981
3854.877192  0.2475178
3855.499999  0.2522572
3856.122806  0.2345361
3856.745613  0.2241411
3857.36842  0.2333716
3857.991227  0.2283137
3858.614034  0.1984988
3859.236841  0.173292
3859.859648  0.160584
3860.482455  0.1632125
3861.105262  0.1865887
3861.728069  0.2336146
3862.350876  0.2822754
3862.973683  0.3058927
3863.59649  0.2992277
3864.219297  0.2894597
3864.842104  0.2783275
3865.464911  0.2579239
3866.087718  0.2541932
3866.710525  0.2580394
3867.333332  0.2519633
3867.956139  0.2400071
3868.578946  0.2327105
3869.201753  0.2261299
3869.82456  0.209096
3870.447367  0.1906198
3871.070174  0.1794243
3871.692981  0.1783865
3872.315788  0.1861993
3872.938595  0.2046975
3873.561402  0.2438099
3874.184209  0.3037096
3874.807016  0.3507923
3875.429823  0.3626265
3876.05263  0.3457406
3876.675437  0.3235169
3877.298244  0.2854148
3877.921051  0.2335676
3878.543858  0.205719
3879.166665  0.2376883
3879.789472  0.284589
3880.412279  0.2832026
3881.035086  0.2474098
3881.657893  0.2012919
3882.2807  0.1780986
3882.903507  0.2195868
3883.526314  0.3339253
3884.149121  0.4380613
3884.771928  0.4382893
3885.394735  0.3586407
3886.017542  0.2705347
3886.640349  0.2447023
3887.263156  0.3013751
3887.885963  0.3539546
3888.50877  0.3466127
3889.131577  0.3160056
3889.754384  0.3350791
3890.377191  0.3838711
3890.999998  0.4221809
3891.622805  0.467082
3892.245612  0.5039626
3892.868419  0.5121505
3893.491226  0.4980549
3894.114033  0.4905514
3894.73684  0.4615361
3895.359647  0.4009004
3895.982454  0.3949378
3896.605261  0.4524591
3897.228068  0.5014244
3897.850875  0.4787289
3898.473682  0.4449113
3899.096489  0.4225834
3899.719296  0.4008805
3900.342103  0.4153973
3900.96491  0.4765998
3901.587717  0.5265521
3902.210524  0.4884851
3902.833331  0.4204643
3903.456138  0.4084638
3904.078945  0.4548482
3904.701752  0.4482751
3905.324559  0.3807351
3905.947366  0.3247003
3906.570173  0.3345607
3907.19298  0.3812401
3907.815787  0.424738
3908.438594  0.4546288
3909.061401  0.4786375
3909.684208  0.4872791
3910.307015  0.4790922
3910.929822  0.4758444
3911.552629  0.4914998
3912.175436  0.5121422
3912.798243  0.5092864
3913.42105  0.4858251
3914.043857  0.4747869
3914.666664  0.4895604
3915.289471  0.4868394
3915.912278  0.4495784
3916.535085  0.413863
3917.157892  0.4264657
3917.780699  0.4462338
3918.403506  0.4400058
3919.026313  0.4157176
3919.64912  0.3940558
3920.271927  0.3538071
3920.894734  0.3088843
3921.517541  0.3160369
3922.140348  0.3383396
3922.763155  0.3478315
3923.385962  0.3605436
3924.008769  0.3918641
3924.631576  0.4010143
3925.254383  0.3654562
3925.87719  0.3275344
3926.499997  0.3103447
3927.122804  0.2939239
3927.745611  0.2524259
3928.368418  0.2162396
3928.991225  0.1988862
3929.614032  0.1868593
3930.236839  0.1620732
3930.859646  0.1393689
3931.482453  0.1246857
3932.10526  0.105913
3932.728067  0.09069097
3933.350874  0.08438496
3933.973681  0.08413163
3934.596488  0.08469532
3935.219295  0.09360387
3935.842102  0.114716
3936.464909  0.1405195
3937.087716  0.1666081
3937.710523  0.1916043
3938.33333  0.2180498
3938.956137  0.2493574
3939.578944  0.2797712
3940.201751  0.2969948
3940.824558  0.2954246
3941.447365  0.2927378
3942.070172  0.3021884
3942.692979  0.3153521
3943.315786  0.3055612
3943.938593  0.2842524
3944.5614  0.286236
3945.184207  0.335332
3945.807014  0.414505
3946.429821  0.4700711
3947.052628  0.4580731
3947.675435  0.4157941
3948.298242  0.3853232
3948.921049  0.3881337
3949.543856  0.4261463
3950.166663  0.4798512
3950.78947  0.5199137
3951.412277  0.517931
3952.035084  0.4544906
3952.657891  0.3877102
3953.280698  0.3985473
3953.903505  0.4863378
3954.526312  0.5634931
3955.149119  0.5605534
3955.771926  0.492942
3956.394733  0.4332963
3957.01754  0.4215306
3957.640347  0.444724
3958.263154  0.4744029
3958.885961  0.505554
3959.508768  0.5259296
3960.131575  0.5008326
3960.754382  0.422946
3961.377189  0.3310039
3961.999996  0.2783427
3962.622803  0.275018
3963.24561  0.2857451
3963.868417  0.278934
3964.491224  0.2632309
3965.114031  0.2375326
3965.736838  0.2017798
3966.359645  0.1637656
3966.982452  0.1332414
3967.605259  0.1106884
3968.228066  0.09457622
3968.850873  0.08987474
3969.47368  0.09960742
3970.096487  0.1222952
3970.719294  0.1524197
3971.342101  0.1857446
3971.964908  0.2176937
3972.587715  0.2429493
3973.210522  0.2619224
3973.833329  0.2808906
3974.456136  0.3142548
3975.078943  0.3707052
3975.70175  0.4049429
3976.324557  0.4111058
3976.947364  0.4260078
3977.570171  0.4637333
3978.192978  0.5028983
3978.815785  0.5297248
3979.438592  0.5627837
3980.061399  0.5978525
3980.684206  0.6065779
3981.307013  0.5701296
3981.92982  0.528468
3982.552627  0.5150047
3983.175434  0.5258125
3983.798241  0.5264746
3984.421048  0.5421475
3985.043855  0.584885
3985.666662  0.6194324
3986.289469  0.6099508
3986.912276  0.5922256
3987.535083  0.6201168
3988.15789  0.6776589
3988.780697  0.686994
3989.403504  0.6291278
3990.026311  0.5823128
3990.649118  0.5963811
3991.271925  0.6350679
3991.894732  0.6441131
3992.517539  0.6546262
3993.140346  0.6661925
3993.763153  0.6612576
3994.38596  0.6375677
3995.008767  0.6200017
3995.631574  0.6141286
3996.254381  0.6037335
3996.877188  0.5784721
3997.499995  0.5545034
3998.122802  0.5600037
3998.745609  0.6129029
3999.368416  0.69625
3999.991223  0.7542578
4000.61403  0.7380556
4001.236837  0.6958372
4001.859644  0.6870124
4002.482451  0.7280782
4003.105258  0.7718964
4003.728065  0.7809414
4004.350872  0.7165192
4004.973679  0.5718269
4005.596486  0.4872703
4006.219293  0.5081893
4006.8421  0.5793905
4007.464907  0.6480029
4008.087714  0.6912056
4008.710521  0.7088159
4009.333328  0.7149307
4009.956135  0.7165461
4010.578942  0.716675
4011.201749  0.7122502
4011.824556  0.6904218
4012.447363  0.6895452
4013.07017  0.7201271
4013.692977  0.721222
4014.315784  0.7130657
4014.938591  0.7337927
4015.561398  0.7855518
4016.184205  0.801016
4016.807012  0.7552848
4017.429819  0.6895652
4018.052626  0.6813406
4018.675433  0.7333793
4019.29824  0.7856253
4019.921047  0.7757831
4020.543854  0.7423543
4021.166661  0.714275
4021.789468  0.701317
4022.412275  0.7116506
4023.035082  0.7322618
4023.657889  0.7295665
4024.280696  0.6795454
4024.903503  0.6560308
4025.52631  0.6911938
4026.149117  0.7513233
4026.771924  0.7837282
4027.394731  0.7989078
4028.017538  0.8236755
4028.640345  0.8534086
4029.263152  0.841696
4029.885959  0.7506329
4030.508766  0.610038
4031.131573  0.5578753
4031.75438  0.5790603
4032.377187  0.5911523
4032.999994  0.5741539
4033.622801  0.5734949
4034.245608  0.6018724
4034.868415  0.6285363
4035.491222  0.6604233
4036.114029  0.7088641
4036.736836  0.7698719
4037.359643  0.8178044
4037.98245  0.8331751
4038.605257  0.8194855
4039.228064  0.7954576
4039.850871  0.7569648
4040.473678  0.7115999
4041.096485  0.689623
4041.719292  0.7349591
4042.342099  0.7957739
4042.964906  0.8047855
4043.587713  0.7465482
4044.21052  0.6434703
4044.833327  0.5136992
4045.456134  0.3921199
4046.078941  0.3784973
4046.701748  0.4957023
4047.324555  0.6699165
4047.947362  0.7736921
4048.570169  0.7774372
4049.192976  0.7424257
4049.815783  0.7487827
4050.43859  0.7736833
4051.061397  0.7839925
4051.684204  0.7637445
4052.307011  0.7241834
4052.929818  0.703929
4053.552625  0.6991733
4054.175432  0.6670333
4054.798239  0.6235421
4055.421046  0.6153026
4056.043853  0.6543694
4056.66666  0.6681886
4057.289467  0.6290469
4057.912274  0.574529
4058.535081  0.5761437
4059.157888  0.6249357
4059.780695  0.6921272
4060.403502  0.7494196
4061.026309  0.772255
4061.649116  0.7472059
4062.271923  0.6684013
4062.89473  0.5443124
4063.517537  0.4382908
4064.140344  0.4372271
4064.763151  0.5685859
4065.385958  0.6973412
4066.008765  0.7200277
4066.631572  0.6438869
4067.254379  0.5900399
4067.877186  0.6189927
4068.499993  0.707171
4069.1228  0.7822148
4069.745607  0.8204783
4070.368414  0.7819436
4070.991221  0.6608462
4071.614028  0.5405576
4072.236835  0.5434294
4072.859642  0.6682425
4073.482449  0.7747089
4074.105256  0.7944598
4074.728063  0.7492048
4075.35087  0.6897423
4075.973677  0.6077164
4076.596484  0.516335
4077.219291  0.4511545
4077.842098  0.4535336
4078.464905  0.5314761
4079.087712  0.6254941
4079.710519  0.6767834
4080.333326  0.743381
4080.956133  0.820119
4081.57894  0.8584227
4082.201747  0.8194259
4082.824554  0.7495815
4083.447361  0.7058508
4084.070168  0.7050878
4084.692975  0.7009256
4085.315782  0.6875113
4085.938589  0.6868537
4086.561396  0.7122881
4087.184203  0.7704113
4087.80701  0.8353239
4088.429817  0.8638262
4089.052624  0.8626639
4089.675431  0.8337464
4090.298238  0.7959418
4090.921045  0.8086102
4091.543852  0.8083352
4092.166659  0.7638017
4092.789466  0.7453138
4093.412273  0.8077582
4094.03508  0.8678989
4094.657887  0.816676
4095.280694  0.7321752
4095.903501  0.6702507
4096.526308  0.6544544
4097.149115  0.6815796
4097.771922  0.7053324
4098.394729  0.719579
4099.017536  0.7434384
4099.640343  0.7371577
4100.26315  0.6705861
4100.885957  0.5629672
4101.508764  0.4910359
4102.131571  0.5164326
4102.754378  0.6152562
4103.377185  0.6966835
4103.999992  0.7140036
4104.622799  0.7120456
4105.245606  0.7481344
4105.868413  0.800656
4106.49122  0.8196572
4107.114027  0.7982363
4107.736834  0.7812324
4108.359641  0.7739044
4108.982448  0.7558351
4109.605255  0.7154949
4110.228062  0.686395
4110.850869  0.6857029
4111.473676  0.7006457
4112.096483  0.7031333
4112.71929  0.7295344
4113.342097  0.7750905
4113.964904  0.8000646
4114.587711  0.7960848
4115.210518  0.7957746
4115.833325  0.8114243
4116.456132  0.8029608
4117.078939  0.8018374
4117.701746  0.7791498
4118.324553  0.6860547
4118.94736  0.6242157
4119.570167  0.6454054
4120.192974  0.7164019
4120.815781  0.7523249
4121.438588  0.7428998
4122.061395  0.7165437
4122.684202  0.6981256
4123.307009  0.6748404
4123.929816  0.6884713
4124.552623  0.757629
4125.17543  0.783351
4125.798237  0.7588729
4126.421044  0.7224709
4127.043851  0.7035344
4127.666658  0.6793873
4128.289465  0.6678528
4128.912272  0.6872371
4129.535079  0.6726323
4130.157886  0.6745449
4130.780693  0.7069724
4131.4035  0.6761208
4132.026307  0.5997658
4132.649114  0.5632457
4133.271921  0.6123042
4133.894728  0.6099527
4134.517535  0.5998235
4135.140342  0.6690701
4135.763149  0.7759972
4136.385956  0.8029783
4137.008763  0.7483169
4137.63157  0.7236119
4138.254377  0.749719
4138.877184  0.7918561
4139.499991  0.8068167
4140.122798  0.7930706
4140.745605  0.7843829
4141.368412  0.7658153
4141.991219  0.6817065
4142.614026  0.5684417
4143.236833  0.4803049
4143.85964  0.4652142
4144.482447  0.5519894
4145.105254  0.6591787
4145.728061  0.7150754
4146.350868  0.730467
4146.973675  0.7227307
4147.596482  0.7224734
4148.219289  0.7360256
4148.842096  0.7018723
4149.464903  0.6367005
4150.08771  0.6012009
4150.710517  0.6283389
4151.333324  0.6417327
4151.956131  0.6310159
4152.578938  0.6496578
4153.201745  0.6713416
4153.824552  0.6591983
4154.447359  0.6282909
4155.070166  0.654453
4155.692973  0.650592
4156.31578  0.5968376
4156.938587  0.5842843
4157.561394  0.6268843
4158.184201  0.6941528
4158.807008  0.747453
4159.429815  0.7739518
4160.052622  0.7587032
4160.675429  0.7143955
4161.298236  0.6892288
4161.921043  0.7406814
4162.54385  0.8095415
4163.166657  0.8045599
4163.789464  0.7578085
4164.412271  0.7207112
4165.035078  0.7203304
4165.657885  0.7359855
4166.280692  0.7177753
4166.903499  0.6570938
4167.526306  0.6083035
4168.149113  0.6618605
4168.77192  0.7375376
4169.394727  0.7531046
4170.017534  0.762178
4170.640341  0.766574
4171.263148  0.729192
4171.885955  0.6267519
4172.508762  0.5388417
4173.131569  0.5190548
4173.754376  0.5621514
4174.377183  0.616978
4174.99999  0.6526328
4175.622797  0.6667265
4176.245604  0.6678442
4176.868411  0.6323501
4177.491218  0.5833818
4178.114025  0.5675337
4178.736832  0.5953218
4179.359639  0.6364369
4179.982446  0.6588109
4180.605253  0.6557788
4181.22806  0.6391201
4181.850867  0.6332233
4182.473674  0.6526601
4183.096481  0.6799065
4183.719288  0.7103671
4184.342095  0.7544534
4184.964902  0.8173975
4185.587709  0.8393373
4186.210516  0.7788686
4186.833323  0.6680766
4187.45613  0.6136956
4188.078937  0.6538143
4188.701744  0.7382922
4189.324551  0.7771733
4189.947358  0.7752292
4190.570165  0.7432025
4191.192972  0.6882426
4191.815779  0.6904392
4192.438586  0.7477437
4193.061393  0.7993641
4193.6842  0.8032482
4194.307007  0.7629128
4194.929814  0.6960993
4195.552621  0.6189701
4196.175428  0.5651851
4196.798235  0.5663072
4197.421042  0.6052423
4198.043849  0.5966171
4198.666656  0.5987787
4199.289463  0.6595951
4199.91227  0.7210369
4200.535077  0.7298257
4201.157884  0.6755975
4201.780691  0.6054731
4202.403498  0.6009207
4203.026305  0.6595449
4203.649112  0.7133531
4204.271919  0.7023125
4204.894726  0.6879614
4205.517533  0.7163968
4206.14034  0.7666999
4206.763147  0.7964029
4207.385954  0.8181924
4208.008761  0.8448452
4208.631568  0.8331114
4209.254375  0.7916513
4209.877182  0.7518201
4210.499989  0.7392094
4211.122796  0.7634044
4211.745603  0.7964274
4212.36841  0.8051521
4212.991217  0.7862982
4213.614024  0.7508386
4214.236831  0.686271
4214.859638  0.575552
4215.482445  0.4968619
4216.105252  0.5519112
4216.728059  0.7393529
4217.350866  0.8770863
4217.973673  0.9304225
4218.59648  0.936845
4219.219287  0.9111506
4219.842094  0.9031695
4220.464901  0.9395923
4221.087708  0.9857142
4221.710515  0.9542412
4222.333322  0.8693392
4222.956129  0.7971212
4223.578936  0.7558911
4224.201743  0.7274158
4224.82455  0.6805256
4225.447357  0.5893421
4226.070164  0.4476865
4226.692971  0.3494878
4227.315778  0.4071174
4227.938585  0.6273823
4228.561392  0.8337037
4229.184199  0.9037409
4229.807006  0.8836503
4230.429813  0.9022031
4231.05262  0.9498739
4231.675427  0.9379672
4232.298234  0.8499246
4232.921041  0.7513408
4233.543848  0.7310764
4234.166655  0.8082104
4234.789462  0.8421441
4235.412269  0.7751992
4236.035076  0.6874234
4236.657883  0.695859
4237.28069  0.7519761
4237.903497  0.7766446
4238.526304  0.7715029
4239.149111  0.7602917
4239.771918  0.7620143
4240.394725  0.7946894
4241.017532  0.8759034
4241.640339  0.921683
4242.263146  0.8745763
4242.885953  0.8116058
4243.50876  0.8440698
4244.131567  0.9447904
4244.754374  0.9909748
4245.377181  0.9583381
4245.999988  0.8932206
4246.622795  0.8368754
4247.245602  0.7857001
4247.868409  0.7588846
4248.491216  0.763717
4249.114023  0.7695285
4249.73683  0.7213749
4250.359637  0.678687
4250.982444  0.7213868
4251.605251  0.8075913
4252.228058  0.8706958
4252.850865  0.8777507
4253.473672  0.8380424
4254.096479  0.7689962
4254.719286  0.719708
4255.342093  0.7283864
4255.9649  0.7779637
4256.587707  0.8788223
4257.210514  0.9575791
4257.833321  0.8811652
4258.456128  0.7768866
4259.078935  0.7282466
4259.701742  0.6921297
4260.324549  0.6304745
4260.947356  0.6167702
4261.570163  0.7038908
4262.19297  0.8258947
4262.815777  0.9269996
4263.438584  0.9644632
4264.061391  0.937649
4264.684198  0.9272688
4265.307005  0.968972
4265.929812  1.017877
4266.552619  0.9946932
4267.175426  0.9112461
4267.798233  0.8391499
4268.42104  0.8288588
4269.043847  0.8254996
4269.666654  0.8037508
4270.289461  0.7482235
4270.912268  0.6191373
4271.535075  0.5166807
4272.157882  0.5425473
4272.780689  0.6689948
4273.403496  0.7384324
4274.026303  0.7049007
4274.64911  0.6568795
4275.271917  0.6926351
4275.894724  0.7920656
4276.517531  0.8766436
4277.140338  0.9046369
4277.763145  0.9359016
4278.385952  0.9669044
4279.008759  0.9268275
4279.631566  0.7991864
4280.254373  0.7047355
4280.87718  0.7355722
4281.499987  0.8182138
4282.122794  0.8361759
4282.745601  0.8251681
4283.368408  0.8795635
4283.991215  0.8835936
4284.614022  0.8128259
4285.236829  0.7370405
4285.859636  0.7119372
4286.482443  0.7452303
4287.10525  0.8036078
4287.728057  0.8322858
4288.350864  0.7930017
4288.973671  0.6892921
4289.596478  0.5880845
4290.219285  0.5948043
4290.842092  0.6504608
4291.464899  0.7008571
4292.087706  0.7793334
4292.710513  0.8631456
4293.33332  0.8754026
4293.956127  0.7956855
4294.578934  0.7460391
4295.201741  0.7633511
4295.824548  0.7849802
4296.447355  0.7390684
4297.070162  0.6950918
4297.692969  0.680016
4298.315776  0.6399899
4298.938583  0.5391877
4299.56139  0.4487823
4300.184197  0.4505198
4300.807004  0.5351968
4301.429811  0.5985062
4302.052618  0.5833837
4302.675425  0.5342508
4303.298232  0.5462061
4303.921039  0.5952541
4304.543846  0.6042513
4305.166653  0.5684084
4305.78946  0.5618158
4306.412267  0.5846736
4307.035074  0.5559642
4307.657881  0.4769733
4308.280688  0.4289615
4308.903495  0.457984
4309.526302  0.4956533
4310.149109  0.5330041
4310.771916  0.5758312
4311.394723  0.6079133
4312.01753  0.6274825
4312.640337  0.6713043
4313.263144  0.740763
4313.885951  0.7451018
4314.508758  0.7383636
4315.131565  0.8239506
4315.754372  1.004529
4316.377179  1.110072
4316.999986  1.112395
4317.622793  1.100741
4318.2456  1.064352
4318.868407  1.050431
4319.491214  1.064014
4320.114021  1.012646
4320.736828  0.9454401
4321.359635  0.943059
4321.982442  0.9892138
4322.605249  0.9274159
4323.228056  0.7918506
4323.850863  0.6930385
4324.47367  0.6269007
4325.096477  0.5472361
4325.719284  0.5101634
4326.342091  0.6201039
4326.964898  0.7996732
4327.587705  0.959077
4328.210512  1.060336
4328.833319  1.100854
4329.456126  1.058416
4330.078933  0.9653234
4330.70174  0.9130301
4331.324547  0.947971
4331.947354  1.010003
4332.570161  1.020598
4333.192968  1.001908
4333.815775  1.002465
4334.438582  1.049289
4335.061389  1.122258
4335.684196  1.152919
4336.307003  1.067826
4336.92981  0.8788986
4337.552617  0.7451146
4338.175424  0.7253171
4338.798231  0.741484
4339.421038  0.6779941
4340.043845  0.5754355
4340.666652  0.5590112
4341.289459  0.6989941
4341.912266  0.8847533
4342.535073  0.9786683
4343.15788  0.9412031
4343.780687  0.873698
4344.403494  0.9030281
4345.026301  1.011962
4345.649108  1.06241
4346.271915  1.018242
4346.894722  0.9529361
4347.517529  0.9517661
4348.140336  1.010367
4348.763143  1.103463
4349.38595  1.156818
4350.008757  1.083733
4350.631564  0.9074605
4351.254371  0.7327483
4351.877178  0.6689523
4352.499985  0.7471718
4353.122792  0.8857803
4353.745599  0.9726672
4354.368406  0.9623332
4354.991213  0.9394454
4355.61402  0.9605955
4356.236827  1.013714
4356.859634  1.074587
4357.482441  1.066922
4358.105248  0.9659829
4358.728055  0.8637257
4359.350862  0.8426349
4359.973669  0.909995
4360.596476  1.010415
4361.219283  1.094405
4361.84209  1.109033
4362.464897  1.05499
4363.087704  1.013729
4363.710511  1.042414
4364.333318  1.122453
4364.956125  1.179928
4365.578932  1.157656
4366.201739  1.073413
4366.824546  0.9766032
4367.447353  0.8903825
4368.07016  0.8896211
4368.692967  0.9580057
4369.315774  0.9839057
4369.938581  0.9702024
4370.561388  0.9604058
4371.184195  0.9808208
4371.807002  1.016683
4372.429809  1.009744
4373.052616  0.9367554
4373.675423  0.8443943
4374.29823  0.7605409
4374.921037  0.7259533
4375.543844  0.7759246
4376.166651  0.8869586
4376.789458  0.9866502
4377.412265  1.03725
4378.035072  1.06823
4378.657879  1.060465
4379.280686  1.015565
4379.903493  0.9740404
4380.5263  0.9713945
4381.149107  0.9949157
4381.771914  0.9644448
4382.394721  0.7809529
4383.017528  0.5567135
4383.640335  0.4370475
4384.263142  0.4699711
4384.885949  0.5993638
4385.508756  0.7708813
4386.131563  0.9159247
4386.75437  0.938868
4387.377177  0.9009897
4387.999984  0.882973
4388.622791  0.8859418
4389.245598  0.8690172
4389.868405  0.8293086
4390.491212  0.8013598
4391.114019  0.8203576
4391.736826  0.8876082
4392.359633  0.9535642
4392.98244  0.9532635
4393.605247  0.9275916
4394.228054  0.8850785
4394.850861  0.825893
4395.473668  0.8523037
4396.096475  0.9675707
4396.719282  1.081038
4397.342089  1.099002
4397.964896  1.057713
4398.587703  1.006465
4399.21051  0.9478545
4399.833317  0.8567626
4400.456124  0.7898607
4401.078931  0.8328955
4401.701738  0.9950631
4402.324545  1.109332
4402.947352  1.057809
4403.570159  0.8781353
4404.192966  0.6850656
4404.815773  0.636238
4405.43858  0.7729255
4406.061387  0.9140924
4406.684194  0.9565674
4407.307001  0.8967487
4407.929808  0.7999862
4408.552615  0.7851114
4409.175422  0.8764598
4409.798229  0.9970125
4410.421036  1.055748
4411.043843  1.067311
4411.66665  1.086182
4412.289457  1.130024
4412.912264  1.15253
4413.535071  1.087469
4414.157878  0.9268607
4414.780685  0.784096
4415.403492  0.7803127
4416.026299  0.8946187
4416.649106  0.9541518
4417.271913  0.9584106
4417.89472  0.9745486
4418.517527  1.03777
4419.140334  1.103852
4419.763141  1.128467
4420.385948  1.099637
4421.008755  1.041089
4421.631562  0.9581157
4422.254369  0.8861133
4422.877176  0.8823636
4423.499983  0.9425785
4424.12279  1.010002
4424.745597  1.033956
4425.368404  1.024499
4425.991211  1.015471
4426.614018  1.010801
4427.236825  0.9943149
4427.859632  1.025801
4428.482439  1.066713
4429.105246  1.028925
4429.728053  0.9111021
4430.35086  0.8598109
4430.973667  0.9379981
4431.596474  1.02725
4432.219281  1.053735
4432.842088  1.014544
4433.464895  0.9480941
4434.087702  0.8821115
4434.710509  0.825916
4435.333316  0.808827
4435.956123  0.8824078
4436.57893  0.9874608
4437.201737  1.062033
4437.824544  1.100021
4438.447351  1.143337
4439.070158  1.165637
4439.692965  1.12627
4440.315772  1.039953
4440.938579  0.9635518
4441.561386  0.9156175
4442.184193  0.8726332
4442.807  0.8545478
4443.429807  0.8680279
4444.052614  0.9201257
4444.675421  1.033156
4445.298228  1.135788
4445.921035  1.1513
4446.543842  1.080735
4447.166649  1.039364
4447.789456  1.081316
4448.412263  1.148975
4449.03507  1.121651
4449.657877  1.033106
4450.280684  0.9835353
4450.903491  1.023624
4451.526298  1.081812
4452.149105  1.094784
4452.771912  1.056801
4453.394719  1.017549
4454.017526  0.9463738
4454.640333  0.8505872
4455.26314  0.8377568
4455.885947  0.8876874
4456.508754  0.9395183
4457.131561  0.9538251
4457.754368  0.9381126
4458.377175  0.9051012
4458.999982  0.883041
4459.622789  0.9079623
4460.245596  0.9129934
4460.868403  0.8551704
4461.49121  0.7796656
4462.114017  0.8086298
4462.736824  0.9367837
4463.359631  1.050485
4463.982438  1.046871
4464.605245  1.004168
4465.228052  0.995059
4465.850859  0.9988024
4466.473666  1.001647
4467.096473  1.011763
4467.71928  1.023253
4468.342087  0.9676874
4468.964894  0.9145889
4469.587701  0.9273186
4470.210508  0.9687291
4470.833315  1.004668
4471.456122  1.028336
4472.078929  1.056317
4472.701736  1.100716
4473.324543  1.153855
4473.94735  1.18585
4474.570157  1.160935
4475.192964  1.126792
4475.815771  1.137173
4476.438578  1.195712
4477.061385  1.240862
4477.684192  1.245948
4478.306999  1.201347
4478.929806  1.098036
4479.552613  0.9893527
4480.17542  0.9281312
4480.798227  0.9218887
4481.421034  0.9146644
4482.043841  0.9352323
4482.666648  1.016823
4483.289455  1.091993
4483.912262  1.138063
4484.535069  1.164359
4485.157876  1.189228
4485.780683  1.204882
4486.40349  1.194501
4487.026297  1.151854
4487.649104  1.089291
4488.271911  1.014941
4488.894718  0.954398
4489.517525  0.3518982
4490.140332  0.1515193
4490.763139  0.1613061
4491.385946  0.1708592
4492.008753  0.1770767
4492.63156  0.1723723
4493.254367  0.1578884
4493.877174  0.143589
4494.499981  0.1419354
4495.122788  0.1446848
4495.745595  0.1475941
4496.368402  0.1546994
4496.991209  0.08489588
4497.614016  0.
4498.236823  0.
4498.85963  0.
4499.482437  0.
4500.105244  0.
4500.728051  0.
4501.350858  0.
4501.973665  0.
4502.596472  0.
4503.219279  0.
4503.842086  0.
4504.464893  0.
4505.0877  0.
4505.710507  0.
4506.333314  0.
4506.956121  0.
4507.578928  0.
4508.201735  0.
4508.824542  0.
