3820.  0.1527884
3820.622807  0.1175012
3821.245614  0.1332412
3821.868421  0.1840956
3822.491228  0.2358749
3823.114035  0.2562587
3823.736842  0.2322471
3824.359649  0.1873926
3824.982456  0.1495412
3825.605263  0.1297268
3826.22807  0.1291927
3826.850877  0.1443402
3827.473684  0.1662441
3828.096491  0.1793525
3828.719298  0.19097
3829.342105  0.2065772
3829.964912  0.2156707
3830.587719  0.230672
3831.210526  0.2379774
3831.833333  0.2140852
3832.45614  0.1802842
3833.078947  0.1580217
3833.701754  0.152107
3834.324561  0.1506969
3834.947368  0.1744601
3835.570175  0.219997
3836.192982  0.2552531
3836.815789  0.2636745
3837.438596  0.2381179
3838.061403  0.1930612
3838.68421  0.166745
3839.307017  0.164444
3839.929824  0.1644863
3840.552631  0.1475811
3841.175438  0.1524655
3841.798245  0.2000623
3842.421052  0.2691945
3843.043859  0.3028088
3843.666666  0.3044511
3844.289473  0.2982446
3844.91228  0.2932761
3845.535087  0.2733725
3846.157894  0.2517186
3846.780701  0.2530647
3847.403508  0.2677698
3848.026315  0.2769699
3848.649122  0.264575
3849.271929  0.2283379
3849.894736  0.1878347
3850.517543  0.1749322
3851.14035  0.2075856
3851.763157  0.2580361
3852.385964  0.2821076
3853.008771  0.2610021
3853.631578  0.2241152
3854.254385  0.2111541
3854.877192  0.2258389
3855.499999  0.2363751
3856.122806  0.2181477
3856.745613  0.2021322
3857.36842  0.2120344
3857.991227  0.2072385
3858.614034  0.1821863
3859.236841  0.1513042
3859.859648  0.1326926
3860.482455  0.1308064
3861.105262  0.1524229
3861.728069  0.1988772
3862.350876  0.2547421
3862.973683  0.2876146
3863.59649  0.2884115
3864.219297  0.2786827
3864.842104  0.2619427
3865.464911  0.2428082
3866.087718  0.2302754
3866.710525  0.2340267
3867.333332  0.2357942
3867.956139  0.2244506
3868.578946  0.2133371
3869.201753  0.203486
3869.82456  0.1880607
3870.447367  0.1652436
3871.070174  0.1544918
3871.692981  0.1543909
3872.315788  0.1602394
3872.938595  0.1800227
3873.561402  0.2237065
3874.184209  0.2809949
3874.807016  0.3253799
3875.429823  0.3396416
3876.05263  0.3287022
3876.675437  0.3032302
3877.298244  0.2636278
3877.921051  0.2117676
3878.543858  0.1822986
3879.166665  0.2139758
3879.789472  0.2558492
3880.412279  0.26078
3881.035086  0.2217223
3881.657893  0.17927
3882.2807  0.1561397
3882.903507  0.1895723
3883.526314  0.3081293
3884.149121  0.416354
3884.771928  0.4299936
3885.394735  0.3432716
3886.017542  0.2481781
3886.640349  0.2156865
3887.263156  0.2568598
3887.885963  0.3202018
3888.50877  0.3312733
3889.131577  0.31351
3889.754384  0.3362025
3890.377191  0.3772237
3890.999998  0.4191792
3891.622805  0.4594779
3892.245612  0.5019645
3892.868419  0.5098033
3893.491226  0.4940306
3894.114033  0.4884748
3894.73684  0.4472609
3895.359647  0.3863787
3895.982454  0.3677748
3896.605261  0.4384699
3897.228068  0.4922369
3897.850875  0.4762452
3898.473682  0.4393397
3899.096489  0.4058656
3899.719296  0.3826394
3900.342103  0.3850335
3900.96491  0.4507178
3901.587717  0.4994311
3902.210524  0.4703982
3902.833331  0.398572
3903.456138  0.3937402
3904.078945  0.4387349
3904.701752  0.4411888
3905.324559  0.3752745
3905.947366  0.3142976
3906.570173  0.3169281
3907.19298  0.3630106
3907.815787  0.4112346
3908.438594  0.4498797
3909.061401  0.483094
3909.684208  0.4877987
3910.307015  0.4711477
3910.929822  0.4627321
3911.552629  0.4885053
3912.175436  0.5187764
3912.798243  0.5220174
3913.42105  0.4969107
3914.043857  0.4821136
3914.666664  0.4898978
3915.289471  0.4942079
3915.912278  0.4535508
3916.535085  0.4222142
3917.157892  0.4304298
3917.780699  0.4494098
3918.403506  0.4424366
3919.026313  0.4176814
3919.64912  0.3879567
3920.271927  0.3289649
3920.894734  0.2893851
3921.517541  0.2956294
3922.140348  0.317797
3922.763155  0.3234451
3923.385962  0.3340848
3924.008769  0.3711923
3924.631576  0.3844184
3925.254383  0.3589702
3925.87719  0.3201098
3926.499997  0.3053061
3927.122804  0.282001
3927.745611  0.2388211
3928.368418  0.1963322
3928.991225  0.1778747
3929.614032  0.163888
3930.236839  0.1390806
3930.859646  0.1206882
3931.482453  0.1058106
3932.10526  0.08987576
3932.728067  0.07306057
3933.350874  0.05999133
3933.973681  0.0538569
3934.596488  0.05736711
3935.219295  0.07320168
3935.842102  0.09579661
3936.464909  0.1216461
3937.087716  0.1500138
3937.710523  0.175297
3938.33333  0.2011799
3938.956137  0.2332476
3939.578944  0.267684
3940.201751  0.2864183
3940.824558  0.2845272
3941.447365  0.2788326
3942.070172  0.2906342
3942.692979  0.3013412
3943.315786  0.2850586
3943.938593  0.2592848
3944.5614  0.2654093
3945.184207  0.3229713
3945.807014  0.4053349
3946.429821  0.4559388
3947.052628  0.4506838
3947.675435  0.4100908
3948.298242  0.3824759
3948.921049  0.3904821
3949.543856  0.4331745
3950.166663  0.4925024
3950.78947  0.5334124
3951.412277  0.5226152
3952.035084  0.4562921
3952.657891  0.3883304
3953.280698  0.397339
3953.903505  0.4908354
3954.526312  0.5661697
3955.149119  0.5667277
3955.771926  0.5036332
3956.394733  0.438263
3957.01754  0.427402
3957.640347  0.4507248
3958.263154  0.4724653
3958.885961  0.5053321
3959.508768  0.5285357
3960.131575  0.5050889
3960.754382  0.4154589
3961.377189  0.3097794
3961.999996  0.2487297
3962.622803  0.2503333
3963.24561  0.2617236
3963.868417  0.2628809
3964.491224  0.2488895
3965.114031  0.217891
3965.736838  0.1827901
3966.359645  0.1498397
3966.982452  0.1181758
3967.605259  0.08778675
3968.228066  0.06601728
3968.850873  0.06129547
3969.47368  0.07660669
3970.096487  0.1056751
3970.719294  0.1380064
3971.342101  0.1665025
3971.964908  0.1953448
3972.587715  0.2256978
3973.210522  0.2530199
3973.833329  0.2724112
3974.456136  0.3105011
3975.078943  0.3657807
3975.70175  0.4060915
3976.324557  0.4132798
3976.947364  0.4265738
3977.570171  0.4725168
3978.192978  0.5079063
3978.815785  0.5318587
3979.438592  0.562934
3980.061399  0.6069245
3980.684206  0.6178144
3981.307013  0.5844474
3981.92982  0.5377321
3982.552627  0.5245889
3983.175434  0.5253342
3983.798241  0.5266647
3984.421048  0.5505016
3985.043855  0.5979902
3985.666662  0.6317686
3986.289469  0.6210057
3986.912276  0.6007216
3987.535083  0.6290572
3988.15789  0.6937987
3988.780697  0.7014086
3989.403504  0.6443872
3990.026311  0.5912297
3990.649118  0.6062737
3991.271925  0.6398898
3991.894732  0.6610595
3992.517539  0.6694476
3993.140346  0.6802241
3993.763153  0.6663153
3994.38596  0.6369382
3995.008767  0.6283482
3995.631574  0.6284665
3996.254381  0.6209226
3996.877188  0.5986289
3997.499995  0.5711741
3998.122802  0.5735885
3998.745609  0.6281977
3999.368416  0.7164034
3999.991223  0.7644871
4000.61403  0.7482487
4001.236837  0.7069387
4001.859644  0.711914
4002.482451  0.7612602
4003.105258  0.8114048
4003.728065  0.8103469
4004.350872  0.7109207
4004.973679  0.5667089
4005.596486  0.4833639
4006.219293  0.5131935
4006.8421  0.5960078
4007.464907  0.6667362
4008.087714  0.7192349
4008.710521  0.7339432
4009.333328  0.7256344
4009.956135  0.7256522
4010.578942  0.7359031
4011.201749  0.7306196
4011.824556  0.7115428
4012.447363  0.7247928
4013.07017  0.7467602
4013.692977  0.7490827
4014.315784  0.7369822
4014.938591  0.7631919
4015.561398  0.808969
4016.184205  0.8177168
4016.807012  0.7608601
4017.429819  0.6969362
4018.052626  0.6919617
4018.675433  0.7541
4019.29824  0.7957121
4019.921047  0.7849561
4020.543854  0.7488043
4021.166661  0.7273915
4021.789468  0.722455
4022.412275  0.7333198
4023.035082  0.7609894
4023.657889  0.7489179
4024.280696  0.7025548
4024.903503  0.6772121
4025.52631  0.7152005
4026.149117  0.7693511
4026.771924  0.7960809
4027.394731  0.810433
4028.017538  0.8416577
4028.640345  0.8796185
4029.263152  0.8724171
4029.885959  0.7604732
4030.508766  0.6235836
4031.131573  0.5643313
4031.75438  0.5922539
4032.377187  0.6031247
4032.999994  0.5768644
4033.622801  0.5767915
4034.245608  0.5996332
4034.868415  0.631396
4035.491222  0.6699616
4036.114029  0.7305191
4036.736836  0.7968901
4037.359643  0.8439674
4037.98245  0.8574627
4038.605257  0.8446648
4039.228064  0.8175704
4039.850871  0.780034
4040.473678  0.7252176
4041.096485  0.7104363
4041.719292  0.7608066
4042.342099  0.8257903
4042.964906  0.8273944
4043.587713  0.7481561
4044.21052  0.6214286
4044.833327  0.4829539
4045.456134  0.3746325
4046.078941  0.3598351
4046.701748  0.4879271
4047.324555  0.6577041
4047.947362  0.7639025
4048.570169  0.7755312
4049.192976  0.7596213
4049.815783  0.7709102
4050.43859  0.8081566
4051.061397  0.8198705
4051.684204  0.7884473
4052.307011  0.7464116
4052.929818  0.7340229
4053.552625  0.7260038
4054.175432  0.6925694
4054.798239  0.6451975
4055.421046  0.6428011
4056.043853  0.6786953
4056.66666  0.6896338
4057.289467  0.6271365
4057.912274  0.579577
4058.535081  0.5885797
4059.157888  0.6437058
4059.780695  0.7197398
4060.403502  0.7825599
4061.026309  0.8027724
4061.649116  0.7643539
4062.271923  0.6673228
4062.89473  0.528748
4063.517537  0.4115829
4064.140344  0.4337061
4064.763151  0.5741077
4065.385958  0.7096841
4066.008765  0.7151132
4066.631572  0.6470897
4067.254379  0.6090129
4067.877186  0.6572732
4068.499993  0.7435054
4069.1228  0.818815
4069.745607  0.8423232
4070.368414  0.7865459
4070.991221  0.6506957
4071.614028  0.5340992
4072.236835  0.5574211
4072.859642  0.6858057
4073.482449  0.7979303
4074.105256  0.8116214
4074.728063  0.7670661
4075.35087  0.6928856
4075.973677  0.60544
4076.596484  0.5196423
4077.219291  0.468613
4077.842098  0.4867812
4078.464905  0.5682387
4079.087712  0.6475395
4079.710519  0.7110831
4080.333326  0.7773746
4080.956133  0.8555056
4081.57894  0.8850424
4082.201747  0.8409885
4082.824554  0.7606961
4083.447361  0.7236792
4084.070168  0.7192487
4084.692975  0.7159041
4085.315782  0.712047
4085.938589  0.7190993
4086.561396  0.7542334
4087.184203  0.8188134
4087.80701  0.8804263
4088.429817  0.9167616
4089.052624  0.915945
4089.675431  0.87817
4090.298238  0.8491964
4090.921045  0.8459648
4091.543852  0.8414198
4092.166659  0.7868209
4092.789466  0.7711542
4093.412273  0.8460832
4094.03508  0.8933479
4094.657887  0.8514962
4095.280694  0.7509857
4095.903501  0.6774408
4096.526308  0.6645616
4097.149115  0.6941875
4097.771922  0.7293572
4098.394729  0.7533511
4099.017536  0.7652199
4099.640343  0.7462233
4100.26315  0.6710347
4100.885957  0.58067
4101.508764  0.5397702
4102.131571  0.5823533
4102.754378  0.6668179
4103.377185  0.724299
4103.999992  0.7300967
4104.622799  0.7273812
4105.245606  0.7634448
4105.868413  0.8147503
4106.49122  0.8293927
4107.114027  0.8217406
4107.736834  0.8102859
4108.359641  0.798286
4108.982448  0.7722949
4109.605255  0.7317033
4110.228062  0.7043107
4110.850869  0.7122223
4111.473676  0.7102729
4112.096483  0.7141479
4112.71929  0.7519143
4113.342097  0.8069352
4113.964904  0.8314103
4114.587711  0.8238583
4115.210518  0.8232505
4115.833325  0.821916
4116.456132  0.8250644
4117.078939  0.8279998
4117.701746  0.7918972
4118.324553  0.7086102
4118.94736  0.6416987
4119.570167  0.6755483
4120.192974  0.7451355
4120.815781  0.7813728
4121.438588  0.766414
4122.061395  0.7448906
4122.684202  0.7220387
4123.307009  0.7070975
4123.929816  0.7279502
4124.552623  0.7833814
4125.17543  0.8151131
4125.798237  0.7808277
4126.421044  0.7585911
4127.043851  0.7359153
4127.666658  0.7025673
4128.289465  0.7044518
4128.912272  0.7021149
4129.535079  0.6919768
4130.157886  0.7033879
4130.780693  0.7218943
4131.4035  0.682009
4132.026307  0.5914257
4132.649114  0.5833727
4133.271921  0.6086823
4133.894728  0.6113466
4134.517535  0.6112795
4135.140342  0.6977299
4135.763149  0.8010995
4136.385956  0.8165501
4137.008763  0.7708973
4137.63157  0.7510254
4138.254377  0.7842182
4138.877184  0.8155246
4139.499991  0.8196071
4140.122798  0.8095422
4140.745605  0.799124
4141.368412  0.7567295
4141.991219  0.6627703
4142.614026  0.5412112
4143.236833  0.4569361
4143.85964  0.4658617
4144.482447  0.5566898
4145.105254  0.664181
4145.728061  0.7237245
4146.350868  0.735574
4146.973675  0.7353101
4147.596482  0.7479397
4148.219289  0.7504768
4148.842096  0.7122199
4149.464903  0.6414002
4150.08771  0.6290035
4150.710517  0.659945
4151.333324  0.6754737
4151.956131  0.662615
4152.578938  0.6713516
4153.201745  0.6895366
4153.824552  0.662966
4154.447359  0.6603372
4155.070166  0.6752447
4155.692973  0.6630621
4156.31578  0.6248911
4156.938587  0.6261584
4157.561394  0.6831363
4158.184201  0.7397625
4158.807008  0.7773192
4159.429815  0.7887027
4160.052622  0.7716078
4160.675429  0.7316819
4161.298236  0.7247696
4161.921043  0.7772442
4162.54385  0.841688
4163.166657  0.8324257
4163.789464  0.770533
4164.412271  0.7374468
4165.035078  0.7356687
4165.657885  0.7481294
4166.280692  0.7372845
4166.903499  0.6731256
4167.526306  0.6418542
4168.149113  0.6796625
4168.77192  0.7420871
4169.394727  0.7685626
4170.017534  0.7789667
4170.640341  0.7851605
4171.263148  0.728179
4171.885955  0.6242597
4172.508762  0.5400342
4173.131569  0.5354924
4173.754376  0.5836629
4174.377183  0.6348062
4174.99999  0.6609298
4175.622797  0.6804642
4176.245604  0.681343
4176.868411  0.6526313
4177.491218  0.6090418
4178.114025  0.5999892
4178.736832  0.6324672
4179.359639  0.6741813
4179.982446  0.6889558
4180.605253  0.6799728
4181.22806  0.6636069
4181.850867  0.6509609
4182.473674  0.6665358
4183.096481  0.6993784
4183.719288  0.7288875
4184.342095  0.7800019
4184.964902  0.8302093
4185.587709  0.8324192
4186.210516  0.758505
4186.833323  0.6565627
4187.45613  0.6118147
4188.078937  0.6695887
4188.701744  0.7418869
4189.324551  0.7749032
4189.947358  0.7624061
4190.570165  0.7272084
4191.192972  0.6964138
4191.815779  0.7046168
4192.438586  0.7657149
4193.061393  0.8130662
4193.6842  0.8116918
4194.307007  0.7655888
4194.929814  0.6950713
4195.552621  0.6257636
4196.175428  0.5857712
4196.798235  0.5900497
4197.421042  0.6025219
4198.043849  0.6019692
4198.666656  0.6058521
4199.289463  0.6631429
4199.91227  0.7111531
4200.535077  0.6959629
4201.157884  0.643046
4201.780691  0.5967809
4202.403498  0.6061182
4203.026305  0.6753815
4203.649112  0.7182941
4204.271919  0.7103855
4204.894726  0.6938562
4205.517533  0.7322178
4206.14034  0.7756357
4206.763147  0.8021209
4207.385954  0.8312483
4208.008761  0.8481431
4208.631568  0.838953
4209.254375  0.803441
4209.877182  0.7624223
4210.499989  0.7506155
4211.122796  0.7748309
4211.745603  0.807147
4212.36841  0.8157518
4212.991217  0.7964417
4213.614024  0.7554531
4214.236831  0.6865532
4214.859638  0.5878192
4215.482445  0.5266079
4216.105252  0.6004673
4216.728059  0.7508577
4217.350866  0.8771781
4217.973673  0.9207067
4218.59648  0.9203722
4219.219287  0.9103429
4219.842094  0.92087
4220.464901  0.9655358
4221.087708  0.9863807
4221.710515  0.9435779
4222.333322  0.8513399
4222.956129  0.7752769
4223.578936  0.7330025
4224.201743  0.7007596
4224.82455  0.6406538
4225.447357  0.5281061
4226.070164  0.3921306
4226.692971  0.316631
4227.315778  0.4080399
4227.938585  0.6231276
4228.561392  0.8213553
4229.184199  0.8817411
4229.807006  0.8781909
4230.429813  0.8953902
4231.05262  0.9326597
4231.675427  0.9137959
4232.298234  0.8345434
4232.921041  0.7599384
4233.543848  0.7633293
4234.166655  0.8183576
4234.789462  0.8343743
4235.412269  0.7469485
4236.035076  0.6732938
4236.657883  0.6770958
4237.28069  0.7295684
4237.903497  0.7583457
4238.526304  0.7618831
4239.149111  0.7600224
4239.771918  0.7612127
4240.394725  0.8089297
4241.017532  0.8804983
4241.640339  0.9060252
4242.263146  0.8479017
4242.885953  0.7983049
4243.50876  0.8404937
4244.131567  0.9384253
4244.754374  0.9853182
4245.377181  0.9574153
4245.999988  0.9084854
4246.622795  0.8424623
4247.245602  0.7802246
4247.868409  0.7469154
4248.491216  0.7471685
4249.114023  0.733104
4249.73683  0.6869397
4250.359637  0.652378
4250.982444  0.703779
4251.605251  0.7994278
4252.228058  0.854174
4252.850865  0.8551283
4253.473672  0.793437
4254.096479  0.7101938
4254.719286  0.6808912
4255.342093  0.7034922
4255.9649  0.7812777
4256.587707  0.8917387
4257.210514  0.9339938
4257.833321  0.8684818
4258.456128  0.756994
4259.078935  0.710524
4259.701742  0.6596546
4260.324549  0.6039353
4260.947356  0.6129267
4261.570163  0.6960707
4262.19297  0.8193363
4262.815777  0.9206586
4263.438584  0.9461311
4264.061391  0.9231207
4264.684198  0.9170803
4265.307005  0.9669569
4265.929812  1.003591
4266.552619  0.9688299
4267.175426  0.8766536
4267.798233  0.818691
4268.42104  0.804651
4269.043847  0.8021595
4269.666654  0.7732343
4270.289461  0.6944869
4270.912268  0.5727298
4271.535075  0.4765497
4272.157882  0.5320871
4272.780689  0.6483086
4273.403496  0.6962423
4274.026303  0.6485057
4274.64911  0.6143948
4275.271917  0.6664616
4275.894724  0.7803085
4276.517531  0.851231
4277.140338  0.8885204
4277.763145  0.9285188
4278.385952  0.9536998
4279.008759  0.8882514
4279.631566  0.757559
4280.254373  0.6735069
4280.87718  0.7195181
4281.499987  0.7971866
4282.122794  0.8173475
4282.745601  0.8339668
4283.368408  0.8631516
4283.991215  0.8615685
4284.614022  0.7840051
4285.236829  0.7069154
4285.859636  0.6831981
4286.482443  0.7203122
4287.10525  0.7852373
4287.728057  0.8176429
4288.350864  0.7691543
4288.973671  0.6486883
4289.596478  0.5813455
4290.219285  0.5958747
4290.842092  0.6448011
4291.464899  0.6940937
4292.087706  0.7737176
4292.710513  0.8548816
4293.33332  0.8428814
4293.956127  0.7678091
4294.578934  0.7209267
4295.201741  0.7497029
4295.824548  0.7589265
4296.447355  0.719487
4297.070162  0.6672406
4297.692969  0.6497168
4298.315776  0.5958312
4298.938583  0.4986149
4299.56139  0.427885
4300.184197  0.4421984
4300.807004  0.520006
4301.429811  0.5833299
4302.052618  0.5606235
4302.675425  0.521908
4303.298232  0.5262675
4303.921039  0.5596781
4304.543846  0.5546904
4305.166653  0.53133
4305.78946  0.5347139
4306.412267  0.5495708
4307.035074  0.5057423
4307.657881  0.4193884
4308.280688  0.3897478
4308.903495  0.4129249
4309.526302  0.4543622
4310.149109  0.4879037
4310.771916  0.5209368
4311.394723  0.5480248
4312.01753  0.5822218
4312.640337  0.6500375
4313.263144  0.7144943
4313.885951  0.7333208
4314.508758  0.7329707
4315.131565  0.8584732
4315.754372  1.030615
4316.377179  1.130891
4316.999986  1.152148
4317.622793  1.120656
4318.2456  1.082629
4318.868407  1.069276
4319.491214  1.065778
4320.114021  1.023233
4320.736828  0.9577011
4321.359635  0.9729378
4321.982442  0.9796029
4322.605249  0.8966264
4323.228056  0.7445024
4323.850863  0.6450953
4324.47367  0.5805477
4325.096477  0.507211
4325.719284  0.5003529
4326.342091  0.612565
4326.964898  0.801653
4327.587705  0.957089
4328.210512  1.05857
4328.833319  1.087428
4329.456126  1.038856
4330.078933  0.9552624
4330.70174  0.925896
4331.324547  0.9727997
4331.947354  1.019375
4332.570161  1.019859
4333.192968  0.9991501
4333.815775  1.011758
4334.438582  1.058741
4335.061389  1.125158
4335.684196  1.151065
4336.307003  1.053483
4336.92981  0.8770574
4337.552617  0.7449808
4338.175424  0.7390932
4338.798231  0.7470898
4339.421038  0.6987367
4340.043845  0.6253113
4340.666652  0.6393116
4341.289459  0.7645681
4341.912266  0.9176921
4342.535073  0.9788778
4343.15788  0.942452
4343.780687  0.9017504
4344.403494  0.9420462
4345.026301  1.034469
4345.649108  1.064911
4346.271915  1.004189
4346.894722  0.9461818
4347.517529  0.9490448
4348.140336  1.020865
4348.763143  1.115476
4349.38595  1.153379
4350.008757  1.068554
4350.631564  0.8861164
4351.254371  0.7258304
4351.877178  0.6717987
4352.499985  0.7433392
4353.122792  0.8797758
4353.745599  0.9487973
4354.368406  0.9456126
4354.991213  0.9289525
4355.61402  0.9427283
4356.236827  0.9975666
4356.859634  1.052782
4357.482441  1.045865
4358.105248  0.951247
4358.728055  0.853756
4359.350862  0.8389945
4359.973669  0.8953532
4360.596476  0.9964914
4361.219283  1.08148
4361.84209  1.087328
4362.464897  1.031864
4363.087704  0.988995
4363.710511  1.022345
4364.333318  1.115339
4364.956125  1.173257
4365.578932  1.142255
4366.201739  1.05226
4366.824546  0.9379351
4367.447353  0.8712158
4368.07016  0.8954411
4368.692967  0.9498456
4369.315774  0.9761938
4369.938581  0.9632179
4370.561388  0.9518598
4371.184195  0.9703575
4371.807002  0.9950064
4372.429809  0.9772927
4373.052616  0.9032779
4373.675423  0.8145373
4374.29823  0.75222
4374.921037  0.7205235
4375.543844  0.7649577
4376.166651  0.8693959
4376.789458  0.965252
4377.412265  1.024277
4378.035072  1.044217
4378.657879  1.033704
4379.280686  0.9981142
4379.903493  0.9619271
4380.5263  0.9537982
4381.149107  0.9668363
4381.771914  0.9017504
4382.394721  0.7207455
4383.017528  0.4999898
4383.640335  0.4034713
4384.263142  0.4461899
4384.885949  0.5880541
4385.508756  0.7798654
4386.131563  0.9026658
4386.75437  0.9210927
4387.377177  0.8884183
4387.999984  0.8787686
4388.622791  0.8734718
4389.245598  0.8426204
4389.868405  0.8062967
4390.491212  0.7905688
4391.114019  0.8187794
4391.736826  0.887204
4392.359633  0.9377159
4392.98244  0.9453891
4393.605247  0.9145017
4394.228054  0.8666511
4394.850861  0.8302079
4395.473668  0.8589433
4396.096475  0.9767869
4396.719282  1.071612
4397.342089  1.090858
4397.964896  1.049682
4398.587703  0.9959658
4399.21051  0.9355994
4399.833317  0.8633177
4400.456124  0.8035922
4401.078931  0.8543593
4401.701738  0.990728
4402.324545  1.086722
4402.947352  1.02142
4403.570159  0.828769
4404.192966  0.6461595
4404.815773  0.6142889
4405.43858  0.737551
4406.061387  0.8851894
4406.684194  0.9203298
4407.307001  0.8637839
4407.929808  0.7908868
4408.552615  0.7853089
4409.175422  0.8850968
4409.798229  0.9977148
4410.421036  1.058186
4411.043843  1.073582
4411.66665  1.086132
4412.289457  1.117752
4412.912264  1.135995
4413.535071  1.066562
4414.157878  0.9096177
4414.780685  0.7751749
4415.403492  0.7865644
4416.026299  0.8790295
4416.649106  0.9509727
4417.271913  0.9654586
4417.89472  0.9949989
4418.517527  1.05751
4419.140334  1.117284
4419.763141  1.124454
4420.385948  1.093298
4421.008755  1.029075
4421.631562  0.9434384
4422.254369  0.8892804
4422.877176  0.8886572
4423.499983  0.9395539
4424.12279  1.015224
4424.745597  1.034935
4425.368404  1.011184
4425.991211  1.003377
4426.614018  0.9915499
4427.236825  0.9968654
4427.859632  1.032622
4428.482439  1.066131
4429.105246  1.010235
4429.728053  0.9012393
4430.35086  0.8637375
4430.973667  0.9372585
4431.596474  1.035292
4432.219281  1.06208
4432.842088  1.018937
4433.464895  0.9448003
4434.087702  0.8732249
4434.710509  0.8206399
4435.333316  0.816006
4435.956123  0.8782821
4436.57893  0.9827312
4437.201737  1.052423
4437.824544  1.096216
4438.447351  1.133976
4439.070158  1.151995
4439.692965  1.11279
4440.315772  1.03546
4440.938579  0.9656146
4441.561386  0.9125391
4442.184193  0.8850929
4442.807  0.8801486
4443.429807  0.8890308
4444.052614  0.9506389
4444.675421  1.055151
4445.298228  1.140327
4445.921035  1.14283
4446.543842  1.082244
4447.166649  1.039663
4447.789456  1.089383
4448.412263  1.139238
4449.03507  1.116003
4449.657877  1.039433
4450.280684  1.005187
4450.903491  1.036682
4451.526298  1.083784
4452.149105  1.073167
4452.771912  1.044453
4453.394719  1.009144
4454.017526  0.9345069
4454.640333  0.8565529
4455.26314  0.8387257
4455.885947  0.8958494
4456.508754  0.9419383
4457.131561  0.9509393
4457.754368  0.9298262
4458.377175  0.8975557
4458.999982  0.8822765
4459.622789  0.8936036
4460.245596  0.9021676
4460.868403  0.8406579
4461.49121  0.7822556
4462.114017  0.8136445
4462.736824  0.9305099
4463.359631  1.030367
4463.982438  1.049418
4464.605245  1.00907
4465.228052  0.9960344
4465.850859  1.00206
4466.473666  1.005437
4467.096473  1.034812
4467.71928  1.034041
4468.342087  0.9839888
4468.964894  0.930814
4469.587701  0.9356439
4470.210508  0.9760885
4470.833315  1.005778
4471.456122  1.030203
4472.078929  1.058702
4472.701736  1.10171
4473.324543  1.15427
4473.94735  1.170345
4474.570157  1.147717
4475.192964  1.125029
4475.815771  1.143381
4476.438578  1.192985
4477.061385  1.238162
4477.684192  1.242632
4478.306999  1.194624
4478.929806  1.101177
4479.552613  0.997037
4480.17542  0.9457221
4480.798227  0.930199
4481.421034  0.9244903
4482.043841  0.9439688
4482.666648  1.008799
4483.289455  1.089802
4483.912262  1.138585
4484.535069  1.173813
4485.157876  1.200323
4485.780683  1.211322
4486.40349  1.202223
4487.026297  1.16006
4487.649104  1.08976
4488.271911  1.020895
4488.894718  0.5104556
4489.517525  0.
4490.140332  0.
4490.763139  0.
4491.385946  0.
4492.008753  0.
4492.63156  0.
4493.254367  0.
4493.877174  0.
4494.499981  0.
4495.122788  0.
4495.745595  0.
4496.368402  0.
4496.991209  0.
4497.614016  0.
4498.236823  0.
4498.85963  0.
4499.482437  0.
4500.105244  0.
4500.728051  0.
4501.350858  0.
4501.973665  0.
4502.596472  0.
4503.219279  0.
4503.842086  0.
4504.464893  0.
4505.0877  0.
4505.710507  0.
4506.333314  0.
4506.956121  0.
4507.578928  0.
4508.201735  0.
4508.824542  0.
