3820.  0.1541342
3820.622807  0.1381689
3821.245614  0.1685901
3821.868421  0.2222763
3822.491228  0.2619489
3823.114035  0.2545152
3823.736842  0.2128219
3824.359649  0.1678395
3824.982456  0.1416
3825.605263  0.1341418
3826.22807  0.1425235
3826.850877  0.1585626
3827.473684  0.1641387
3828.096491  0.1618835
3828.719298  0.1642864
3829.342105  0.1771141
3829.964912  0.1988747
3830.587719  0.2118095
3831.210526  0.1958689
3831.833333  0.1653441
3832.45614  0.1459827
3833.078947  0.1464452
3833.701754  0.1488443
3834.324561  0.1676871
3834.947368  0.2084296
3835.570175  0.245621
3836.192982  0.2522017
3836.815789  0.2258872
3837.438596  0.1833468
3838.061403  0.1495102
3838.68421  0.144117
3839.307017  0.1553304
3839.929824  0.1529084
3840.552631  0.1489478
3841.175438  0.1780226
3841.798245  0.2497182
3842.421052  0.3091506
3843.043859  0.3337191
3843.666666  0.3424464
3844.289473  0.3599373
3844.91228  0.3651733
3845.535087  0.3539225
3846.157894  0.3472105
3846.780701  0.3598053
3847.403508  0.3850837
3848.026315  0.3962487
3848.649122  0.364017
3849.271929  0.2954388
3849.894736  0.2385449
3850.517543  0.2451736
3851.14035  0.3094676
3851.763157  0.3704212
3852.385964  0.376279
3853.008771  0.343836
3853.631578  0.3102304
3854.254385  0.2952043
3854.877192  0.2835389
3855.499999  0.2473198
3856.122806  0.2099224
3856.745613  0.2124329
3857.36842  0.2288267
3857.991227  0.2210636
3858.614034  0.1837353
3859.236841  0.1487728
3859.859648  0.1346457
3860.482455  0.1503504
3861.105262  0.1999402
3861.728069  0.2772289
3862.350876  0.3490497
3862.973683  0.3829304
3863.59649  0.3804589
3864.219297  0.35333
3864.842104  0.3136028
3865.464911  0.2864551
3866.087718  0.3040273
3866.710525  0.3356595
3867.333332  0.3406521
3867.956139  0.3357864
3868.578946  0.3306172
3869.201753  0.3194179
3869.82456  0.2905825
3870.447367  0.2536369
3871.070174  0.224187
3871.692981  0.2110598
3872.315788  0.209331
3872.938595  0.2344198
3873.561402  0.2974846
3874.184209  0.3751477
3874.807016  0.421855
3875.429823  0.4228737
3876.05263  0.3988902
3876.675437  0.3554457
3877.298244  0.2852331
3877.921051  0.2091739
3878.543858  0.1952354
3879.166665  0.2477871
3879.789472  0.3168451
3880.412279  0.3450669
3881.035086  0.3288769
3881.657893  0.2860336
3882.2807  0.2522095
3882.903507  0.2898611
3883.526314  0.3749394
3884.149121  0.4217153
3884.771928  0.3686035
3885.394735  0.2662933
3886.017542  0.191329
3886.640349  0.1845816
3887.263156  0.2290157
3887.885963  0.2685061
3888.50877  0.2825753
3889.131577  0.3193871
3889.754384  0.3821475
3890.377191  0.4479546
3890.999998  0.4987276
3891.622805  0.5303375
3892.245612  0.5288532
3892.868419  0.4965581
3893.491226  0.4723914
3894.114033  0.4508086
3894.73684  0.4031958
3895.359647  0.3415933
3895.982454  0.3651634
3896.605261  0.4487356
3897.228068  0.4777646
3897.850875  0.444797
3898.473682  0.3878689
3899.096489  0.3340713
3899.719296  0.3044916
3900.342103  0.3515099
3900.96491  0.4380237
3901.587717  0.4583339
3902.210524  0.3926022
3902.833331  0.3287863
3903.456138  0.3387118
3904.078945  0.3743367
3904.701752  0.3600752
3905.324559  0.2999003
3905.947366  0.2771196
3906.570173  0.3260342
3907.19298  0.4108663
3907.815787  0.4800674
3908.438594  0.5225309
3909.061401  0.5319065
3909.684208  0.5139487
3910.307015  0.4976102
3910.929822  0.5104227
3911.552629  0.5459338
3912.175436  0.5728517
3912.798243  0.5675147
3913.42105  0.5404243
3914.043857  0.5270333
3914.666664  0.5437407
3915.289471  0.542756
3915.912278  0.5072955
3916.535085  0.4747597
3917.157892  0.4737822
3917.780699  0.4760551
3918.403506  0.4496532
3919.026313  0.404731
3919.64912  0.3438139
3920.271927  0.2902231
3920.894734  0.2835022
3921.517541  0.3047086
3922.140348  0.3097296
3922.763155  0.2962806
3923.385962  0.3234104
3924.008769  0.3716565
3924.631576  0.3896681
3925.254383  0.3694001
3925.87719  0.3439593
3926.499997  0.3213291
3927.122804  0.2825809
3927.745611  0.2339216
3928.368418  0.2040804
3928.991225  0.1981055
3929.614032  0.1847877
3930.236839  0.1659205
3930.859646  0.1543175
3931.482453  0.1474597
3932.10526  0.1312018
3932.728067  0.1110732
3933.350874  0.1008646
3933.973681  0.1014384
3934.596488  0.1114469
3935.219295  0.1282068
3935.842102  0.1505959
3936.464909  0.17937
3937.087716  0.2087269
3937.710523  0.23388
3938.33333  0.2618492
3938.956137  0.2959814
3939.578944  0.3247128
3940.201751  0.3317707
3940.824558  0.3239777
3941.447365  0.3198429
3942.070172  0.3223234
3942.692979  0.2990081
3943.315786  0.2475896
3943.938593  0.2091756
3944.5614  0.2339922
3945.184207  0.3193351
3945.807014  0.413871
3946.429821  0.4579326
3947.052628  0.4419553
3947.675435  0.4063322
3948.298242  0.3962428
3948.921049  0.4256338
3949.543856  0.4801157
3950.166663  0.5315455
3950.78947  0.5581006
3951.412277  0.5465814
3952.035084  0.4958972
3952.657891  0.4493208
3953.280698  0.4782714
3953.903505  0.5514147
3954.526312  0.5871526
3955.149119  0.5527276
3955.771926  0.478557
3956.394733  0.4198448
3957.01754  0.4133782
3957.640347  0.4350251
3958.263154  0.456542
3958.885961  0.467338
3959.508768  0.447778
3960.131575  0.3727637
3960.754382  0.2673461
3961.377189  0.1972054
3961.999996  0.1915304
3962.622803  0.2274086
3963.24561  0.2639223
3963.868417  0.2828188
3964.491224  0.2815776
3965.114031  0.260644
3965.736838  0.223392
3966.359645  0.1840995
3966.982452  0.1518735
3967.605259  0.1274622
3968.228066  0.111618
3968.850873  0.1096503
3969.47368  0.1264991
3970.096487  0.1581405
3970.719294  0.1940344
3971.342101  0.230263
3971.964908  0.2634972
3972.587715  0.2891936
3973.210522  0.3090862
3973.833329  0.3327025
3974.456136  0.3743487
3975.078943  0.4232804
3975.70175  0.4539364
3976.324557  0.460485
3976.947364  0.4719875
3977.570171  0.5024981
3978.192978  0.5368116
3978.815785  0.5674981
3979.438592  0.6025137
3980.061399  0.6374983
3980.684206  0.6402016
3981.307013  0.6082237
3981.92982  0.5809353
3982.552627  0.5845557
3983.175434  0.5863978
3983.798241  0.5777712
3984.421048  0.5879531
3985.043855  0.621318
3985.666662  0.6290886
3986.289469  0.5984235
3986.912276  0.5951943
3987.535083  0.6600925
3988.15789  0.7303856
3988.780697  0.720127
3989.403504  0.6510289
3990.026311  0.6128771
3990.649118  0.6410102
3991.271925  0.6871135
3991.894732  0.7164559
3992.517539  0.7324036
3993.140346  0.7405383
3993.763153  0.7226754
3994.38596  0.6910025
3995.008767  0.6728651
3995.631574  0.6714355
3996.254381  0.6612721
3996.877188  0.6219147
3997.499995  0.5725445
3998.122802  0.5658435
3998.745609  0.6307564
3999.368416  0.7277809
3999.991223  0.7714486
4000.61403  0.7467795
4001.236837  0.719342
4001.859644  0.7423856
4002.482451  0.793856
4003.105258  0.8263015
4003.728065  0.7938658
4004.350872  0.6691315
4004.973679  0.5238029
4005.596486  0.4704821
4006.219293  0.5249526
4006.8421  0.6187626
4007.464907  0.7048451
4008.087714  0.7623865
4008.710521  0.7620945
4009.333328  0.7349557
4009.956135  0.7340308
4010.578942  0.7595606
4011.201749  0.7798637
4011.824556  0.7852482
4012.447363  0.797354
4013.07017  0.7940945
4013.692977  0.7627156
4014.315784  0.7414737
4014.938591  0.7679975
4015.561398  0.8057947
4016.184205  0.7918307
4016.807012  0.72702
4017.429819  0.6757794
4018.052626  0.7035259
4018.675433  0.7884228
4019.29824  0.8332707
4019.921047  0.8101531
4020.543854  0.7739695
4021.166661  0.7589756
4021.789468  0.7633443
4022.412275  0.783282
4023.035082  0.806635
4023.657889  0.7879983
4024.280696  0.7337459
4024.903503  0.7123622
4025.52631  0.7379178
4026.149117  0.7710705
4026.771924  0.7911279
4027.394731  0.8173857
4028.017538  0.8498127
4028.640345  0.8627611
4029.263152  0.8090494
4029.885959  0.6656494
4030.508766  0.5258146
4031.131573  0.5019828
4031.75438  0.5373296
4032.377187  0.5289931
4032.999994  0.4832967
4033.622801  0.4743892
4034.245608  0.5035508
4034.868415  0.553099
4035.491222  0.6315948
4036.114029  0.7295067
4036.736836  0.8157438
4037.359643  0.8712814
4037.98245  0.8877287
4038.605257  0.8772352
4039.228064  0.8490643
4039.850871  0.7992646
4040.473678  0.7406985
4041.096485  0.7192709
4041.719292  0.7634315
4042.342099  0.8199735
4042.964906  0.8023998
4043.587713  0.68876
4044.21052  0.5372624
4044.833327  0.389164
4045.456134  0.2853423
4046.078941  0.2781262
4046.701748  0.3830042
4047.324555  0.5365385
4047.947362  0.655505
4048.570169  0.7112943
4049.192976  0.7442486
4049.815783  0.792898
4050.43859  0.8437339
4051.061397  0.852464
4051.684204  0.8086748
4052.307011  0.7592254
4052.929818  0.7561098
4053.552625  0.768186
4054.175432  0.7396938
4054.798239  0.6904321
4055.421046  0.6927689
4056.043853  0.7313896
4056.66666  0.7175206
4057.289467  0.6432089
4057.912274  0.5847204
4058.535081  0.5977514
4059.157888  0.6604416
4059.780695  0.735954
4060.403502  0.7881058
4061.026309  0.786841
4061.649116  0.718804
4062.271923  0.5887225
4062.89473  0.4340364
4063.517537  0.3389563
4064.140344  0.3749017
4064.763151  0.5141831
4065.385958  0.63285
4066.008765  0.6583025
4066.631572  0.6264786
4067.254379  0.6212593
4067.877186  0.6740861
4068.499993  0.7596117
4069.1228  0.8242894
4069.745607  0.817283
4070.368414  0.7029287
4070.991221  0.5230048
4071.614028  0.4042892
4072.236835  0.4488055
4072.859642  0.6047486
4073.482449  0.7361596
4074.105256  0.776566
4074.728063  0.7661957
4075.35087  0.7393847
4075.973677  0.6803169
4076.596484  0.6065441
4077.219291  0.5663452
4077.842098  0.5876726
4078.464905  0.6372516
4079.087712  0.6869718
4079.710519  0.7400094
4080.333326  0.8158994
4080.956133  0.8837452
4081.57894  0.8998021
4082.201747  0.8603208
4082.824554  0.8051749
4083.447361  0.7558608
4084.070168  0.7166412
4084.692975  0.7000778
4085.315782  0.7253587
4085.938589  0.782631
4086.561396  0.843095
4087.184203  0.9079962
4087.80701  0.9639935
4088.429817  0.9870825
4089.052624  0.9759772
4089.675431  0.9367156
4090.298238  0.8991217
4090.921045  0.8897703
4091.543852  0.8608873
4092.166659  0.816466
4092.789466  0.8252583
4093.412273  0.8989713
4094.03508  0.93196
4094.657887  0.8589126
4095.280694  0.7593614
4095.903501  0.695668
4096.526308  0.685451
4097.149115  0.7086478
4097.771922  0.7215637
4098.394729  0.7295144
4099.017536  0.7475561
4099.640343  0.7400112
4100.26315  0.6775066
4100.885957  0.5914421
4101.508764  0.5592415
4102.131571  0.5991166
4102.754378  0.6715847
4103.377185  0.7214823
4103.999992  0.7264161
4104.622799  0.7309614
4105.245606  0.7709342
4105.868413  0.8175954
4106.49122  0.8300389
4107.114027  0.8134924
4107.736834  0.8032255
4108.359641  0.799944
4108.982448  0.7909113
4109.605255  0.7727073
4110.228062  0.7610664
4110.850869  0.7550391
4111.473676  0.7481537
4112.096483  0.7503578
4112.71929  0.78376
4113.342097  0.833418
4113.964904  0.8612033
4114.587711  0.8515377
4115.210518  0.8389518
4115.833325  0.8523023
4116.456132  0.8786458
4117.078939  0.8892139
4117.701746  0.8437123
4118.324553  0.7486987
4118.94736  0.7065017
4119.570167  0.7473106
4120.192974  0.8137348
4120.815781  0.8321309
4121.438588  0.8183777
4122.061395  0.8035111
4122.684202  0.793773
4123.307009  0.7922991
4123.929816  0.8333258
4124.552623  0.9010956
4125.17543  0.8975835
4125.798237  0.8502015
4126.421044  0.8141453
4127.043851  0.7874637
4127.666658  0.7692957
4128.289465  0.7741727
4128.912272  0.7969442
4129.535079  0.8009648
4130.157886  0.7987294
4130.780693  0.7674622
4131.4035  0.651213
4132.026307  0.5459315
4132.649114  0.5399443
4133.271921  0.6031749
4133.894728  0.6128172
4134.517535  0.6261535
4135.140342  0.7264779
4135.763149  0.8433297
4136.385956  0.8703254
4137.008763  0.82822
4137.63157  0.8226799
4138.254377  0.857082
4138.877184  0.8810915
4139.499991  0.8703659
4140.122798  0.8682781
4140.745605  0.8724945
4141.368412  0.8292242
4141.991219  0.6989224
4142.614026  0.5380868
4143.236833  0.4233629
4143.85964  0.413347
4144.482447  0.5228015
4145.105254  0.6600791
4145.728061  0.7424895
4146.350868  0.7766461
4146.973675  0.7873325
4147.596482  0.7986978
4148.219289  0.8105402
4148.842096  0.7828226
4149.464903  0.7415542
4150.08771  0.7428536
4150.710517  0.787017
4151.333324  0.8014429
4151.956131  0.7787049
4152.578938  0.7736893
4153.201745  0.748076
4153.824552  0.6891206
4154.447359  0.6545789
4155.070166  0.7076153
4155.692973  0.7498087
4156.31578  0.7283791
4156.938587  0.7185931
4157.561394  0.7462929
4158.184201  0.782005
4158.807008  0.8001802
4159.429815  0.8258497
4160.052622  0.8470931
4160.675429  0.8492463
4161.298236  0.8544217
4161.921043  0.8905599
4162.54385  0.9361097
4163.166657  0.9408354
4163.789464  0.8993179
4164.412271  0.8425483
4165.035078  0.8122917
4165.657885  0.8256306
4166.280692  0.8071741
4166.903499  0.7343881
4167.526306  0.6899683
4168.149113  0.7296085
4168.77192  0.8019721
4169.394727  0.8398051
4170.017534  0.8574157
4170.640341  0.8369402
4171.263148  0.7623155
4171.885955  0.6595162
4172.508762  0.6048192
4173.131569  0.6340213
4173.754376  0.7041057
4174.377183  0.7310949
4174.99999  0.7212041
4175.622797  0.7242554
4176.245604  0.7495677
4176.868411  0.7500437
4177.491218  0.7301615
4178.114025  0.7480566
4178.736832  0.8019395
4179.359639  0.8554424
4179.982446  0.8720815
4180.605253  0.8313285
4181.22806  0.7493267
4181.850867  0.6887196
4182.473674  0.7037793
4183.096481  0.7447515
4183.719288  0.7719067
4184.342095  0.7980312
4184.964902  0.842643
4185.587709  0.8401579
4186.210516  0.7397301
4186.833323  0.5925714
4187.45613  0.5300847
4188.078937  0.593332
4188.701744  0.7119685
4189.324551  0.8111893
4189.947358  0.843585
4190.570165  0.7949219
4191.192972  0.7111871
4191.815779  0.7172142
4192.438586  0.8250097
4193.061393  0.9201918
4193.6842  0.9325183
4194.307007  0.8636425
4194.929814  0.7676786
4195.552621  0.7068344
4196.175428  0.6989847
4196.798235  0.7091116
4197.421042  0.6790957
4198.043849  0.5978469
4198.666656  0.5521054
4199.289463  0.6091898
4199.91227  0.6818492
4200.535077  0.6873224
4201.157884  0.622296
4201.780691  0.562628
4202.403498  0.5963224
4203.026305  0.6992542
4203.649112  0.7712814
4204.271919  0.7991191
4204.894726  0.8300044
4205.517533  0.8741406
4206.14034  0.8800589
4206.763147  0.8732785
4207.385954  0.8934931
4208.008761  0.9239714
4208.631568  0.912749
4209.254375  0.8451555
4209.877182  0.7663478
4210.499989  0.7593282
4211.122796  0.830375
4211.745603  0.9090328
4212.36841  0.9229088
4212.991217  0.8940972
4213.614024  0.8706113
4214.236831  0.8509297
4214.859638  0.7635996
4215.482445  0.6592733
4216.105252  0.645556
4216.728059  0.7303784
4217.350866  0.8173548
4217.973673  0.8526548
4218.59648  0.8557635
4219.219287  0.8574325
4219.842094  0.8858384
4220.464901  0.9256023
4221.087708  0.9121901
4221.710515  0.8411677
4222.333322  0.7652932
4222.956129  0.7203195
4223.578936  0.6702803
4224.201743  0.595193
4224.82455  0.4989615
4225.447357  0.3812222
4226.070164  0.2630365
4226.692971  0.1993186
4227.315778  0.2506242
4227.938585  0.4018087
4228.561392  0.5671164
4229.184199  0.6714226
4229.807006  0.7359196
4230.429813  0.8005663
4231.05262  0.8612227
4231.675427  0.8736644
4232.298234  0.8137702
4232.921041  0.7255108
4233.543848  0.7001777
4234.166655  0.752873
4234.789462  0.7633607
4235.412269  0.6691523
4236.035076  0.6049253
4236.657883  0.6424151
4237.28069  0.7262251
4237.903497  0.7654074
4238.526304  0.7563415
4239.149111  0.732361
4239.771918  0.7305366
4240.394725  0.7833006
4241.017532  0.8616618
4241.640339  0.8931936
4242.263146  0.847522
4242.885953  0.8033277
4243.50876  0.834596
4244.131567  0.9198659
4244.754374  0.9633787
4245.377181  0.9493163
4245.999988  0.908644
4246.622795  0.8387602
4247.245602  0.7598048
4247.868409  0.7190571
4248.491216  0.7222221
4249.114023  0.6863604
4249.73683  0.5811672
4250.359637  0.4937561
4250.982444  0.5517868
4251.605251  0.7047923
4252.228058  0.8140596
4252.850865  0.7993381
4253.473672  0.6677335
4254.096479  0.5246273
4254.719286  0.498177
4255.342093  0.5986812
4255.9649  0.7551334
4256.587707  0.8942153
4257.210514  0.9500667
4257.833321  0.8915676
4258.456128  0.7824864
4259.078935  0.6930131
4259.701742  0.5872181
4260.324549  0.4974263
4260.947356  0.5108411
4261.570163  0.6321408
4262.19297  0.7788444
4262.815777  0.8777085
4263.438584  0.9062686
4264.061391  0.8898784
4264.684198  0.8819626
4265.307005  0.9085786
4265.929812  0.9329604
4266.552619  0.9061518
4267.175426  0.838371
4267.798233  0.7967936
4268.42104  0.7989448
4269.043847  0.7952552
4269.666654  0.7369243
4270.289461  0.6192684
4270.912268  0.4685991
4271.535075  0.369335
4272.157882  0.4150827
4272.780689  0.5362429
4273.403496  0.5885054
4274.026303  0.5266023
4274.64911  0.4647878
4275.271917  0.5167936
4275.894724  0.6660052
4276.517531  0.7872805
4277.140338  0.8558785
4277.763145  0.9106466
4278.385952  0.9416909
4279.008759  0.8916177
4279.631566  0.7751849
4280.254373  0.6939633
4280.87718  0.7168046
4281.499987  0.7555611
4282.122794  0.7315117
4282.745601  0.7294859
4283.368408  0.7963274
4283.991215  0.8511152
4284.614022  0.8152277
4285.236829  0.7384862
4285.859636  0.6929386
4286.482443  0.709425
4287.10525  0.7613496
4287.728057  0.790493
4288.350864  0.7338467
4288.973671  0.5877372
4289.596478  0.4829833
4290.219285  0.499896
4290.842092  0.5843949
4291.464899  0.6694279
4292.087706  0.7593622
4292.710513  0.8241022
4293.33332  0.7828607
4293.956127  0.683984
4294.578934  0.6506094
4295.201741  0.7172788
4295.824548  0.7734897
4296.447355  0.7480037
4297.070162  0.6860231
4297.692969  0.6466695
4298.315776  0.5847627
4298.938583  0.4810379
4299.56139  0.4092108
4300.184197  0.4250767
4300.807004  0.5005633
4301.429811  0.5545776
4302.052618  0.5404307
4302.675425  0.5138387
4303.298232  0.5356674
4303.921039  0.5806179
4304.543846  0.5878509
4305.166653  0.5577254
4305.78946  0.5356386
4306.412267  0.5146496
4307.035074  0.4516479
4307.657881  0.3653294
4308.280688  0.3416103
4308.903495  0.3863591
4309.526302  0.4462474
4310.149109  0.4877153
4310.771916  0.5142697
4311.394723  0.5344974
4312.01753  0.5631667
4312.640337  0.6296886
4313.263144  0.7100227
4313.885951  0.7394421
4314.508758  0.7299621
4315.131565  0.8002955
4315.754372  0.9599085
4316.377179  1.088493
4316.999986  1.122834
4317.622793  1.07746
4318.2456  1.010703
4318.868407  1.001421
4319.491214  1.03183
4320.114021  1.025834
4320.736828  0.9845651
4321.359635  0.9767042
4321.982442  0.9752071
4322.605249  0.8884851
4323.228056  0.7305638
4323.850863  0.6076877
4324.47367  0.5350654
4325.096477  0.4454373
4325.719284  0.3965997
4326.342091  0.4752229
4326.964898  0.6577901
4327.587705  0.8371215
4328.210512  0.9555123
4328.833319  1.009783
4329.456126  1.005699
4330.078933  0.9718679
4330.70174  0.9580809
4331.324547  0.9863963
4331.947354  1.01572
4332.570161  1.019822
4333.192968  1.017436
4333.815775  1.023545
4334.438582  1.038745
4335.061389  1.066436
4335.684196  1.081296
4336.307003  1.006112
4336.92981  0.8577064
4337.552617  0.7553033
4338.175424  0.749505
4338.798231  0.7596037
4339.421038  0.7166184
4340.043845  0.6597085
4340.666652  0.6668159
4341.289459  0.7637467
4341.912266  0.8918182
4342.535073  0.9514508
4343.15788  0.9198523
4343.780687  0.8725002
4344.403494  0.9006526
4345.026301  0.9792294
4345.649108  1.021101
4346.271915  0.9987233
4346.894722  0.9624509
4347.517529  0.9562249
4348.140336  0.9941796
4348.763143  1.071011
4349.38595  1.123716
4350.008757  1.080192
4350.631564  0.9340432
4351.254371  0.748875
4351.877178  0.6271541
4352.499985  0.64327
4353.122792  0.7683718
4353.745599  0.8803801
4354.368406  0.8997965
4354.991213  0.8719381
4355.61402  0.8675834
4356.236827  0.9139563
4356.859634  0.986174
4357.482441  1.019366
4358.105248  0.979664
4358.728055  0.9050245
4359.350862  0.8694567
4359.973669  0.9023734
4360.596476  0.9864342
4361.219283  1.071371
4361.84209  1.080874
4362.464897  1.01564
4363.087704  0.9572301
4363.710511  0.9729931
4364.333318  1.052389
4364.956125  1.120886
4365.578932  1.114639
4366.201739  1.045946
4366.824546  0.9548053
4367.447353  0.8903513
4368.07016  0.9131106
4368.692967  0.9770645
4369.315774  0.9913115
4369.938581  0.959785
4370.561388  0.9286132
4371.184195  0.9225665
4371.807002  0.9375201
4372.429809  0.9410289
4373.052616  0.9072898
4373.675423  0.8537612
4374.29823  0.808638
4374.921037  0.7624154
4375.543844  0.7264152
4376.166651  0.7603953
4376.789458  0.8503617
4377.412265  0.9315451
4378.035072  0.965098
4378.657879  0.9564202
4379.280686  0.9298736
4379.903493  0.9002447
4380.5263  0.8742086
4381.149107  0.8486273
4381.771914  0.7763323
4382.394721  0.6096804
4383.017528  0.4223065
4383.640335  0.323523
4384.263142  0.3568031
4384.885949  0.4946803
4385.508756  0.6817085
4386.131563  0.8358526
4386.75437  0.8842874
4387.377177  0.8608963
4387.999984  0.8411719
4388.622791  0.8457581
4389.245598  0.8357232
4389.868405  0.8180949
4390.491212  0.8241099
4391.114019  0.8512821
4391.736826  0.8949674
4392.359633  0.9346965
4392.98244  0.9397084
4393.605247  0.9227396
4394.228054  0.8919284
4394.850861  0.8576941
4395.473668  0.8730784
4396.096475  0.9448436
4396.719282  1.024595
4397.342089  1.063313
4397.964896  1.062938
4398.587703  1.037988
4399.21051  0.9846063
4399.833317  0.9045743
4400.456124  0.8325832
4401.078931  0.8207209
4401.701738  0.8967877
4402.324545  0.9659957
4402.947352  0.9192727
4403.570159  0.7463387
4404.192966  0.5469139
4404.815773  0.4616658
4405.43858  0.552916
4406.061387  0.7198941
4406.684194  0.8285049
4407.307001  0.8283687
4407.929808  0.7845975
4408.552615  0.8102447
4409.175422  0.9142377
4409.798229  1.011421
4410.421036  1.058915
4411.043843  1.073116
4411.66665  1.081112
4412.289457  1.095445
4412.912264  1.102852
4413.535071  1.042757
4414.157878  0.8752655
4414.780685  0.6989197
4415.403492  0.6557103
4416.026299  0.7669237
4416.649106  0.89194
4417.271913  0.965112
4417.89472  1.010641
4418.517527  1.067481
4419.140334  1.126553
4419.763141  1.161397
4420.385948  1.152491
4421.008755  1.090751
4421.631562  0.9895455
4422.254369  0.9057096
4422.877176  0.9039974
4423.499983  0.9675115
4424.12279  1.013103
4424.745597  0.9789622
4425.368404  0.9238258
4425.991211  0.899277
4426.614018  0.9009972
4427.236825  0.9150931
4427.859632  0.9799138
4428.482439  1.069775
4429.105246  1.078885
4429.728053  0.9844191
4430.35086  0.9057502
4430.973667  0.9485508
4431.596474  1.044295
4432.219281  1.083523
4432.842088  1.039191
4433.464895  0.9617105
4434.087702  0.8628389
4434.710509  0.7648504
4435.333316  0.7239407
4435.956123  0.7934215
4436.57893  0.9230661
4437.201737  1.031628
4437.824544  1.096129
4438.447351  1.141599
4439.070158  1.162375
4439.692965  1.130055
4440.315772  1.068012
4440.938579  1.002268
4441.561386  0.9385536
4442.184193  0.8835452
4442.807  0.8687472
4443.429807  0.9110018
4444.052614  0.9917869
4444.675421  1.087986
4445.298228  1.165595
4445.921035  1.180344
4446.543842  1.110007
4447.166649  1.026639
4447.789456  1.016186
4448.412263  1.079413
4449.03507  1.124776
4449.657877  1.110203
4450.280684  1.071957
4450.903491  1.061563
4451.526298  1.078214
4452.149105  1.085955
4452.771912  1.051964
4453.394719  0.9746155
4454.017526  0.8544111
4454.640333  0.7281803
4455.26314  0.6990708
4455.885947  0.7724078
4456.508754  0.8681901
4457.131561  0.9139461
4457.754368  0.9071484
4458.377175  0.8734761
4458.999982  0.8439578
4459.622789  0.8671772
4460.245596  0.9002429
4460.868403  0.866631
4461.49121  0.7981211
4462.114017  0.8075901
4462.736824  0.9286297
4463.359631  1.051703
4463.982438  1.08336
4464.605245  1.053434
4465.228052  1.035925
4465.850859  1.010704
4466.473666  1.004792
4467.096473  1.042204
4467.71928  1.078263
4468.342087  1.048192
4468.964894  0.9760055
4469.587701  0.9501783
4470.210508  0.9829195
4470.833315  1.041473
4471.456122  1.089137
4472.078929  1.115395
4472.701736  1.138174
4473.324543  1.162811
4473.94735  1.1672
4474.570157  1.133798
4475.192964  1.080519
4475.815771  1.055844
4476.438578  1.102488
4477.061385  1.181381
4477.684192  1.230665
4478.306999  1.23099
4478.929806  1.168011
4479.552613  1.072116
4480.17542  1.001513
4480.798227  0.9682695
4481.421034  0.9285294
4482.043841  0.8930987
4482.666648  0.9529281
4483.289455  1.054631
4483.912262  1.125335
4484.535069  1.15707
4485.157876  1.176094
4485.780683  1.193101
4486.40349  1.205032
4487.026297  1.192779
4487.649104  1.1471
4488.271911  1.080118
4488.894718  1.005923
4489.517525  0.8181674
4490.140332  0.681698
4490.763139  0.7213227
4491.385946  0.7560426
4492.008753  0.7862586
4492.63156  0.7996326
4493.254367  0.764407
4493.877174  0.6895947
4494.499981  0.6357915
4495.122788  0.6473188
4495.745595  0.6706752
4496.368402  0.6949744
4496.991209  0.7292292
4497.614016  0.7689906
4498.236823  0.7869268
4498.85963  0.7915639
4499.482437  0.8056157
4500.105244  0.7945802
4500.728051  0.7575688
4501.350858  0.7283816
4501.973665  0.7489932
4502.596472  0.8000408
4503.219279  0.8409505
4503.842086  0.849969
4504.464893  0.8468672
4505.0877  0.8439585
4505.710507  0.8400812
4506.333314  0.8326733
4506.956121  0.8249063
4507.578928  0.8194875
4508.201735  0.4365027
4508.824542  0.1919901
