3820.  0.1216915
3820.622807  0.09682892
3821.245614  0.1130944
3821.868421  0.1582649
3822.491228  0.201692
3823.114035  0.2138083
3823.736842  0.1880055
3824.359649  0.1471126
3824.982456  0.1228986
3825.605263  0.1062095
3826.22807  0.1049394
3826.850877  0.1245044
3827.473684  0.1386165
3828.096491  0.147755
3828.719298  0.1550169
3829.342105  0.1574513
3829.964912  0.1710214
3830.587719  0.1865013
3831.210526  0.182063
3831.833333  0.1571698
3832.45614  0.132204
3833.078947  0.1212516
3833.701754  0.1187201
3834.324561  0.1254098
3834.947368  0.1470401
3835.570175  0.1824508
3836.192982  0.2071513
3836.815789  0.2088819
3837.438596  0.1871278
3838.061403  0.149409
3838.68421  0.1276173
3839.307017  0.1274557
3839.929824  0.1265828
3840.552631  0.1155851
3841.175438  0.1235825
3841.798245  0.1710281
3842.421052  0.2248135
3843.043859  0.2533185
3843.666666  0.2524765
3844.289473  0.243684
3844.91228  0.2360204
3845.535087  0.2267721
3846.157894  0.2144507
3846.780701  0.2126319
3847.403508  0.2237322
3848.026315  0.2348589
3848.649122  0.2258281
3849.271929  0.1934879
3849.894736  0.1605169
3850.517543  0.1553688
3851.14035  0.1791959
3851.763157  0.2168326
3852.385964  0.2406154
3853.008771  0.2256006
3853.631578  0.1970753
3854.254385  0.186519
3854.877192  0.199105
3855.499999  0.195214
3856.122806  0.1788256
3856.745613  0.1735
3857.36842  0.183602
3857.991227  0.1807514
3858.614034  0.1552472
3859.236841  0.1270611
3859.859648  0.1127383
3860.482455  0.1141241
3861.105262  0.130452
3861.728069  0.1713449
3862.350876  0.2164715
3862.973683  0.2417547
3863.59649  0.2404847
3864.219297  0.2368938
3864.842104  0.2275545
3865.464911  0.2043589
3866.087718  0.1982972
3866.710525  0.2002955
3867.333332  0.1960276
3867.956139  0.1898716
3868.578946  0.1814765
3869.201753  0.1718288
3869.82456  0.1617543
3870.447367  0.1488489
3871.070174  0.1381249
3871.692981  0.13418
3872.315788  0.1364927
3872.938595  0.1509577
3873.561402  0.1831455
3874.184209  0.228545
3874.807016  0.2622992
3875.429823  0.2752252
3876.05263  0.2707785
3876.675437  0.2539392
3877.298244  0.218389
3877.921051  0.1741564
3878.543858  0.1522997
3879.166665  0.1822917
3879.789472  0.2230032
3880.412279  0.2203184
3881.035086  0.1882399
3881.657893  0.1489796
3882.2807  0.1342385
3882.903507  0.174565
3883.526314  0.2741974
3884.149121  0.3617313
3884.771928  0.3590818
3885.394735  0.2895104
3886.017542  0.2112744
3886.640349  0.1825772
3887.263156  0.2249744
3887.885963  0.2765464
3888.50877  0.2911971
3889.131577  0.2781432
3889.754384  0.2937309
3890.377191  0.3295877
3890.999998  0.3632846
3891.622805  0.4073573
3892.245612  0.4362003
3892.868419  0.4356043
3893.491226  0.4188209
3894.114033  0.41105
3894.73684  0.3820431
3895.359647  0.3239055
3895.982454  0.3194081
3896.605261  0.3760031
3897.228068  0.4280554
3897.850875  0.4030763
3898.473682  0.3711966
3899.096489  0.351433
3899.719296  0.3296892
3900.342103  0.3371726
3900.96491  0.3792905
3901.587717  0.4147627
3902.210524  0.3856291
3902.833331  0.3427564
3903.456138  0.3394575
3904.078945  0.3739009
3904.701752  0.3697346
3905.324559  0.3174428
3905.947366  0.2640131
3906.570173  0.2661602
3907.19298  0.3076033
3907.815787  0.3569121
3908.438594  0.3957174
3909.061401  0.4231971
3909.684208  0.4224044
3910.307015  0.3967464
3910.929822  0.3928449
3911.552629  0.4177774
3912.175436  0.449026
3912.798243  0.4560284
3913.42105  0.430377
3914.043857  0.4097618
3914.666664  0.4210308
3915.289471  0.4240087
3915.912278  0.4009442
3916.535085  0.3746688
3917.157892  0.3844261
3917.780699  0.3991252
3918.403506  0.3945649
3919.026313  0.370221
3919.64912  0.3396052
3920.271927  0.2914651
3920.894734  0.2440198
3921.517541  0.2501389
3922.140348  0.2663039
3922.763155  0.2754332
3923.385962  0.2952949
3924.008769  0.3235464
3924.631576  0.3324462
3925.254383  0.310332
3925.87719  0.2855277
3926.499997  0.2688763
3927.122804  0.2475832
3927.745611  0.2060075
3928.368418  0.1690042
3928.991225  0.1481907
3929.614032  0.1365042
3930.236839  0.117723
3930.859646  0.0993325
3931.482453  0.08595126
3932.10526  0.07164419
3932.728067  0.05796438
3933.350874  0.04766793
3933.973681  0.04373155
3934.596488  0.04886301
3935.219295  0.06065358
3935.842102  0.0776485
3936.464909  0.1004421
3937.087716  0.1222691
3937.710523  0.1437456
3938.33333  0.1703867
3938.956137  0.2023488
3939.578944  0.2334232
3940.201751  0.2514367
3940.824558  0.246581
3941.447365  0.2418122
3942.070172  0.2508017
3942.692979  0.2624066
3943.315786  0.2449249
3943.938593  0.2157964
3944.5614  0.214451
3945.184207  0.2610138
3945.807014  0.3372554
3946.429821  0.3951893
3947.052628  0.3945743
3947.675435  0.3632954
3948.298242  0.3399162
3948.921049  0.3473596
3949.543856  0.3819595
3950.166663  0.4374453
3950.78947  0.4815478
3951.412277  0.4703865
3952.035084  0.4080747
3952.657891  0.3521426
3953.280698  0.3625549
3953.903505  0.4392124
3954.526312  0.506485
3955.149119  0.5057071
3955.771926  0.4514845
3956.394733  0.3989112
3957.01754  0.3806435
3957.640347  0.3921295
3958.263154  0.4106708
3958.885961  0.437278
3959.508768  0.4587892
3960.131575  0.430555
3960.754382  0.3485294
3961.377189  0.2548146
3961.999996  0.2049896
3962.622803  0.2059111
3963.24561  0.2227436
3963.868417  0.2233713
3964.491224  0.2136363
3965.114031  0.1926238
3965.736838  0.1622873
3966.359645  0.1292385
3966.982452  0.0993074
3967.605259  0.07485352
3968.228066  0.05782579
3968.850873  0.05356829
3969.47368  0.06325644
3970.096487  0.08504828
3970.719294  0.1145358
3971.342101  0.1427608
3971.964908  0.1684527
3972.587715  0.1933288
3973.210522  0.212622
3973.833329  0.2352974
3974.456136  0.2716751
3975.078943  0.3205367
3975.70175  0.3550995
3976.324557  0.3701661
3976.947364  0.3848754
3977.570171  0.4180925
3978.192978  0.452303
3978.815785  0.4755459
3979.438592  0.5070964
3980.061399  0.5408138
3980.684206  0.5528527
3981.307013  0.5262622
3981.92982  0.4860606
3982.552627  0.4682686
3983.175434  0.4802721
3983.798241  0.4838006
3984.421048  0.4969888
3985.043855  0.5288372
3985.666662  0.5556357
3986.289469  0.5449082
3986.912276  0.5310842
3987.535083  0.5639425
3988.15789  0.6281873
3988.780697  0.6403309
3989.403504  0.5804704
3990.026311  0.5286754
3990.649118  0.532441
3991.271925  0.5691181
3991.894732  0.5925036
3992.517539  0.6101537
3993.140346  0.6169582
3993.763153  0.6055923
3994.38596  0.580356
3995.008767  0.571825
3995.631574  0.5753367
3996.254381  0.5639368
3996.877188  0.5443278
3997.499995  0.5207313
3998.122802  0.5127764
3998.745609  0.5565082
3999.368416  0.6284162
3999.991223  0.6787915
4000.61403  0.6749224
4001.236837  0.649223
4001.859644  0.6488227
4002.482451  0.6899348
4003.105258  0.7310905
4003.728065  0.7360986
4004.350872  0.6686487
4004.973679  0.5285488
4005.596486  0.4459685
4006.219293  0.4618767
4006.8421  0.5300983
4007.464907  0.5968525
4008.087714  0.6451569
4008.710521  0.6696461
4009.333328  0.666023
4009.956135  0.667707
4010.578942  0.6758214
4011.201749  0.6692531
4011.824556  0.6499747
4012.447363  0.6515686
4013.07017  0.675607
4013.692977  0.6735807
4014.315784  0.6636897
4014.938591  0.6792297
4015.561398  0.7227473
4016.184205  0.729094
4016.807012  0.6828476
4017.429819  0.6255131
4018.052626  0.6224213
4018.675433  0.6732958
4019.29824  0.7231895
4019.921047  0.7172145
4020.543854  0.6909151
4021.166661  0.6669813
4021.789468  0.6551566
4022.412275  0.6693788
4023.035082  0.6886322
4023.657889  0.6786981
4024.280696  0.6296002
4024.903503  0.6099656
4025.52631  0.6392871
4026.149117  0.6853782
4026.771924  0.7113863
4027.394731  0.7322719
4028.017538  0.7686269
4028.640345  0.8085725
4029.263152  0.7993259
4029.885959  0.7163274
4030.508766  0.597784
4031.131573  0.5429863
4031.75438  0.5504396
4032.377187  0.5613517
4032.999994  0.5338414
4033.622801  0.5181752
4034.245608  0.5353515
4034.868415  0.5627133
4035.491222  0.5992085
4036.114029  0.649668
4036.736836  0.7124998
4037.359643  0.7715117
4037.98245  0.7986508
4038.605257  0.7885665
4039.228064  0.7602547
4039.850871  0.7184307
4040.473678  0.6751941
4041.096485  0.659133
4041.719292  0.706275
4042.342099  0.7653883
4042.964906  0.7720264
4043.587713  0.702698
4044.21052  0.5945366
4044.833327  0.4683064
4045.456134  0.3551722
4046.078941  0.3455213
4046.701748  0.4413947
4047.324555  0.5828959
4047.947362  0.6935938
4048.570169  0.7213898
4049.192976  0.7057078
4049.815783  0.7183935
4050.43859  0.7465186
4051.061397  0.7591553
4051.684204  0.7384072
4052.307011  0.6954516
4052.929818  0.6732901
4053.552625  0.6653728
4054.175432  0.633238
4054.798239  0.5955485
4055.421046  0.5938069
4056.043853  0.6270258
4056.66666  0.6228147
4057.289467  0.576241
4057.912274  0.5296334
4058.535081  0.5307761
4059.157888  0.57729
4059.780695  0.6474271
4060.403502  0.7118432
4061.026309  0.739648
4061.649116  0.7216029
4062.271923  0.6492404
4062.89473  0.5227328
4063.517537  0.4130607
4064.140344  0.4031441
4064.763151  0.510413
4065.385958  0.6240702
4066.008765  0.6498282
4066.631572  0.5954301
4067.254379  0.5685499
4067.877186  0.6067278
4068.499993  0.6873955
4069.1228  0.7585693
4069.745607  0.7884794
4070.368414  0.746288
4070.991221  0.6351537
4071.614028  0.5170119
4072.236835  0.5190614
4072.859642  0.635517
4073.482449  0.7366236
4074.105256  0.755825
4074.728063  0.7159873
4075.35087  0.6592934
4075.973677  0.5768135
4076.596484  0.4975918
4077.219291  0.4598877
4077.842098  0.4841492
4078.464905  0.5469548
4079.087712  0.6154407
4079.710519  0.6730929
4080.333326  0.7315782
4080.956133  0.7921235
4081.57894  0.823162
4082.201747  0.7816666
4082.824554  0.7127486
4083.447361  0.6690442
4084.070168  0.6652565
4084.692975  0.6589783
4085.315782  0.6553265
4085.938589  0.6750289
4086.561396  0.7204516
4087.184203  0.7794904
4087.80701  0.8311822
4088.429817  0.8594094
4089.052624  0.8668541
4089.675431  0.8439343
4090.298238  0.8046427
4090.921045  0.7976137
4091.543852  0.7808409
4092.166659  0.7388281
4092.789466  0.7162544
4093.412273  0.7757274
4094.03508  0.8315699
4094.657887  0.7896007
4095.280694  0.7041078
4095.903501  0.6298801
4096.526308  0.6027019
4097.149115  0.6258321
4097.771922  0.6671085
4098.394729  0.6996351
4099.017536  0.7097159
4099.640343  0.6915062
4100.26315  0.6298673
4100.885957  0.5468353
4101.508764  0.5060609
4102.131571  0.5391456
4102.754378  0.6110868
4103.377185  0.6586148
4103.999992  0.6630834
4104.622799  0.6591449
4105.245606  0.6851254
4105.868413  0.7400885
4106.49122  0.7771617
4107.114027  0.776206
4107.736834  0.7564759
4108.359641  0.7445332
4108.982448  0.7228106
4109.605255  0.6790907
4110.228062  0.6472683
4110.850869  0.643357
4111.473676  0.649914
4112.096483  0.6442857
4112.71929  0.673324
4113.342097  0.7267663
4113.964904  0.7628805
4114.587711  0.7654571
4115.210518  0.7546602
4115.833325  0.7523236
4116.456132  0.760956
4117.078939  0.7728485
4117.701746  0.7460286
4118.324553  0.6661114
4118.94736  0.6110425
4119.570167  0.6221815
4120.192974  0.6775684
4120.815781  0.7123504
4121.438588  0.7060074
4122.061395  0.6791739
4122.684202  0.6609377
4123.307009  0.6436238
4123.929816  0.6677111
4124.552623  0.7336169
4125.17543  0.7642738
4125.798237  0.7514475
4126.421044  0.7205949
4127.043851  0.6963179
4127.666658  0.6700927
4128.289465  0.6576268
4128.912272  0.6601289
4129.535079  0.6398426
4130.157886  0.6427664
4130.780693  0.6615832
4131.4035  0.6321598
4132.026307  0.5693977
4132.649114  0.5374769
4133.271921  0.5597263
4133.894728  0.5575193
4134.517535  0.5636073
4135.140342  0.6246697
4135.763149  0.7244679
4136.385956  0.7539793
4137.008763  0.7197577
4137.63157  0.701488
4138.254377  0.7218708
4138.877184  0.7476756
4139.499991  0.749033
4140.122798  0.7366549
4140.745605  0.7330653
4141.368412  0.7119951
4141.991219  0.6313732
4142.614026  0.5144813
4143.236833  0.4235727
4143.85964  0.4158873
4144.482447  0.501287
4145.105254  0.5987089
4145.728061  0.6568201
4146.350868  0.6806878
4146.973675  0.6855774
4147.596482  0.6936611
4148.219289  0.700577
4148.842096  0.6665769
4149.464903  0.6124544
4150.08771  0.58111
4150.710517  0.5940199
4151.333324  0.6111367
4151.956131  0.617878
4152.578938  0.6246345
4153.201745  0.6392478
4153.824552  0.6282865
4154.447359  0.604627
4155.070166  0.6227585
4155.692973  0.6264998
4156.31578  0.6054763
4156.938587  0.59744
4157.561394  0.6282096
4158.184201  0.6769081
4158.807008  0.7154135
4159.429815  0.734245
4160.052622  0.7191479
4160.675429  0.6864492
4161.298236  0.6762675
4161.921043  0.7194279
4162.54385  0.7705539
4163.166657  0.7744403
4163.789464  0.7289034
4164.412271  0.6796575
4165.035078  0.667419
4165.657885  0.6906055
4166.280692  0.6886045
4166.903499  0.6445628
4167.526306  0.6001339
4168.149113  0.623996
4168.77192  0.6723479
4169.394727  0.703316
4170.017534  0.7196258
4170.640341  0.7275398
4171.263148  0.6914832
4171.885955  0.5957165
4172.508762  0.5094513
4173.131569  0.4925782
4173.754376  0.5389561
4174.377183  0.5844896
4174.99999  0.616325
4175.622797  0.6378914
4176.245604  0.6465626
4176.868411  0.6206503
4177.491218  0.5840736
4178.114025  0.574612
4178.736832  0.6065698
4179.359639  0.643195
4179.982446  0.6577993
4180.605253  0.6476089
4181.22806  0.619966
4181.850867  0.6037616
4182.473674  0.614428
4183.096481  0.6348211
4183.719288  0.6637296
4184.342095  0.7080193
4184.964902  0.7623567
4185.587709  0.7766079
4186.210516  0.7227021
4186.833323  0.631586
4187.45613  0.5909844
4188.078937  0.6208503
4188.701744  0.676559
4189.324551  0.6964083
4189.947358  0.6948705
4190.570165  0.6713767
4191.192972  0.6367213
4191.815779  0.6509469
4192.438586  0.715076
4193.061393  0.7780707
4193.6842  0.7783374
4194.307007  0.7305226
4194.929814  0.6651475
4195.552621  0.6062019
4196.175428  0.564958
4196.798235  0.5599091
4197.421042  0.5799431
4198.043849  0.5833337
4198.666656  0.5877206
4199.289463  0.6115117
4199.91227  0.6452525
4200.535077  0.6456094
4201.157884  0.6064309
4201.780691  0.5626132
4202.403498  0.5659627
4203.026305  0.6219115
4203.649112  0.6726328
4204.271919  0.6598004
4204.894726  0.647127
4205.517533  0.6716464
4206.14034  0.7187734
4206.763147  0.7428435
4207.385954  0.7635514
4208.008761  0.7893904
4208.631568  0.7941967
4209.254375  0.7606153
4209.877182  0.7168819
4210.499989  0.7039797
4211.122796  0.7280141
4211.745603  0.7581491
4212.36841  0.7668697
4212.991217  0.7513993
4213.614024  0.7177136
4214.236831  0.6614535
4214.859638  0.5840621
4215.482445  0.5184857
4216.105252  0.5556269
4216.728059  0.695521
4217.350866  0.8050992
4217.973673  0.8578737
4218.59648  0.8686703
4219.219287  0.866491
4219.842094  0.8810889
4220.464901  0.9130565
4221.087708  0.9353585
4221.710515  0.9097584
4222.333322  0.835591
4222.956129  0.7515894
4223.578936  0.6996161
4224.201743  0.6555735
4224.82455  0.5892845
4225.447357  0.4848234
4226.070164  0.3541503
4226.692971  0.2809104
4227.315778  0.3419328
4227.938585  0.5350995
4228.561392  0.724414
4229.184199  0.8126514
4229.807006  0.8110434
4230.429813  0.8327903
4231.05262  0.8707914
4231.675427  0.8692966
4232.298234  0.8032405
4232.921041  0.7356395
4233.543848  0.7234192
4234.166655  0.7653198
4234.789462  0.7857194
4235.412269  0.7361596
4236.035076  0.6509675
4236.657883  0.6276575
4237.28069  0.6587992
4237.903497  0.7035165
4238.526304  0.7265615
4239.149111  0.7229715
4239.771918  0.7221816
4240.394725  0.759546
4241.017532  0.8370652
4241.640339  0.8595418
4242.263146  0.8057289
4242.885953  0.7544345
4243.50876  0.7882749
4244.131567  0.8729982
4244.754374  0.9293125
4245.377181  0.9291455
4245.999988  0.8888074
4246.622795  0.8266606
4247.245602  0.7545464
4247.868409  0.7098074
4248.491216  0.6919034
4249.114023  0.6736465
4249.73683  0.6371357
4250.359637  0.6235743
4250.982444  0.6666419
4251.605251  0.7500131
4252.228058  0.8107612
4252.850865  0.8098772
4253.473672  0.7545084
4254.096479  0.688403
4254.719286  0.6508256
4255.342093  0.6662052
4255.9649  0.7388878
4256.587707  0.8435607
4257.210514  0.8998721
4257.833321  0.8456845
4258.456128  0.7513298
4259.078935  0.6762581
4259.701742  0.6310383
4260.324549  0.5856928
4260.947356  0.5819781
4261.570163  0.6448452
4262.19297  0.7506939
4262.815777  0.8527145
4263.438584  0.8974521
4264.061391  0.8800627
4264.684198  0.8723648
4265.307005  0.9010167
4265.929812  0.9360245
4266.552619  0.9194918
4267.175426  0.8408349
4267.798233  0.7663378
4268.42104  0.7532821
4269.043847  0.7515147
4269.666654  0.7307469
4270.289461  0.6675661
4270.912268  0.5567917
4271.535075  0.4753505
4272.157882  0.4943169
4272.780689  0.5985668
4273.403496  0.6417797
4274.026303  0.6073983
4274.64911  0.5702168
4275.271917  0.6105996
4275.894724  0.7049847
4276.517531  0.7945916
4277.140338  0.8435878
4277.763145  0.8847324
4278.385952  0.9008789
4279.008759  0.8508692
4279.631566  0.7244928
4280.254373  0.6400526
4280.87718  0.6595502
4281.499987  0.7329773
4282.122794  0.7627935
4282.745601  0.77711
4283.368408  0.8166376
4283.991215  0.8127289
4284.614022  0.7474473
4285.236829  0.6631632
4285.859636  0.6289427
4286.482443  0.6603853
4287.10525  0.7240345
4287.728057  0.7592085
4288.350864  0.71548
4288.973671  0.6210923
4289.596478  0.5480787
4290.219285  0.5531335
4290.842092  0.5922171
4291.464899  0.6467203
4292.087706  0.7249092
4292.710513  0.8098044
4293.33332  0.8183982
4293.956127  0.7421803
4294.578934  0.6942267
4295.201741  0.7061553
4295.824548  0.7263697
4296.447355  0.6926
4297.070162  0.6440153
4297.692969  0.6070451
4298.315776  0.5655184
4298.938583  0.4771084
4299.56139  0.403893
4300.184197  0.4051386
4300.807004  0.475047
4301.429811  0.5261723
4302.052618  0.5182974
4302.675425  0.4814251
4303.298232  0.4873825
4303.921039  0.5134484
4304.543846  0.5194618
4305.166653  0.4995783
4305.78946  0.49728
4306.412267  0.4990181
4307.035074  0.4654443
4307.657881  0.3989247
4308.280688  0.3659112
4308.903495  0.3892485
4309.526302  0.4186161
4310.149109  0.4462402
4310.771916  0.4727903
4311.394723  0.5003553
4312.01753  0.5335386
4312.640337  0.594193
4313.263144  0.6619981
4313.885951  0.6773414
4314.508758  0.7062903
4315.131565  0.8171088
4315.754372  0.9959354
4316.377179  1.1031
4316.999986  1.122428
4317.622793  1.101407
4318.2456  1.068138
4318.868407  1.057305
4319.491214  1.048798
4320.114021  0.9995694
4320.736828  0.9430242
4321.359635  0.9306644
4321.982442  0.9440745
4322.605249  0.8625706
4323.228056  0.7263122
4323.850863  0.6134839
4324.47367  0.5531014
4325.096477  0.4916756
4325.719284  0.477244
4326.342091  0.5788835
4326.964898  0.7517393
4327.587705  0.9162064
4328.210512  1.014432
4328.833319  1.035099
4329.456126  0.9911395
4330.078933  0.9239058
4330.70174  0.8875368
4331.324547  0.9273507
4331.947354  0.9801255
4332.570161  0.9907697
4333.192968  0.9848408
4333.815775  0.9885948
4334.438582  1.026316
4335.061389  1.091607
4335.684196  1.120806
4336.307003  1.041001
4336.92981  0.8703228
4337.552617  0.7412886
4338.175424  0.7091758
4338.798231  0.7194366
4339.421038  0.6817389
4340.043845  0.63073
4340.666652  0.6387991
4341.289459  0.7436951
4341.912266  0.8955866
4342.535073  0.9654041
4343.15788  0.9276617
4343.780687  0.8876435
4344.403494  0.928258
4345.026301  1.013989
4345.649108  1.049801
4346.271915  0.989388
4346.894722  0.9195805
4347.517529  0.9214584
4348.140336  0.9918658
4348.763143  1.094996
4349.38595  1.137075
4350.008757  1.048693
4350.631564  0.8802319
4351.254371  0.7146451
4351.877178  0.6390314
4352.499985  0.7008056
4353.122792  0.8206708
4353.745599  0.8995349
4354.368406  0.8944083
4354.991213  0.8681864
4355.61402  0.8771982
4356.236827  0.9374688
4356.859634  1.013367
4357.482441  1.016017
4358.105248  0.9334041
4358.728055  0.8438673
4359.350862  0.8209569
4359.973669  0.8718231
4360.596476  0.9600294
4361.219283  1.044376
4361.84209  1.055701
4362.464897  0.9949718
4363.087704  0.9449963
4363.710511  0.9826213
4364.333318  1.079672
4364.956125  1.143507
4365.578932  1.111593
4366.201739  1.014067
4366.824546  0.9111357
4367.447353  0.8460931
4368.07016  0.8638465
4368.692967  0.9248744
4369.315774  0.952609
4369.938581  0.9286705
4370.561388  0.9039578
4371.184195  0.9176829
4371.807002  0.9433587
4372.429809  0.9271408
4373.052616  0.8642082
4373.675423  0.7911037
4374.29823  0.7292544
4374.921037  0.7068344
4375.543844  0.7437423
4376.166651  0.8326765
4376.789458  0.9263248
4377.412265  0.9906443
4378.035072  1.016786
4378.657879  1.002154
4379.280686  0.9601538
4379.903493  0.9217079
4380.5263  0.9232294
4381.149107  0.9397473
4381.771914  0.8889311
4382.394721  0.7077132
4383.017528  0.5070187
4383.640335  0.4009849
4384.263142  0.4376311
4384.885949  0.5770996
4385.508756  0.7537607
4386.131563  0.8843911
4386.75437  0.9100309
4387.377177  0.8904489
4387.999984  0.8690733
4388.622791  0.8477767
4389.245598  0.8096132
4389.868405  0.77762
4390.491212  0.7772071
4391.114019  0.8085584
4391.736826  0.8708201
4392.359633  0.9235601
4392.98244  0.9226238
4393.605247  0.8879595
4394.228054  0.8344114
4394.850861  0.7973442
4395.473668  0.8360488
4396.096475  0.9454007
4396.719282  1.049063
4397.342089  1.067982
4397.964896  1.039518
4398.587703  0.9891746
4399.21051  0.9196702
4399.833317  0.8310275
4400.456124  0.7843527
4401.078931  0.8372679
4401.701738  0.9794055
4402.324545  1.0713
4402.947352  1.012144
4403.570159  0.8196337
4404.192966  0.6430466
4404.815773  0.608964
4405.43858  0.7218671
4406.061387  0.8617673
4406.684194  0.9071392
4407.307001  0.8522285
4407.929808  0.782329
4408.552615  0.7861946
4409.175422  0.8756521
4409.798229  0.9928688
4410.421036  1.059536
4411.043843  1.076375
4411.66665  1.082721
4412.289457  1.108503
4412.912264  1.130197
4413.535071  1.067108
4414.157878  0.912194
4414.780685  0.7904747
4415.403492  0.7879791
4416.026299  0.8672307
4416.649106  0.9249005
4417.271913  0.9554948
4417.89472  0.9956178
4418.517527  1.063364
4419.140334  1.119368
4419.763141  1.119576
4420.385948  1.064848
4421.008755  0.9942592
4421.631562  0.9086238
4422.254369  0.8629338
4422.877176  0.8979291
4423.499983  0.9643225
4424.12279  1.014702
4424.745597  1.024096
4425.368404  1.001383
4425.991211  0.9879981
4426.614018  0.9866145
4427.236825  0.9939154
4427.859632  1.047184
4428.482439  1.075917
4429.105246  1.01734
4429.728053  0.9033245
4430.35086  0.8683521
4430.973667  0.9401196
4431.596474  1.035469
4432.219281  1.06357
4432.842088  1.021627
4433.464895  0.9449386
4434.087702  0.8608731
4434.710509  0.7979925
4435.333316  0.792455
4435.956123  0.8604056
4436.57893  0.9579542
4437.201737  1.045209
4437.824544  1.111416
4438.447351  1.168797
4439.070158  1.173226
4439.692965  1.111364
4440.315772  1.023736
4440.938579  0.9584565
4441.561386  0.9158126
4442.184193  0.8838497
4442.807  0.8793843
4443.429807  0.9066213
4444.052614  0.9691066
4444.675421  1.063838
4445.298228  1.146483
4445.921035  1.158843
4446.543842  1.097762
4447.166649  1.064431
4447.789456  1.098647
4448.412263  1.149134
4449.03507  1.120483
4449.657877  1.051263
4450.280684  1.015256
4450.903491  1.045874
4451.526298  1.085953
4452.149105  1.09042
4452.771912  1.054616
4453.394719  1.006092
4454.017526  0.9334004
4454.640333  0.8680736
4455.26314  0.8631169
4455.885947  0.9142551
4456.508754  0.9593459
4457.131561  0.958399
4457.754368  0.9431053
4458.377175  0.9143887
4458.999982  0.8918926
4459.622789  0.8987823
4460.245596  0.8903732
4460.868403  0.8423599
4461.49121  0.7914453
4462.114017  0.830308
4462.736824  0.9476023
4463.359631  1.05142
4463.982438  1.055545
4464.605245  1.03586
4465.228052  1.027825
4465.850859  1.024742
4466.473666  1.034671
4467.096473  1.052796
4467.71928  1.04702
4468.342087  0.9854969
4468.964894  0.9402305
4469.587701  0.9450905
4470.210508  0.979121
4470.833315  1.011856
4471.456122  1.041239
4472.078929  1.080595
4472.701736  1.135996
4473.324543  1.179357
4473.94735  1.182918
4474.570157  1.150096
4475.192964  1.136096
4475.815771  1.170363
4476.438578  1.234912
4477.061385  1.273736
4477.684192  1.272781
4478.306999  1.222683
4478.929806  1.12455
4479.552613  1.027921
4480.17542  0.9706558
4480.798227  0.9527718
4481.421034  0.9399996
4482.043841  0.9719754
4482.666648  1.052035
4483.289455  1.127698
4483.912262  1.181596
4484.535069  1.215808
4485.157876  1.23731
4485.780683  1.24349
4486.40349  1.233333
4487.026297  1.194782
4487.649104  1.11565
4488.271911  1.026633
4488.894718  0.9715112
4489.517525  0.9665514
4490.140332  0.3912134
4490.763139  0.
4491.385946  0.
4492.008753  0.
4492.63156  0.
4493.254367  0.
4493.877174  0.
4494.499981  0.
4495.122788  0.
4495.745595  0.
4496.368402  0.
4496.991209  0.
4497.614016  0.
4498.236823  0.
4498.85963  0.
4499.482437  0.
4500.105244  0.
4500.728051  0.
4501.350858  0.
4501.973665  0.
4502.596472  0.
4503.219279  0.
4503.842086  0.
4504.464893  0.
4505.0877  0.
4505.710507  0.
4506.333314  0.
4506.956121  0.
4507.578928  0.
4508.201735  0.
4508.824542  0.
