3820.  0.4269861
3820.622807  0.4023928
3821.245614  0.4845047
3821.868421  0.5964671
3822.491228  0.6629971
3823.114035  0.6460682
3823.736842  0.5552715
3824.359649  0.4705852
3824.982456  0.4312645
3825.605263  0.4008177
3826.22807  0.4114296
3826.850877  0.4386827
3827.473684  0.4341288
3828.096491  0.4286501
3828.719298  0.4267921
3829.342105  0.4370885
3829.964912  0.4824965
3830.587719  0.5070332
3831.210526  0.4671507
3831.833333  0.3804888
3832.45614  0.3391156
3833.078947  0.3441945
3833.701754  0.3525352
3834.324561  0.353917
3834.947368  0.3653981
3835.570175  0.3951737
3836.192982  0.4257369
3836.815789  0.4285441
3837.438596  0.3911464
3838.061403  0.3421122
3838.68421  0.3525833
3839.307017  0.3876157
3839.929824  0.3981264
3840.552631  0.3929726
3841.175438  0.4580698
3841.798245  0.5661289
3842.421052  0.6213335
3843.043859  0.6141335
3843.666666  0.6080131
3844.289473  0.6342869
3844.91228  0.639383
3845.535087  0.6227409
3846.157894  0.618301
3846.780701  0.657555
3847.403508  0.7168517
3848.026315  0.7471565
3848.649122  0.7134349
3849.271929  0.6295176
3849.894736  0.5700492
3850.517543  0.590813
3851.14035  0.6782774
3851.763157  0.7358603
3852.385964  0.7328467
3853.008771  0.6998897
3853.631578  0.6726427
3854.254385  0.6591612
3854.877192  0.637262
3855.499999  0.5857643
3856.122806  0.5713827
3856.745613  0.6146845
3857.36842  0.6602812
3857.991227  0.6086065
3858.614034  0.5056319
3859.236841  0.4369085
3859.859648  0.4311088
3860.482455  0.4845785
3861.105262  0.5756721
3861.728069  0.6748491
3862.350876  0.7489419
3862.973683  0.7706495
3863.59649  0.7470212
3864.219297  0.7264906
3864.842104  0.6966853
3865.464911  0.6687482
3866.087718  0.6768568
3866.710525  0.687651
3867.333332  0.6874629
3867.956139  0.6874684
3868.578946  0.700753
3869.201753  0.6882251
3869.82456  0.6396168
3870.447367  0.5935349
3871.070174  0.5512009
3871.692981  0.5130779
3872.315788  0.491692
3872.938595  0.5138995
3873.561402  0.5849531
3874.184209  0.6758868
3874.807016  0.7362424
3875.429823  0.7438744
3876.05263  0.7233312
3876.675437  0.6988256
3877.298244  0.6166113
3877.921051  0.5186039
3878.543858  0.4942987
3879.166665  0.5883092
3879.789472  0.6858869
3880.412279  0.7062232
3881.035086  0.6643849
3881.657893  0.5854436
3882.2807  0.5303095
3882.903507  0.5456523
3883.526314  0.6119357
3884.149121  0.6578204
3884.771928  0.631301
3885.394735  0.544176
3886.017542  0.4665172
3886.640349  0.4563786
3887.263156  0.5010328
3887.885963  0.491698
3888.50877  0.4351021
3889.131577  0.4054179
3889.754384  0.4615913
3890.377191  0.5469896
3890.999998  0.6119259
3891.622805  0.6468874
3892.245612  0.6577501
3892.868419  0.651955
3893.491226  0.6458458
3894.114033  0.6592677
3894.73684  0.6420302
3895.359647  0.6161169
3895.982454  0.655377
3896.605261  0.7197829
3897.228068  0.7407376
3897.850875  0.7029608
3898.473682  0.6861631
3899.096489  0.6717794
3899.719296  0.6557931
3900.342103  0.6795958
3900.96491  0.7431102
3901.587717  0.7724615
3902.210524  0.7112746
3902.833331  0.6307
3903.456138  0.6157168
3904.078945  0.6492358
3904.701752  0.6161951
3905.324559  0.5511516
3905.947366  0.5365045
3906.570173  0.6097134
3907.19298  0.6834505
3907.815787  0.7297303
3908.438594  0.7535132
3909.061401  0.7539009
3909.684208  0.7391696
3910.307015  0.7318895
3910.929822  0.7524195
3911.552629  0.7876896
3912.175436  0.804695
3912.798243  0.7810829
3913.42105  0.7318484
3914.043857  0.7242569
3914.666664  0.7589178
3915.289471  0.7625247
3915.912278  0.7263913
3916.535085  0.7008162
3917.157892  0.7189354
3917.780699  0.7185477
3918.403506  0.6977947
3919.026313  0.6760958
3919.64912  0.6569011
3920.271927  0.6104513
3920.894734  0.5778846
3921.517541  0.607948
3922.140348  0.6304226
3922.763155  0.639223
3923.385962  0.6572365
3924.008769  0.6872173
3924.631576  0.6710744
3925.254383  0.6120338
3925.87719  0.5679318
3926.499997  0.5516135
3927.122804  0.5198864
3927.745611  0.450354
3928.368418  0.3982505
3928.991225  0.3691019
3929.614032  0.3427751
3930.236839  0.302804
3930.859646  0.2716971
3931.482453  0.2473953
3932.10526  0.2191806
3932.728067  0.1999967
3933.350874  0.1969218
3933.973681  0.2012597
3934.596488  0.1986634
3935.219295  0.212607
3935.842102  0.2465519
3936.464909  0.2859536
3937.087716  0.3251072
3937.710523  0.3613204
3938.33333  0.4026128
3938.956137  0.4618817
3939.578944  0.5128821
3940.201751  0.535227
3940.824558  0.5340844
3941.447365  0.5411808
3942.070172  0.5596175
3942.692979  0.5640288
3943.315786  0.5249441
3943.938593  0.4892602
3944.5614  0.5106961
3945.184207  0.5993461
3945.807014  0.6959109
3946.429821  0.7342093
3947.052628  0.6971186
3947.675435  0.6458365
3948.298242  0.6295661
3948.921049  0.6613443
3949.543856  0.7168984
3950.166663  0.761694
3950.78947  0.7786591
3951.412277  0.762291
3952.035084  0.7027836
3952.657891  0.6506993
3953.280698  0.6629778
3953.903505  0.7442569
3954.526312  0.7897224
3955.149119  0.7554731
3955.771926  0.6844032
3956.394733  0.637961
3957.01754  0.6473045
3957.640347  0.6969669
3958.263154  0.7383487
3958.885961  0.7698628
3959.508768  0.7772635
3960.131575  0.728833
3960.754382  0.6133907
3961.377189  0.5018691
3961.999996  0.4644144
3962.622803  0.4807996
3963.24561  0.4953769
3963.868417  0.4829427
3964.491224  0.4603424
3965.114031  0.4175175
3965.736838  0.3572926
3966.359645  0.2951359
3966.982452  0.2476427
3967.605259  0.2201463
3968.228066  0.2086245
3968.850873  0.2060436
3969.47368  0.214842
3970.096487  0.2418189
3970.719294  0.2889003
3971.342101  0.3437181
3971.964908  0.3955744
3972.587715  0.434893
3973.210522  0.4572591
3973.833329  0.4833604
3974.456136  0.5295855
3975.078943  0.5883538
3975.70175  0.6199778
3976.324557  0.6291002
3976.947364  0.6450695
3977.570171  0.6859584
3978.192978  0.72806
3978.815785  0.760658
3979.438592  0.7962454
3980.061399  0.8328764
3980.684206  0.8401636
3981.307013  0.8047502
3981.92982  0.7779139
3982.552627  0.7764979
3983.175434  0.7804044
3983.798241  0.7619485
3984.421048  0.7675496
3985.043855  0.7963516
3985.666662  0.8041913
3986.289469  0.7645434
3986.912276  0.7553406
3987.535083  0.8192712
3988.15789  0.8826793
3988.780697  0.8881112
3989.403504  0.8495452
3990.026311  0.8276371
3990.649118  0.84259
3991.271925  0.8702276
3991.894732  0.8879702
3992.517539  0.9087437
3993.140346  0.9149245
3993.763153  0.8991048
3994.38596  0.8762432
3995.008767  0.8601754
3995.631574  0.8512555
3996.254381  0.8355864
3996.877188  0.7961057
3997.499995  0.7626343
3998.122802  0.7763833
3998.745609  0.8514095
3999.368416  0.9337153
3999.991223  0.9673645
4000.61403  0.9403911
4001.236837  0.908581
4001.859644  0.9112757
4002.482451  0.9507384
4003.105258  0.990933
4003.728065  0.9784321
4004.350872  0.8828396
4004.973679  0.7413881
4005.596486  0.691202
4006.219293  0.7342152
4006.8421  0.8087896
4007.464907  0.880648
4008.087714  0.9266812
4008.710521  0.9348104
4009.333328  0.9122446
4009.956135  0.9045871
4010.578942  0.9179459
4011.201749  0.9313599
4011.824556  0.9286506
4012.447363  0.9376814
4013.07017  0.9486734
4013.692977  0.9195299
4014.315784  0.9100291
4014.938591  0.9402499
4015.561398  0.9766667
4016.184205  0.9674688
4016.807012  0.9074375
4017.429819  0.8520318
4018.052626  0.8784699
4018.675433  0.9567499
4019.29824  1.014338
4019.921047  1.004656
4020.543854  0.9677179
4021.166661  0.9418728
4021.789468  0.9384056
4022.412275  0.9407071
4023.035082  0.9519821
4023.657889  0.9461472
4024.280696  0.8981782
4024.903503  0.8779953
4025.52631  0.9075861
4026.149117  0.9604434
4026.771924  0.9929292
4027.394731  1.000773
4028.017538  1.0022
4028.640345  1.008617
4029.263152  0.9746161
4029.885959  0.8819753
4030.508766  0.7784016
4031.131573  0.7743539
4031.75438  0.8037151
4032.377187  0.7993024
4032.999994  0.7879427
4033.622801  0.8119611
4034.245608  0.8514625
4034.868415  0.8674855
4035.491222  0.8896306
4036.114029  0.9348062
4036.736836  0.992061
4037.359643  1.028541
4037.98245  1.036699
4038.605257  1.023761
4039.228064  0.9989201
4039.850871  0.9607006
4040.473678  0.9190781
4041.096485  0.9033944
4041.719292  0.9497796
4042.342099  1.013478
4042.964906  1.028456
4043.587713  0.9596193
4044.21052  0.8466469
4044.833327  0.7076057
4045.456134  0.5895928
4046.078941  0.6097059
4046.701748  0.7644269
4047.324555  0.939359
4047.947362  0.999334
4048.570169  0.9772026
4049.192976  0.9545566
4049.815783  0.979055
4050.43859  1.009249
4051.061397  1.00127
4051.684204  0.9497604
4052.307011  0.8965067
4052.929818  0.8831628
4053.552625  0.8873583
4054.175432  0.8634051
4054.798239  0.8369673
4055.421046  0.8423984
4056.043853  0.8728498
4056.66666  0.8684306
4057.289467  0.8116852
4057.912274  0.7604269
4058.535081  0.7876098
4059.157888  0.8529235
4059.780695  0.9215855
4060.403502  0.9704099
4061.026309  0.9765144
4061.649116  0.9365355
4062.271923  0.8527676
4062.89473  0.7398555
4063.517537  0.6611173
4064.140344  0.693658
4064.763151  0.831594
4065.385958  0.9171992
4066.008765  0.9009132
4066.631572  0.8331692
4067.254379  0.808111
4067.877186  0.8581251
4068.499993  0.9452448
4069.1228  1.004223
4069.745607  1.006481
4070.368414  0.9321998
4070.991221  0.8093846
4071.614028  0.7213603
4072.236835  0.7628222
4072.859642  0.8886338
4073.482449  0.9658472
4074.105256  0.9634452
4074.728063  0.9275042
4075.35087  0.8950263
4075.973677  0.8326474
4076.596484  0.7506245
4077.219291  0.6947744
4077.842098  0.7097743
4078.464905  0.7666376
4079.087712  0.8219184
4079.710519  0.8633685
4080.333326  0.9314273
4080.956133  0.9931609
4081.57894  1.008268
4082.201747  0.9744928
4082.824554  0.9214357
4083.447361  0.8788892
4084.070168  0.8587008
4084.692975  0.8484301
4085.315782  0.8549991
4085.938589  0.882549
4086.561396  0.9192289
4087.184203  0.9626877
4087.80701  1.000745
4088.429817  1.016414
4089.052624  1.001814
4089.675431  0.9783118
4090.298238  0.9651511
4090.921045  0.95582
4091.543852  0.926906
4092.166659  0.8920966
4092.789466  0.8934427
4093.412273  0.9439149
4094.03508  0.9678298
4094.657887  0.9140837
4095.280694  0.8530651
4095.903501  0.8192112
4096.526308  0.8141565
4097.149115  0.818131
4097.771922  0.8082726
4098.394729  0.7947646
4099.017536  0.7901747
4099.640343  0.7667705
4100.26315  0.6883938
4100.885957  0.5707257
4101.508764  0.4900825
4102.131571  0.5053326
4102.754378  0.5974042
4103.377185  0.6965099
4103.999992  0.754803
4104.622799  0.7951435
4105.245606  0.8431364
4105.868413  0.8800792
4106.49122  0.8928205
4107.114027  0.8906525
4107.736834  0.891075
4108.359641  0.8865356
4108.982448  0.8751226
4109.605255  0.8645508
4110.228062  0.8670201
4110.850869  0.8819775
4111.473676  0.8973711
4112.096483  0.9053146
4112.71929  0.9267072
4113.342097  0.9577017
4113.964904  0.9761599
4114.587711  0.968704
4115.210518  0.9760221
4115.833325  1.008715
4116.456132  1.026272
4117.078939  1.024608
4117.701746  0.9799528
4118.324553  0.8948018
4118.94736  0.8576123
4119.570167  0.8889169
4120.192974  0.945851
4120.815781  0.9662359
4121.438588  0.9532493
4122.061395  0.9310726
4122.684202  0.9190102
4123.307009  0.9199165
4123.929816  0.9495462
4124.552623  0.9890586
4125.17543  0.9773152
4125.798237  0.9453647
4126.421044  0.9229682
4127.043851  0.9070596
4127.666658  0.8891657
4128.289465  0.8878126
4128.912272  0.9123416
4129.535079  0.9310488
4130.157886  0.9498328
4130.780693  0.9475268
4131.4035  0.8848629
4132.026307  0.8131301
4132.649114  0.8008749
4133.271921  0.8508393
4133.894728  0.8536832
4134.517535  0.8662555
4135.140342  0.9384415
4135.763149  1.016798
4136.385956  1.023224
4137.008763  0.9838456
4137.63157  0.9790934
4138.254377  1.016714
4138.877184  1.04996
4139.499991  1.051186
4140.122798  1.04752
4140.745605  1.046647
4141.368412  1.025133
4141.991219  0.9560848
4142.614026  0.8590322
4143.236833  0.7806267
4143.85964  0.7743827
4144.482447  0.866536
4145.105254  0.9629846
4145.728061  0.9992073
4146.350868  0.9917215
4146.973675  0.9813538
4147.596482  0.9905221
4148.219289  1.00268
4148.842096  0.9710735
4149.464903  0.9317541
4150.08771  0.9311013
4150.710517  0.970267
4151.333324  0.9783578
4151.956131  0.9650637
4152.578938  0.9688106
4153.201745  0.9486683
4153.824552  0.8914533
4154.447359  0.8493062
4155.070166  0.8963954
4155.692973  0.9123355
4156.31578  0.8773854
4156.938587  0.8695443
4157.561394  0.9087812
4158.184201  0.9476016
4158.807008  0.9586036
4159.429815  0.9806899
4160.052622  0.9864119
4160.675429  0.9653118
4161.298236  0.9510603
4161.921043  1.001831
4162.54385  1.062096
4163.166657  1.064216
4163.789464  1.039257
4164.412271  1.022787
4165.035078  1.029178
4165.657885  1.038322
4166.280692  1.003518
4166.903499  0.9291933
4167.526306  0.8749685
4168.149113  0.9179505
4168.77192  0.988983
4169.394727  1.018246
4170.017534  1.010497
4170.640341  0.9673397
4171.263148  0.8927627
4171.885955  0.8079647
4172.508762  0.7617064
4173.131569  0.7723147
4173.754376  0.8193222
4174.377183  0.8624482
4174.99999  0.89552
4175.622797  0.9189895
4176.245604  0.9252642
4176.868411  0.8989192
4177.491218  0.869297
4178.114025  0.8678264
4178.736832  0.8881432
4179.359639  0.9402772
4179.982446  0.9963116
4180.605253  1.002253
4181.22806  0.9406613
4181.850867  0.8749355
4182.473674  0.864088
4183.096481  0.8762546
4183.719288  0.8861662
4184.342095  0.9087921
4184.964902  0.9708267
4185.587709  1.001363
4186.210516  0.9520507
4186.833323  0.8486953
4187.45613  0.7981943
4188.078937  0.8268629
4188.701744  0.9006984
4189.324551  0.9651161
4189.947358  0.9944212
4190.570165  0.9742334
4191.192972  0.9249806
4191.815779  0.9322259
4192.438586  0.9989676
4193.061393  1.069972
4193.6842  1.082749
4194.307007  1.029198
4194.929814  0.9469124
4195.552621  0.891207
4196.175428  0.8960846
4196.798235  0.9181516
4197.421042  0.8917089
4198.043849  0.8015357
4198.666656  0.7666321
4199.289463  0.8252125
4199.91227  0.8925681
4200.535077  0.9060908
4201.157884  0.8650614
4201.780691  0.8208935
4202.403498  0.8355803
4203.026305  0.892363
4203.649112  0.9363769
4204.271919  0.9326239
4204.894726  0.9325907
4205.517533  0.9544738
4206.14034  0.9772114
4206.763147  0.9816779
4207.385954  0.9948657
4208.008761  1.019169
4208.631568  1.010175
4209.254375  0.9791401
4209.877182  0.9528596
4210.499989  0.9542866
4211.122796  0.9940621
4211.745603  1.038964
4212.36841  1.056885
4212.991217  1.053288
4213.614024  1.052147
4214.236831  1.027932
4214.859638  0.9420674
4215.482445  0.8532686
4216.105252  0.8407065
4216.728059  0.9118364
4217.350866  0.9633339
4217.973673  0.983906
4218.59648  0.981625
4219.219287  0.9632968
4219.842094  0.9753587
4220.464901  1.015262
4221.087708  1.04134
4221.710515  1.017418
4222.333322  0.9823238
4222.956129  0.9575856
4223.578936  0.9177302
4224.201743  0.8696871
4224.82455  0.8185119
4225.447357  0.7479598
4226.070164  0.6226654
4226.692971  0.5430672
4227.315778  0.6083277
4227.938585  0.7962372
4228.561392  0.9530134
4229.184199  1.00568
4229.807006  0.9994973
4230.429813  1.009532
4231.05262  1.030747
4231.675427  1.022086
4232.298234  0.9664086
4232.921041  0.8950497
4233.543848  0.8751349
4234.166655  0.9341088
4234.789462  0.9402438
4235.412269  0.8746246
4236.035076  0.8155934
4236.657883  0.8428001
4237.28069  0.8919836
4237.903497  0.9030743
4238.526304  0.8861666
4239.149111  0.8632885
4239.771918  0.8640883
4240.394725  0.9057902
4241.017532  0.976109
4241.640339  1.004264
4242.263146  0.9643909
4242.885953  0.9174864
4243.50876  0.9370822
4244.131567  0.9969807
4244.754374  1.01981
4245.377181  1.000148
4245.999988  0.9532338
4246.622795  0.9006492
4247.245602  0.8612667
4247.868409  0.8682958
4248.491216  0.8979352
4249.114023  0.8901094
4249.73683  0.8315952
4250.359637  0.8009656
4250.982444  0.8592105
4251.605251  0.9587127
4252.228058  1.020886
4252.850865  1.010826
4253.473672  0.953959
4254.096479  0.8893902
4254.719286  0.8615785
4255.342093  0.8885664
4255.9649  0.9440348
4256.587707  1.003181
4257.210514  1.022982
4257.833321  0.9672373
4258.456128  0.9072211
4259.078935  0.8577521
4259.701742  0.794856
4260.324549  0.7342324
4260.947356  0.7457203
4261.570163  0.8441522
4262.19297  0.9507201
4262.815777  1.017629
4263.438584  1.028891
4264.061391  1.005171
4264.684198  0.9978024
4265.307005  1.015281
4265.929812  1.032736
4266.552619  1.019435
4267.175426  0.9704264
4267.798233  0.9255286
4268.42104  0.9250766
4269.043847  0.9235096
4269.666654  0.9059119
4270.289461  0.8569142
4270.912268  0.7422956
4271.535075  0.6755924
4272.157882  0.7237567
4272.780689  0.8294932
4273.403496  0.8720199
4274.026303  0.8414695
4274.64911  0.8097681
4275.271917  0.8346404
4275.894724  0.9095052
4276.517531  0.9806327
4277.140338  0.9980754
4277.763145  1.001421
4278.385952  1.00177
4279.008759  0.9743991
4279.631566  0.9040185
4280.254373  0.8668163
4280.87718  0.8979996
4281.499987  0.9304345
4282.122794  0.9167697
4282.745601  0.8998597
4283.368408  0.9363856
4283.991215  0.948153
4284.614022  0.9168566
4285.236829  0.8696963
4285.859636  0.840326
4286.482443  0.846482
4287.10525  0.8745421
4287.728057  0.8873116
4288.350864  0.8502148
4288.973671  0.7736502
4289.596478  0.7085171
4290.219285  0.7162023
4290.842092  0.765933
4291.464899  0.8294195
4292.087706  0.9032756
4292.710513  0.9459907
4293.33332  0.9298924
4293.956127  0.8741277
4294.578934  0.8520963
4295.201741  0.868488
4295.824548  0.8811567
4296.447355  0.8501931
4297.070162  0.8193517
4297.692969  0.7929313
4298.315776  0.7381811
4298.938583  0.6429861
4299.56139  0.5818569
4300.184197  0.6038283
4300.807004  0.6650884
4301.429811  0.6927489
4302.052618  0.6731295
4302.675425  0.653404
4303.298232  0.6856654
4303.921039  0.7351052
4304.543846  0.7460901
4305.166653  0.7169699
4305.78946  0.7150878
4306.412267  0.7294935
4307.035074  0.687705
4307.657881  0.6117046
4308.280688  0.5743488
4308.903495  0.6097497
4309.526302  0.6558002
4310.149109  0.7010289
4310.771916  0.7392777
4311.394723  0.7587997
4312.01753  0.772994
4312.640337  0.8010515
4313.263144  0.8370201
4313.885951  0.834893
4314.508758  0.8318868
4315.131565  0.8842908
4315.754372  0.99887
4316.377179  1.074853
4316.999986  1.083656
4317.622793  1.065381
4318.2456  1.045736
4318.868407  1.045187
4319.491214  1.044835
4320.114021  1.000578
4320.736828  0.9639409
4321.359635  0.9721426
4321.982442  1.000445
4322.605249  0.9573607
4323.228056  0.8677751
4323.850863  0.7915631
4324.47367  0.735799
4325.096477  0.6722462
4325.719284  0.6481475
4326.342091  0.7376947
4326.964898  0.8564719
4327.587705  0.9508036
4328.210512  1.009985
4328.833319  1.035248
4329.456126  1.013624
4330.078933  0.9651895
4330.70174  0.9401127
4331.324547  0.9522718
4331.947354  0.9785992
4332.570161  0.9884077
4333.192968  0.9831052
4333.815775  0.9795907
4334.438582  0.9856158
4335.061389  0.9895716
4335.684196  0.9737597
4336.307003  0.9098208
4336.92981  0.7996341
4337.552617  0.7184128
4338.175424  0.6908998
4338.798231  0.6707941
4339.421038  0.5851612
4340.043845  0.4944417
4340.666652  0.4891792
4341.289459  0.6000707
4341.912266  0.7287473
4342.535073  0.7998829
4343.15788  0.8034214
4343.780687  0.7935471
4344.403494  0.8290645
4345.026301  0.8991345
4345.649108  0.9407477
4346.271915  0.9395716
4346.894722  0.9281464
4347.517529  0.9411716
4348.140336  0.9720569
4348.763143  1.011608
4349.38595  1.036334
4350.008757  1.011517
4350.631564  0.9121977
4351.254371  0.791115
4351.877178  0.7370552
4352.499985  0.7955275
4353.122792  0.901866
4353.745599  0.9648649
4354.368406  0.9495487
4354.991213  0.9384865
4355.61402  0.9641864
4356.236827  1.000515
4356.859634  1.032138
4357.482441  1.028666
4358.105248  0.9842672
4358.728055  0.9345402
4359.350862  0.9218382
4359.973669  0.9610252
4360.596476  1.027846
4361.219283  1.071696
4361.84209  1.06736
4362.464897  1.034136
4363.087704  1.02417
4363.710511  1.049382
4364.333318  1.090847
4364.956125  1.114892
4365.578932  1.093888
4366.201739  1.043237
4366.824546  0.9923027
4367.447353  0.9507087
4368.07016  0.9596163
4368.692967  0.9960521
4369.315774  0.9876507
4369.938581  0.9751172
4370.561388  0.9794138
4371.184195  0.994436
4371.807002  1.018253
4372.429809  1.0202
4373.052616  0.9804006
4373.675423  0.9151385
4374.29823  0.8560787
4374.921037  0.8407316
4375.543844  0.8820045
4376.166651  0.94401
4376.789458  0.999177
4377.412265  1.033998
4378.035072  1.045386
4378.657879  1.031046
4379.280686  1.005603
4379.903493  0.9923333
4380.5263  1.00372
4381.149107  1.020851
4381.771914  0.9877682
4382.394721  0.8453726
4383.017528  0.6798096
4383.640335  0.5956138
4384.263142  0.6331972
4384.885949  0.7362005
4385.508756  0.8581201
4386.131563  0.956341
4386.75437  0.9737753
4387.377177  0.945102
4387.999984  0.9228299
4388.622791  0.92645
4389.245598  0.9248549
4389.868405  0.9083081
4390.491212  0.8973458
4391.114019  0.9186685
4391.736826  0.9613748
4392.359633  0.9938102
4392.98244  0.9890192
4393.605247  0.9572695
4394.228054  0.9105996
4394.850861  0.8729154
4395.473668  0.902323
4396.096475  0.9779983
4396.719282  1.044355
4397.342089  1.064575
4397.964896  1.054101
4398.587703  1.027011
4399.21051  0.9811642
4399.833317  0.9097896
4400.456124  0.8575523
4401.078931  0.8736643
4401.701738  0.9569896
4402.324545  1.026674
4402.947352  1.012211
4403.570159  0.909479
4404.192966  0.7933426
4404.815773  0.7747093
4405.43858  0.8791849
4406.061387  0.9736296
4406.684194  0.9943135
4407.307001  0.9484594
4407.929808  0.8938075
4408.552615  0.9018232
4409.175422  0.9624178
4409.798229  1.018382
4410.421036  1.041074
4411.043843  1.050418
4411.66665  1.068222
4412.289457  1.090017
4412.912264  1.094813
4413.535071  1.049793
4414.157878  0.9482221
4414.780685  0.8519369
4415.403492  0.8471552
4416.026299  0.9249371
4416.649106  0.9610584
4417.271913  0.9624624
4417.89472  0.9765102
4418.517527  1.028487
4419.140334  1.084814
4419.763141  1.113121
4420.385948  1.10233
4421.008755  1.062388
4421.631562  0.996725
4422.254369  0.94302
4422.877176  0.9450659
4423.499983  0.9775918
4424.12279  1.00421
4424.745597  1.008791
4425.368404  1.004041
4425.991211  1.00374
4426.614018  1.006116
4427.236825  1.005
4427.859632  1.037466
4428.482439  1.075817
4429.105246  1.063166
4429.728053  0.9889466
4430.35086  0.9392357
4430.973667  0.9598708
4431.596474  0.9982721
4432.219281  1.011812
4432.842088  0.9913372
4433.464895  0.9522341
4434.087702  0.9070864
4434.710509  0.8681517
4435.333316  0.8624744
4435.956123  0.9225294
4436.57893  0.9935483
4437.201737  1.04241
4437.824544  1.074741
4438.447351  1.099863
4439.070158  1.100207
4439.692965  1.067188
4440.315772  1.027316
4440.938579  0.98844
4441.561386  0.9465592
4442.184193  0.901837
4442.807  0.8816149
4443.429807  0.9015173
4444.052614  0.9590413
4444.675421  1.035764
4445.298228  1.089827
4445.921035  1.085684
4446.543842  1.027224
4447.166649  0.9914374
4447.789456  1.012803
4448.412263  1.060782
4449.03507  1.063877
4449.657877  1.023337
4450.280684  0.9856349
4450.903491  0.9945014
4451.526298  1.028699
4452.149105  1.046463
4452.771912  1.022048
4453.394719  0.9729009
4454.017526  0.8958226
4454.640333  0.8226014
4455.26314  0.8258364
4455.885947  0.8709427
4456.508754  0.9134244
4457.131561  0.9301605
4457.754368  0.9116383
4458.377175  0.8872352
4458.999982  0.8924983
4459.622789  0.9295921
4460.245596  0.9358878
4460.868403  0.8925877
4461.49121  0.8525972
4462.114017  0.8866671
4462.736824  0.9658088
4463.359631  1.014671
4463.982438  1.001654
4464.605245  0.9825553
4465.228052  0.9836306
4465.850859  0.9778042
4466.473666  0.9834227
4467.096473  0.9957056
4467.71928  0.9898105
4468.342087  0.9481338
4468.964894  0.9134476
4469.587701  0.9174845
4470.210508  0.9459307
4470.833315  0.9858979
4471.456122  1.019271
4472.078929  1.034604
4472.701736  1.04478
4473.324543  1.066143
4473.94735  1.086571
4474.570157  1.065751
4475.192964  1.029069
4475.815771  1.020544
4476.438578  1.058222
4477.061385  1.095404
4477.684192  1.10597
4478.306999  1.082575
4478.929806  1.023979
4479.552613  0.9517325
4480.17542  0.8885468
4480.798227  0.8490108
4481.421034  0.8452433
4482.043841  0.884739
4482.666648  0.9545689
4483.289455  1.017483
4483.912262  1.051501
4484.535069  1.061
4485.157876  1.068194
4485.780683  1.080685
4486.40349  1.087008
4487.026297  1.068266
4487.649104  1.019708
4488.271911  0.9634619
4488.894718  0.9270728
4489.517525  0.164075
4490.140332  0.
4490.763139  0.
4491.385946  0.
4492.008753  0.
4492.63156  0.
4493.254367  0.
4493.877174  0.
4494.499981  0.
4495.122788  0.
4495.745595  0.
4496.368402  0.
4496.991209  0.
4497.614016  0.
4498.236823  0.
4498.85963  0.
4499.482437  0.
4500.105244  0.
4500.728051  0.
4501.350858  0.
4501.973665  0.
4502.596472  0.
4503.219279  0.
4503.842086  0.
4504.464893  0.
4505.0877  0.
4505.710507  0.
4506.333314  0.
4506.956121  0.
4507.578928  0.
4508.201735  0.
4508.824542  0.
