3820.  0.3389818
3820.622807  0.3427504
3821.245614  0.4258848
3821.868421  0.5191752
3822.491228  0.5651684
3823.114035  0.5341479
3823.736842  0.45551
3824.359649  0.3900637
3824.982456  0.3477971
3825.605263  0.3341221
3826.22807  0.347273
3826.850877  0.366403
3827.473684  0.3680111
3828.096491  0.3546268
3828.719298  0.3522956
3829.342105  0.3714537
3829.964912  0.4044856
3830.587719  0.4193102
3831.210526  0.3685848
3831.833333  0.2990158
3832.45614  0.2695938
3833.078947  0.2817186
3833.701754  0.2918039
3834.324561  0.2940419
3834.947368  0.3146254
3835.570175  0.3443857
3836.192982  0.3657745
3836.815789  0.3586941
3837.438596  0.3115953
3838.061403  0.2739479
3838.68421  0.2824588
3839.307017  0.3191702
3839.929824  0.3242839
3840.552631  0.3294053
3841.175438  0.3916761
3841.798245  0.4846237
3842.421052  0.5327062
3843.043859  0.526046
3843.666666  0.53326
3844.289473  0.550229
3844.91228  0.5530002
3845.535087  0.5360325
3846.157894  0.5370719
3846.780701  0.5681029
3847.403508  0.6092765
3848.026315  0.6251932
3848.649122  0.5926435
3849.271929  0.5270936
3849.894736  0.4964329
3850.517543  0.6143417
3851.14035  0.6912119
3851.763157  0.7424206
3852.385964  0.7375326
3853.008771  0.7087603
3853.631578  0.6890112
3854.254385  0.6795325
3854.877192  0.6501358
3855.499999  0.5999795
3856.122806  0.5772798
3856.745613  0.6253431
3857.36842  0.6580013
3857.991227  0.6063817
3858.614034  0.5072947
3859.236841  0.4290341
3859.859648  0.4189593
3860.482455  0.48099
3861.105262  0.5830873
3861.728069  0.687987
3862.350876  0.7565922
3862.973683  0.7671894
3863.59649  0.7527072
3864.219297  0.7321836
3864.842104  0.700872
3865.464911  0.6839672
3866.087718  0.6917455
3866.710525  0.7089426
3867.333332  0.7107007
3867.956139  0.7127692
3868.578946  0.71563
3869.201753  0.6928527
3869.82456  0.6493265
3870.447367  0.594002
3871.070174  0.5357362
3871.692981  0.4876987
3872.315788  0.4740166
3872.938595  0.511726
3873.561402  0.5898573
3874.184209  0.6725099
3874.807016  0.7229238
3875.429823  0.729333
3876.05263  0.7185721
3876.675437  0.6812612
3877.298244  0.5985448
3877.921051  0.5040075
3878.543858  0.5024553
3879.166665  0.5938037
3879.789472  0.6776316
3880.412279  0.6948417
3881.035086  0.6496933
3881.657893  0.5803097
3882.2807  0.5271913
3882.903507  0.5441491
3883.526314  0.6144679
3884.149121  0.6554575
3884.771928  0.6265796
3885.394735  0.5426454
3886.017542  0.4669948
3886.640349  0.4651036
3887.263156  0.5014493
3887.885963  0.4996575
3888.50877  0.4438325
3889.131577  0.42449
3889.754384  0.4754817
3890.377191  0.5568087
3890.999998  0.6219374
3891.622805  0.6599198
3892.245612  0.6697435
3892.868419  0.6541263
3893.491226  0.6507841
3894.114033  0.6522196
3894.73684  0.62782
3895.359647  0.6115274
3895.982454  0.6515483
3896.605261  0.7248856
3897.228068  0.7376068
3897.850875  0.7088522
3898.473682  0.6799573
3899.096489  0.6598055
3899.719296  0.6542772
3900.342103  0.6833214
3900.96491  0.7323216
3901.587717  0.730125
3902.210524  0.6692355
3902.833331  0.6151955
3903.456138  0.6303958
3904.078945  0.6536766
3904.701752  0.6164715
3905.324559  0.5421472
3905.947366  0.5350529
3906.570173  0.6025653
3907.19298  0.6839471
3907.815787  0.733045
3908.438594  0.7562046
3909.061401  0.7537206
3909.684208  0.7285185
3910.307015  0.7129748
3910.929822  0.7352382
3911.552629  0.7855772
3912.175436  0.8104817
3912.798243  0.7833118
3913.42105  0.7359879
3914.043857  0.7225621
3914.666664  0.7431297
3915.289471  0.7459327
3915.912278  0.7154217
3916.535085  0.7067621
3917.157892  0.7234975
3917.780699  0.727074
3918.403506  0.6982309
3919.026313  0.6761054
3919.64912  0.6477513
3920.271927  0.5932595
3920.894734  0.5666455
3921.517541  0.5852636
3922.140348  0.6131715
3922.763155  0.6198068
3923.385962  0.6437349
3924.008769  0.6720564
3924.631576  0.653868
3925.254383  0.600979
3925.87719  0.5609007
3926.499997  0.5408659
3927.122804  0.4937136
3927.745611  0.42314
3928.368418  0.3654231
3928.991225  0.3380971
3929.614032  0.3083175
3930.236839  0.2710571
3930.859646  0.2392302
3931.482453  0.2114687
3932.10526  0.1789233
3932.728067  0.1426189
3933.350874  0.1169301
3933.973681  0.1172772
3934.596488  0.1415709
3935.219295  0.1761883
3935.842102  0.2145762
3936.464909  0.2556129
3937.087716  0.2972934
3937.710523  0.3375941
3938.33333  0.3850158
3938.956137  0.442715
3939.578944  0.4972221
3940.201751  0.5229569
3940.824558  0.5265927
3941.447365  0.5352969
3942.070172  0.5565397
3942.692979  0.5535976
3943.315786  0.5151668
3943.938593  0.4797108
3944.5614  0.5083876
3945.184207  0.5980257
3945.807014  0.6891617
3946.429821  0.7197704
3947.052628  0.6904728
3947.675435  0.6466836
3948.298242  0.6365733
3948.921049  0.66589
3949.543856  0.7134848
3950.166663  0.7546035
3950.78947  0.7746143
3951.412277  0.7541084
3952.035084  0.6953434
3952.657891  0.6443164
3953.280698  0.6719511
3953.903505  0.7503583
3954.526312  0.7920887
3955.149119  0.7642235
3955.771926  0.6993814
3956.394733  0.6553682
3957.01754  0.6633943
3957.640347  0.6978717
3958.263154  0.7328656
3958.885961  0.7611591
3959.508768  0.7634879
3960.131575  0.7029762
3960.754382  0.585606
3961.377189  0.4817261
3961.999996  0.4446444
3962.622803  0.4611037
3963.24561  0.4745446
3963.868417  0.464604
3964.491224  0.4350159
3965.114031  0.3880095
3965.736838  0.325633
3966.359645  0.2645359
3966.982452  0.2117476
3967.605259  0.1653458
3968.228066  0.1348747
3968.850873  0.1340957
3969.47368  0.1662613
3970.096487  0.2162258
3970.719294  0.2695543
3971.342101  0.321326
3971.964908  0.3730417
3972.587715  0.4178331
3973.210522  0.4494342
3973.833329  0.4777677
3974.456136  0.5275115
3975.078943  0.585422
3975.70175  0.6223086
3976.324557  0.6350543
3976.947364  0.6574835
3977.570171  0.6968491
3978.192978  0.732542
3978.815785  0.765314
3979.438592  0.800047
3980.061399  0.8297583
3980.684206  0.8342088
3981.307013  0.8063483
3981.92982  0.7725487
3982.552627  0.7653409
3983.175434  0.7619082
3983.798241  0.7610834
3984.421048  0.7799225
3985.043855  0.8087158
3985.666662  0.8061618
3986.289469  0.7705396
3986.912276  0.7624115
3987.535083  0.815383
3988.15789  0.8786606
3988.780697  0.8818725
3989.403504  0.8428122
3990.026311  0.8224543
3990.649118  0.8448694
3991.271925  0.8709226
3991.894732  0.8899784
3992.517539  0.9055611
3993.140346  0.9076824
3993.763153  0.8823702
3994.38596  0.8519464
3995.008767  0.8407345
3995.631574  0.8458409
3996.254381  0.8367943
3996.877188  0.798813
3997.499995  0.7641232
3998.122802  0.7825209
3998.745609  0.8477621
3999.368416  0.911085
3999.991223  0.9297252
4000.61403  0.905007
4001.236837  0.8819502
4001.859644  0.9003708
4002.482451  0.939106
4003.105258  0.9651868
4003.728065  0.9462194
4004.350872  0.8493819
4004.973679  0.7374923
4005.596486  0.6939567
4006.219293  0.7340174
4006.8421  0.8065801
4007.464907  0.8740644
4008.087714  0.9238374
4008.710521  0.9250145
4009.333328  0.9044227
4009.956135  0.904071
4010.578942  0.9187511
4011.201749  0.9245542
4011.824556  0.9209311
4012.447363  0.9235788
4013.07017  0.9212458
4013.692977  0.9081007
4014.315784  0.9014025
4014.938591  0.9222038
4015.561398  0.9451065
4016.184205  0.9338216
4016.807012  0.8828137
4017.429819  0.8451434
4018.052626  0.8663213
4018.675433  0.9304942
4019.29824  0.964646
4019.921047  0.9526272
4020.543854  0.9243573
4021.166661  0.9134847
4021.789468  0.9184245
4022.412275  0.9302631
4023.035082  0.9418595
4023.657889  0.9241105
4024.280696  0.8863711
4024.903503  0.8708329
4025.52631  0.9028251
4026.149117  0.9442949
4026.771924  0.9689133
4027.394731  0.978346
4028.017538  0.9802476
4028.640345  0.9786167
4029.263152  0.9512063
4029.885959  0.868699
4030.508766  0.7946201
4031.131573  0.7822568
4031.75438  0.8072814
4032.377187  0.8068941
4032.999994  0.7955559
4033.622801  0.8138845
4034.245608  0.8332455
4034.868415  0.8445726
4035.491222  0.866019
4036.114029  0.9107324
4036.736836  0.9621904
4037.359643  0.9993395
4037.98245  1.012283
4038.605257  1.00316
4039.228064  0.9748712
4039.850871  0.93371
4040.473678  0.8906621
4041.096485  0.8854634
4041.719292  0.9321397
4042.342099  0.9869601
4042.964906  0.9857962
4043.587713  0.92363
4044.21052  0.8199934
4044.833327  0.6908829
4045.456134  0.5985962
4046.078941  0.6181448
4046.701748  0.7662128
4047.324555  0.9072437
4047.947362  0.9591379
4048.570169  0.9469948
4049.192976  0.9346682
4049.815783  0.9496086
4050.43859  0.9733542
4051.061397  0.9695137
4051.684204  0.9324685
4052.307011  0.8917354
4052.929818  0.8801529
4053.552625  0.8834355
4054.175432  0.8685195
4054.798239  0.8444583
4055.421046  0.8566824
4056.043853  0.88011
4056.66666  0.8706953
4057.289467  0.8219047
4057.912274  0.7908955
4058.535081  0.8068131
4059.157888  0.8570983
4059.780695  0.914411
4060.403502  0.9555904
4061.026309  0.965309
4061.649116  0.9342666
4062.271923  0.8552322
4062.89473  0.745867
4063.517537  0.6702865
4064.140344  0.7126588
4064.763151  0.8215274
4065.385958  0.8888869
4066.008765  0.8666041
4066.631572  0.8206007
4067.254379  0.8166094
4067.877186  0.8689625
4068.499993  0.9377632
4069.1228  0.9856213
4069.745607  0.9849055
4070.368414  0.9204959
4070.991221  0.8101525
4071.614028  0.7377314
4072.236835  0.7807706
4072.859642  0.885123
4073.482449  0.9506695
4074.105256  0.9430863
4074.728063  0.9152337
4075.35087  0.8829364
4075.973677  0.8341032
4076.596484  0.7684731
4077.219291  0.7278401
4077.842098  0.7365138
4078.464905  0.7811394
4079.087712  0.8230163
4079.710519  0.8681607
4080.333326  0.9252813
4080.956133  0.9728101
4081.57894  0.9818346
4082.201747  0.9536844
4082.824554  0.9074757
4083.447361  0.8653554
4084.070168  0.8384029
4084.692975  0.8338065
4085.315782  0.8549612
4085.938589  0.8868226
4086.561396  0.9230807
4087.184203  0.9638036
4087.80701  0.9977218
4088.429817  1.009523
4089.052624  0.9983392
4089.675431  0.9809768
4090.298238  0.9705336
4090.921045  0.9583789
4091.543852  0.9285197
4092.166659  0.8945373
4092.789466  0.9018863
4093.412273  0.949307
4094.03508  0.960834
4094.657887  0.9255791
4095.280694  0.8749441
4095.903501  0.8413151
4096.526308  0.8355531
4097.149115  0.839551
4097.771922  0.8333329
4098.394729  0.8240766
4099.017536  0.8153873
4099.640343  0.7850772
4100.26315  0.7041243
4100.885957  0.5957868
4101.508764  0.5240504
4102.131571  0.5436036
4102.754378  0.6307083
4103.377185  0.7201558
4103.999992  0.7768642
4104.622799  0.8175547
4105.245606  0.8564004
4105.868413  0.8853398
4106.49122  0.8937582
4107.114027  0.8971327
4107.736834  0.9015421
4108.359641  0.8988892
4108.982448  0.8875964
4109.605255  0.8765568
4110.228062  0.8758535
4110.850869  0.8897991
4111.473676  0.9009578
4112.096483  0.9093524
4112.71929  0.9300863
4113.342097  0.9618099
4113.964904  0.9744187
4114.587711  0.9680783
4115.210518  0.9754574
4115.833325  0.9967773
4116.456132  1.017488
4117.078939  1.014647
4117.701746  0.967627
4118.324553  0.8987276
4118.94736  0.8635446
4119.570167  0.8968199
4120.192974  0.9435006
4120.815781  0.9569901
4121.438588  0.941663
4122.061395  0.9265531
4122.684202  0.9170468
4123.307009  0.9209176
4123.929816  0.9509172
4124.552623  0.9804661
4125.17543  0.9783285
4125.798237  0.9445776
4126.421044  0.9247413
4127.043851  0.9132504
4127.666658  0.8944461
4128.289465  0.8959455
4128.912272  0.9115516
4129.535079  0.9279832
4130.157886  0.9481549
4130.780693  0.9453835
4131.4035  0.8925738
4132.026307  0.8232594
4132.649114  0.8181993
4133.271921  0.8416738
4133.894728  0.8453197
4134.517535  0.8600428
4135.140342  0.9265941
4135.763149  0.9954436
4136.385956  0.99828
4137.008763  0.9749039
4137.63157  0.976411
4138.254377  1.009218
4138.877184  1.03336
4139.499991  1.031911
4140.122798  1.021562
4140.745605  1.020822
4141.368412  0.9999303
4141.991219  0.9437403
4142.614026  0.8631971
4143.236833  0.7880301
4143.85964  0.7822388
4144.482447  0.8582106
4145.105254  0.9450301
4145.728061  0.9840097
4146.350868  0.9852264
4146.973675  0.9844642
4147.596482  0.9910483
4148.219289  0.9897682
4148.842096  0.9609809
4149.464903  0.9214805
4150.08771  0.9234108
4150.710517  0.9574038
4151.333324  0.9709833
4151.956131  0.9618326
4152.578938  0.9544205
4153.201745  0.9388042
4153.824552  0.8820627
4154.447359  0.8597977
4155.070166  0.8966223
4155.692973  0.9186271
4156.31578  0.8976188
4156.938587  0.8889267
4157.561394  0.9237527
4158.184201  0.9471301
4158.807008  0.9601793
4159.429815  0.9790262
4160.052622  0.9888895
4160.675429  0.9720584
4161.298236  0.9635618
4161.921043  0.9978852
4162.54385  1.032272
4163.166657  1.032112
4163.789464  1.013187
4164.412271  1.007279
4165.035078  1.015339
4165.657885  1.022746
4166.280692  0.9992737
4166.903499  0.9326188
4167.526306  0.8895397
4168.149113  0.9184965
4168.77192  0.9732345
4169.394727  1.002411
4170.017534  0.9965791
4170.640341  0.962903
4171.263148  0.8977908
4171.885955  0.8254489
4172.508762  0.7834079
4173.131569  0.787738
4173.754376  0.8289176
4174.377183  0.8752087
4174.99999  0.9004446
4175.622797  0.9198019
4176.245604  0.9275919
4176.868411  0.9078189
4177.491218  0.8769783
4178.114025  0.8749581
4178.736832  0.9088235
4179.359639  0.9542961
4179.982446  0.9927191
4180.605253  0.9901471
4181.22806  0.9359462
4181.850867  0.8846215
4182.473674  0.8754326
4183.096481  0.8936172
4183.719288  0.902411
4184.342095  0.9224803
4184.964902  0.9629857
4185.587709  0.9813888
4186.210516  0.9305958
4186.833323  0.8440888
4187.45613  0.8010058
4188.078937  0.8309601
4188.701744  0.892321
4189.324551  0.9496429
4189.947358  0.9852752
4190.570165  0.967607
4191.192972  0.9203774
4191.815779  0.9133449
4192.438586  0.9727662
4193.061393  1.039559
4193.6842  1.053674
4194.307007  1.007642
4194.929814  0.9336258
4195.552621  0.8889437
4196.175428  0.9000791
4196.798235  0.927225
4197.421042  0.9024745
4198.043849  0.8255528
4198.666656  0.7882591
4199.289463  0.8355601
4199.91227  0.8989998
4200.535077  0.9027348
4201.157884  0.8644257
4201.780691  0.8285158
4202.403498  0.8398994
4203.026305  0.8923484
4203.649112  0.9221557
4204.271919  0.9164667
4204.894726  0.9178826
4205.517533  0.936371
4206.14034  0.9494867
4206.763147  0.9537842
4207.385954  0.977169
4208.008761  1.003218
4208.631568  1.002599
4209.254375  0.9737651
4209.877182  0.9432811
4210.499989  0.9405547
4211.122796  0.9709051
4211.745603  1.003895
4212.36841  1.017063
4212.991217  1.015488
4213.614024  1.017178
4214.236831  1.005497
4214.859638  0.9485675
4215.482445  0.8689902
4216.105252  0.8504966
4216.728059  0.8927978
4217.350866  0.9356417
4217.973673  0.9512783
4218.59648  0.9494592
4219.219287  0.9498053
4219.842094  0.9709419
4220.464901  1.006926
4221.087708  1.025234
4221.710515  1.00707
4222.333322  0.9692385
4222.956129  0.9330642
4223.578936  0.89974
4224.201743  0.8638231
4224.82455  0.8246347
4225.447357  0.7494391
4226.070164  0.6232662
4226.692971  0.5339167
4227.315778  0.5945384
4227.938585  0.7807193
4228.561392  0.9351543
4229.184199  0.9751901
4229.807006  0.9625391
4230.429813  0.9747053
4231.05262  0.9974097
4231.675427  0.9993196
4232.298234  0.9553124
4232.921041  0.8897662
4233.543848  0.8860762
4234.166655  0.9385619
4234.789462  0.947956
4235.412269  0.8766082
4236.035076  0.8071088
4236.657883  0.8137088
4237.28069  0.8602021
4237.903497  0.8918263
4238.526304  0.8890836
4239.149111  0.8642742
4239.771918  0.8586007
4240.394725  0.8991173
4241.017532  0.9591235
4241.640339  0.9717561
4242.263146  0.91739
4242.885953  0.8699457
4243.50876  0.8999992
4244.131567  0.961533
4244.754374  0.9897869
4245.377181  0.9790167
4245.999988  0.9483248
4246.622795  0.900259
4247.245602  0.8531372
4247.868409  0.8358917
4248.491216  0.8445039
4249.114023  0.8424964
4249.73683  0.8100318
4250.359637  0.7909015
4250.982444  0.8443614
4251.605251  0.9399609
4252.228058  0.9924034
4252.850865  0.983358
4253.473672  0.928143
4254.096479  0.8612329
4254.719286  0.8263624
4255.342093  0.8405368
4255.9649  0.9033974
4256.587707  0.9825081
4257.210514  1.010083
4257.833321  0.9613575
4258.456128  0.8913482
4259.078935  0.8426381
4259.701742  0.7876647
4260.324549  0.7327497
4260.947356  0.7417717
4261.570163  0.8184868
4262.19297  0.9118271
4262.815777  0.9756501
4263.438584  0.9865993
4264.061391  0.9608319
4264.684198  0.9487848
4265.307005  0.9736012
4265.929812  0.9983582
4266.552619  0.9775716
4267.175426  0.9205366
4267.798233  0.8881219
4268.42104  0.898102
4269.043847  0.9087462
4269.666654  0.8911076
4270.289461  0.8335686
4270.912268  0.7308943
4271.535075  0.6594943
4272.157882  0.7096397
4272.780689  0.8068367
4273.403496  0.8315664
4274.026303  0.7922038
4274.64911  0.7608371
4275.271917  0.7901978
4275.894724  0.867976
4276.517531  0.9345433
4277.140338  0.9627228
4277.763145  0.9740162
4278.385952  0.9715099
4279.008759  0.9295967
4279.631566  0.8525946
4280.254373  0.8072554
4280.87718  0.8379271
4281.499987  0.8840761
4282.122794  0.8872284
4282.745601  0.89152
4283.368408  0.9238295
4283.991215  0.9368792
4284.614022  0.8906901
4285.236829  0.823691
4285.859636  0.7872699
4286.482443  0.7966395
4287.10525  0.8312191
4287.728057  0.8550921
4288.350864  0.8317267
4288.973671  0.7620257
4289.596478  0.7062877
4290.219285  0.7033633
4290.842092  0.7407799
4291.464899  0.7954293
4292.087706  0.8582514
4292.710513  0.9064735
4293.33332  0.9033794
4293.956127  0.8565314
4294.578934  0.8204343
4295.201741  0.8289694
4295.824548  0.8370563
4296.447355  0.8012131
4297.070162  0.7522382
4297.692969  0.7324989
4298.315776  0.6958991
4298.938583  0.6151009
4299.56139  0.5498752
4300.184197  0.5528536
4300.807004  0.610758
4301.429811  0.6514398
4302.052618  0.6347293
4302.675425  0.6076871
4303.298232  0.6213319
4303.921039  0.6581527
4304.543846  0.6740241
4305.166653  0.6669503
4305.78946  0.6714948
4306.412267  0.6835664
4307.035074  0.6413728
4307.657881  0.5560654
4308.280688  0.5186989
4308.903495  0.5440376
4309.526302  0.5845749
4310.149109  0.610083
4310.771916  0.6242641
4311.394723  0.6363035
4312.01753  0.6625531
4312.640337  0.7163302
4313.263144  0.7718081
4313.885951  0.7936986
4314.508758  0.8046426
4315.131565  0.8737212
4315.754372  0.9825914
4316.377179  1.054585
4316.999986  1.070877
4317.622793  1.051377
4318.2456  1.02656
4318.868407  1.025589
4319.491214  1.034179
4320.114021  1.010195
4320.736828  0.9699987
4321.359635  0.9706956
4321.982442  0.9739212
4322.605249  0.9040529
4323.228056  0.7897729
4323.850863  0.7226996
4324.47367  0.6925809
4325.096477  0.6517956
4325.719284  0.6533824
4326.342091  0.7364404
4326.964898  0.850575
4327.587705  0.9355903
4328.210512  0.9863921
4328.833319  1.007914
4329.456126  0.9939879
4330.078933  0.9590433
4330.70174  0.940339
4331.324547  0.9555871
4331.947354  0.9807324
4332.570161  0.9834574
4333.192968  0.9727804
4333.815775  0.9719811
4334.438582  0.9767048
4335.061389  0.9836152
4335.684196  0.9769184
4336.307003  0.9256113
4336.92981  0.8313113
4337.552617  0.7508544
4338.175424  0.7238218
4338.798231  0.6952571
4339.421038  0.6159632
4340.043845  0.529627
4340.666652  0.5265043
4341.289459  0.6244285
4341.912266  0.7490962
4342.535073  0.8182421
4343.15788  0.8238835
4343.780687  0.819073
4344.403494  0.8550084
4345.026301  0.9181086
4345.649108  0.9516984
4346.271915  0.9449795
4346.894722  0.9321402
4347.517529  0.9317385
4348.140336  0.9553014
4348.763143  1.000542
4349.38595  1.028931
4350.008757  1.000946
4350.631564  0.907403
4351.254371  0.7922682
4351.877178  0.7363279
4352.499985  0.7807484
4353.122792  0.880657
4353.745599  0.9406312
4354.368406  0.9358154
4354.991213  0.9165913
4355.61402  0.9203337
4356.236827  0.9535581
4356.859634  0.9940012
4357.482441  1.001024
4358.105248  0.9622909
4358.728055  0.9117399
4359.350862  0.8969997
4359.973669  0.9306349
4360.596476  0.991356
4361.219283  1.039314
4361.84209  1.038062
4362.464897  0.9984105
4363.087704  0.9705321
4363.710511  0.9896182
4364.333318  1.039355
4364.956125  1.071677
4365.578932  1.058685
4366.201739  1.006821
4366.824546  0.9450392
4367.447353  0.9190561
4368.07016  0.9431974
4368.692967  0.9736099
4369.315774  0.9719571
4369.938581  0.9492052
4370.561388  0.9391589
4371.184195  0.9519086
4371.807002  0.9716352
4372.429809  0.9728278
4373.052616  0.9416273
4373.675423  0.8883005
4374.29823  0.8405181
4374.921037  0.8276309
4375.543844  0.857686
4376.166651  0.9091786
4376.789458  0.955632
4377.412265  0.9867593
4378.035072  0.9979921
4378.657879  0.9921291
4379.280686  0.9808167
4379.903493  0.9700716
4380.5263  0.9739006
4381.149107  0.9915349
4381.771914  0.9570118
4382.394721  0.8222957
4383.017528  0.6587104
4383.640335  0.5937987
4384.263142  0.6361756
4384.885949  0.7341267
4385.508756  0.8515431
4386.131563  0.9297858
4386.75437  0.9402435
4387.377177  0.9190392
4387.999984  0.912469
4388.622791  0.9154071
4389.245598  0.9071509
4389.868405  0.8921248
4390.491212  0.8851525
4391.114019  0.9008731
4391.736826  0.9393418
4392.359633  0.9732907
4392.98244  0.9733745
4393.605247  0.9410834
4394.228054  0.8989711
4394.850861  0.8714563
4395.473668  0.8891042
4396.096475  0.9562976
4396.719282  1.015633
4397.342089  1.030737
4397.964896  1.018581
4398.587703  0.9968573
4399.21051  0.9551101
4399.833317  0.8980783
4400.456124  0.8575348
4401.078931  0.8761427
4401.701738  0.9473522
4402.324545  1.008985
4402.947352  0.996375
4403.570159  0.8982714
4404.192966  0.7904767
4404.815773  0.7764679
4405.43858  0.8637555
4406.061387  0.9578533
4406.684194  0.9746715
4407.307001  0.930003
4407.929808  0.888782
4408.552615  0.8971018
4409.175422  0.9486445
4409.798229  0.9959857
4410.421036  1.018905
4411.043843  1.03563
4411.66665  1.055587
4412.289457  1.074437
4412.912264  1.07986
4413.535071  1.040008
4414.157878  0.9438865
4414.780685  0.8588626
4415.403492  0.8594391
4416.026299  0.9179083
4416.649106  0.9584613
4417.271913  0.9617595
4417.89472  0.9767612
4418.517527  1.022276
4419.140334  1.072883
4419.763141  1.09286
4420.385948  1.079902
4421.008755  1.043629
4421.631562  0.9912559
4422.254369  0.9556171
4422.877176  0.9652485
4423.499983  0.9985782
4424.12279  1.016912
4424.745597  1.006397
4425.368404  0.9934354
4425.991211  0.9969174
4426.614018  0.9911433
4427.236825  0.9944798
4427.859632  1.029095
4428.482439  1.065546
4429.105246  1.048636
4429.728053  0.9901454
4430.35086  0.9567724
4430.973667  0.9777321
4431.596474  1.012326
4432.219281  1.019161
4432.842088  1.000693
4433.464895  0.9688604
4434.087702  0.9247184
4434.710509  0.8766814
4435.333316  0.8735987
4435.956123  0.9258956
4436.57893  0.9947107
4437.201737  1.042235
4437.824544  1.068343
4438.447351  1.080929
4439.070158  1.077148
4439.692965  1.057908
4440.315772  1.029724
4440.938579  0.9950551
4441.561386  0.9554715
4442.184193  0.9189912
4442.807  0.9012744
4443.429807  0.9151914
4444.052614  0.9615886
4444.675421  1.024925
4445.298228  1.073849
4445.921035  1.071254
4446.543842  1.026676
4447.166649  0.9913888
4447.789456  1.006358
4448.412263  1.040098
4449.03507  1.047524
4449.657877  1.019503
4450.280684  0.9915457
4450.903491  0.9963421
4451.526298  1.025539
4452.149105  1.039333
4452.771912  1.029194
4453.394719  0.9840809
4454.017526  0.9049501
4454.640333  0.8451439
4455.26314  0.844165
4455.885947  0.8898383
4456.508754  0.9319525
4457.131561  0.946902
4457.754368  0.935193
4458.377175  0.9138412
4458.999982  0.9129781
4459.622789  0.9392923
4460.245596  0.9566559
4460.868403  0.9242701
4461.49121  0.8887685
4462.114017  0.9099503
4462.736824  0.9754822
4463.359631  1.014649
4463.982438  1.00642
4464.605245  0.9924175
4465.228052  0.9943694
4465.850859  0.9964929
4466.473666  0.995986
4467.096473  1.004759
4467.71928  0.9955773
4468.342087  0.9610606
4468.964894  0.9343913
4469.587701  0.936772
4470.210508  0.9580983
4470.833315  0.9877836
4471.456122  1.024116
4472.078929  1.042414
4472.701736  1.047326
4473.324543  1.065746
4473.94735  1.082135
4474.570157  1.072575
4475.192964  1.042882
4475.815771  1.026444
4476.438578  1.046533
4477.061385  1.08392
4477.684192  1.100873
4478.306999  1.089295
4478.929806  1.050561
4479.552613  0.995455
4480.17542  0.9450929
4480.798227  0.9055598
4481.421034  0.8862137
4482.043841  0.903912
4482.666648  0.9573243
4483.289455  1.011659
4483.912262  1.040423
4484.535069  1.05533
4485.157876  1.06627
4485.780683  1.07618
4486.40349  1.08012
4487.026297  1.069045
4487.649104  1.037711
4488.271911  0.9941941
4488.894718  0.669715
4489.517525  0.3816144
4490.140332  0.382528
4490.763139  0.3900368
4491.385946  0.4032487
4492.008753  0.4162778
4492.63156  0.421855
4493.254367  0.4183761
4493.877174  0.4085199
4494.499981  0.3980362
4495.122788  0.3952638
4495.745595  0.3955355
4496.368402  0.400618
4496.991209  0.4067556
4497.614016  0.4127334
4498.236823  0.4199872
4498.85963  0.4256528
4499.482437  0.426379
4500.105244  0.4196388
4500.728051  0.4123763
4501.350858  0.4069198
4501.973665  0.4085399
4502.596472  0.416326
4503.219279  0.4291008
4503.842086  0.4386997
4504.464893  0.4412728
4505.0877  0.4410153
4505.710507  0.4403808
4506.333314  0.4412191
4506.956121  0.4377862
4507.578928  0.4297055
4508.201735  0.1979102
4508.824542  0.1950358
