3820.  0.1601101
3820.622807  0.1224209
3821.245614  0.1314225
3821.868421  0.1695624
3822.491228  0.2134918
3823.114035  0.2407025
3823.736842  0.2264672
3824.359649  0.1853676
3824.982456  0.1465414
3825.605263  0.1283419
3826.22807  0.126515
3826.850877  0.1348312
3827.473684  0.149535
3828.096491  0.1645631
3828.719298  0.1764773
3829.342105  0.188219
3829.964912  0.2064702
3830.587719  0.2212659
3831.210526  0.2206653
3831.833333  0.2011767
3832.45614  0.173552
3833.078947  0.1552233
3833.701754  0.1514068
3834.324561  0.1483104
3834.947368  0.1669044
3835.570175  0.206833
3836.192982  0.2390324
3836.815789  0.2476839
3837.438596  0.2284852
3838.061403  0.1931504
3838.68421  0.1671706
3839.307017  0.1570452
3839.929824  0.1517467
3840.552631  0.1404706
3841.175438  0.1502103
3841.798245  0.1916081
3842.421052  0.2472569
3843.043859  0.2821069
3843.666666  0.2931561
3844.289473  0.2936524
3844.91228  0.2934598
3845.535087  0.2772489
3846.157894  0.2522515
3846.780701  0.2409074
3847.403508  0.2508441
3848.026315  0.2590246
3848.649122  0.2470794
3849.271929  0.2225137
3849.894736  0.1922376
3850.517543  0.1770036
3851.14035  0.1951697
3851.763157  0.2334274
3852.385964  0.2613128
3853.008771  0.2539363
3853.631578  0.2143064
3854.254385  0.199119
3854.877192  0.2155412
3855.499999  0.2200608
3856.122806  0.2031855
3856.745613  0.1892564
3857.36842  0.1961263
3857.991227  0.2016578
3858.614034  0.1859238
3859.236841  0.1541635
3859.859648  0.131728
3860.482455  0.1281156
3861.105262  0.1478868
3861.728069  0.1887324
3862.350876  0.2383565
3862.973683  0.2663044
3863.59649  0.2702351
3864.219297  0.2756928
3864.842104  0.2597791
3865.464911  0.2345521
3866.087718  0.2273745
3866.710525  0.2308238
3867.333332  0.229668
3867.956139  0.2226874
3868.578946  0.2231492
3869.201753  0.2132464
3869.82456  0.1891917
3870.447367  0.1640316
3871.070174  0.1492952
3871.692981  0.1479064
3872.315788  0.1589672
3872.938595  0.182706
3873.561402  0.2213505
3874.184209  0.2712699
3874.807016  0.3176922
3875.429823  0.3336587
3876.05263  0.3236933
3876.675437  0.3009677
3877.298244  0.2634307
3877.921051  0.2100487
3878.543858  0.1765783
3879.166665  0.2035045
3879.789472  0.2433605
3880.412279  0.2555507
3881.035086  0.2322158
3881.657893  0.1988735
3882.2807  0.1737247
3882.903507  0.1934599
3883.526314  0.2864847
3884.149121  0.3810786
3884.771928  0.4012155
3885.394735  0.3287397
3886.017542  0.23216
3886.640349  0.192453
3887.263156  0.2314158
3887.885963  0.2939992
3888.50877  0.3088868
3889.131577  0.2985663
3889.754384  0.3230599
3890.377191  0.360357
3890.999998  0.4047618
3891.622805  0.4523933
3892.245612  0.4870136
3892.868419  0.4806482
3893.491226  0.4574968
3894.114033  0.4534824
3894.73684  0.4251174
3895.359647  0.3707169
3895.982454  0.3422085
3896.605261  0.4035398
3897.228068  0.4569339
3897.850875  0.4489528
3898.473682  0.4129206
3899.096489  0.3743711
3899.719296  0.3471622
3900.342103  0.3507542
3900.96491  0.4137871
3901.587717  0.4658158
3902.210524  0.4489815
3902.833331  0.3827119
3903.456138  0.3724243
3904.078945  0.4095595
3904.701752  0.4164127
3905.324559  0.3582645
3905.947366  0.2980606
3906.570173  0.295772
3907.19298  0.3474259
3907.815787  0.3957662
3908.438594  0.4302764
3909.061401  0.4628589
3909.684208  0.4656769
3910.307015  0.4483595
3910.929822  0.4444981
3911.552629  0.4778633
3912.175436  0.498103
3912.798243  0.4936527
3913.42105  0.4873907
3914.043857  0.4729539
3914.666664  0.4683576
3915.289471  0.4725352
3915.912278  0.44978
3916.535085  0.4198107
3917.157892  0.4089507
3917.780699  0.4209535
3918.403506  0.4259331
3919.026313  0.4085011
3919.64912  0.3677237
3920.271927  0.3125783
3920.894734  0.2777553
3921.517541  0.2774049
3922.140348  0.2933961
3922.763155  0.2998119
3923.385962  0.3141274
3924.008769  0.3503764
3924.631576  0.3689829
3925.254383  0.3508551
3925.87719  0.3146515
3926.499997  0.2965027
3927.122804  0.2789033
3927.745611  0.2430876
3928.368418  0.1952739
3928.991225  0.1724291
3929.614032  0.1647252
3930.236839  0.1525756
3930.859646  0.1328044
3931.482453  0.1113849
3932.10526  0.09360903
3932.728067  0.08027314
3933.350874  0.06878303
3933.973681  0.06614511
3934.596488  0.07419682
3935.219295  0.08431262
3935.842102  0.1030954
3936.464909  0.1305164
3937.087716  0.1574208
3937.710523  0.175073
3938.33333  0.1993334
3938.956137  0.2376477
3939.578944  0.2671459
3940.201751  0.2784079
3940.824558  0.2783687
3941.447365  0.2817024
3942.070172  0.2932185
3942.692979  0.2978637
3943.315786  0.2813818
3943.938593  0.2536005
3944.5614  0.2465762
3945.184207  0.2924743
3945.807014  0.38718
3946.429821  0.4369361
3947.052628  0.4256462
3947.675435  0.3959866
3948.298242  0.377679
3948.921049  0.3806727
3949.543856  0.4129027
3950.166663  0.4764025
3950.78947  0.5229811
3951.412277  0.5148172
3952.035084  0.4528243
3952.657891  0.3848953
3953.280698  0.3858222
3953.903505  0.4644435
3954.526312  0.5361871
3955.149119  0.5368513
3955.771926  0.4764825
3956.394733  0.4186494
3957.01754  0.4104597
3957.640347  0.4306895
3958.263154  0.4508566
3958.885961  0.4789962
3959.508768  0.5031293
3960.131575  0.4801309
3960.754382  0.3827645
3961.377189  0.2891034
3961.999996  0.2425699
3962.622803  0.2403909
3963.24561  0.253532
3963.868417  0.2544245
3964.491224  0.2419055
3965.114031  0.2298347
3965.736838  0.1986641
3966.359645  0.1567411
3966.982452  0.1226191
3967.605259  0.09464072
3968.228066  0.07728708
3968.850873  0.07354756
3969.47368  0.08272368
3970.096487  0.1076247
3970.719294  0.1420362
3971.342101  0.176535
3971.964908  0.2095925
3972.587715  0.2328338
3973.210522  0.2463835
3973.833329  0.2649204
3974.456136  0.3042241
3975.078943  0.3564609
3975.70175  0.3974429
3976.324557  0.4105554
3976.947364  0.4238309
3977.570171  0.4546509
3978.192978  0.4793327
3978.815785  0.5091581
3979.438592  0.5448131
3980.061399  0.5715004
3980.684206  0.5822573
3981.307013  0.5640222
3981.92982  0.5282026
3982.552627  0.5204771
3983.175434  0.5187616
3983.798241  0.5196286
3984.421048  0.5480404
3985.043855  0.5881483
3985.666662  0.6101365
3986.289469  0.6005316
3986.912276  0.5843787
3987.535083  0.6036969
3988.15789  0.6499193
3988.780697  0.6615611
3989.403504  0.6118557
3990.026311  0.5618253
3990.649118  0.5754161
3991.271925  0.6081813
3991.894732  0.6321849
3992.517539  0.6430074
3993.140346  0.6492456
3993.763153  0.6437866
3994.38596  0.6245593
3995.008767  0.6014389
3995.631574  0.5959297
3996.254381  0.5924231
3996.877188  0.5754793
3997.499995  0.5589697
3998.122802  0.5553911
3998.745609  0.5924992
3999.368416  0.6743209
3999.991223  0.7195684
4000.61403  0.7045126
4001.236837  0.6700429
4001.859644  0.6805879
4002.482451  0.7229416
4003.105258  0.7629735
4003.728065  0.7646124
4004.350872  0.6681785
4004.973679  0.5319739
4005.596486  0.4608035
4006.219293  0.4950568
4006.8421  0.5732692
4007.464907  0.6413851
4008.087714  0.6936679
4008.710521  0.7062709
4009.333328  0.6963592
4009.956135  0.6959173
4010.578942  0.7072813
4011.201749  0.6980142
4011.824556  0.6777714
4012.447363  0.7002671
4013.07017  0.718583
4013.692977  0.7103255
4014.315784  0.700469
4014.938591  0.729864
4015.561398  0.7701681
4016.184205  0.7743617
4016.807012  0.7301703
4017.429819  0.6748503
4018.052626  0.6606554
4018.675433  0.7050922
4019.29824  0.7419949
4019.921047  0.7409763
4020.543854  0.7151362
4021.166661  0.699439
4021.789468  0.6956756
4022.412275  0.707449
4023.035082  0.7321764
4023.657889  0.7188873
4024.280696  0.6781153
4024.903503  0.6573988
4025.52631  0.685421
4026.149117  0.7266315
4026.771924  0.7516962
4027.394731  0.7688873
4028.017538  0.8039466
4028.640345  0.831637
4029.263152  0.804248
4029.885959  0.7076638
4030.508766  0.5915775
4031.131573  0.5272499
4031.75438  0.5463371
4032.377187  0.5536014
4032.999994  0.530404
4033.622801  0.5226782
4034.245608  0.5391671
4034.868415  0.5806162
4035.491222  0.6369231
4036.114029  0.6908356
4036.736836  0.7473704
4037.359643  0.7905855
4037.98245  0.7995059
4038.605257  0.7983432
4039.228064  0.7775795
4039.850871  0.7318766
4040.473678  0.6946671
4041.096485  0.685065
4041.719292  0.7170225
4042.342099  0.7768055
4042.964906  0.7814883
4043.587713  0.710039
4044.21052  0.5869882
4044.833327  0.4432661
4045.456134  0.3386501
4046.078941  0.3329883
4046.701748  0.444971
4047.324555  0.5996909
4047.947362  0.7051355
4048.570169  0.7249226
4049.192976  0.7203705
4049.815783  0.7364497
4050.43859  0.7712455
4051.061397  0.7829791
4051.684204  0.7466777
4052.307011  0.7045057
4052.929818  0.7031885
4053.552625  0.6987019
4054.175432  0.6694474
4054.798239  0.6307965
4055.421046  0.6209089
4056.043853  0.6531448
4056.66666  0.6625487
4057.289467  0.5920118
4057.912274  0.5483803
4058.535081  0.5627991
4059.157888  0.6135532
4059.780695  0.6759747
4060.403502  0.7279124
4061.026309  0.747981
4061.649116  0.716556
4062.271923  0.6204889
4062.89473  0.4853462
4063.517537  0.3848368
4064.140344  0.4135405
4064.763151  0.5435395
4065.385958  0.6631432
4066.008765  0.670314
4066.631572  0.6190488
4067.254379  0.5958683
4067.877186  0.6434298
4068.499993  0.7181866
4069.1228  0.7789406
4069.745607  0.7952737
4070.368414  0.7469652
4070.991221  0.6017343
4071.614028  0.4793015
4072.236835  0.5200343
4072.859642  0.6577343
4073.482449  0.7678154
4074.105256  0.7802169
4074.728063  0.7302597
4075.35087  0.655854
4075.973677  0.5736849
4076.596484  0.4931345
4077.219291  0.4595983
4077.842098  0.4863406
4078.464905  0.5530116
4079.087712  0.6220887
4079.710519  0.6880707
4080.333326  0.7570026
4080.956133  0.8240098
4081.57894  0.8531235
4082.201747  0.8229824
4082.824554  0.752779
4083.447361  0.7023359
4084.070168  0.6798586
4084.692975  0.6734003
4085.315782  0.6771573
4085.938589  0.7033361
4086.561396  0.7512203
4087.184203  0.8061118
4087.80701  0.8505159
4088.429817  0.8819195
4089.052624  0.8858336
4089.675431  0.8444143
4090.298238  0.8154819
4090.921045  0.8144431
4091.543852  0.8060696
4092.166659  0.7497022
4092.789466  0.7491541
4093.412273  0.8301884
4094.03508  0.8487027
4094.657887  0.7914665
4095.280694  0.7065843
4095.903501  0.6506861
4096.526308  0.6398227
4097.149115  0.6663181
4097.771922  0.7025736
4098.394729  0.7159995
4099.017536  0.7262
4099.640343  0.7118336
4100.26315  0.6328644
4100.885957  0.5529581
4101.508764  0.5238858
4102.131571  0.5600137
4102.754378  0.6369477
4103.377185  0.6868142
4103.999992  0.685844
4104.622799  0.6788852
4105.245606  0.7274395
4105.868413  0.7949726
4106.49122  0.8129928
4107.114027  0.7898077
4107.736834  0.7672238
4108.359641  0.7588891
4108.982448  0.7356905
4109.605255  0.700775
4110.228062  0.6759318
4110.850869  0.6757184
4111.473676  0.6797711
4112.096483  0.6908962
4112.71929  0.7199371
4113.342097  0.766421
4113.964904  0.7868485
4114.587711  0.7829115
4115.210518  0.7865649
4115.833325  0.7869871
4116.456132  0.7922674
4117.078939  0.7925608
4117.701746  0.7415113
4118.324553  0.6608345
4118.94736  0.613992
4119.570167  0.6484653
4120.192974  0.714328
4120.815781  0.7503927
4121.438588  0.7375234
4122.061395  0.7196402
4122.684202  0.6934114
4123.307009  0.6777706
4123.929816  0.7150239
4124.552623  0.7769554
4125.17543  0.7979515
4125.798237  0.7545192
4126.421044  0.7292298
4127.043851  0.7085344
4127.666658  0.6833269
4128.289465  0.6884958
4128.912272  0.6849183
4129.535079  0.6721905
4130.157886  0.6768927
4130.780693  0.6894906
4131.4035  0.6393534
4132.026307  0.5466527
4132.649114  0.554305
4133.271921  0.5846993
4133.894728  0.5834238
4134.517535  0.5865008
4135.140342  0.6684361
4135.763149  0.7695711
4136.385956  0.7971886
4137.008763  0.7465051
4137.63157  0.7225885
4138.254377  0.7561666
4138.877184  0.7815799
4139.499991  0.7795178
4140.122798  0.7768825
4140.745605  0.781678
4141.368412  0.7300636
4141.991219  0.6269889
4142.614026  0.5089483
4143.236833  0.4218728
4143.85964  0.4316947
4144.482447  0.5268551
4145.105254  0.637557
4145.728061  0.7019163
4146.350868  0.7118676
4146.973675  0.7033741
4147.596482  0.716443
4148.219289  0.7110916
4148.842096  0.669074
4149.464903  0.6157308
4150.08771  0.5997773
4150.710517  0.6188013
4151.333324  0.6387811
4151.956131  0.634188
4152.578938  0.6476029
4153.201745  0.6605872
4153.824552  0.6262466
4154.447359  0.6181049
4155.070166  0.6335521
4155.692973  0.6312114
4156.31578  0.601259
4156.938587  0.604627
4157.561394  0.6575133
4158.184201  0.7125814
4158.807008  0.749514
4159.429815  0.7647861
4160.052622  0.7572881
4160.675429  0.7198977
4161.298236  0.7159757
4161.921043  0.7660018
4162.54385  0.8128108
4163.166657  0.8045502
4163.789464  0.7520487
4164.412271  0.7080781
4165.035078  0.712257
4165.657885  0.72861
4166.280692  0.7020983
4166.903499  0.6247958
4167.526306  0.6034015
4168.149113  0.6569611
4168.77192  0.7172608
4169.394727  0.7425313
4170.017534  0.760402
4170.640341  0.7729887
4171.263148  0.7122849
4171.885955  0.6103238
4172.508762  0.5356826
4173.131569  0.5363566
4173.754376  0.5902314
4174.377183  0.6378173
4174.99999  0.6491933
4175.622797  0.6610281
4176.245604  0.6558545
4176.868411  0.6225561
4177.491218  0.5835778
4178.114025  0.5874985
4178.736832  0.6274003
4179.359639  0.6621619
4179.982446  0.666403
4180.605253  0.6503402
4181.22806  0.6352293
4181.850867  0.634276
4182.473674  0.643558
4183.096481  0.6662549
4183.719288  0.7101086
4184.342095  0.7733939
4184.964902  0.8252836
4185.587709  0.8202003
4186.210516  0.7339172
4186.833323  0.6304656
4187.45613  0.5958695
4188.078937  0.6609698
4188.701744  0.7306541
4189.324551  0.7632921
4189.947358  0.7604514
4190.570165  0.7345362
4191.192972  0.6928214
4191.815779  0.6857743
4192.438586  0.7557438
4193.061393  0.8072232
4193.6842  0.802398
4194.307007  0.7526997
4194.929814  0.6719069
4195.552621  0.5998096
4196.175428  0.5666144
4196.798235  0.5716833
4197.421042  0.5805606
4198.043849  0.5799413
4198.666656  0.5922374
4199.289463  0.6613634
4199.91227  0.7074734
4200.535077  0.6775584
4201.157884  0.6184751
4201.780691  0.5762087
4202.403498  0.5942569
4203.026305  0.6694517
4203.649112  0.7111706
4204.271919  0.7050966
4204.894726  0.6976302
4205.517533  0.7392938
4206.14034  0.776645
4206.763147  0.7974839
4207.385954  0.8317162
4208.008761  0.8568101
4208.631568  0.8395871
4209.254375  0.780404
4209.877182  0.7319716
4210.499989  0.730155
4211.122796  0.7640817
4211.745603  0.7899246
4212.36841  0.788724
4212.991217  0.7677005
4213.614024  0.7318034
4214.236831  0.6611913
4214.859638  0.5608389
4215.482445  0.5041665
4216.105252  0.5848084
4216.728059  0.7431657
4217.350866  0.8734031
4217.973673  0.9138032
4218.59648  0.9103445
4219.219287  0.903716
4219.842094  0.9185237
4220.464901  0.954241
4221.087708  0.9709729
4221.710515  0.9317259
4222.333322  0.8407348
4222.956129  0.7701996
4223.578936  0.7327426
4224.201743  0.6956221
4224.82455  0.6194032
4225.447357  0.4937658
4226.070164  0.3526383
4226.692971  0.27581
4227.315778  0.373696
4227.938585  0.5991527
4228.561392  0.8041301
4229.184199  0.8633222
4229.807006  0.8552012
4230.429813  0.8764986
4231.05262  0.9316828
4231.675427  0.9136978
4232.298234  0.8223413
4232.921041  0.7423441
4233.543848  0.7408026
4234.166655  0.7958534
4234.789462  0.8164137
4235.412269  0.7287025
4236.035076  0.6619569
4236.657883  0.6755923
4237.28069  0.7289597
4237.903497  0.7604112
4238.526304  0.7585103
4239.149111  0.741751
4239.771918  0.7348791
4240.394725  0.7909106
4241.017532  0.8721581
4241.640339  0.8886915
4242.263146  0.8252518
4242.885953  0.7841354
4243.50876  0.8428754
4244.131567  0.9427145
4244.754374  0.9784712
4245.377181  0.9410065
4245.999988  0.9007612
4246.622795  0.83886
4247.245602  0.7780842
4247.868409  0.7485069
4248.491216  0.7359176
4249.114023  0.7143632
4249.73683  0.6696033
4250.359637  0.6245962
4250.982444  0.6676478
4251.605251  0.7716446
4252.228058  0.8426106
4252.850865  0.8408245
4253.473672  0.7619309
4254.096479  0.6659848
4254.719286  0.645371
4255.342093  0.6831145
4255.9649  0.7762915
4256.587707  0.9030612
4257.210514  0.9395219
4257.833321  0.8653924
4258.456128  0.7571004
4259.078935  0.7142493
4259.701742  0.6551982
4260.324549  0.5798481
4260.947356  0.5803923
4261.570163  0.6765925
4262.19297  0.8121831
4262.815777  0.9091082
4263.438584  0.9320511
4264.061391  0.9197719
4264.684198  0.9205952
4265.307005  0.9512924
4265.929812  0.9830812
4266.552619  0.9583136
4267.175426  0.8692709
4267.798233  0.814391
4268.42104  0.8045044
4269.043847  0.8000533
4269.666654  0.7546304
4270.289461  0.6651581
4270.912268  0.5402172
4271.535075  0.4390711
4272.157882  0.5017442
4272.780689  0.6309974
4273.403496  0.6822863
4274.026303  0.630466
4274.64911  0.5929146
4275.271917  0.6472566
4275.894724  0.7672767
4276.517531  0.8452919
4277.140338  0.8836483
4277.763145  0.9214347
4278.385952  0.9469329
4279.008759  0.8800758
4279.631566  0.7481116
4280.254373  0.6758976
4280.87718  0.7261721
4281.499987  0.8025091
4282.122794  0.8132449
4282.745601  0.8259709
4283.368408  0.852904
4283.991215  0.8519034
4284.614022  0.7788909
4285.236829  0.7009387
4285.859636  0.6774737
4286.482443  0.7196121
4287.10525  0.7842443
4287.728057  0.8178808
4288.350864  0.7721881
4288.973671  0.6426213
4289.596478  0.5633749
4290.219285  0.5779886
4290.842092  0.6328302
4291.464899  0.6806198
4292.087706  0.7571207
4292.710513  0.8464714
4293.33332  0.8342087
4293.956127  0.7513115
4294.578934  0.6994221
4295.201741  0.7385064
4295.824548  0.7588146
4296.447355  0.7224368
4297.070162  0.667561
4297.692969  0.6477447
4298.315776  0.5908686
4298.938583  0.484527
4299.56139  0.4129803
4300.184197  0.4314308
4300.807004  0.5121567
4301.429811  0.5740034
4302.052618  0.549849
4302.675425  0.5098032
4303.298232  0.5185565
4303.921039  0.5566195
4304.543846  0.5650191
4305.166653  0.5404372
4305.78946  0.5217236
4306.412267  0.527565
4307.035074  0.4916928
4307.657881  0.4083712
4308.280688  0.3801117
4308.903495  0.4091749
4309.526302  0.4509329
4310.149109  0.4700096
4310.771916  0.5000754
4311.394723  0.5345688
4312.01753  0.5725442
4312.640337  0.6465397
4313.263144  0.7118995
4313.885951  0.7320836
4314.508758  0.7366821
4315.131565  0.8497425
4315.754372  1.014622
4316.377179  1.11404
4316.999986  1.136079
4317.622793  1.110178
4318.2456  1.080103
4318.868407  1.071623
4319.491214  1.064341
4320.114021  1.023312
4320.736828  0.9619899
4321.359635  0.9752079
4321.982442  0.9833032
4322.605249  0.8971404
4323.228056  0.7376325
4323.850863  0.6277115
4324.47367  0.5644609
4325.096477  0.4856256
4325.719284  0.465513
4326.342091  0.5703407
4326.964898  0.7711137
4327.587705  0.9371826
4328.210512  1.036497
4328.833319  1.066113
4329.456126  1.031503
4330.078933  0.9532747
4330.70174  0.9199363
4331.324547  0.9708368
4331.947354  1.016428
4332.570161  1.010829
4333.192968  0.9847889
4333.815775  1.005432
4334.438582  1.05542
4335.061389  1.113739
4335.684196  1.137391
4336.307003  1.04501
4336.92981  0.8779814
4337.552617  0.751262
4338.175424  0.7501597
4338.798231  0.7591885
4339.421038  0.7049364
4340.043845  0.6236688
4340.666652  0.6340983
4341.289459  0.7579886
4341.912266  0.9115267
4342.535073  0.9693558
4343.15788  0.927008
4343.780687  0.8826197
4344.403494  0.9306008
4345.026301  1.01812
4345.649108  1.045833
4346.271915  0.9851682
4346.894722  0.9298392
4347.517529  0.9357615
4348.140336  1.009222
4348.763143  1.107964
4349.38595  1.149057
4350.008757  1.072785
4350.631564  0.8952954
4351.254371  0.7245972
4351.877178  0.6530293
4352.499985  0.71209
4353.122792  0.8487266
4353.745599  0.9292271
4354.368406  0.9292944
4354.991213  0.9126027
4355.61402  0.9296256
4356.236827  0.9821082
4356.859634  1.033578
4357.482441  1.035552
4358.105248  0.9582665
4358.728055  0.8593024
4359.350862  0.8302926
4359.973669  0.884529
4360.596476  0.9916048
4361.219283  1.085141
4361.84209  1.093728
4362.464897  1.029924
4363.087704  0.9712862
4363.710511  0.9970013
4364.333318  1.09766
4364.956125  1.167425
4365.578932  1.132146
4366.201739  1.048538
4366.824546  0.9450261
4367.447353  0.8727263
4368.07016  0.8871397
4368.692967  0.9435108
4369.315774  0.9756563
4369.938581  0.9573356
4370.561388  0.9408202
4371.184195  0.9587825
4371.807002  0.9909762
4372.429809  0.9767714
4373.052616  0.9073566
4373.675423  0.817963
4374.29823  0.7532263
4374.921037  0.7209933
4375.543844  0.7563406
4376.166651  0.8513433
4376.789458  0.9323091
4377.412265  0.9871889
4378.035072  1.0163
4378.657879  1.018827
4379.280686  0.9975188
4379.903493  0.965703
4380.5263  0.9493353
4381.149107  0.9682487
4381.771914  0.8997917
4382.394721  0.7038038
4383.017528  0.4852855
4383.640335  0.378393
4384.263142  0.4127862
4384.885949  0.5491639
4385.508756  0.7534559
4386.131563  0.8942246
4386.75437  0.9145844
4387.377177  0.8865642
4387.999984  0.8753929
4388.622791  0.8697948
4389.245598  0.833504
4389.868405  0.8011174
4390.491212  0.7848429
4391.114019  0.802847
4391.736826  0.8767575
4392.359633  0.9332931
4392.98244  0.9375418
4393.605247  0.9083852
4394.228054  0.8613014
4394.850861  0.825955
4395.473668  0.8467672
4396.096475  0.9585595
4396.719282  1.062391
4397.342089  1.085539
4397.964896  1.041226
4398.587703  0.9968066
4399.21051  0.9518934
4399.833317  0.8807375
4400.456124  0.8046848
4401.078931  0.8323697
4401.701738  0.9688982
4402.324545  1.07283
4402.947352  1.017578
4403.570159  0.8239356
4404.192966  0.6289364
4404.815773  0.5745001
4405.43858  0.6824642
4406.061387  0.8441358
4406.684194  0.899096
4407.307001  0.8506264
4407.929808  0.7859938
4408.552615  0.7936917
4409.175422  0.8793255
4409.798229  0.9861407
4410.421036  1.054564
4411.043843  1.073712
4411.66665  1.085411
4412.289457  1.114364
4412.912264  1.134247
4413.535071  1.074472
4414.157878  0.9189703
4414.780685  0.756635
4415.403492  0.7551772
4416.026299  0.8567136
4416.649106  0.946923
4417.271913  0.9757801
4417.89472  0.9992684
4418.517527  1.04783
4419.140334  1.104459
4419.763141  1.131639
4420.385948  1.102012
4421.008755  1.025996
4421.631562  0.9499232
4422.254369  0.8952098
4422.877176  0.8889681
4423.499983  0.9395515
4424.12279  1.003082
4424.745597  1.02198
4425.368404  0.9944686
4425.991211  0.9884097
4426.614018  0.9799719
4427.236825  0.9751803
4427.859632  1.008824
4428.482439  1.066037
4429.105246  1.033564
4429.728053  0.8949509
4430.35086  0.848662
4430.973667  0.9301382
4431.596474  1.044802
4432.219281  1.070336
4432.842088  1.026221
4433.464895  0.9530919
4434.087702  0.8782418
4434.710509  0.8121138
4435.333316  0.8022419
4435.956123  0.8664002
4436.57893  0.9643022
4437.201737  1.034132
4437.824544  1.088652
4438.447351  1.155255
4439.070158  1.165735
4439.692965  1.121558
4440.315772  1.050842
4440.938579  0.9703571
4441.561386  0.9083107
4442.184193  0.8799737
4442.807  0.8817453
4443.429807  0.8971286
4444.052614  0.9519393
4444.675421  1.055585
4445.298228  1.152611
4445.921035  1.160991
4446.543842  1.085985
4447.166649  1.026011
4447.789456  1.069424
4448.412263  1.147365
4449.03507  1.146636
4449.657877  1.070872
4450.280684  1.01544
4450.903491  1.037783
4451.526298  1.095532
4452.149105  1.105597
4452.771912  1.07362
4453.394719  1.034137
4454.017526  0.9365103
4454.640333  0.8475063
4455.26314  0.838097
4455.885947  0.894114
4456.508754  0.9426656
4457.131561  0.9498714
4457.754368  0.9309674
4458.377175  0.9056495
4458.999982  0.8845968
4459.622789  0.8796456
4460.245596  0.9019607
4460.868403  0.8625574
4461.49121  0.7834672
4462.114017  0.7878568
4462.736824  0.9039494
4463.359631  1.031208
4463.982438  1.065676
4464.605245  1.030349
4465.228052  1.013308
4465.850859  1.028019
4466.473666  1.011316
4467.096473  1.033692
4467.71928  1.062347
4468.342087  1.02488
4468.964894  0.9562467
4469.587701  0.9351428
4470.210508  0.9797964
4470.833315  1.021948
4471.456122  1.055663
4472.078929  1.082448
4472.701736  1.106347
4473.324543  1.146968
4473.94735  1.170913
4474.570157  1.150772
4475.192964  1.114364
4475.815771  1.121965
4476.438578  1.189523
4477.061385  1.267563
4477.684192  1.272118
4478.306999  1.214057
4478.929806  1.134185
4479.552613  1.025472
4480.17542  0.9667922
4480.798227  0.9577764
4481.421034  0.9196185
4482.043841  0.9198538
4482.666648  0.9884
4483.289455  1.091115
4483.912262  1.160631
4484.535069  1.18942
4485.157876  1.201234
4485.780683  1.215325
4486.40349  1.21741
4487.026297  1.186729
4487.649104  1.130845
4488.271911  0.4912948
4488.894718  0.
4489.517525  0.
4490.140332  0.
4490.763139  0.
4491.385946  0.
4492.008753  0.
4492.63156  0.
4493.254367  0.
4493.877174  0.
4494.499981  0.
4495.122788  0.
4495.745595  0.
4496.368402  0.
4496.991209  0.
4497.614016  0.
4498.236823  0.
4498.85963  0.
4499.482437  0.
4500.105244  0.
4500.728051  0.
4501.350858  0.
4501.973665  0.
4502.596472  0.
4503.219279  0.
4503.842086  0.
4504.464893  0.
4505.0877  0.
4505.710507  0.
4506.333314  0.
4506.956121  0.
4507.578928  0.
4508.201735  0.
4508.824542  0.
