3820.  0.
3820.622807  0.
3821.245614  0.
3821.868421  0.
3822.491228  0.
3823.114035  0.
3823.736842  0.
3824.359649  0.
3824.982456  0.
3825.605263  0.
3826.22807  0.
3826.850877  0.
3827.473684  0.
3828.096491  0.
3828.719298  0.
3829.342105  0.
3829.964912  0.
3830.587719  0.
3831.210526  0.
3831.833333  0.
3832.45614  0.
3833.078947  0.
3833.701754  0.
3834.324561  0.
3834.947368  0.
3835.570175  0.
3836.192982  0.
3836.815789  0.
3837.438596  0.
3838.061403  0.
3838.68421  0.3392613
3839.307017  0.5221035
3839.929824  0.5671263
3840.552631  0.5940883
3841.175438  0.6040425
3841.798245  0.6476868
3842.421052  0.7368049
3843.043859  0.7945334
3843.666666  0.7966959
3844.289473  0.79509
3844.91228  0.8397653
3845.535087  0.8563672
3846.157894  0.8419998
3846.780701  0.8390904
3847.403508  0.8834872
3848.026315  0.9602839
3848.649122  1.018384
3849.271929  1.011462
3849.894736  0.9428838
3850.517543  0.897814
3851.14035  0.9338374
3851.763157  1.022315
3852.385964  1.072335
3853.008771  1.06629
3853.631578  1.044494
3854.254385  1.044648
3854.877192  1.069967
3855.499999  1.056868
3856.122806  0.9602365
3856.745613  0.9319239
3857.36842  1.013819
3857.991227  1.101969
3858.614034  1.041177
3859.236841  0.9380386
3859.859648  0.9089477
3860.482455  0.9720501
3861.105262  1.070666
3861.728069  1.1286
3862.350876  1.120366
3862.973683  1.092256
3863.59649  1.079974
3864.219297  1.0948
3864.842104  1.112984
3865.464911  1.077318
3866.087718  1.038737
3866.710525  1.03945
3867.333332  1.054367
3867.956139  1.087891
3868.578946  1.125667
3869.201753  1.142733
3869.82456  1.12722
3870.447367  1.113581
3871.070174  1.099005
3871.692981  1.034207
3872.315788  0.9244481
3872.938595  0.8431637
3873.561402  0.8550961
3874.184209  0.934007
3874.807016  1.012455
3875.429823  1.041387
3876.05263  1.026466
3876.675437  1.021833
3877.298244  0.9710321
3877.921051  0.8323823
3878.543858  0.7199652
3879.166665  0.7484639
3879.789472  0.8759419
3880.412279  0.9451897
3881.035086  0.9311173
3881.657893  0.863443
3882.2807  0.7909624
3882.903507  0.7490731
3883.526314  0.7347707
3884.149121  0.7191997
3884.771928  0.6751485
3885.394735  0.6110443
3886.017542  0.5406545
3886.640349  0.4827377
3887.263156  0.4556471
3887.885963  0.413908
3888.50877  0.3494491
3889.131577  0.3095655
3889.754384  0.3387801
3890.377191  0.4153398
3890.999998  0.4919206
3891.622805  0.547345
3892.245612  0.5923563
3892.868419  0.6238858
3893.491226  0.6344727
3894.114033  0.6641632
3894.73684  0.6934403
3895.359647  0.7022868
3895.982454  0.7227727
3896.605261  0.7692557
3897.228068  0.8080893
3897.850875  0.8000112
3898.473682  0.7959423
3899.096489  0.788359
3899.719296  0.7702474
3900.342103  0.7894245
3900.96491  0.8743798
3901.587717  0.9640902
3902.210524  0.9632824
3902.833331  0.8938018
3903.456138  0.8585187
3904.078945  0.9004213
3904.701752  0.9238316
3905.324559  0.8871148
3905.947366  0.8424413
3906.570173  0.8718481
3907.19298  0.9427088
3907.815787  1.006684
3908.438594  1.039273
3909.061401  1.051109
3909.684208  1.058927
3910.307015  1.074797
3910.929822  1.100836
3911.552629  1.131569
3912.175436  1.123151
3912.798243  1.047231
3913.42105  0.9460821
3914.043857  0.9322033
3914.666664  1.011799
3915.289471  1.072342
3915.912278  1.040314
3916.535085  0.9886699
3917.157892  0.9949421
3917.780699  0.9997405
3918.403506  0.98316
3919.026313  0.9718218
3919.64912  0.9965681
3920.271927  0.9937941
3920.894734  1.006837
3921.517541  1.06919
3922.140348  1.071144
3922.763155  1.049002
3923.385962  1.06505
3924.008769  1.114866
3924.631576  1.096457
3925.254383  1.021745
3925.87719  0.9750947
3926.499997  0.9924077
3927.122804  0.9756804
3927.745611  0.8964936
3928.368418  0.844194
3928.991225  0.8042837
3929.614032  0.7399274
3930.236839  0.6409296
3930.859646  0.5507118
3931.482453  0.4456393
3932.10526  0.3165442
3932.728067  0.2071084
3933.350874  0.141061
3933.973681  0.1419003
3934.596488  0.2176898
3935.219295  0.3372727
3935.842102  0.477398
3936.464909  0.6120871
3937.087716  0.7101603
3937.710523  0.7599039
3938.33333  0.8079242
3938.956137  0.9018136
3939.578944  0.9844815
3940.201751  1.010906
3940.824558  0.9886695
3941.447365  0.9755522
3942.070172  0.9835843
3942.692979  0.9810936
3943.315786  0.9387718
3943.938593  0.9010642
3944.5614  0.9139079
3945.184207  0.9823124
3945.807014  1.056711
3946.429821  1.06859
3947.052628  1.011088
3947.675435  0.9428763
3948.298242  0.9159517
3948.921049  0.9288985
3949.543856  0.9488541
3950.166663  0.9542903
3950.78947  0.9565789
3951.412277  0.9525756
3952.035084  0.9254875
3952.657891  0.9148062
3953.280698  0.9478569
3953.903505  1.005973
3954.526312  1.017919
3955.149119  0.9558628
3955.771926  0.855553
3956.394733  0.7953281
3957.01754  0.8125755
3957.640347  0.8679793
3958.263154  0.9008811
3958.885961  0.9205268
3959.508768  0.920723
3960.131575  0.8822411
3960.754382  0.7989514
3961.377189  0.7348555
3961.999996  0.7125473
3962.622803  0.7012267
3963.24561  0.6793458
3963.868417  0.6518808
3964.491224  0.6221289
3965.114031  0.5687479
3965.736838  0.4901518
3966.359645  0.3974672
3966.982452  0.3051917
3967.605259  0.2155563
3968.228066  0.1565611
3968.850873  0.151691
3969.47368  0.1839521
3970.096487  0.2360461
3970.719294  0.300951
3971.342101  0.3786204
3971.964908  0.4526106
3972.587715  0.503068
3973.210522  0.5273966
3973.833329  0.5556057
3974.456136  0.608868
3975.078943  0.6710088
3975.70175  0.6990646
3976.324557  0.706145
3976.947364  0.722283
3977.570171  0.7631009
3978.192978  0.806886
3978.815785  0.8491905
3979.438592  0.8901116
3980.061399  0.9208053
3980.684206  0.9123647
3981.307013  0.8731563
3981.92982  0.8473551
3982.552627  0.8725745
3983.175434  0.9080778
3983.798241  0.9155499
3984.421048  0.9376836
3985.043855  0.963039
3985.666662  0.9638293
3986.289469  0.9370405
3986.912276  0.9414762
3987.535083  0.9858362
3988.15789  1.03004
3988.780697  1.035721
3989.403504  1.019645
3990.026311  1.012858
3990.649118  1.026977
3991.271925  1.058161
3991.894732  1.094931
3992.517539  1.124196
3993.140346  1.130193
3993.763153  1.123101
3994.38596  1.111769
3995.008767  1.08623
3995.631574  1.058695
3996.254381  1.025136
3996.877188  0.9761202
3997.499995  0.9488117
3998.122802  0.9729112
3998.745609  1.045671
3999.368416  1.123465
3999.991223  1.165614
4000.61403  1.16011
4001.236837  1.129029
4001.859644  1.100524
4002.482451  1.103768
4003.105258  1.135746
4003.728065  1.138786
4004.350872  1.067026
4004.973679  0.9586381
4005.596486  0.9264858
4006.219293  0.9820922
4006.8421  1.074771
4007.464907  1.144765
4008.087714  1.186685
4008.710521  1.180249
4009.333328  1.139186
4009.956135  1.130605
4010.578942  1.161746
4011.201749  1.181351
4011.824556  1.141316
4012.447363  1.114585
4013.07017  1.123088
4013.692977  1.137883
4014.315784  1.125522
4014.938591  1.128693
4015.561398  1.160611
4016.184205  1.172267
4016.807012  1.142537
4017.429819  1.111944
4018.052626  1.133553
4018.675433  1.192744
4019.29824  1.244888
4019.921047  1.258944
4020.543854  1.241074
4021.166661  1.201312
4021.789468  1.164899
4022.412275  1.153677
4023.035082  1.157366
4023.657889  1.132258
4024.280696  1.072134
4024.903503  1.053497
4025.52631  1.114708
4026.149117  1.213104
4026.771924  1.256712
4027.394731  1.228539
4028.017538  1.178368
4028.640345  1.152553
4029.263152  1.123022
4029.885959  1.057045
4030.508766  0.9883296
4031.131573  0.9974374
4031.75438  1.022567
4032.377187  1.025116
4032.999994  1.025273
4033.622801  1.067871
4034.245608  1.105118
4034.868415  1.103387
4035.491222  1.114827
4036.114029  1.151678
4036.736836  1.200218
4037.359643  1.237246
4037.98245  1.246404
4038.605257  1.240523
4039.228064  1.228885
4039.850871  1.191355
4040.473678  1.14208
4041.096485  1.117347
4041.719292  1.148861
4042.342099  1.209356
4042.964906  1.235713
4043.587713  1.190163
4044.21052  1.1234
4044.833327  1.035029
4045.456134  0.9589046
4046.078941  0.9837284
4046.701748  1.11881
4047.324555  1.242095
4047.947362  1.228649
4048.570169  1.170197
4049.192976  1.149913
4049.815783  1.181275
4050.43859  1.205901
4051.061397  1.192578
4051.684204  1.15691
4052.307011  1.135943
4052.929818  1.112537
4053.552625  1.076126
4054.175432  1.04116
4054.798239  1.044075
4055.421046  1.081028
4056.043853  1.116222
4056.66666  1.110947
4057.289467  1.066558
4057.912274  1.036729
4058.535081  1.069344
4059.157888  1.127129
4059.780695  1.177576
4060.403502  1.20084
4061.026309  1.18936
4061.649116  1.154056
4062.271923  1.093145
4062.89473  1.010531
4063.517537  0.9676784
4064.140344  1.008131
4064.763151  1.104655
4065.385958  1.156084
4066.008765  1.133565
4066.631572  1.063627
4067.254379  1.007185
4067.877186  1.035917
4068.499993  1.119353
4069.1228  1.175947
4069.745607  1.17019
4070.368414  1.109237
4070.991221  1.029828
4071.614028  0.9804402
4072.236835  1.004441
4072.859642  1.072836
4073.482449  1.11829
4074.105256  1.114122
4074.728063  1.088347
4075.35087  1.062014
4075.973677  1.013913
4076.596484  0.9333686
4077.219291  0.8604101
4077.842098  0.854004
4078.464905  0.9118288
4079.087712  0.9736276
4079.710519  1.002001
4080.333326  1.035075
4080.956133  1.069162
4081.57894  1.083636
4082.201747  1.064879
4082.824554  1.027205
4083.447361  0.9869392
4084.070168  0.9535623
4084.692975  0.9250984
4085.315782  0.9219593
4085.938589  0.9429739
4086.561396  0.9582428
4087.184203  0.9742077
4087.80701  0.9874604
4088.429817  0.986288
4089.052624  0.9762048
4089.675431  0.9652736
4090.298238  0.954761
4090.921045  0.9365888
4091.543852  0.9108502
4092.166659  0.8863093
4092.789466  0.873116
4093.412273  0.8756531
4094.03508  0.8668112
4094.657887  0.8294343
4095.280694  0.788408
4095.903501  0.7557459
4096.526308  0.7274721
4097.149115  0.6937611
4097.771922  0.6607149
4098.394729  0.6275592
4099.017536  0.5891709
4099.640343  0.5459459
4100.26315  0.4804273
4100.885957  0.3941917
4101.508764  0.3228516
4102.131571  0.3178997
4102.754378  0.3801052
4103.377185  0.4673811
4103.999992  0.5376027
4104.622799  0.5934496
4105.245606  0.6459638
4105.868413  0.6870726
4106.49122  0.7136612
4107.114027  0.7297866
4107.736834  0.7449788
4108.359641  0.7688807
4108.982448  0.7876322
4109.605255  0.7915063
4110.228062  0.7981536
4110.850869  0.8250749
4111.473676  0.8613188
4112.096483  0.8804722
4112.71929  0.8948942
4113.342097  0.9112653
4113.964904  0.9291485
4114.587711  0.9455479
4115.210518  0.9724395
4115.833325  1.010163
4116.456132  1.039232
4117.078939  1.039848
4117.701746  1.000059
4118.324553  0.9371392
4118.94736  0.9110247
4119.570167  0.9441962
4120.192974  1.002218
4120.815781  1.019273
4121.438588  0.9991809
4122.061395  0.9716243
4122.684202  0.9647753
4123.307009  0.9877111
4123.929816  1.029108
4124.552623  1.060193
4125.17543  1.051563
4125.798237  1.040611
4126.421044  1.038386
4127.043851  1.016533
4127.666658  0.9619536
4128.289465  0.9350665
4128.912272  0.9778766
4129.535079  1.035065
4130.157886  1.06205
4130.780693  1.046154
4131.4035  1.003522
4132.026307  0.94966
4132.649114  0.944077
4133.271921  1.004752
4133.894728  1.02947
4134.517535  1.039469
4135.140342  1.080952
4135.763149  1.148475
4136.385956  1.147056
4137.008763  1.104797
4137.63157  1.109025
4138.254377  1.144862
4138.877184  1.182339
4139.499991  1.200595
4140.122798  1.199234
4140.745605  1.197321
4141.368412  1.192882
4141.991219  1.163132
4142.614026  1.08916
4143.236833  1.002206
4143.85964  0.9704948
4144.482447  1.048539
4145.105254  1.133788
4145.728061  1.158863
4146.350868  1.144688
4146.973675  1.135724
4147.596482  1.137738
4148.219289  1.132587
4148.842096  1.109252
4149.464903  1.086463
4150.08771  1.091521
4150.710517  1.128962
4151.333324  1.135295
4151.956131  1.122877
4152.578938  1.126022
4153.201745  1.114312
4153.824552  1.055892
4154.447359  0.9991235
4155.070166  1.036289
4155.692973  1.0664
4156.31578  1.048354
4156.938587  1.027327
4157.561394  1.058668
4158.184201  1.092901
4158.807008  1.097948
4159.429815  1.119841
4160.052622  1.128577
4160.675429  1.09823
4161.298236  1.05261
4161.921043  1.085841
4162.54385  1.139313
4163.166657  1.1391
4163.789464  1.123904
4164.412271  1.146226
4165.035078  1.192832
4165.657885  1.201098
4166.280692  1.158603
4166.903499  1.096389
4167.526306  1.067096
4168.149113  1.105764
4168.77192  1.165727
4169.394727  1.19368
4170.017534  1.169818
4170.640341  1.098872
4171.263148  1.012266
4171.885955  0.9449139
4172.508762  0.9085262
4173.131569  0.9042589
4173.754376  0.9363016
4174.377183  1.004692
4174.99999  1.056757
4175.622797  1.07817
4176.245604  1.078354
4176.868411  1.037827
4177.491218  0.9858238
4178.114025  0.9556535
4178.736832  0.9555335
4179.359639  1.009979
4179.982446  1.10082
4180.605253  1.162437
4181.22806  1.113938
4181.850867  1.038804
4182.473674  1.030812
4183.096481  1.05528
4183.719288  1.050516
4184.342095  1.036484
4184.964902  1.081952
4185.587709  1.142177
4186.210516  1.135586
4186.833323  1.047728
4187.45613  0.9855147
4188.078937  1.004525
4188.701744  1.078701
4189.324551  1.136048
4189.947358  1.167701
4190.570165  1.144841
4191.192972  1.078642
4191.815779  1.079129
4192.438586  1.142862
4193.061393  1.209734
4193.6842  1.226674
4194.307007  1.196145
4194.929814  1.133631
4195.552621  1.073659
4196.175428  1.081953
4196.798235  1.112877
4197.421042  1.086383
4198.043849  0.9801374
4198.666656  0.9224778
4199.289463  0.9764148
4199.91227  1.085311
4200.535077  1.133773
4201.157884  1.091836
4201.780691  1.022573
4202.403498  1.026889
4203.026305  1.074367
4203.649112  1.100807
4204.271919  1.080082
4204.894726  1.06389
4205.517533  1.07757
4206.14034  1.108039
4206.763147  1.120787
4207.385954  1.132276
4208.008761  1.138253
4208.631568  1.113486
4209.254375  1.085396
4209.877182  1.077583
4210.499989  1.094951
4211.122796  1.129007
4211.745603  1.158898
4212.36841  1.172719
4212.991217  1.174728
4213.614024  1.176372
4214.236831  1.152811
4214.859638  1.077222
4215.482445  0.9831655
4216.105252  0.9788324
4216.728059  1.070893
4217.350866  1.122417
4217.973673  1.134842
4218.59648  1.121984
4219.219287  1.092773
4219.842094  1.090323
4220.464901  1.126156
4221.087708  1.161687
4221.710515  1.134745
4222.333322  1.107727
4222.956129  1.107252
4223.578936  1.093883
4224.201743  1.040841
4224.82455  0.9901622
4225.447357  0.963302
4226.070164  0.8990397
4226.692971  0.8474771
4227.315778  0.8829369
4227.938585  1.017516
4228.561392  1.128017
4229.184199  1.1674
4229.807006  1.169003
4230.429813  1.175422
4231.05262  1.186013
4231.675427  1.162622
4232.298234  1.073107
4232.921041  0.9654976
4233.543848  0.9413809
4234.166655  1.030286
4234.789462  1.070137
4235.412269  1.041238
4236.035076  1.018079
4236.657883  1.068571
4237.28069  1.098545
4237.903497  1.070727
4238.526304  1.028594
4239.149111  1.006439
4239.771918  1.022375
4240.394725  1.071442
4241.017532  1.126927
4241.640339  1.126126
4242.263146  1.085282
4242.885953  1.080371
4243.50876  1.120809
4244.131567  1.147878
4244.754374  1.118761
4245.377181  1.073936
4245.999988  1.011364
4246.622795  0.9508125
4247.245602  0.9420477
4247.868409  1.011972
4248.491216  1.096785
4249.114023  1.107018
4249.73683  1.024203
4250.359637  0.9571556
4250.982444  0.9816555
4251.605251  1.060793
4252.228058  1.108999
4252.850865  1.104387
4253.473672  1.077282
4254.096479  1.040639
4254.719286  1.048775
4255.342093  1.105111
4255.9649  1.134235
4256.587707  1.13899
4257.210514  1.11139
4257.833321  1.051888
4258.456128  1.04154
4259.078935  1.042599
4259.701742  1.003105
4260.324549  0.9601078
4260.947356  0.975989
4261.570163  1.036989
4262.19297  1.076967
4262.815777  1.117865
4263.438584  1.14078
4264.061391  1.132046
4264.684198  1.135557
4265.307005  1.142309
4265.929812  1.137596
4266.552619  1.121673
4267.175426  1.099413
4267.798233  1.076344
4268.42104  1.05931
4269.043847  1.055207
4269.666654  1.065656
4270.289461  1.051025
4270.912268  0.9620982
4271.535075  0.9075029
4272.157882  0.9428241
4272.780689  1.021687
4273.403496  1.042713
4274.026303  1.014668
4274.64911  0.9911038
4275.271917  1.000277
4275.894724  1.055648
4276.517531  1.110183
4277.140338  1.108346
4277.763145  1.095751
4278.385952  1.092029
4279.008759  1.09604
4279.631566  1.106707
4280.254373  1.113715
4280.87718  1.105137
4281.499987  1.071815
4282.122794  1.010429
4282.745601  0.9722152
4283.368408  0.9960486
4283.991215  1.039519
4284.614022  1.062317
4285.236829  1.060793
4285.859636  1.062585
4286.482443  1.056262
4287.10525  1.032055
4287.728057  0.9957897
4288.350864  0.9706718
4288.973671  0.9020497
4289.596478  0.8096721
4290.219285  0.8261747
4290.842092  0.9321113
4291.464899  1.042701
4292.087706  1.088238
4292.710513  1.087632
4293.33332  1.033822
4293.956127  0.961915
4294.578934  0.9712769
4295.201741  1.00698
4295.824548  1.01142
4296.447355  0.9929227
4297.070162  1.009896
4297.692969  1.01852
4298.315776  0.9557931
4298.938583  0.854547
4299.56139  0.799629
4300.184197  0.8284429
4300.807004  0.8894438
4301.429811  0.8859082
4302.052618  0.8332432
4302.675425  0.8203804
4303.298232  0.8938975
4303.921039  0.9850388
4304.543846  1.010497
4305.166653  0.9604266
4305.78946  0.9420965
4306.412267  0.9590732
4307.035074  0.9372913
4307.657881  0.8847791
4308.280688  0.8637753
4308.903495  0.8976524
4309.526302  0.9253584
4310.149109  0.9783598
4310.771916  1.043612
4311.394723  1.057912
4312.01753  1.013167
4312.640337  0.9454094
4313.263144  0.8865539
4313.885951  0.8254912
4314.508758  0.798546
4315.131565  0.8388793
4315.754372  0.932122
4316.377179  0.9810117
4316.999986  0.9829252
4317.622793  0.9828897
4318.2456  0.9648066
4318.868407  0.9566463
4319.491214  0.9527799
4320.114021  0.9022568
4320.736828  0.858992
4321.359635  0.8735741
4321.982442  0.9391559
4322.605249  0.9759986
4323.228056  0.9729266
4323.850863  0.9369438
4324.47367  0.8520853
4325.096477  0.7611104
4325.719284  0.725933
4326.342091  0.7743009
4326.964898  0.8395191
4327.587705  0.8787752
4328.210512  0.8879787
4328.833319  0.8880267
4329.456126  0.8598629
4330.078933  0.808743
4330.70174  0.7758575
4331.324547  0.7831995
4331.947354  0.8004987
4332.570161  0.7893658
4333.192968  0.7675257
4333.815775  0.7471506
4334.438582  0.731925
4335.061389  0.7169912
4335.684196  0.6884523
4336.307003  0.6348984
4336.92981  0.5615013
4337.552617  0.4961373
4338.175424  0.4599781
4338.798231  0.4363747
4339.421038  0.3757085
4340.043845  0.3069584
4340.666652  0.2873024
4341.289459  0.3472573
4341.912266  0.4367533
4342.535073  0.5076964
4343.15788  0.5417412
4343.780687  0.5556702
4344.403494  0.5833027
4345.026301  0.6330494
4345.649108  0.6807491
4346.271915  0.7142349
4346.894722  0.738304
4347.517529  0.7621791
4348.140336  0.7832024
4348.763143  0.8031679
4349.38595  0.8188411
4350.008757  0.8177893
4350.631564  0.7729611
4351.254371  0.7072908
4351.877178  0.6816742
4352.499985  0.7342253
4353.122792  0.8208299
4353.745599  0.8752338
4354.368406  0.8798752
4354.991213  0.8811075
4355.61402  0.9071414
4356.236827  0.9407208
4356.859634  0.9516854
4357.482441  0.9402927
4358.105248  0.9234199
4358.728055  0.9078146
4359.350862  0.9124221
4359.973669  0.9422497
4360.596476  0.9788647
4361.219283  0.9933994
4361.84209  0.9888304
4362.464897  0.9893481
4363.087704  1.004907
4363.710511  1.02554
4364.333318  1.038616
4364.956125  1.043022
4365.578932  1.044258
4366.201739  1.03229
4366.824546  0.9934615
4367.447353  0.9466901
4368.07016  0.9272262
4368.692967  0.9426574
4369.315774  0.9503254
4369.938581  0.9575541
4370.561388  0.9726948
4371.184195  0.9912745
4371.807002  1.017829
4372.429809  1.041217
4373.052616  1.03355
4373.675423  0.9653724
4374.29823  0.8776599
4374.921037  0.837315
4375.543844  0.8819493
4376.166651  0.9589841
4376.789458  1.026873
4377.412265  1.071473
4378.035072  1.084957
4378.657879  1.073951
4379.280686  1.05439
4379.903493  1.04512
4380.5263  1.054578
4381.149107  1.073609
4381.771914  1.074926
4382.394721  1.02875
4383.017528  0.9404016
4383.640335  0.8525986
4384.263142  0.8201918
4384.885949  0.8388351
4385.508756  0.890667
4386.131563  0.9587465
4386.75437  0.9935162
4387.377177  0.9939252
4387.999984  0.9927872
4388.622791  1.00854
4389.245598  1.030092
4389.868405  1.030622
4390.491212  0.9952142
4391.114019  0.9810266
4391.736826  1.01163
4392.359633  1.056722
4392.98244  1.061839
4393.605247  1.015498
4394.228054  0.9398698
4394.850861  0.8748694
4395.473668  0.8818502
4396.096475  0.9596785
4396.719282  1.042142
4397.342089  1.066809
4397.964896  1.047911
4398.587703  1.02032
4399.21051  0.9723285
4399.833317  0.9063688
4400.456124  0.864729
4401.078931  0.900456
4401.701738  0.9691789
4402.324545  1.03141
4402.947352  1.06247
4403.570159  1.039283
4404.192966  0.9797994
4404.815773  0.9444387
4405.43858  0.992932
4406.061387  1.055472
4406.684194  1.069796
4407.307001  1.030465
4407.929808  0.9797054
4408.552615  0.9616444
4409.175422  0.9866234
4409.798229  1.019514
4410.421036  1.031216
4411.043843  1.024469
4411.66665  1.026978
4412.289457  1.049564
4412.912264  1.0709
4413.535071  1.059853
4414.157878  1.001785
4414.780685  0.9163125
4415.403492  0.8635839
4416.026299  0.893228
4416.649106  0.9066424
4417.271913  0.8854846
4417.89472  0.8853905
4418.517527  0.9435361
4419.140334  1.02356
4419.763141  1.074972
4420.385948  1.080589
4421.008755  1.060444
4421.631562  1.021093
4422.254369  0.9710308
4422.877176  0.9702154
4423.499983  1.009783
4424.12279  1.041386
4424.745597  1.030932
4425.368404  1.015771
4425.991211  1.014464
4426.614018  1.008928
4427.236825  0.9961463
4427.859632  1.00464
4428.482439  1.042232
4429.105246  1.055472
4429.728053  1.030111
4430.35086  0.9931682
4430.973667  0.98539
4431.596474  1.004746
4432.219281  1.022196
4432.842088  1.012589
4433.464895  0.9922608
4434.087702  0.9633547
4434.710509  0.9313119
4435.333316  0.9145808
4435.956123  0.9473085
4436.57893  1.00852
4437.201737  1.049556
4437.824544  1.065953
4438.447351  1.070279
4439.070158  1.073115
4439.692965  1.069797
4440.315772  1.053665
4440.938579  1.019009
4441.561386  0.968002
4442.184193  0.9161987
4442.807  0.8653492
4443.429807  0.8284244
4444.052614  0.8477992
4444.675421  0.9236811
4445.298228  1.010689
4445.921035  1.049648
4446.543842  1.035863
4447.166649  1.002577
4447.789456  0.9924183
4448.412263  1.019639
4449.03507  1.037256
4449.657877  1.010652
4450.280684  0.9606192
4450.903491  0.9439037
4451.526298  0.9731722
4452.149105  1.017198
4452.771912  1.038332
4453.394719  1.017252
4454.017526  0.9555213
4454.640333  0.878203
4455.26314  0.8549889
4455.885947  0.8930941
4456.508754  0.940982
4457.131561  0.9684047
4457.754368  0.9640647
4458.377175  0.9400306
4458.999982  0.9232601
4459.622789  0.9500498
4460.245596  0.9846618
4460.868403  0.9561413
4461.49121  0.9074828
4462.114017  0.9058032
4462.736824  0.9630691
4463.359631  0.9934094
4463.982438  0.9749932
4464.605245  0.9482347
4465.228052  0.9650985
4465.850859  0.9715435
4466.473666  0.9632617
4467.096473  0.9623414
4467.71928  0.9426152
4468.342087  0.8926144
4468.964894  0.8515093
4469.587701  0.8830225
4470.210508  0.923022
4470.833315  0.9512543
4471.456122  0.9858425
4472.078929  1.001473
4472.701736  1.001166
4473.324543  1.006764
4473.94735  1.035344
4474.570157  1.044677
4475.192964  1.018129
4475.815771  0.9827213
4476.438578  0.982506
4477.061385  1.009562
4477.684192  1.028795
4478.306999  1.019874
4478.929806  1.002338
4479.552613  0.9683319
4480.17542  0.8892367
4480.798227  0.7874233
4481.421034  0.73821
4482.043841  0.7907009
4482.666648  0.896815
4483.289455  0.9779906
4483.912262  1.003853
4484.535069  1.007411
4485.157876  1.0131
4485.780683  1.022128
4486.40349  1.026113
4487.026297  1.027297
4487.649104  0.9967505
4488.271911  0.9352053
4488.894718  0.8904924
4489.517525  0.8915621
4490.140332  0.9144635
4490.763139  0.9236702
4491.385946  0.9327122
4492.008753  0.9682261
4492.63156  1.012699
4493.254367  1.005592
4493.877174  0.9643977
4494.499981  0.9409307
4495.122788  0.9639626
4495.745595  0.9866638
4496.368402  0.9884582
4496.991209  0.9844404
4497.614016  1.001362
4498.236823  1.015863
4498.85963  1.02107
4499.482437  1.022135
4500.105244  0.9840906
4500.728051  0.9227822
4501.350858  0.8931355
4501.973665  0.9440868
4502.596472  1.007841
4503.219279  1.036233
4503.842086  1.040288
4504.464893  1.03879
4505.0877  1.040246
4505.710507  1.042602
4506.333314  1.036516
4506.956121  1.00474
4507.578928  0.9556291
4508.201735  0.9265137
4508.824542  0.9525098
