3820.  0.579975
3820.622807  0.5524524
3821.245614  0.6514289
3821.868421  0.787361
3822.491228  0.8629375
3823.114035  0.8307904
3823.736842  0.729683
3824.359649  0.6378636
3824.982456  0.581077
3825.605263  0.5647621
3826.22807  0.5814534
3826.850877  0.6145964
3827.473684  0.6213788
3828.096491  0.6016197
3828.719298  0.5933412
3829.342105  0.5991682
3829.964912  0.6412621
3830.587719  0.6911175
3831.210526  0.6270476
3831.833333  0.5087612
3832.45614  0.4423664
3833.078947  0.4653642
3833.701754  0.4728095
3834.324561  0.4472757
3834.947368  0.4411602
3835.570175  0.4648958
3836.192982  0.5186398
3836.815789  0.5571376
3837.438596  0.5120842
3838.061403  0.4517935
3838.68421  0.46077
3839.307017  0.5434341
3839.929824  0.5538831
3840.552631  0.5377808
3841.175438  0.5971131
3841.798245  0.7200301
3842.421052  0.7828484
3843.043859  0.7691624
3843.666666  0.7786351
3844.289473  0.8044184
3844.91228  0.8074551
3845.535087  0.7770079
3846.157894  0.7687347
3846.780701  0.8046302
3847.403508  0.863207
3848.026315  0.8941694
3848.649122  0.8655764
3849.271929  0.791478
3849.894736  0.7291554
3850.517543  0.7508441
3851.14035  0.8259812
3851.763157  0.8818569
3852.385964  0.8787699
3853.008771  0.855675
3853.631578  0.8436917
3854.254385  0.8373932
3854.877192  0.8145538
3855.499999  0.7579947
3856.122806  0.708081
3856.745613  0.7652054
3857.36842  0.8211123
3857.991227  0.7858605
3858.614034  0.6870801
3859.236841  0.5909899
3859.859648  0.5662414
3860.482455  0.6328542
3861.105262  0.7314749
3861.728069  0.831586
3862.350876  0.8990808
3862.973683  0.8965986
3863.59649  0.8818011
3864.219297  0.8710324
3864.842104  0.8447558
3865.464911  0.8256274
3866.087718  0.8316475
3866.710525  0.8508495
3867.333332  0.8443738
3867.956139  0.8491737
3868.578946  0.8635507
3869.201753  0.8460393
3869.82456  0.8098105
3870.447367  0.7624142
3871.070174  0.7005382
3871.692981  0.6219895
3872.315788  0.5841788
3872.938595  0.6156765
3873.561402  0.6859074
3874.184209  0.7716628
3874.807016  0.8339676
3875.429823  0.8478194
3876.05263  0.8376744
3876.675437  0.8078496
3877.298244  0.7365902
3877.921051  0.6156099
3878.543858  0.6008142
3879.166665  0.7069789
3879.789472  0.8079764
3880.412279  0.8315933
3881.035086  0.7887708
3881.657893  0.720902
3882.2807  0.6495755
3882.903507  0.6511874
3883.526314  0.7169928
3884.149121  0.7542294
3884.771928  0.7292566
3885.394735  0.6496386
3886.017542  0.566857
3886.640349  0.5587771
3887.263156  0.592016
3887.885963  0.580882
3888.50877  0.4823706
3889.131577  0.4488188
3889.754384  0.5152797
3890.377191  0.6056058
3890.999998  0.6803147
3891.622805  0.7281455
3892.245612  0.7442435
3892.868419  0.7214641
3893.491226  0.7171879
3894.114033  0.7280999
3894.73684  0.7081225
3895.359647  0.6851539
3895.982454  0.7274382
3896.605261  0.8216037
3897.228068  0.8195136
3897.850875  0.7750601
3898.473682  0.7553043
3899.096489  0.7566476
3899.719296  0.75705
3900.342103  0.776456
3900.96491  0.8227583
3901.587717  0.825522
3902.210524  0.7706311
3902.833331  0.7175761
3903.456138  0.74692
3904.078945  0.78509
3904.701752  0.7525544
3905.324559  0.6560005
3905.947366  0.6346417
3906.570173  0.698744
3907.19298  0.7793764
3907.815787  0.8185501
3908.438594  0.8421385
3909.061401  0.8487833
3909.684208  0.8131632
3910.307015  0.7927641
3910.929822  0.8234063
3911.552629  0.8864594
3912.175436  0.912804
3912.798243  0.8721884
3913.42105  0.8050187
3914.043857  0.7890293
3914.666664  0.8177284
3915.289471  0.8311431
3915.912278  0.7982547
3916.535085  0.7956703
3917.157892  0.8174838
3917.780699  0.8200509
3918.403506  0.7834357
3919.026313  0.7721217
3919.64912  0.7636993
3920.271927  0.7011525
3920.894734  0.6731102
3921.517541  0.6960114
3922.140348  0.7313386
3922.763155  0.7416167
3923.385962  0.7686575
3924.008769  0.8020635
3924.631576  0.7790592
3925.254383  0.7170319
3925.87719  0.6751863
3926.499997  0.670328
3927.122804  0.6176999
3927.745611  0.5276886
3928.368418  0.4545553
3928.991225  0.4303054
3929.614032  0.3912769
3930.236839  0.3291223
3930.859646  0.2787939
3931.482453  0.2386156
3932.10526  0.197469
3932.728067  0.1533862
3933.350874  0.1224331
3933.973681  0.1218161
3934.596488  0.1490907
3935.219295  0.1889691
3935.842102  0.240067
3936.464909  0.2995356
3937.087716  0.3589684
3937.710523  0.4077202
3938.33333  0.468729
3938.956137  0.547375
3939.578944  0.6165318
3940.201751  0.6420923
3940.824558  0.6367565
3941.447365  0.640112
3942.070172  0.6729839
3942.692979  0.6800342
3943.315786  0.6367862
3943.938593  0.5987078
3944.5614  0.621431
3945.184207  0.7073278
3945.807014  0.8008972
3946.429821  0.8238907
3947.052628  0.7826633
3947.675435  0.7309898
3948.298242  0.7150829
3948.921049  0.7439093
3949.543856  0.7932801
3950.166663  0.8303495
3950.78947  0.8532678
3951.412277  0.8337222
3952.035084  0.7651988
3952.657891  0.7104295
3953.280698  0.7384593
3953.903505  0.8284146
3954.526312  0.8774396
3955.149119  0.8519685
3955.771926  0.78005
3956.394733  0.7234522
3957.01754  0.7331471
3957.640347  0.7805098
3958.263154  0.8249893
3958.885961  0.8573102
3959.508768  0.8619629
3960.131575  0.8143173
3960.754382  0.7096499
3961.377189  0.6071532
3961.999996  0.5616899
3962.622803  0.5732958
3963.24561  0.577098
3963.868417  0.5637243
3964.491224  0.5300298
3965.114031  0.4678563
3965.736838  0.3874263
3966.359645  0.3074524
3966.982452  0.2396702
3967.605259  0.1787213
3968.228066  0.1405386
3968.850873  0.139308
3969.47368  0.1736204
3970.096487  0.2321237
3970.719294  0.3000105
3971.342101  0.3672373
3971.964908  0.4344699
3972.587715  0.4903452
3973.210522  0.5261468
3973.833329  0.5507713
3974.456136  0.6025726
3975.078943  0.6729924
3975.70175  0.7162789
3976.324557  0.7204036
3976.947364  0.7287111
3977.570171  0.7705451
3978.192978  0.8077251
3978.815785  0.8380295
3979.438592  0.8697718
3980.061399  0.9003166
3980.684206  0.9014044
3981.307013  0.8665475
3981.92982  0.8225769
3982.552627  0.8170004
3983.175434  0.8233964
3983.798241  0.8273088
3984.421048  0.8574899
3985.043855  0.8886681
3985.666662  0.882035
3986.289469  0.8349639
3986.912276  0.8257943
3987.535083  0.8743867
3988.15789  0.9349491
3988.780697  0.935995
3989.403504  0.8984047
3990.026311  0.8749672
3990.649118  0.8954976
3991.271925  0.9251205
3991.894732  0.9468299
3992.517539  0.9600999
3993.140346  0.9622622
3993.763153  0.9384176
3994.38596  0.9009702
3995.008767  0.8864083
3995.631574  0.8929141
3996.254381  0.8895391
3996.877188  0.853579
3997.499995  0.8111454
3998.122802  0.8196542
3998.745609  0.8894432
3999.368416  0.9562556
3999.991223  0.9684961
4000.61403  0.9387386
4001.236837  0.9211037
4001.859644  0.9369122
4002.482451  0.9717082
4003.105258  0.9965887
4003.728065  0.989302
4004.350872  0.9036101
4004.973679  0.7879145
4005.596486  0.7528614
4006.219293  0.7908717
4006.8421  0.8592358
4007.464907  0.9193097
4008.087714  0.9607934
4008.710521  0.9658422
4009.333328  0.9480382
4009.956135  0.9495876
4010.578942  0.9697939
4011.201749  0.977222
4011.824556  0.9555042
4012.447363  0.9530652
4013.07017  0.9571371
4013.692977  0.945805
4014.315784  0.9342018
4014.938591  0.9557577
4015.561398  0.9880881
4016.184205  0.9759218
4016.807012  0.9234701
4017.429819  0.8811762
4018.052626  0.8970225
4018.675433  0.9672853
4019.29824  1.003701
4019.921047  0.9821939
4020.543854  0.9632758
4021.166661  0.9561694
4021.789468  0.956488
4022.412275  0.9610775
4023.035082  0.9754227
4023.657889  0.9604985
4024.280696  0.9176052
4024.903503  0.9082972
4025.52631  0.9393519
4026.149117  0.985234
4026.771924  1.013754
4027.394731  1.015925
4028.017538  1.009392
4028.640345  1.00507
4029.263152  0.9842378
4029.885959  0.9081714
4030.508766  0.8305499
4031.131573  0.8388168
4031.75438  0.8543833
4032.377187  0.8480639
4032.999994  0.8417484
4033.622801  0.8612701
4034.245608  0.879514
4034.868415  0.8860212
4035.491222  0.9070987
4036.114029  0.948476
4036.736836  0.9949982
4037.359643  1.026016
4037.98245  1.036667
4038.605257  1.033649
4039.228064  1.016987
4039.850871  0.9768336
4040.473678  0.9244456
4041.096485  0.9072859
4041.719292  0.9587344
4042.342099  1.016663
4042.964906  1.020337
4043.587713  0.96132
4044.21052  0.8904388
4044.833327  0.775229
4045.456134  0.6705556
4046.078941  0.6984821
4046.701748  0.8457301
4047.324555  0.9782439
4047.947362  0.9942552
4048.570169  0.9650689
4049.192976  0.9531938
4049.815783  0.9756293
4050.43859  1.001929
4051.061397  1.000018
4051.684204  0.968058
4052.307011  0.9327096
4052.929818  0.9263404
4053.552625  0.927598
4054.175432  0.9103175
4054.798239  0.8848523
4055.421046  0.8977794
4056.043853  0.9326993
4056.66666  0.929778
4057.289467  0.8875267
4057.912274  0.8508886
4058.535081  0.8595663
4059.157888  0.9039786
4059.780695  0.9598534
4060.403502  1.000069
4061.026309  1.006957
4061.649116  0.9847949
4062.271923  0.9162095
4062.89473  0.8091727
4063.517537  0.7486841
4064.140344  0.793804
4064.763151  0.9014699
4065.385958  0.9465297
4066.008765  0.9092082
4066.631572  0.8497487
4067.254379  0.8444547
4067.877186  0.9022145
4068.499993  0.9742522
4069.1228  1.013472
4069.745607  1.014537
4070.368414  0.9584886
4070.991221  0.8647099
4071.614028  0.7980322
4072.236835  0.84264
4072.859642  0.937153
4073.482449  0.9805755
4074.105256  0.9676862
4074.728063  0.9420738
4075.35087  0.9199226
4075.973677  0.8750249
4076.596484  0.8143348
4077.219291  0.7716665
4077.842098  0.776372
4078.464905  0.8162024
4079.087712  0.8574126
4079.710519  0.8909565
4080.333326  0.941196
4080.956133  0.9855924
4081.57894  1.000384
4082.201747  0.9784076
4082.824554  0.9330051
4083.447361  0.889076
4084.070168  0.8630469
4084.692975  0.8529654
4085.315782  0.8739671
4085.938589  0.9143174
4086.561396  0.9450179
4087.184203  0.9828481
4087.80701  1.012185
4088.429817  1.013553
4089.052624  1.005471
4089.675431  0.9942918
4090.298238  0.9852936
4090.921045  0.9808421
4091.543852  0.9504696
4092.166659  0.9193516
4092.789466  0.9311911
4093.412273  0.9661534
4094.03508  0.9793348
4094.657887  0.9494396
4095.280694  0.9027675
4095.903501  0.8711526
4096.526308  0.8670629
4097.149115  0.8753099
4097.771922  0.860965
4098.394729  0.8424281
4099.017536  0.8368081
4099.640343  0.8075954
4100.26315  0.7185486
4100.885957  0.5921916
4101.508764  0.5084154
4102.131571  0.5340186
4102.754378  0.637569
4103.377185  0.7387427
4103.999992  0.7983002
4104.622799  0.8397474
4105.245606  0.8812751
4105.868413  0.9045314
4106.49122  0.9080891
4107.114027  0.9090533
4107.736834  0.9209397
4108.359641  0.9222005
4108.982448  0.9084553
4109.605255  0.8941434
4110.228062  0.9003682
4110.850869  0.9184476
4111.473676  0.9331493
4112.096483  0.9400499
4112.71929  0.9573879
4113.342097  0.9778659
4113.964904  0.9845972
4114.587711  0.9776702
4115.210518  0.9882547
4115.833325  1.019079
4116.456132  1.036337
4117.078939  1.030126
4117.701746  0.9830777
4118.324553  0.906953
4118.94736  0.8814505
4119.570167  0.9179015
4120.192974  0.9675797
4120.815781  0.9680474
4121.438588  0.9447955
4122.061395  0.9305839
4122.684202  0.9351335
4123.307009  0.9449288
4123.929816  0.9691823
4124.552623  0.9980513
4125.17543  0.9837188
4125.798237  0.9628178
4126.421044  0.9523928
4127.043851  0.9330541
4127.666658  0.9152279
4128.289465  0.9161692
4128.912272  0.9385456
4129.535079  0.9576524
4130.157886  0.9816893
4130.780693  0.9866802
4131.4035  0.9252532
4132.026307  0.8640558
4132.649114  0.8588402
4133.271921  0.897526
4133.894728  0.8894122
4134.517535  0.8942975
4135.140342  0.9611417
4135.763149  1.020064
4136.385956  1.016047
4137.008763  0.9845986
4137.63157  0.9998802
4138.254377  1.031683
4138.877184  1.047861
4139.499991  1.040935
4140.122798  1.032331
4140.745605  1.033105
4141.368412  1.026256
4141.991219  0.9812305
4142.614026  0.9030612
4143.236833  0.8388976
4143.85964  0.8424128
4144.482447  0.9268255
4145.105254  1.000047
4145.728061  1.011739
4146.350868  1.01074
4146.973675  1.006991
4147.596482  1.008427
4148.219289  1.0101
4148.842096  0.9717727
4149.464903  0.9369265
4150.08771  0.9517363
4150.710517  0.9949998
4151.333324  0.9999778
4151.956131  0.9788131
4152.578938  0.9878705
4153.201745  0.9622613
4153.824552  0.9088367
4154.447359  0.886947
4155.070166  0.9376556
4155.692973  0.9571474
4156.31578  0.9208227
4156.938587  0.9234325
4157.561394  0.95409
4158.184201  0.977394
4158.807008  0.9805557
4159.429815  0.99966
4160.052622  1.00778
4160.675429  0.9896749
4161.298236  0.9813112
4161.921043  1.006791
4162.54385  1.036209
4163.166657  1.028114
4163.789464  1.017365
4164.412271  1.018715
4165.035078  1.031137
4165.657885  1.049783
4166.280692  1.024631
4166.903499  0.9636747
4167.526306  0.9337131
4168.149113  0.9637434
4168.77192  1.012392
4169.394727  1.02769
4170.017534  1.015577
4170.640341  0.9738588
4171.263148  0.9108046
4171.885955  0.8515837
4172.508762  0.8158522
4173.131569  0.8213766
4173.754376  0.8653455
4174.377183  0.9055127
4174.99999  0.9320661
4175.622797  0.9506322
4176.245604  0.9606483
4176.868411  0.9360007
4177.491218  0.8998037
4178.114025  0.9024466
4178.736832  0.9364064
4179.359639  0.9828966
4179.982446  1.01599
4180.605253  1.008285
4181.22806  0.9567405
4181.850867  0.9087336
4182.473674  0.9195054
4183.096481  0.933058
4183.719288  0.9354321
4184.342095  0.9517277
4184.964902  0.9948488
4185.587709  1.009578
4186.210516  0.9598629
4186.833323  0.8808925
4187.45613  0.8560063
4188.078937  0.8945779
4188.701744  0.947875
4189.324551  0.9948316
4189.947358  1.013351
4190.570165  0.9919243
4191.192972  0.9442917
4191.815779  0.9433373
4192.438586  1.001296
4193.061393  1.058753
4193.6842  1.070119
4194.307007  1.023194
4194.929814  0.9503807
4195.552621  0.9161777
4196.175428  0.94074
4196.798235  0.9724151
4197.421042  0.9342345
4198.043849  0.8600284
4198.666656  0.8367454
4199.289463  0.9001582
4199.91227  0.9452595
4200.535077  0.940298
4201.157884  0.9072733
4201.780691  0.8851736
4202.403498  0.9021425
4203.026305  0.9408867
4203.649112  0.9589209
4204.271919  0.9412696
4204.894726  0.9347546
4205.517533  0.9601353
4206.14034  0.9607925
4206.763147  0.9630335
4207.385954  0.9874559
4208.008761  1.017068
4208.631568  1.01617
4209.254375  0.9887155
4209.877182  0.9652992
4210.499989  0.9684081
4211.122796  0.9941106
4211.745603  1.019831
4212.36841  1.024949
4212.991217  1.02094
4213.614024  1.022123
4214.236831  1.016519
4214.859638  0.9500365
4215.482445  0.8832722
4216.105252  0.8800259
4216.728059  0.9228144
4217.350866  0.9577203
4217.973673  0.965637
4218.59648  0.9657856
4219.219287  0.9660437
4219.842094  0.9881572
4220.464901  1.028235
4221.087708  1.037242
4221.710515  1.014726
4222.333322  0.9805464
4222.956129  0.9511173
4223.578936  0.9237558
4224.201743  0.899426
4224.82455  0.8694527
4225.447357  0.8000266
4226.070164  0.6909123
4226.692971  0.6250234
4227.315778  0.7182115
4227.938585  0.8880994
4228.561392  1.000014
4229.184199  0.9943864
4229.807006  0.9815891
4230.429813  0.9934463
4231.05262  1.009429
4231.675427  1.007937
4232.298234  0.9585669
4232.921041  0.9044263
4233.543848  0.9200216
4234.166655  0.9759433
4234.789462  0.9742556
4235.412269  0.8849155
4236.035076  0.8349384
4236.657883  0.8575065
4237.28069  0.9087465
4237.903497  0.923287
4238.526304  0.9116507
4239.149111  0.8946403
4239.771918  0.8948992
4240.394725  0.9432354
4241.017532  0.9909481
4241.640339  0.9796785
4242.263146  0.9087617
4242.885953  0.8821585
4243.50876  0.9277271
4244.131567  0.9854823
4244.754374  0.9985733
4245.377181  0.9775074
4245.999988  0.9473996
4246.622795  0.9018254
4247.245602  0.865174
4247.868409  0.8594963
4248.491216  0.8789071
4249.114023  0.8736726
4249.73683  0.8438603
4250.359637  0.8375105
4250.982444  0.9069181
4251.605251  0.9871561
4252.228058  1.016475
4252.850865  0.9983241
4253.473672  0.9431338
4254.096479  0.8848115
4254.719286  0.8615866
4255.342093  0.8837296
4255.9649  0.9467904
4256.587707  1.013111
4257.210514  1.021615
4257.833321  0.9656166
4258.456128  0.9017416
4259.078935  0.8810014
4259.701742  0.831612
4260.324549  0.7863937
4260.947356  0.8034731
4261.570163  0.8675353
4262.19297  0.9475059
4262.815777  1.000534
4263.438584  0.9983203
4264.061391  0.9716827
4264.684198  0.9655521
4265.307005  0.9929289
4265.929812  1.006164
4266.552619  0.9701682
4267.175426  0.9095861
4267.798233  0.8932317
4268.42104  0.9115001
4269.043847  0.9300968
4269.666654  0.917146
4270.289461  0.8602947
4270.912268  0.7757721
4271.535075  0.7288225
4272.157882  0.7987239
4272.780689  0.8671992
4273.403496  0.862718
4274.026303  0.8231267
4274.64911  0.8047285
4275.271917  0.8415067
4275.894724  0.9167135
4276.517531  0.9661939
4277.140338  0.9823787
4277.763145  0.9847807
4278.385952  0.9822987
4279.008759  0.9297248
4279.631566  0.8565611
4280.254373  0.8329159
4280.87718  0.8795112
4281.499987  0.9131515
4282.122794  0.8991618
4282.745601  0.9116201
4283.368408  0.9453032
4283.991215  0.9514714
4284.614022  0.8961862
4285.236829  0.8326308
4285.859636  0.806523
4286.482443  0.8270844
4287.10525  0.8607774
4287.728057  0.8745644
4288.350864  0.8465195
4288.973671  0.7816799
4289.596478  0.7369434
4290.219285  0.7379954
4290.842092  0.7745577
4291.464899  0.8221184
4292.087706  0.8807934
4292.710513  0.9265861
4293.33332  0.9128356
4293.956127  0.8624684
4294.578934  0.8361955
4295.201741  0.8590258
4295.824548  0.8509068
4296.447355  0.8041793
4297.070162  0.7612773
4297.692969  0.7564337
4298.315776  0.7162516
4298.938583  0.6369652
4299.56139  0.59062
4300.184197  0.6073257
4300.807004  0.6576651
4301.429811  0.685685
4302.052618  0.658312
4302.675425  0.6333793
4303.298232  0.6515223
4303.921039  0.6920419
4304.543846  0.7038102
4305.166653  0.6978416
4305.78946  0.7074217
4306.412267  0.7175869
4307.035074  0.6693797
4307.657881  0.5816671
4308.280688  0.562753
4308.903495  0.5934296
4309.526302  0.6282791
4310.149109  0.6426361
4310.771916  0.6543351
4311.394723  0.6693541
4312.01753  0.6938612
4312.640337  0.739437
4313.263144  0.7851432
4313.885951  0.8072231
4314.508758  0.8145027
4315.131565  0.8847567
4315.754372  0.9841653
4316.377179  1.041615
4316.999986  1.054878
4317.622793  1.034321
4318.2456  1.010968
4318.868407  1.016009
4319.491214  1.018264
4320.114021  0.9908987
4320.736828  0.9499549
4321.359635  0.966572
4321.982442  0.9687228
4322.605249  0.8944468
4323.228056  0.7907913
4323.850863  0.7453194
4324.47367  0.7370786
4325.096477  0.7010487
4325.719284  0.7135603
4326.342091  0.7906798
4326.964898  0.8897174
4327.587705  0.953582
4328.210512  0.9885272
4328.833319  1.001895
4329.456126  0.9854676
4330.078933  0.9490153
4330.70174  0.9304902
4331.324547  0.9514172
4331.947354  0.9733739
4332.570161  0.9796678
4333.192968  0.9723103
4333.815775  0.9640576
4334.438582  0.962395
4335.061389  0.9690098
4335.684196  0.9653227
4336.307003  0.9043474
4336.92981  0.8140635
4337.552617  0.7495246
4338.175424  0.7311182
4338.798231  0.6959451
4339.421038  0.6074034
4340.043845  0.5068655
4340.666652  0.5103673
4341.289459  0.6235898
4341.912266  0.7615198
4342.535073  0.8271057
4343.15788  0.821676
4343.780687  0.8100455
4344.403494  0.8539299
4345.026301  0.9156577
4345.649108  0.9485697
4346.271915  0.9393967
4346.894722  0.9269586
4347.517529  0.9299355
4348.140336  0.9534347
4348.763143  0.9904436
4349.38595  1.010291
4350.008757  0.9825395
4350.631564  0.9019334
4351.254371  0.8046587
4351.877178  0.7611847
4352.499985  0.8078384
4353.122792  0.901764
4353.745599  0.9538576
4354.368406  0.9433402
4354.991213  0.9234002
4355.61402  0.9293932
4356.236827  0.9614304
4356.859634  0.9928089
4357.482441  0.9941547
4358.105248  0.9592971
4358.728055  0.9140664
4359.350862  0.9002255
4359.973669  0.9303941
4360.596476  0.9867083
4361.219283  1.030831
4361.84209  1.026891
4362.464897  0.9906479
4363.087704  0.9645303
4363.710511  0.9804505
4364.333318  1.020783
4364.956125  1.048398
4365.578932  1.036193
4366.201739  0.9956303
4366.824546  0.9432378
4367.447353  0.9136129
4368.07016  0.950148
4368.692967  0.9788408
4369.315774  0.9645413
4369.938581  0.9449959
4370.561388  0.939608
4371.184195  0.951411
4371.807002  0.9700167
4372.429809  0.9783137
4373.052616  0.9525275
4373.675423  0.8978198
4374.29823  0.8516933
4374.921037  0.8400161
4375.543844  0.8676355
4376.166651  0.9176895
4376.789458  0.9594703
4377.412265  0.9824628
4378.035072  0.9900997
4378.657879  0.9875219
4379.280686  0.9778253
4379.903493  0.9702047
4380.5263  0.9771518
4381.149107  1.001805
4381.771914  0.9785184
4382.394721  0.8664402
4383.017528  0.7311013
4383.640335  0.670401
4384.263142  0.7061266
4384.885949  0.7774053
4385.508756  0.8702133
4386.131563  0.936209
4386.75437  0.9405159
4387.377177  0.9262196
4387.999984  0.9218531
4388.622791  0.9272707
4389.245598  0.9220467
4389.868405  0.9104948
4390.491212  0.9025475
4391.114019  0.9099154
4391.736826  0.9504918
4392.359633  0.9855848
4392.98244  0.9802617
4393.605247  0.9490654
4394.228054  0.9039062
4394.850861  0.8742002
4395.473668  0.8922027
4396.096475  0.9514898
4396.719282  1.002938
4397.342089  1.013114
4397.964896  1.010645
4398.587703  0.9923489
4399.21051  0.9523005
4399.833317  0.9001843
4400.456124  0.8646553
4401.078931  0.8817888
4401.701738  0.9534318
4402.324545  1.009168
4402.947352  1.00785
4403.570159  0.9431624
4404.192966  0.8463481
4404.815773  0.8292727
4405.43858  0.9044698
4406.061387  0.9839475
4406.684194  0.9982259
4407.307001  0.9540501
4407.929808  0.9069985
4408.552615  0.9114362
4409.175422  0.9574483
4409.798229  1.00398
4410.421036  1.020534
4411.043843  1.028536
4411.66665  1.041011
4412.289457  1.056652
4412.912264  1.067676
4413.535071  1.041218
4414.157878  0.9667336
4414.780685  0.8825526
4415.403492  0.8760093
4416.026299  0.9294584
4416.649106  0.9620209
4417.271913  0.9562156
4417.89472  0.959393
4418.517527  1.002343
4419.140334  1.049917
4419.763141  1.074496
4420.385948  1.069056
4421.008755  1.041909
4421.631562  0.9986532
4422.254369  0.9701452
4422.877176  0.9787768
4423.499983  1.008814
4424.12279  1.018444
4424.745597  1.003215
4425.368404  0.9984312
4425.991211  0.9976084
4426.614018  0.9897912
4427.236825  0.9842538
4427.859632  1.020727
4428.482439  1.057133
4429.105246  1.045537
4429.728053  0.9918265
4430.35086  0.9609014
4430.973667  0.979121
4431.596474  1.016796
4432.219281  1.020832
4432.842088  1.003849
4433.464895  0.9856492
4434.087702  0.9465833
4434.710509  0.9029542
4435.333316  0.8937691
4435.956123  0.9432728
4436.57893  1.003588
4437.201737  1.046502
4437.824544  1.066899
4438.447351  1.070051
4439.070158  1.063141
4439.692965  1.051192
4440.315772  1.034395
4440.938579  1.007679
4441.561386  0.9689491
4442.184193  0.9264328
4442.807  0.9025427
4443.429807  0.9104493
4444.052614  0.9514579
4444.675421  1.011595
4445.298228  1.054656
4445.921035  1.055103
4446.543842  1.016885
4447.166649  0.9837699
4447.789456  0.992162
4448.412263  1.03135
4449.03507  1.037402
4449.657877  1.008178
4450.280684  0.9805215
4450.903491  0.9909936
4451.526298  1.020084
4452.149105  1.040629
4452.771912  1.034417
4453.394719  0.997417
4454.017526  0.9300504
4454.640333  0.8697892
4455.26314  0.8733712
4455.885947  0.9158096
4456.508754  0.9551397
4457.131561  0.9657163
4457.754368  0.9539204
4458.377175  0.9355489
4458.999982  0.9338528
4459.622789  0.9648899
4460.245596  0.9783607
4460.868403  0.9485485
4461.49121  0.905831
4462.114017  0.9277112
4462.736824  0.9874005
4463.359631  1.01655
4463.982438  0.9998633
4464.605245  0.9894451
4465.228052  1.001163
4465.850859  1.00012
4466.473666  1.003019
4467.096473  1.009686
4467.71928  1.001035
4468.342087  0.9589553
4468.964894  0.9315706
4469.587701  0.9445376
4470.210508  0.9643023
4470.833315  0.9970374
4471.456122  1.027551
4472.078929  1.035535
4472.701736  1.042966
4473.324543  1.058276
4473.94735  1.071357
4474.570157  1.062505
4475.192964  1.036507
4475.815771  1.018624
4476.438578  1.031323
4477.061385  1.06259
4477.684192  1.084741
4478.306999  1.075881
4478.929806  1.039121
4479.552613  0.9997182
4480.17542  0.9693816
4480.798227  0.9382057
4481.421034  0.9097721
4482.043841  0.9176556
4482.666648  0.9748618
4483.289455  1.016857
4483.912262  1.03591
4484.535069  1.046576
4485.157876  1.053026
4485.780683  1.060642
4486.40349  1.065766
4487.026297  1.060464
4487.649104  1.038282
4488.271911  0.9978197
4488.894718  0.956413
4489.517525  0.9488742
4490.140332  0.9648051
4490.763139  0.9894484
4491.385946  1.020706
4492.008753  1.054651
4492.63156  1.064646
4493.254367  1.035921
4493.877174  0.9978132
4494.499981  0.9875619
4495.122788  1.003313
4495.745595  1.005353
4496.368402  1.006848
4496.991209  1.02253
4497.614016  1.048619
4498.236823  1.056475
4498.85963  1.057347
4499.482437  1.058106
4500.105244  1.032945
4500.728051  1.002134
4501.350858  0.9939137
4501.973665  1.020032
4502.596472  1.06022
4503.219279  1.085602
4503.842086  1.087954
4504.464893  1.089094
4505.0877  1.089589
4505.710507  1.086966
4506.333314  1.081223
4506.956121  1.067786
4507.578928  1.052076
4508.201735  1.04562
4508.824542  1.054711
