3820.  0.7224862
3820.622807  0.6374756
3821.245614  0.6565912
3821.868421  0.7499027
3822.491228  0.8366989
3823.114035  0.8567707
3823.736842  0.8056217
3824.359649  0.728848
3824.982456  0.6708892
3825.605263  0.645831
3826.22807  0.653155
3826.850877  0.6791174
3827.473684  0.6850246
3828.096491  0.6563822
3828.719298  0.6256392
3829.342105  0.6136715
3829.964912  0.6368222
3830.587719  0.6811789
3831.210526  0.6715959
3831.833333  0.5753817
3832.45614  0.4853542
3833.078947  0.4768242
3833.701754  0.5023486
3834.324561  0.4843599
3834.947368  0.4432298
3835.570175  0.438972
3836.192982  0.4828335
3836.815789  0.5354559
3837.438596  0.5346218
3838.061403  0.4787091
3838.68421  0.4666527
3839.307017  0.5303433
3839.929824  0.5951574
3840.552631  0.6119745
3841.175438  0.6362737
3841.798245  0.710525
3842.421052  0.7798059
3843.043859  0.7973558
3843.666666  0.8010737
3844.289473  0.8241181
3844.91228  0.8278152
3845.535087  0.8108608
3846.157894  0.8008198
3846.780701  0.822662
3847.403508  0.8653505
3848.026315  0.8987092
3848.649122  0.9007007
3849.271929  0.8610848
3849.894736  0.8154007
3850.517543  0.8081611
3851.14035  0.8425894
3851.763157  0.8848305
3852.385964  0.9011383
3853.008771  0.8955645
3853.631578  0.8928917
3854.254385  0.8958231
3854.877192  0.8867914
3855.499999  0.8423209
3856.122806  0.7955111
3856.745613  0.7989717
3857.36842  0.841668
3857.991227  0.8452573
3858.614034  0.7850543
3859.236841  0.7040543
3859.859648  0.6650832
3860.482455  0.7091097
3861.105262  0.8021113
3861.728069  0.8724892
3862.350876  0.9087457
3862.973683  0.9199467
3863.59649  0.9148557
3864.219297  0.9059067
3864.842104  0.8866333
3865.464911  0.8622384
3866.087718  0.868144
3866.710525  0.8882551
3867.333332  0.8981928
3867.956139  0.903666
3868.578946  0.9111305
3869.201753  0.9087005
3869.82456  0.8948574
3870.447367  0.8851425
3871.070174  0.849645
3871.692981  0.7766621
3872.315788  0.70795
3872.938595  0.6925272
3873.561402  0.7311413
3874.184209  0.7910556
3874.807016  0.8398782
3875.429823  0.8616884
3876.05263  0.8638372
3876.675437  0.8515731
3877.298244  0.7972701
3877.921051  0.7106043
3878.543858  0.6663465
3879.166665  0.7349216
3879.789472  0.8337573
3880.412279  0.8783707
3881.035086  0.8696529
3881.657893  0.831769
3882.2807  0.7955793
3882.903507  0.7844196
3883.526314  0.7867104
3884.149121  0.7837222
3884.771928  0.7595572
3885.394735  0.7044507
3886.017542  0.6365389
3886.640349  0.5950903
3887.263156  0.5918108
3887.885963  0.5596511
3888.50877  0.4895853
3889.131577  0.4463076
3889.754384  0.496019
3890.377191  0.5883492
3890.999998  0.6658143
3891.622805  0.7133144
3892.245612  0.7337897
3892.868419  0.7344857
3893.491226  0.7268776
3894.114033  0.7283844
3894.73684  0.7273483
3895.359647  0.72852
3895.982454  0.759428
3896.605261  0.809478
3897.228068  0.824985
3897.850875  0.7935353
3898.473682  0.7761386
3899.096489  0.7736419
3899.719296  0.7763637
3900.342103  0.7925066
3900.96491  0.820827
3901.587717  0.8301381
3902.210524  0.7989589
3902.833331  0.7636977
3903.456138  0.7666641
3904.078945  0.7891206
3904.701752  0.759822
3905.324559  0.6998195
3905.947366  0.680563
3906.570173  0.7359231
3907.19298  0.8079485
3907.815787  0.854808
3908.438594  0.871954
3909.061401  0.8752301
3909.684208  0.8550703
3910.307015  0.8368317
3910.929822  0.8574585
3911.552629  0.8998612
3912.175436  0.9183612
3912.798243  0.8883113
3913.42105  0.840425
3914.043857  0.8260965
3914.666664  0.8481228
3915.289471  0.8615648
3915.912278  0.8495191
3916.535085  0.8365646
3917.157892  0.8407378
3917.780699  0.8338681
3918.403506  0.8137817
3919.026313  0.7996484
3919.64912  0.7938645
3920.271927  0.7715926
3920.894734  0.7586818
3921.517541  0.7772645
3922.140348  0.7904508
3922.763155  0.7985389
3923.385962  0.815012
3924.008769  0.8354161
3924.631576  0.8251178
3925.254383  0.7860584
3925.87719  0.7539313
3926.499997  0.7403193
3927.122804  0.7029499
3927.745611  0.6291565
3928.368418  0.5712256
3928.991225  0.5379776
3929.614032  0.4993163
3930.236839  0.4326249
3930.859646  0.3621795
3931.482453  0.2971084
3932.10526  0.2355941
3932.728067  0.1800906
3933.350874  0.1431959
3933.973681  0.1369043
3934.596488  0.1651714
3935.219295  0.2171581
3935.842102  0.2870587
3936.464909  0.3688475
3937.087716  0.4480087
3937.710523  0.5148916
3938.33333  0.5767555
3938.956137  0.6465098
3939.578944  0.7062232
3940.201751  0.7367704
3940.824558  0.7401538
3941.447365  0.7464601
3942.070172  0.7640802
3942.692979  0.7685949
3943.315786  0.7326775
3943.938593  0.7000465
3944.5614  0.7174568
3945.184207  0.785285
3945.807014  0.8482898
3946.429821  0.8662128
3947.052628  0.8396185
3947.675435  0.8052496
3948.298242  0.7917878
3948.921049  0.8053266
3949.543856  0.8315409
3950.166663  0.8506679
3950.78947  0.8606098
3951.412277  0.8568285
3952.035084  0.8264327
3952.657891  0.7925155
3953.280698  0.799532
3953.903505  0.8600169
3954.526312  0.8990783
3955.149119  0.8790827
3955.771926  0.81894
3956.394733  0.7785358
3957.01754  0.7845513
3957.640347  0.8175151
3958.263154  0.8430937
3958.885961  0.8623434
3959.508768  0.8666056
3960.131575  0.838556
3960.754382  0.7653128
3961.377189  0.6913497
3961.999996  0.6603295
3962.622803  0.6659301
3963.24561  0.6698222
3963.868417  0.6564245
3964.491224  0.6282352
3965.114031  0.572274
3965.736838  0.487871
3966.359645  0.3869024
3966.982452  0.2921468
3967.605259  0.2148541
3968.228066  0.1659656
3968.850873  0.1602113
3969.47368  0.1970752
3970.096487  0.2663164
3970.719294  0.3522204
3971.342101  0.4340928
3971.964908  0.5045046
3972.587715  0.5633266
3973.210522  0.6090103
3973.833329  0.6466894
3974.456136  0.6916743
3975.078943  0.7431069
3975.70175  0.7729129
3976.324557  0.7782742
3976.947364  0.7827553
3977.570171  0.8077203
3978.192978  0.8386593
3978.815785  0.8652973
3979.438592  0.8906506
3980.061399  0.9106338
3980.684206  0.909462
3981.307013  0.886595
3981.92982  0.8606725
3982.552627  0.851308
3983.175434  0.857004
3983.798241  0.8648045
3984.421048  0.8816192
3985.043855  0.8973441
3985.666662  0.8923979
3986.289469  0.8654528
3986.912276  0.8563663
3987.535083  0.886316
3988.15789  0.9302907
3988.780697  0.9378133
3989.403504  0.9166598
3990.026311  0.9061074
3990.649118  0.9190614
3991.271925  0.9404529
3991.894732  0.954927
3992.517539  0.9650019
3993.140346  0.9679532
3993.763153  0.9533207
3994.38596  0.9248009
3995.008767  0.9076905
3995.631574  0.9080423
3996.254381  0.9086258
3996.877188  0.8889946
3997.499995  0.859251
3998.122802  0.8563505
3998.745609  0.8977425
3999.368416  0.9414818
3999.991223  0.9586864
4000.61403  0.9501635
4001.236837  0.9371877
4001.859644  0.9441803
4002.482451  0.9717125
4003.105258  0.9906197
4003.728065  0.9752234
4004.350872  0.9204993
4004.973679  0.8575116
4005.596486  0.8340454
4006.219293  0.8536135
4006.8421  0.8938305
4007.464907  0.9340779
4008.087714  0.9619582
4008.710521  0.9616903
4009.333328  0.9453825
4009.956135  0.9511557
4010.578942  0.9698331
4011.201749  0.9775719
4011.824556  0.965633
4012.447363  0.9534519
4013.07017  0.9491037
4013.692977  0.9422866
4014.315784  0.937929
4014.938591  0.9508734
4015.561398  0.9687115
4016.184205  0.9608085
4016.807012  0.9378555
4017.429819  0.9226077
4018.052626  0.9334667
4018.675433  0.9678886
4019.29824  0.9875851
4019.921047  0.9795149
4020.543854  0.970467
4021.166661  0.9634415
4021.789468  0.9611894
4022.412275  0.9676812
4023.035082  0.9729127
4023.657889  0.9627604
4024.280696  0.9377815
4024.903503  0.9261179
4025.52631  0.9449852
4026.149117  0.9774334
4026.771924  0.9979969
4027.394731  0.9962518
4028.017538  0.9870569
4028.640345  0.9832156
4029.263152  0.9628216
4029.885959  0.917358
4030.508766  0.8770529
4031.131573  0.8825287
4031.75438  0.9027196
4032.377187  0.9004587
4032.999994  0.8876495
4033.622801  0.8944895
4034.245608  0.9049562
4034.868415  0.9101164
4035.491222  0.934042
4036.114029  0.9679089
4036.736836  0.9904789
4037.359643  1.000961
4037.98245  1.011948
4038.605257  1.013125
4039.228064  0.9975041
4039.850871  0.9798068
4040.473678  0.9543815
4041.096485  0.937354
4041.719292  0.9560473
4042.342099  0.9875475
4042.964906  0.9931837
4043.587713  0.9631068
4044.21052  0.9173285
4044.833327  0.8393973
4045.456134  0.7619946
4046.078941  0.7709356
4046.701748  0.8663505
4047.324555  0.9599562
4047.947362  0.9859609
4048.570169  0.9747056
4049.192976  0.9685771
4049.815783  0.9800419
4050.43859  0.9921892
4051.061397  0.9943338
4051.684204  0.9850087
4052.307011  0.9693078
4052.929818  0.9590762
4053.552625  0.9514962
4054.175432  0.9368774
4054.798239  0.925912
4055.421046  0.9364191
4056.043853  0.9519038
4056.66666  0.9431203
4057.289467  0.9102897
4057.912274  0.8896596
4058.535081  0.9068978
4059.157888  0.9409032
4059.780695  0.9700441
4060.403502  0.9890245
4061.026309  0.9965908
4061.649116  0.9808956
4062.271923  0.9303499
4062.89473  0.850952
4063.517537  0.8088396
4064.140344  0.8514217
4064.763151  0.9326962
4065.385958  0.962667
4066.008765  0.9396526
4066.631572  0.9031922
4067.254379  0.8890127
4067.877186  0.920851
4068.499993  0.9693809
4069.1228  0.9990811
4069.745607  0.9993833
4070.368414  0.9620204
4070.991221  0.8956133
4071.614028  0.8481832
4072.236835  0.8718159
4072.859642  0.9326187
4073.482449  0.9680677
4074.105256  0.9622905
4074.728063  0.9493391
4075.35087  0.9432706
4075.973677  0.9216932
4076.596484  0.8800014
4077.219291  0.8435595
4077.842098  0.8413046
4078.464905  0.8735194
4079.087712  0.9060081
4079.710519  0.928709
4080.333326  0.9549218
4080.956133  0.9797959
4081.57894  0.9899825
4082.201747  0.9783722
4082.824554  0.9575312
4083.447361  0.9312134
4084.070168  0.904188
4084.692975  0.8897647
4085.315782  0.9000915
4085.938589  0.9328334
4086.561396  0.9610679
4087.184203  0.9745919
4087.80701  0.9836739
4088.429817  0.9878886
4089.052624  0.9856137
4089.675431  0.9808928
4090.298238  0.9754915
4090.921045  0.9677618
4091.543852  0.9507148
4092.166659  0.9332712
4092.789466  0.9332662
4093.412273  0.9481584
4094.03508  0.9496977
4094.657887  0.9309545
4095.280694  0.9093902
4095.903501  0.8900924
4096.526308  0.8790741
4097.149115  0.8722901
4097.771922  0.8543701
4098.394729  0.8321103
4099.017536  0.8144081
4099.640343  0.7818815
4100.26315  0.7046539
4100.885957  0.5898935
4101.508764  0.501585
4102.131571  0.5123409
4102.754378  0.6039176
4103.377185  0.7046224
4103.999992  0.7741838
4104.622799  0.8213093
4105.245606  0.8572537
4105.868413  0.8794736
4106.49122  0.8843948
4107.114027  0.8857671
4107.736834  0.8940212
4108.359641  0.9055549
4108.982448  0.9049057
4109.605255  0.9022807
4110.228062  0.9160635
4110.850869  0.9338247
4111.473676  0.9457359
4112.096483  0.9535058
4112.71929  0.9581339
4113.342097  0.9619411
4113.964904  0.9657341
4114.587711  0.9650117
4115.210518  0.9748329
4115.833325  0.9956135
4116.456132  1.010124
4117.078939  1.00323
4117.701746  0.9685024
4118.324553  0.9286469
4118.94736  0.9175983
4119.570167  0.9390684
4120.192974  0.9617021
4120.815781  0.9563828
4121.438588  0.9427181
4122.061395  0.940465
4122.684202  0.9527341
4123.307009  0.9702348
4123.929816  0.9868733
4124.552623  0.9967597
4125.17543  0.9902253
4125.798237  0.9760396
4126.421044  0.9695088
4127.043851  0.9613821
4127.666658  0.9494925
4128.289465  0.9538237
4128.912272  0.9723964
4129.535079  0.9892883
4130.157886  0.9988908
4130.780693  0.9900821
4131.4035  0.9500323
4132.026307  0.9021983
4132.649114  0.8978563
4133.271921  0.922683
4133.894728  0.9296564
4134.517535  0.9325767
4135.140342  0.9628032
4135.763149  0.9961735
4136.385956  0.9958933
4137.008763  0.9857078
4137.63157  0.9922475
4138.254377  1.011871
4138.877184  1.020269
4139.499991  1.017233
4140.122798  1.017133
4140.745605  1.020078
4141.368412  1.016931
4141.991219  1.001972
4142.614026  0.9694313
4143.236833  0.9087328
4143.85964  0.883202
4144.482447  0.9327251
4145.105254  0.9871617
4145.728061  1.011672
4146.350868  1.011541
4146.973675  1.000764
4147.596482  0.9932685
4148.219289  0.9891766
4148.842096  0.9791962
4149.464903  0.9652062
4150.08771  0.9750518
4150.710517  1.001309
4151.333324  1.004622
4151.956131  0.9903917
4152.578938  0.9837688
4153.201745  0.9729496
4153.824552  0.933562
4154.447359  0.9127955
4155.070166  0.9415982
4155.692973  0.9671606
4156.31578  0.9627958
4156.938587  0.9555302
4157.561394  0.9643154
4158.184201  0.9714745
4158.807008  0.975852
4159.429815  0.9901456
4160.052622  1.008092
4160.675429  1.01221
4161.298236  1.002436
4161.921043  1.005002
4162.54385  1.016283
4163.166657  1.009107
4163.789464  0.9953339
4164.412271  1.00674
4165.035078  1.0282
4165.657885  1.031232
4166.280692  1.006096
4166.903499  0.9646626
4167.526306  0.9462289
4168.149113  0.9721403
4168.77192  1.009117
4169.394727  1.022889
4170.017534  1.011662
4170.640341  0.9818811
4171.263148  0.9463004
4171.885955  0.9112933
4172.508762  0.8857656
4173.131569  0.8877224
4173.754376  0.9128684
4174.377183  0.9371292
4174.99999  0.9485102
4175.622797  0.9593661
4176.245604  0.9668386
4176.868411  0.9591211
4177.491218  0.9441776
4178.114025  0.9411005
4178.736832  0.9616556
4179.359639  0.9931883
4179.982446  1.013402
4180.605253  1.005038
4181.22806  0.9704544
4181.850867  0.9406497
4182.473674  0.9436178
4183.096481  0.965782
4183.719288  0.9705034
4184.342095  0.9649413
4184.964902  0.9756379
4185.587709  0.9919859
4186.210516  0.9686813
4186.833323  0.9167498
4187.45613  0.887135
4188.078937  0.9066024
4188.701744  0.9496497
4189.324551  0.9882526
4189.947358  1.010837
4190.570165  0.9947671
4191.192972  0.9585048
4191.815779  0.9534966
4192.438586  0.988544
4193.061393  1.02675
4193.6842  1.034719
4194.307007  1.005768
4194.929814  0.9655241
4195.552621  0.9475719
4196.175428  0.9663575
4196.798235  0.9901157
4197.421042  0.9663618
4198.043849  0.9003243
4198.666656  0.8721752
4199.289463  0.9104345
4199.91227  0.9598222
4200.535077  0.9658626
4201.157884  0.9379446
4201.780691  0.9181929
4202.403498  0.9333763
4203.026305  0.9599949
4203.649112  0.9677423
4204.271919  0.9626341
4204.894726  0.9695532
4205.517533  0.977468
4206.14034  0.9698741
4206.763147  0.9649474
4207.385954  0.9814777
4208.008761  1.000847
4208.631568  1.003775
4209.254375  0.9917806
4209.877182  0.9740871
4210.499989  0.9668293
4211.122796  0.9792974
4211.745603  1.001206
4212.36841  1.009757
4212.991217  1.004085
4213.614024  1.007347
4214.236831  1.005313
4214.859638  0.9696112
4215.482445  0.9195178
4216.105252  0.9067072
4216.728059  0.9286706
4217.350866  0.9537241
4217.973673  0.9663579
4218.59648  0.9654974
4219.219287  0.9620263
4219.842094  0.9754865
4220.464901  0.9962985
4221.087708  1.002376
4221.710515  0.9902165
4222.333322  0.977039
4222.956129  0.9676477
4223.578936  0.9505593
4224.201743  0.9288922
4224.82455  0.9109812
4225.447357  0.8601096
4226.070164  0.7610682
4226.692971  0.6927637
4227.315778  0.742002
4227.938585  0.879396
4228.561392  0.9791422
4229.184199  1.000319
4229.807006  0.988074
4230.429813  0.9855089
4231.05262  0.994439
4231.675427  1.000692
4232.298234  0.9836796
4232.921041  0.940436
4233.543848  0.9305537
4234.166655  0.9672403
4234.789462  0.9813789
4235.412269  0.9350782
4236.035076  0.8894698
4236.657883  0.8963814
4237.28069  0.9267756
4237.903497  0.9473482
4238.526304  0.9459304
4239.149111  0.9385719
4239.771918  0.9455349
4240.394725  0.9681312
4241.017532  0.9966977
4241.640339  0.9893584
4242.263146  0.9496989
4242.885953  0.927264
4243.50876  0.9512708
4244.131567  0.9841302
4244.754374  0.9960823
4245.377181  0.9881857
4245.999988  0.9616837
4246.622795  0.9253811
4247.245602  0.9006679
4247.868409  0.9052574
4248.491216  0.9198841
4249.114023  0.9128688
4249.73683  0.8819333
4250.359637  0.8708604
4250.982444  0.9130704
4251.605251  0.9815261
4252.228058  1.014725
4252.850865  1.005024
4253.473672  0.9673706
4254.096479  0.9242795
4254.719286  0.9033157
4255.342093  0.9187428
4255.9649  0.9682238
4256.587707  1.012053
4257.210514  1.019895
4257.833321  0.9944849
4258.456128  0.963546
4259.078935  0.9394833
4259.701742  0.9044183
4260.324549  0.8666576
4260.947356  0.8692135
4261.570163  0.9146161
4262.19297  0.9670395
4262.815777  0.9978309
4263.438584  0.9974674
4264.061391  0.9805203
4264.684198  0.978309
4265.307005  0.9933953
4265.929812  1.002696
4266.552619  0.9821078
4267.175426  0.9419194
4267.798233  0.9267747
4268.42104  0.9439173
4269.043847  0.9648612
4269.666654  0.9626063
4270.289461  0.9152792
4270.912268  0.8368282
4271.535075  0.8005795
4272.157882  0.8447036
4272.780689  0.9106603
4273.403496  0.9184427
4274.026303  0.884955
4274.64911  0.8648031
4275.271917  0.8883572
4275.894724  0.9416394
4276.517531  0.9815639
4277.140338  0.9923986
4277.763145  0.9969151
4278.385952  0.991954
4279.008759  0.9658034
4279.631566  0.9229542
4280.254373  0.9054347
4280.87718  0.924782
4281.499987  0.9398969
4282.122794  0.9207739
4282.745601  0.9129956
4283.368408  0.9410722
4283.991215  0.9621896
4284.614022  0.9405279
4285.236829  0.8996895
4285.859636  0.8770167
4286.482443  0.8853992
4287.10525  0.9125924
4287.728057  0.9234796
4288.350864  0.8984377
4288.973671  0.8512059
4289.596478  0.8130178
4290.219285  0.8087996
4290.842092  0.8318564
4291.464899  0.8696492
4292.087706  0.9102798
4292.710513  0.9365
4293.33332  0.9280989
4293.956127  0.8940082
4294.578934  0.8751498
4295.201741  0.8956457
4295.824548  0.9079734
4296.447355  0.8752745
4297.070162  0.8428977
4297.692969  0.8308901
4298.315776  0.8030395
4298.938583  0.744256
4299.56139  0.7033402
4300.184197  0.7100558
4300.807004  0.7426681
4301.429811  0.7570555
4302.052618  0.7404583
4302.675425  0.7242736
4303.298232  0.7412689
4303.921039  0.7761737
4304.543846  0.7926679
4305.166653  0.7868524
4305.78946  0.7903262
4306.412267  0.7884504
4307.035074  0.7466949
4307.657881  0.681601
4308.280688  0.6653563
4308.903495  0.6996095
4309.526302  0.7360673
4310.149109  0.7537602
4310.771916  0.7577803
4311.394723  0.7617245
4312.01753  0.7744057
4312.640337  0.8064629
4313.263144  0.8435846
4313.885951  0.8578888
4314.508758  0.8602368
4315.131565  0.8949741
4315.754372  0.9648589
4316.377179  1.017015
4316.999986  1.031912
4317.622793  1.016829
4318.2456  0.9927196
4318.868407  0.9928685
4319.491214  1.000244
4320.114021  0.9800717
4320.736828  0.9589471
4321.359635  0.9716883
4321.982442  0.9810939
4322.605249  0.932155
4323.228056  0.8634491
4323.850863  0.8286442
4324.47367  0.8197791
4325.096477  0.7944061
4325.719284  0.7927271
4326.342091  0.8492236
4326.964898  0.9213106
4327.587705  0.9678647
4328.210512  0.9861158
4328.833319  0.9888598
4329.456126  0.9788278
4330.078933  0.9629669
4330.70174  0.9537494
4331.324547  0.9572238
4331.947354  0.9692113
4332.570161  0.9720828
4333.192968  0.9645038
4333.815775  0.9589552
4334.438582  0.9518633
4335.061389  0.9419886
4335.684196  0.9274199
4336.307003  0.8896205
4336.92981  0.8283406
4337.552617  0.7778084
4338.175424  0.7503145
4338.798231  0.7111183
4339.421038  0.6213252
4340.043845  0.5185213
4340.666652  0.5027549
4341.289459  0.5988776
4341.912266  0.7230151
4342.535073  0.8010069
4343.15788  0.8273252
4343.780687  0.8354428
4344.403494  0.8591167
4345.026301  0.8995105
4345.649108  0.9318832
4346.271915  0.943799
4346.894722  0.9445758
4347.517529  0.9441785
4348.140336  0.9539651
4348.763143  0.9740349
4349.38595  0.9869865
4350.008757  0.9795972
4350.631564  0.9373091
4351.254371  0.8625866
4351.877178  0.8130853
4352.499985  0.8427472
4353.122792  0.912657
4353.745599  0.9584043
4354.368406  0.9633334
4354.991213  0.9549937
4355.61402  0.953966
4356.236827  0.9694459
4356.859634  0.9934471
4357.482441  0.9998374
4358.105248  0.9824176
4358.728055  0.9573762
4359.350862  0.9454986
4359.973669  0.9604745
4360.596476  0.9939905
4361.219283  1.019285
4361.84209  1.01794
4362.464897  0.9966701
4363.087704  0.9860413
4363.710511  0.9933427
4364.333318  1.013322
4364.956125  1.030823
4365.578932  1.02384
4366.201739  0.9952176
4366.824546  0.9621353
4367.447353  0.9473597
4368.07016  0.9649478
4368.692967  0.9876063
4369.315774  0.9828967
4369.938581  0.969649
4370.561388  0.9645816
4371.184195  0.9676628
4371.807002  0.9805569
4372.429809  0.9901113
4373.052616  0.9801357
4373.675423  0.9520256
4374.29823  0.9163882
4374.921037  0.8981947
4375.543844  0.9109944
4376.166651  0.9444402
4376.789458  0.9754802
4377.412265  0.9904928
4378.035072  0.9953855
4378.657879  0.9941177
4379.280686  0.9911437
4379.903493  0.9899753
4380.5263  0.9931537
4381.149107  1.005701
4381.771914  0.9966006
4382.394721  0.9207748
4383.017528  0.8164312
4383.640335  0.7765065
4384.263142  0.8203546
4384.885949  0.8824877
4385.508756  0.934554
4386.131563  0.9676194
4386.75437  0.9737135
4387.377177  0.9641376
4387.999984  0.9593748
4388.622791  0.9630257
4389.245598  0.9663191
4389.868405  0.964023
4390.491212  0.9589716
4391.114019  0.9626478
4391.736826  0.9815465
4392.359633  1.000488
4392.98244  0.9951494
4393.605247  0.9709189
4394.228054  0.9386446
4394.850861  0.917397
4395.473668  0.927994
4396.096475  0.9678878
4396.719282  1.004042
4397.342089  1.01503
4397.964896  1.016116
4398.587703  1.004478
4399.21051  0.9733006
4399.833317  0.9391985
4400.456124  0.9220339
4401.078931  0.9347073
4401.701738  0.9734325
4402.324545  1.011903
4402.947352  1.018984
4403.570159  0.9719858
4404.192966  0.897953
4404.815773  0.8763018
4405.43858  0.9303513
4406.061387  0.9894909
4406.684194  1.001742
4407.307001  0.9766474
4407.929808  0.9526863
4408.552615  0.9567518
4409.175422  0.982217
4409.798229  1.005662
4410.421036  1.016585
4411.043843  1.02051
4411.66665  1.029598
4412.289457  1.039742
4412.912264  1.039722
4413.535071  1.025723
4414.157878  0.9828328
4414.780685  0.9280193
4415.403492  0.9151095
4416.026299  0.9455387
4416.649106  0.9661617
4417.271913  0.9639763
4417.89472  0.9703327
4418.517527  0.9998397
4419.140334  1.033872
4419.763141  1.051233
4420.385948  1.045286
4421.008755  1.026599
4421.631562  1.001449
4422.254369  0.9864821
4422.877176  0.9972458
4423.499983  1.020264
4424.12279  1.025696
4424.745597  1.008229
4425.368404  0.9912065
4425.991211  0.9864681
4426.614018  0.9809654
4427.236825  0.9765987
4427.859632  0.9984344
4428.482439  1.033133
4429.105246  1.038689
4429.728053  1.011627
4430.35086  0.9873894
4430.973667  0.9932199
4431.596474  1.016004
4432.219281  1.023847
4432.842088  1.0155
4433.464895  1.000342
4434.087702  0.9707933
4434.710509  0.9308793
4435.333316  0.9169385
4435.956123  0.9545483
4436.57893  1.004193
4437.201737  1.032929
4437.824544  1.042885
4438.447351  1.041678
4439.070158  1.039889
4439.692965  1.039184
4440.315772  1.0342
4440.938579  1.01829
4441.561386  0.9880957
4442.184193  0.9570234
4442.807  0.9336259
4443.429807  0.9250286
4444.052614  0.9468262
4444.675421  0.9899389
4445.298228  1.024788
4445.921035  1.035633
4446.543842  1.016992
4447.166649  0.9913301
4447.789456  0.9863709
4448.412263  1.001105
4449.03507  1.012858
4449.657877  1.005899
4450.280684  0.9890972
4450.903491  0.9875453
4451.526298  1.004849
4452.149105  1.020683
4452.771912  1.021782
4453.394719  0.9999595
4454.017526  0.952062
4454.640333  0.9063592
4455.26314  0.9029302
4455.885947  0.9337787
4456.508754  0.9690287
4457.131561  0.9908602
4457.754368  0.9899626
4458.377175  0.9702144
4458.999982  0.9583602
4459.622789  0.9778863
4460.245596  0.9993973
4460.868403  0.9883245
4461.49121  0.9566162
4462.114017  0.9554961
4462.736824  0.9882247
4463.359631  1.011915
4463.982438  1.002699
4464.605245  0.9898299
4465.228052  0.9931716
4465.850859  0.9910317
4466.473666  0.9860062
4467.096473  0.9889435
4467.71928  0.9821023
4468.342087  0.9541923
4468.964894  0.9380344
4469.587701  0.9520038
4470.210508  0.970805
4470.833315  0.9871076
4471.456122  1.008035
4472.078929  1.026238
4472.701736  1.025495
4473.324543  1.025581
4473.94735  1.034942
4474.570157  1.03375
4475.192964  1.008029
4475.815771  0.9809895
4476.438578  0.9894176
4477.061385  1.015261
4477.684192  1.034121
4478.306999  1.036541
4478.929806  1.026468
4479.552613  1.010353
4480.17542  0.989938
4480.798227  0.9591694
4481.421034  0.9232137
4482.043841  0.9144985
4482.666648  0.9481961
4483.289455  0.9848922
4483.912262  1.004978
4484.535069  1.011361
4485.157876  1.011224
4485.780683  1.017888
4486.40349  1.030731
4487.026297  1.030853
4487.649104  1.018852
4488.271911  1.00009
4488.894718  0.9777344
4489.517525  0.9633982
4490.140332  0.887347
4490.763139  0.3930232
4491.385946  0.4009555
4492.008753  0.4066986
4492.63156  0.4096485
4493.254367  0.4071633
4493.877174  0.3970728
4494.499981  0.3890569
4495.122788  0.3897137
4495.745595  0.3961354
4496.368402  0.3966267
4496.991209  0.3974887
4497.614016  0.4046647
4498.236823  0.4093971
4498.85963  0.4096766
4499.482437  0.4082652
4500.105244  0.4074244
4500.728051  0.3982157
4501.350858  0.3887777
4501.973665  0.3912121
4502.596472  0.4019566
4503.219279  0.411026
4503.842086  0.413642
4504.464893  0.4132501
4505.0877  0.411849
4505.710507  0.4112563
4506.333314  0.4118593
4506.956121  0.4099245
4507.578928  0.4051182
4508.201735  0.4011407
4508.824542  0.4029555
