3820.  0.1251839
3820.622807  0.1001727
3821.245614  0.1146229
3821.868421  0.156182
3822.491228  0.1946526
3823.114035  0.2070322
3823.736842  0.1880669
3824.359649  0.1523343
3824.982456  0.123638
3825.605263  0.107099
3826.22807  0.1068982
3826.850877  0.1218042
3827.473684  0.1354142
3828.096491  0.1458523
3828.719298  0.1549833
3829.342105  0.1623777
3829.964912  0.1735705
3830.587719  0.1864291
3831.210526  0.1898894
3831.833333  0.1713158
3832.45614  0.144744
3833.078947  0.1283013
3833.701754  0.1213874
3834.324561  0.1260554
3834.947368  0.1467161
3835.570175  0.1814419
3836.192982  0.2077469
3836.815789  0.2114854
3837.438596  0.1914992
3838.061403  0.1573058
3838.68421  0.135969
3839.307017  0.1342887
3839.929824  0.131141
3840.552631  0.119865
3841.175438  0.1240365
3841.798245  0.1652008
3842.421052  0.2156634
3843.043859  0.2431411
3843.666666  0.2448194
3844.289473  0.2440117
3844.91228  0.235029
3845.535087  0.2173111
3846.157894  0.2021607
3846.780701  0.2027186
3847.403508  0.2156454
3848.026315  0.2231313
3848.649122  0.2088231
3849.271929  0.1788375
3849.894736  0.1512522
3850.517543  0.1451315
3851.14035  0.1932072
3851.763157  0.2365689
3852.385964  0.255561
3853.008771  0.2366132
3853.631578  0.2055934
3854.254385  0.1942328
3854.877192  0.2086046
3855.499999  0.2129298
3856.122806  0.1975078
3856.745613  0.1853869
3857.36842  0.1913289
3857.991227  0.1878112
3858.614034  0.1621347
3859.236841  0.1365955
3859.859648  0.1206608
3860.482455  0.1208768
3861.105262  0.1427529
3861.728069  0.186876
3862.350876  0.2334467
3862.973683  0.2588371
3863.59649  0.257185
3864.219297  0.2465256
3864.842104  0.2332805
3865.464911  0.2150162
3866.087718  0.2082373
3866.710525  0.2107413
3867.333332  0.2087559
3867.956139  0.1971467
3868.578946  0.1867714
3869.201753  0.1790967
3869.82456  0.1644639
3870.447367  0.1474662
3871.070174  0.1390389
3871.692981  0.1422769
3872.315788  0.1491311
3872.938595  0.167107
3873.561402  0.2038186
3874.184209  0.2521971
3874.807016  0.2902141
3875.429823  0.3042789
3876.05263  0.2950604
3876.675437  0.2724245
3877.298244  0.2333162
3877.921051  0.1883947
3878.543858  0.1710525
3879.166665  0.1972374
3879.789472  0.2324375
3880.412279  0.2280882
3881.035086  0.1927975
3881.657893  0.1513082
3882.2807  0.1373952
3882.903507  0.1862266
3883.526314  0.2981596
3884.149121  0.3968415
3884.771928  0.3934785
3885.394735  0.3164237
3886.017542  0.2312826
3886.640349  0.20007
3887.263156  0.2458687
3887.885963  0.30056
3888.50877  0.3121576
3889.131577  0.3025737
3889.754384  0.3214973
3890.377191  0.3620951
3890.999998  0.3984957
3891.622805  0.443173
3892.245612  0.4744436
3892.868419  0.4757258
3893.491226  0.4635522
3894.114033  0.4515483
3894.73684  0.4158029
3895.359647  0.3558928
3895.982454  0.3543234
3896.605261  0.4138228
3897.228068  0.4644109
3897.850875  0.4442637
3898.473682  0.4078721
3899.096489  0.3813241
3899.719296  0.3568153
3900.342103  0.3723787
3900.96491  0.427127
3901.587717  0.4667181
3902.210524  0.4296667
3902.833331  0.374867
3903.456138  0.3739409
3904.078945  0.4190644
3904.701752  0.4121723
3905.324559  0.3474918
3905.947366  0.293255
3906.570173  0.3027055
3907.19298  0.34882
3907.815787  0.3933097
3908.438594  0.4293943
3909.061401  0.4532972
3909.684208  0.4528497
3910.307015  0.4334684
3910.929822  0.4378579
3911.552629  0.4661081
3912.175436  0.4911761
3912.798243  0.4897705
3913.42105  0.4672211
3914.043857  0.4519163
3914.666664  0.4580455
3915.289471  0.4553153
3915.912278  0.4287933
3916.535085  0.4004059
3917.157892  0.4092373
3917.780699  0.4232343
3918.403506  0.4161469
3919.026313  0.3918732
3919.64912  0.3591819
3920.271927  0.3118663
3920.894734  0.2667675
3921.517541  0.2744835
3922.140348  0.2965172
3922.763155  0.3065507
3923.385962  0.3231145
3924.008769  0.3536379
3924.631576  0.3655678
3925.254383  0.3357163
3925.87719  0.3032033
3926.499997  0.284137
3927.122804  0.2627912
3927.745611  0.2203226
3928.368418  0.1845926
3928.991225  0.1652286
3929.614032  0.1493446
3930.236839  0.1284341
3930.859646  0.1102158
3931.482453  0.09799166
3932.10526  0.0825
3932.728067  0.06547268
3933.350874  0.05306334
3933.973681  0.05050999
3934.596488  0.05684939
3935.219295  0.07057463
3935.842102  0.09046167
3936.464909  0.1138471
3937.087716  0.1377287
3937.710523  0.1620425
3938.33333  0.1894142
3938.956137  0.2221072
3939.578944  0.252033
3940.201751  0.2671593
3940.824558  0.2642867
3941.447365  0.2630625
3942.070172  0.2739331
3942.692979  0.2837598
3943.315786  0.2688635
3943.938593  0.2446624
3944.5614  0.2496126
3945.184207  0.3028114
3945.807014  0.3811637
3946.429821  0.4339744
3947.052628  0.4243378
3947.675435  0.3868124
3948.298242  0.3630745
3948.921049  0.3737809
3949.543856  0.4164184
3950.166663  0.4712211
3950.78947  0.5067369
3951.412277  0.4944089
3952.035084  0.4309749
3952.657891  0.3704275
3953.280698  0.3831972
3953.903505  0.4654587
3954.526312  0.5380169
3955.149119  0.5344064
3955.771926  0.474016
3956.394733  0.4190436
3957.01754  0.4064578
3957.640347  0.427375
3958.263154  0.4515256
3958.885961  0.4760394
3959.508768  0.4959082
3960.131575  0.467408
3960.754382  0.3839611
3961.377189  0.2868553
3961.999996  0.2328055
3962.622803  0.2306142
3963.24561  0.2474842
3963.868417  0.2480158
3964.491224  0.2325755
3965.114031  0.2054774
3965.736838  0.1716707
3966.359645  0.1355412
3966.982452  0.1045259
3967.605259  0.08018094
3968.228066  0.06227084
3968.850873  0.05782647
3969.47368  0.07137224
3970.096487  0.09923884
3970.719294  0.1304533
3971.342101  0.1595386
3971.964908  0.1863018
3972.587715  0.211634
3973.210522  0.234843
3973.833329  0.2598457
3974.456136  0.2950482
3975.078943  0.3436695
3975.70175  0.3787746
3976.324557  0.3928136
3976.947364  0.4079402
3977.570171  0.4445809
3978.192978  0.4842776
3978.815785  0.5074421
3979.438592  0.538031
3980.061399  0.5735901
3980.684206  0.5850121
3981.307013  0.5515683
3981.92982  0.5120559
3982.552627  0.4965826
3983.175434  0.5036553
3983.798241  0.5079617
3984.421048  0.5247455
3985.043855  0.5646983
3985.666662  0.5943053
3986.289469  0.5837941
3986.912276  0.5681549
3987.535083  0.5999443
3988.15789  0.6540263
3988.780697  0.6632702
3989.403504  0.6085472
3990.026311  0.5634486
3990.649118  0.5732877
3991.271925  0.6112773
3991.894732  0.6239287
3992.517539  0.6354145
3993.140346  0.6446987
3993.763153  0.6340895
3994.38596  0.6088146
3995.008767  0.5963285
3995.631574  0.5989713
3996.254381  0.5883171
3996.877188  0.5642693
3997.499995  0.5442094
3998.122802  0.5498967
3998.745609  0.5995657
3999.368416  0.6752166
3999.991223  0.7252935
4000.61403  0.7085168
4001.236837  0.6765155
4001.859644  0.6797562
4002.482451  0.720585
4003.105258  0.7604732
4003.728065  0.7586117
4004.350872  0.6835917
4004.973679  0.54629
4005.596486  0.4624893
4006.219293  0.483494
4006.8421  0.5592071
4007.464907  0.632333
4008.087714  0.6780465
4008.710521  0.6959198
4009.333328  0.6962449
4009.956135  0.6980973
4010.578942  0.7049082
4011.201749  0.7008908
4011.824556  0.6853172
4012.447363  0.6873704
4013.07017  0.7119253
4013.692977  0.7082634
4014.315784  0.6983765
4014.938591  0.7203174
4015.561398  0.766526
4016.184205  0.7737851
4016.807012  0.724297
4017.429819  0.66375
4018.052626  0.6589885
4018.675433  0.707815
4019.29824  0.7546743
4019.921047  0.745025
4020.543854  0.7141631
4021.166661  0.6950911
4021.789468  0.6894377
4022.412275  0.6971505
4023.035082  0.7131831
4023.657889  0.7131283
4024.280696  0.6708022
4024.903503  0.647426
4025.52631  0.675283
4026.149117  0.7228515
4026.771924  0.7525681
4027.394731  0.7709199
4028.017538  0.8012366
4028.640345  0.8354983
4029.263152  0.8229483
4029.885959  0.7304637
4030.508766  0.596545
4031.131573  0.5416949
4031.75438  0.5624261
4032.377187  0.573218
4032.999994  0.5508601
4033.622801  0.5402039
4034.245608  0.5632857
4034.868415  0.591762
4035.491222  0.6304493
4036.114029  0.6865246
4036.736836  0.7513224
4037.359643  0.8030207
4037.98245  0.8221663
4038.605257  0.8095253
4039.228064  0.7834226
4039.850871  0.7426118
4040.473678  0.6973867
4041.096485  0.6804117
4041.719292  0.7238714
4042.342099  0.7824128
4042.964906  0.7872849
4043.587713  0.7174762
4044.21052  0.6038681
4044.833327  0.4743287
4045.456134  0.3599126
4046.078941  0.3460388
4046.701748  0.4556763
4047.324555  0.6208559
4047.947362  0.7236562
4048.570169  0.7395088
4049.192976  0.7209579
4049.815783  0.7325083
4050.43859  0.7655563
4051.061397  0.7809696
4051.684204  0.7542025
4052.307011  0.7104073
4052.929818  0.6894649
4053.552625  0.687465
4054.175432  0.6573467
4054.798239  0.6157734
4055.421046  0.608553
4056.043853  0.6451976
4056.66666  0.6506617
4057.289467  0.603734
4057.912274  0.5496789
4058.535081  0.5504751
4059.157888  0.5994553
4059.780695  0.6694308
4060.403502  0.7358959
4061.026309  0.7629468
4061.649116  0.7344371
4062.271923  0.6501436
4062.89473  0.5195098
4063.517537  0.4111622
4064.140344  0.4091322
4064.763151  0.5329602
4065.385958  0.6534839
4066.008765  0.6768619
4066.631572  0.6181139
4067.254379  0.5811485
4067.877186  0.6172112
4068.499993  0.7029859
4069.1228  0.7765969
4069.745607  0.8079505
4070.368414  0.7618997
4070.991221  0.6357428
4071.614028  0.5200559
4072.236835  0.5238152
4072.859642  0.645675
4073.482449  0.7527687
4074.105256  0.77729
4074.728063  0.7345553
4075.35087  0.6708443
4075.973677  0.5911371
4076.596484  0.5070288
4077.219291  0.4535041
4077.842098  0.4721826
4078.464905  0.5436131
4079.087712  0.6201831
4079.710519  0.6751831
4080.333326  0.7438611
4080.956133  0.8161342
4081.57894  0.8450515
4082.201747  0.8056219
4082.824554  0.7378925
4083.447361  0.6929479
4084.070168  0.6858634
4084.692975  0.6874109
4085.315782  0.6839337
4085.938589  0.6873772
4086.561396  0.7219048
4087.184203  0.7839836
4087.80701  0.8465319
4088.429817  0.881248
4089.052624  0.881919
4089.675431  0.8501495
4090.298238  0.8101356
4090.921045  0.8110598
4091.543852  0.8054286
4092.166659  0.7605345
4092.789466  0.743803
4093.412273  0.8018538
4094.03508  0.8581089
4094.657887  0.8106301
4095.280694  0.7242945
4095.903501  0.6568321
4096.526308  0.6331999
4097.149115  0.6569181
4097.771922  0.6912819
4098.394729  0.716234
4099.017536  0.7346994
4099.640343  0.7225866
4100.26315  0.6581087
4100.885957  0.5628743
4101.508764  0.5162362
4102.131571  0.5502988
4102.754378  0.6319203
4103.377185  0.6914943
4103.999992  0.6952395
4104.622799  0.6874952
4105.245606  0.7236847
4105.868413  0.7788253
4106.49122  0.8046191
4107.114027  0.7915221
4107.736834  0.7782578
4108.359641  0.7696015
4108.982448  0.7463191
4109.605255  0.7027429
4110.228062  0.6758783
4110.850869  0.6748123
4111.473676  0.6802703
4112.096483  0.682252
4112.71929  0.7113946
4113.342097  0.7609971
4113.964904  0.7898016
4114.587711  0.7906676
4115.210518  0.786603
4115.833325  0.7909693
4116.456132  0.7899302
4117.078939  0.7914119
4117.701746  0.7670956
4118.324553  0.68325
4118.94736  0.6224344
4119.570167  0.6389698
4120.192974  0.7060521
4120.815781  0.7424583
4121.438588  0.7357028
4122.061395  0.7125539
4122.684202  0.692573
4123.307009  0.6731993
4123.929816  0.6876502
4124.552623  0.7509684
4125.17543  0.7804208
4125.798237  0.7622538
4126.421044  0.732407
4127.043851  0.7104425
4127.666658  0.6861506
4128.289465  0.6743695
4128.912272  0.6836876
4129.535079  0.6677577
4130.157886  0.6635103
4130.780693  0.6859547
4131.4035  0.6539308
4132.026307  0.582765
4132.649114  0.5498551
4133.271921  0.584769
4133.894728  0.5863605
4134.517535  0.581542
4135.140342  0.6486799
4135.763149  0.7515476
4136.385956  0.7879001
4137.008763  0.7479506
4137.63157  0.721881
4138.254377  0.7405172
4138.877184  0.774564
4139.499991  0.7833491
4140.122798  0.7758557
4140.745605  0.7700936
4141.368412  0.7456518
4141.991219  0.6592203
4142.614026  0.5393279
4143.236833  0.4436074
4143.85964  0.4265876
4144.482447  0.5124937
4145.105254  0.6238614
4145.728061  0.6855626
4146.350868  0.7040381
4146.973675  0.7026144
4147.596482  0.7062333
4148.219289  0.7156306
4148.842096  0.6859773
4149.464903  0.6263961
4150.08771  0.5925457
4150.710517  0.6170126
4151.333324  0.6346568
4151.956131  0.6260974
4152.578938  0.6366752
4153.201745  0.6543918
4153.824552  0.6446212
4154.447359  0.6200801
4155.070166  0.6421461
4155.692973  0.6436148
4156.31578  0.600324
4156.938587  0.5914778
4157.561394  0.6344634
4158.184201  0.6944994
4158.807008  0.7352377
4159.429815  0.7557744
4160.052622  0.7433738
4160.675429  0.7038342
4161.298236  0.6858397
4161.921043  0.734695
4162.54385  0.7993635
4163.166657  0.7990593
4163.789464  0.7514627
4164.412271  0.7046369
4165.035078  0.6955014
4165.657885  0.7176932
4166.280692  0.7129197
4166.903499  0.6600167
4167.526306  0.611969
4168.149113  0.646533
4168.77192  0.7086016
4169.394727  0.7289512
4170.017534  0.7438192
4170.640341  0.752105
4171.263148  0.7163132
4171.885955  0.6170191
4172.508762  0.5254929
4173.131569  0.5022547
4173.754376  0.546016
4174.377183  0.5997291
4174.99999  0.6340176
4175.622797  0.6515786
4176.245604  0.6579101
4176.868411  0.6310471
4177.491218  0.5881147
4178.114025  0.5738035
4178.736832  0.604445
4179.359639  0.6458789
4179.982446  0.6634008
4180.605253  0.656077
4181.22806  0.6333697
4181.850867  0.6199045
4182.473674  0.6337606
4183.096481  0.6611332
4183.719288  0.6931829
4184.342095  0.7378393
4184.964902  0.7988269
4185.587709  0.8176956
4186.210516  0.7551066
4186.833323  0.647585
4187.45613  0.5932466
4188.078937  0.6273639
4188.701744  0.6978929
4189.324551  0.7282252
4189.947358  0.7255855
4190.570165  0.7036511
4191.192972  0.6656679
4191.815779  0.6718987
4192.438586  0.7309605
4193.061393  0.7883537
4193.6842  0.7932501
4194.307007  0.7517843
4194.929814  0.6853737
4195.552621  0.6123573
4196.175428  0.5619151
4196.798235  0.5598232
4197.421042  0.5912002
4198.043849  0.5881196
4198.666656  0.5874625
4199.289463  0.6324179
4199.91227  0.679344
4200.535077  0.6846035
4201.157884  0.6389868
4201.780691  0.5787621
4202.403498  0.5779071
4203.026305  0.6396549
4203.649112  0.6962062
4204.271919  0.6862528
4204.894726  0.6673576
4205.517533  0.692064
4206.14034  0.7369788
4206.763147  0.7616007
4207.385954  0.7808138
4208.008761  0.8082408
4208.631568  0.8087949
4209.254375  0.7797295
4209.877182  0.742685
4210.499989  0.7260532
4211.122796  0.7474511
4211.745603  0.7821577
4212.36841  0.7947011
4212.991217  0.7750416
4213.614024  0.7368076
4214.236831  0.6780623
4214.859638  0.5812076
4215.482445  0.5063153
4216.105252  0.5506782
4216.728059  0.7134596
4217.350866  0.8440263
4217.973673  0.8997769
4218.59648  0.9117383
4219.219287  0.9004719
4219.842094  0.9047288
4220.464901  0.9405689
4221.087708  0.9747844
4221.710515  0.9438005
4222.333322  0.8607883
4222.956129  0.7786219
4223.578936  0.7255658
4224.201743  0.6924919
4224.82455  0.642726
4225.447357  0.5445045
4226.070164  0.4013521
4226.692971  0.3034715
4227.315778  0.3585094
4227.938585  0.5735488
4228.561392  0.785479
4229.184199  0.866494
4229.807006  0.8520677
4230.429813  0.8673975
4231.05262  0.9130898
4231.675427  0.9087704
4232.298234  0.8356634
4232.921041  0.749375
4233.543848  0.7292346
4234.166655  0.7932621
4234.789462  0.8232174
4235.412269  0.7561933
4236.035076  0.6623684
4236.657883  0.6537418
4237.28069  0.7041142
4237.903497  0.7431462
4238.526304  0.754492
4239.149111  0.74568
4239.771918  0.7417875
4240.394725  0.7773281
4241.017532  0.862655
4241.640339  0.9031335
4242.263146  0.8433893
4242.885953  0.7754096
4243.50876  0.8067929
4244.131567  0.9116004
4244.754374  0.9733236
4245.377181  0.9606857
4245.999988  0.9079498
4246.622795  0.8458986
4247.245602  0.7779472
4247.868409  0.7321988
4248.491216  0.7208557
4249.114023  0.71425
4249.73683  0.6693567
4250.359637  0.6339807
4250.982444  0.678017
4251.605251  0.771685
4252.228058  0.8421209
4252.850865  0.8476291
4253.473672  0.7948765
4254.096479  0.71636
4254.719286  0.6671181
4255.342093  0.6800222
4255.9649  0.744579
4256.587707  0.8591954
4257.210514  0.9403936
4257.833321  0.8739639
4258.456128  0.7637659
4259.078935  0.6991555
4259.701742  0.6535153
4260.324549  0.5962453
4260.947356  0.5855629
4261.570163  0.6644807
4262.19297  0.7867003
4262.815777  0.8961251
4263.438584  0.9398738
4264.061391  0.9133337
4264.684198  0.9013444
4265.307005  0.9398705
4265.929812  0.9846793
4266.552619  0.9619947
4267.175426  0.873121
4267.798233  0.7950592
4268.42104  0.7849048
4269.043847  0.7857966
4269.666654  0.7634782
4270.289461  0.7024169
4270.912268  0.5750998
4271.535075  0.4720837
4272.157882  0.4974113
4272.780689  0.6224519
4273.403496  0.6838041
4274.026303  0.6421874
4274.64911  0.5951002
4275.271917  0.635363
4275.894724  0.7405862
4276.517531  0.8304846
4277.140338  0.8692861
4277.763145  0.9105216
4278.385952  0.9444932
4279.008759  0.8979181
4279.631566  0.7592446
4280.254373  0.655706
4280.87718  0.6836869
4281.499987  0.768275
4282.122794  0.7986653
4282.745601  0.8041868
4283.368408  0.8510339
4283.991215  0.8481073
4284.614022  0.7736235
4285.236829  0.690533
4285.859636  0.655327
4286.482443  0.6896152
4287.10525  0.7612176
4287.728057  0.8004683
4288.350864  0.7622582
4288.973671  0.6576204
4289.596478  0.5650864
4290.219285  0.5711988
4290.842092  0.6205014
4291.464899  0.667537
4292.087706  0.7489389
4292.710513  0.8370109
4293.33332  0.8439789
4293.956127  0.760102
4294.578934  0.708373
4295.201741  0.7290745
4295.824548  0.7549642
4296.447355  0.7128544
4297.070162  0.6627339
4297.692969  0.6395088
4298.315776  0.5974866
4298.938583  0.497648
4299.56139  0.4106479
4300.184197  0.4154076
4300.807004  0.4968569
4301.429811  0.5602192
4302.052618  0.5486063
4302.675425  0.5009509
4303.298232  0.5040033
4303.921039  0.5403032
4304.543846  0.5451952
4305.166653  0.5154369
4305.78946  0.513044
4306.412267  0.5313445
4307.035074  0.4957412
4307.657881  0.4158891
4308.280688  0.3725791
4308.903495  0.4000259
4309.526302  0.4357541
4310.149109  0.4658439
4310.771916  0.496349
4311.394723  0.5233622
4312.01753  0.5557829
4312.640337  0.6196014
4313.263144  0.696901
4313.885951  0.7098125
4314.508758  0.7193886
4315.131565  0.8288891
4315.754372  1.017453
4316.377179  1.127815
4316.999986  1.132321
4317.622793  1.110932
4318.2456  1.076552
4318.868407  1.063758
4319.491214  1.069058
4320.114021  1.019253
4320.736828  0.9542996
4321.359635  0.9501042
4321.982442  0.9755355
4322.605249  0.8889641
4323.228056  0.7342061
4323.850863  0.6275168
4324.47367  0.5676743
4325.096477  0.4985601
4325.719284  0.4733863
4326.342091  0.5873531
4326.964898  0.7710056
4327.587705  0.9342757
4328.210512  1.03761
4328.833319  1.073284
4329.456126  1.02664
4330.078933  0.9399506
4330.70174  0.9039661
4331.324547  0.9486274
4331.947354  1.005467
4332.570161  1.010367
4333.192968  0.9964521
4333.815775  0.9996672
4334.438582  1.04093
4335.061389  1.112102
4335.684196  1.14495
4336.307003  1.05975
4336.92981  0.8729589
4337.552617  0.7424561
4338.175424  0.7260162
4338.798231  0.743143
4339.421038  0.6966723
4340.043845  0.6260706
4340.666652  0.6280771
4341.289459  0.7465742
4341.912266  0.9055161
4342.535073  0.9786283
4343.15788  0.9319578
4343.780687  0.8805791
4344.403494  0.9284027
4345.026301  1.031253
4345.649108  1.061527
4346.271915  1.005306
4346.894722  0.9368048
4347.517529  0.9316073
4348.140336  1.
4348.763143  1.102836
4349.38595  1.153051
4350.008757  1.074021
4350.631564  0.8935074
4351.254371  0.7171038
4351.877178  0.6514127
4352.499985  0.7217969
4353.122792  0.8536352
4353.745599  0.9392286
4354.368406  0.9314208
4354.991213  0.9025714
4355.61402  0.9150074
4356.236827  0.9741534
4356.859634  1.044494
4357.482441  1.040831
4358.105248  0.9435114
4358.728055  0.8430448
4359.350862  0.8169923
4359.973669  0.8804882
4360.596476  0.9876758
4361.219283  1.075468
4361.84209  1.082206
4362.464897  1.014967
4363.087704  0.967311
4363.710511  1.00173
4364.333318  1.09466
4364.956125  1.157739
4365.578932  1.128615
4366.201739  1.030961
4366.824546  0.9248521
4367.447353  0.8510544
4368.07016  0.8730349
4368.692967  0.9484928
4369.315774  0.9636937
4369.938581  0.9422768
4370.561388  0.9309727
4371.184195  0.945168
4371.807002  0.9758425
4372.429809  0.9635133
4373.052616  0.8887857
4373.675423  0.8066337
4374.29823  0.7398412
4374.921037  0.7121392
4375.543844  0.7542314
4376.166651  0.8549492
4376.789458  0.9509355
4377.412265  1.005082
4378.035072  1.030486
4378.657879  1.020379
4379.280686  0.9793037
4379.903493  0.9401602
4380.5263  0.9391589
4381.149107  0.9556053
4381.771914  0.9020346
4382.394721  0.7052271
4383.017528  0.4877377
4383.640335  0.3875956
4384.263142  0.434157
4384.885949  0.5805393
4385.508756  0.7638013
4386.131563  0.9005437
4386.75437  0.9176936
4387.377177  0.8841895
4387.999984  0.8699573
4388.622791  0.8650263
4389.245598  0.8329382
4389.868405  0.7912572
4390.491212  0.7818391
4391.114019  0.8087698
4391.736826  0.8725272
4392.359633  0.9331368
4392.98244  0.9345775
4393.605247  0.9073846
4394.228054  0.8634422
4394.850861  0.8181896
4395.473668  0.8532575
4396.096475  0.9660482
4396.719282  1.06765
4397.342089  1.082705
4397.964896  1.046185
4398.587703  0.9960476
4399.21051  0.9313727
4399.833317  0.8441088
4400.456124  0.78962
4401.078931  0.8396304
4401.701738  0.9922285
4402.324545  1.088224
4402.947352  1.019427
4403.570159  0.8272365
4404.192966  0.6350781
4404.815773  0.5956407
4405.43858  0.7324618
4406.061387  0.8768761
4406.684194  0.920655
4407.307001  0.8619844
4407.929808  0.779625
4408.552615  0.7813622
4409.175422  0.8789736
4409.798229  0.9974607
4410.421036  1.060519
4411.043843  1.073831
4411.66665  1.084402
4412.289457  1.119533
4412.912264  1.140382
4413.535071  1.071621
4414.157878  0.9066787
4414.780685  0.7689849
4415.403492  0.7733687
4416.026299  0.8808676
4416.649106  0.9412144
4417.271913  0.9605008
4417.89472  0.9937271
4418.517527  1.058672
4419.140334  1.114919
4419.763141  1.125353
4420.385948  1.087242
4421.008755  1.022797
4421.631562  0.9380667
4422.254369  0.8759448
4422.877176  0.886193
4423.499983  0.9488483
4424.12279  1.007271
4424.745597  1.023373
4425.368404  1.004966
4425.991211  0.9925268
4426.614018  0.9917021
4427.236825  0.9888941
4427.859632  1.034578
4428.482439  1.07218
4429.105246  1.017059
4429.728053  0.8949625
4430.35086  0.853449
4430.973667  0.937841
4431.596474  1.033583
4432.219281  1.06338
4432.842088  1.022243
4433.464895  0.9458463
4434.087702  0.8728072
4434.710509  0.8159857
4435.333316  0.8036004
4435.956123  0.8728773
4436.57893  0.973614
4437.201737  1.051204
4437.824544  1.097604
4438.447351  1.149759
4439.070158  1.167859
4439.692965  1.117258
4440.315772  1.03296
4440.938579  0.9612746
4441.561386  0.9123815
4442.184193  0.8754218
4442.807  0.8685621
4443.429807  0.8939227
4444.052614  0.9530411
4444.675421  1.054791
4445.298228  1.144091
4445.921035  1.156115
4446.543842  1.086494
4447.166649  1.046653
4447.789456  1.087524
4448.412263  1.153859
4449.03507  1.132078
4449.657877  1.053659
4450.280684  1.008617
4450.903491  1.040858
4451.526298  1.0857
4452.149105  1.090994
4452.771912  1.056996
4453.394719  1.019017
4454.017526  0.9481852
4454.640333  0.8611788
4455.26314  0.8511661
4455.885947  0.8973657
4456.508754  0.9457273
4457.131561  0.9597217
4457.754368  0.9403881
4458.377175  0.9021987
4458.999982  0.8768078
4459.622789  0.8980728
4460.245596  0.9052708
4460.868403  0.8524886
4461.49121  0.777132
4462.114017  0.8043672
4462.736824  0.9307715
4463.359631  1.050806
4463.982438  1.060256
4464.605245  1.025093
4465.228052  1.013583
4465.850859  1.012356
4466.473666  1.015491
4467.096473  1.033667
4467.71928  1.051594
4468.342087  1.00108
4468.964894  0.9435761
4469.587701  0.943252
4470.210508  0.978629
4470.833315  1.015417
4471.456122  1.042032
4472.078929  1.067542
4472.701736  1.111077
4473.324543  1.164031
4473.94735  1.193553
4474.570157  1.170778
4475.192964  1.139814
4475.815771  1.152466
4476.438578  1.212802
4477.061385  1.255983
4477.684192  1.261093
4478.306999  1.226503
4478.929806  1.132793
4479.552613  1.02566
4480.17542  0.9598444
4480.798227  0.9459371
4481.421034  0.9329397
4482.043841  0.9455886
4482.666648  1.020058
4483.289455  1.098907
4483.912262  1.159469
4484.535069  1.196999
4485.157876  1.2185
4485.780683  1.231415
4486.40349  1.222958
4487.026297  1.18192
4487.649104  1.116549
4488.271911  1.014933
4488.894718  0.8522342
4489.517525  0.3161843
4490.140332  0.2131932
4490.763139  0.2203673
4491.385946  0.2350764
4492.008753  0.2508093
4492.63156  0.2608216
4493.254367  0.2590356
4493.877174  0.2438499
4494.499981  0.2214607
4495.122788  0.2103416
4495.745595  0.2114481
4496.368402  0.2155638
4496.991209  0.2232834
4497.614016  0.2374947
4498.236823  0.2536308
4498.85963  0.2610883
4499.482437  0.2647718
4500.105244  0.2663114
4500.728051  0.2601863
4501.350858  0.2441514
4501.973665  0.2319676
4502.596472  0.2396812
4503.219279  0.2632042
4503.842086  0.2853619
4504.464893  0.2939822
4505.0877  0.2932556
4505.710507  0.2891914
4506.333314  0.2848457
4506.956121  0.2784799
4507.578928  0.2713044
4508.201735  0.2669242
4508.824542  0.2664118
