3820.  0.1284457
3820.622807  0.1050868
3821.245614  0.1098029
3821.868421  0.1313408
3822.491228  0.1551033
3823.114035  0.1705851
3823.736842  0.1601029
3824.359649  0.1342731
3824.982456  0.1134946
3825.605263  0.1052354
3826.22807  0.1087195
3826.850877  0.1167206
3827.473684  0.1233666
3828.096491  0.1356569
3828.719298  0.1431734
3829.342105  0.1424099
3829.964912  0.1574262
3830.587719  0.174796
3831.210526  0.1739575
3831.833333  0.1503162
3832.45614  0.1252541
3833.078947  0.1111199
3833.701754  0.1063087
3834.324561  0.1027512
3834.947368  0.1109663
3835.570175  0.1334694
3836.192982  0.1553234
3836.815789  0.1662725
3837.438596  0.1615811
3838.061403  0.1455463
3838.68421  0.1320837
3839.307017  0.1308731
3839.929824  0.1321968
3840.552631  0.116627
3841.175438  0.1152254
3841.798245  0.141082
3842.421052  0.1781024
3843.043859  0.20097
3843.666666  0.2103241
3844.289473  0.2152199
3844.91228  0.2161617
3845.535087  0.2097804
3846.157894  0.2026366
3846.780701  0.2045995
3847.403508  0.2096788
3848.026315  0.2165282
3848.649122  0.2169659
3849.271929  0.1936419
3849.894736  0.1636912
3850.517543  0.1523774
3851.14035  0.171246
3851.763157  0.2030652
3852.385964  0.2230591
3853.008771  0.2193706
3853.631578  0.2053449
3854.254385  0.2025241
3854.877192  0.2054556
3855.499999  0.1889089
3856.122806  0.1620063
3856.745613  0.1573839
3857.36842  0.1826212
3857.991227  0.1858572
3858.614034  0.1637075
3859.236841  0.1357796
3859.859648  0.1211561
3860.482455  0.125022
3861.105262  0.1498788
3861.728069  0.1872608
3862.350876  0.2094365
3862.973683  0.2186869
3863.59649  0.218676
3864.219297  0.2031649
3864.842104  0.1877841
3865.464911  0.1818891
3866.087718  0.1859359
3866.710525  0.1995115
3867.333332  0.2065832
3867.956139  0.203745
3868.578946  0.2085766
3869.201753  0.2113921
3869.82456  0.2053837
3870.447367  0.194723
3871.070174  0.1893507
3871.692981  0.1785405
3872.315788  0.1580523
3872.938595  0.1482389
3873.561402  0.1629804
3874.184209  0.1937743
3874.807016  0.217255
3875.429823  0.2217281
3876.05263  0.2155027
3876.675437  0.2055656
3877.298244  0.1818051
3877.921051  0.1487428
3878.543858  0.1343799
3879.166665  0.1637867
3879.789472  0.2002066
3880.412279  0.2199551
3881.035086  0.2160068
3881.657893  0.1872176
3882.2807  0.1643411
3882.903507  0.1757702
3883.526314  0.2212275
3884.149121  0.2582664
3884.771928  0.2497693
3885.394735  0.1949125
3886.017542  0.1394802
3886.640349  0.1142402
3887.263156  0.1240434
3887.885963  0.1504587
3888.50877  0.1687326
3889.131577  0.1802475
3889.754384  0.1970289
3890.377191  0.2097156
3890.999998  0.2270956
3891.622805  0.2602632
3892.245612  0.3036313
3892.868419  0.3127539
3893.491226  0.291622
3894.114033  0.2741574
3894.73684  0.250054
3895.359647  0.2209252
3895.982454  0.2109864
3896.605261  0.2491419
3897.228068  0.2724685
3897.850875  0.2587426
3898.473682  0.2391202
3899.096489  0.2200628
3899.719296  0.2077081
3900.342103  0.2164951
3900.96491  0.2632397
3901.587717  0.2970266
3902.210524  0.2823412
3902.833331  0.2385703
3903.456138  0.2336718
3904.078945  0.2600015
3904.701752  0.2691047
3905.324559  0.2409079
3905.947366  0.2055214
3906.570173  0.1971901
3907.19298  0.2222187
3907.815787  0.2523537
3908.438594  0.2815121
3909.061401  0.3118892
3909.684208  0.3236434
3910.307015  0.3181269
3910.929822  0.3069443
3911.552629  0.3004736
3912.175436  0.3028615
3912.798243  0.3054239
3913.42105  0.3002115
3914.043857  0.2985438
3914.666664  0.303422
3915.289471  0.3039478
3915.912278  0.2839639
3916.535085  0.2538107
3917.157892  0.2411628
3917.780699  0.2570061
3918.403506  0.2548745
3919.026313  0.241039
3919.64912  0.2268787
3920.271927  0.1954865
3920.894734  0.1785472
3921.517541  0.1864953
3922.140348  0.1984873
3922.763155  0.1961163
3923.385962  0.1973417
3924.008769  0.2165837
3924.631576  0.2303213
3925.254383  0.218889
3925.87719  0.1956909
3926.499997  0.189049
3927.122804  0.1771372
3927.745611  0.1554031
3928.368418  0.1348905
3928.991225  0.1247274
3929.614032  0.1160529
3930.236839  0.1018142
3930.859646  0.08554532
3931.482453  0.07310282
3932.10526  0.06300493
3932.728067  0.05367996
3933.350874  0.05260431
3933.973681  0.05367548
3934.596488  0.05201612
3935.219295  0.05243633
3935.842102  0.06336271
3936.464909  0.0848281
3937.087716  0.1088849
3937.710523  0.1272062
3938.33333  0.141439
3938.956137  0.1575398
3939.578944  0.1769894
3940.201751  0.1812366
3940.824558  0.1737969
3941.447365  0.1743245
3942.070172  0.185313
3942.692979  0.1931109
3943.315786  0.1826345
3943.938593  0.1553934
3944.5614  0.1548488
3945.184207  0.1919065
3945.807014  0.2373133
3946.429821  0.2683033
3947.052628  0.2669795
3947.675435  0.2404685
3948.298242  0.2258824
3948.921049  0.2327228
3949.543856  0.2578771
3950.166663  0.2927545
3950.78947  0.3230296
3951.412277  0.3220939
3952.035084  0.2837843
3952.657891  0.2483374
3953.280698  0.2640493
3953.903505  0.3231441
3954.526312  0.3627201
3955.149119  0.351021
3955.771926  0.3028592
3956.394733  0.2593801
3957.01754  0.2507453
3957.640347  0.2582122
3958.263154  0.264714
3958.885961  0.2769368
3959.508768  0.2840473
3960.131575  0.263953
3960.754382  0.2103646
3961.377189  0.1607989
3961.999996  0.1417386
3962.622803  0.1507715
3963.24561  0.160958
3963.868417  0.1638213
3964.491224  0.1556758
3965.114031  0.136863
3965.736838  0.1170861
3966.359645  0.09772842
3966.982452  0.07786708
3967.605259  0.06119069
3968.228066  0.05359343
3968.850873  0.05589838
3969.47368  0.06501391
3970.096487  0.0821241
3970.719294  0.0987512
3971.342101  0.1101801
3971.964908  0.1257847
3972.587715  0.1431285
3973.210522  0.1604826
3973.833329  0.1807155
3974.456136  0.2055456
3975.078943  0.2306242
3975.70175  0.2479745
3976.324557  0.2524846
3976.947364  0.2638579
3977.570171  0.288519
3978.192978  0.3100642
3978.815785  0.3234517
3979.438592  0.3416775
3980.061399  0.3691423
3980.684206  0.3731245
3981.307013  0.3435039
3981.92982  0.3121513
3982.552627  0.3277018
3983.175434  0.3444725
3983.798241  0.344263
3984.421048  0.3497855
3985.043855  0.3845872
3985.666662  0.4170276
3986.289469  0.42057
3986.912276  0.4161619
3987.535083  0.4389774
3988.15789  0.464781
3988.780697  0.4391773
3989.403504  0.3759558
3990.026311  0.3492853
3990.649118  0.3882075
3991.271925  0.4175592
3991.894732  0.4234754
3992.517539  0.4301169
3993.140346  0.4569682
3993.763153  0.4602963
3994.38596  0.4418321
3995.008767  0.4258867
3995.631574  0.4175019
3996.254381  0.4118673
3996.877188  0.4027875
3997.499995  0.3901371
3998.122802  0.3847471
3998.745609  0.4163941
3999.368416  0.4859687
3999.991223  0.5264837
4000.61403  0.5246081
4001.236837  0.5114931
4001.859644  0.5262997
4002.482451  0.5473628
4003.105258  0.5577271
4003.728065  0.5418117
4004.350872  0.4642846
4004.973679  0.3668732
4005.596486  0.3244478
4006.219293  0.3785747
4006.8421  0.443655
4007.464907  0.4787954
4008.087714  0.5000176
4008.710521  0.503854
4009.333328  0.5078177
4009.956135  0.5224889
4010.578942  0.5330069
4011.201749  0.5137109
4011.824556  0.4900813
4012.447363  0.5089552
4013.07017  0.5394075
4013.692977  0.5484593
4014.315784  0.5421594
4014.938591  0.569928
4015.561398  0.6142278
4016.184205  0.6236432
4016.807012  0.5712972
4017.429819  0.5311154
4018.052626  0.5329518
4018.675433  0.5627313
4019.29824  0.5973408
4019.921047  0.5951601
4020.543854  0.5609655
4021.166661  0.5429921
4021.789468  0.536477
4022.412275  0.5368044
4023.035082  0.5344275
4023.657889  0.5024832
4024.280696  0.4629978
4024.903503  0.4613693
4025.52631  0.5203267
4026.149117  0.5616988
4026.771924  0.5712687
4027.394731  0.5917712
4028.017538  0.6329933
4028.640345  0.6626682
4029.263152  0.6267812
4029.885959  0.4957227
4030.508766  0.3651094
4031.131573  0.3266234
4031.75438  0.3762819
4032.377187  0.3661263
4032.999994  0.3225955
4033.622801  0.320291
4034.245608  0.3449112
4034.868415  0.3922265
4035.491222  0.4597399
4036.114029  0.5404413
4036.736836  0.6152267
4037.359643  0.6485442
4037.98245  0.6307786
4038.605257  0.6070622
4039.228064  0.5875207
4039.850871  0.5641572
4040.473678  0.5341784
4041.096485  0.5292006
4041.719292  0.5527234
4042.342099  0.5752516
4042.964906  0.5563641
4043.587713  0.4883603
4044.21052  0.3915018
4044.833327  0.2978822
4045.456134  0.2275963
4046.078941  0.2236337
4046.701748  0.3093531
4047.324555  0.4287705
4047.947362  0.5173893
4048.570169  0.5504922
4049.192976  0.5576493
4049.815783  0.5744233
4050.43859  0.6013351
4051.061397  0.6143683
4051.684204  0.6061504
4052.307011  0.593151
4052.929818  0.5885048
4053.552625  0.5797019
4054.175432  0.5224921
4054.798239  0.4591023
4055.421046  0.4714544
4056.043853  0.5138788
4056.66666  0.5086931
4057.289467  0.4427914
4057.912274  0.4096887
4058.535081  0.4279833
4059.157888  0.4797548
4059.780695  0.5372825
4060.403502  0.5739158
4061.026309  0.5763379
4061.649116  0.5358676
4062.271923  0.4434274
4062.89473  0.3311256
4063.517537  0.2619904
4064.140344  0.2931453
4064.763151  0.4134275
4065.385958  0.5251937
4066.008765  0.5382202
4066.631572  0.4856118
4067.254379  0.4531876
4067.877186  0.4837771
4068.499993  0.5423682
4069.1228  0.6110539
4069.745607  0.6340244
4070.368414  0.5581152
4070.991221  0.414403
4071.614028  0.324125
4072.236835  0.3648362
4072.859642  0.4846699
4073.482449  0.5909665
4074.105256  0.6219185
4074.728063  0.5764174
4075.35087  0.5012022
4075.973677  0.4181964
4076.596484  0.343039
4077.219291  0.3089395
4077.842098  0.3380018
4078.464905  0.4111086
4079.087712  0.4834133
4079.710519  0.5439892
4080.333326  0.6102851
4080.956133  0.6766161
4081.57894  0.6806718
4082.201747  0.6193382
4082.824554  0.5544272
4083.447361  0.5582812
4084.070168  0.5834718
4084.692975  0.5829653
4085.315782  0.5535533
4085.938589  0.5413358
4086.561396  0.5723597
4087.184203  0.6393988
4087.80701  0.7086746
4088.429817  0.7543299
4089.052624  0.7541157
4089.675431  0.7100731
4090.298238  0.6694168
4090.921045  0.668152
4091.543852  0.6713777
4092.166659  0.5992452
4092.789466  0.5944979
4093.412273  0.6721085
4094.03508  0.7053876
4094.657887  0.6366358
4095.280694  0.5202172
4095.903501  0.4439511
4096.526308  0.4427801
4097.149115  0.4826379
4097.771922  0.5132579
4098.394729  0.5115704
4099.017536  0.5155964
4099.640343  0.4908021
4100.26315  0.4097395
4100.885957  0.3428993
4101.508764  0.3504073
4102.131571  0.4232644
4102.754378  0.490827
4103.377185  0.5146416
4103.999992  0.5028062
4104.622799  0.5006302
4105.245606  0.558957
4105.868413  0.624214
4106.49122  0.6425354
4107.114027  0.6230419
4107.736834  0.6050729
4108.359641  0.6010842
4108.982448  0.5875098
4109.605255  0.5271376
4110.228062  0.4862808
4110.850869  0.4901395
4111.473676  0.463347
4112.096483  0.4565937
4112.71929  0.4953591
4113.342097  0.5495222
4113.964904  0.5800803
4114.587711  0.580846
4115.210518  0.5664362
4115.833325  0.5527939
4116.456132  0.5620962
4117.078939  0.5748476
4117.701746  0.544232
4118.324553  0.4637092
4118.94736  0.4225495
4119.570167  0.4786438
4120.192974  0.5458906
4120.815781  0.5585526
4121.438588  0.5300371
4122.061395  0.5225173
4122.684202  0.5054035
4123.307009  0.4992857
4123.929816  0.5453327
4124.552623  0.6288408
4125.17543  0.6559631
4125.798237  0.6191194
4126.421044  0.6156849
4127.043851  0.5782646
4127.666658  0.5283788
4128.289465  0.5276203
4128.912272  0.523113
4129.535079  0.492945
4130.157886  0.4644653
4130.780693  0.4796841
4131.4035  0.4463133
4132.026307  0.3883084
4132.649114  0.4021109
4133.271921  0.4407945
4133.894728  0.4513833
4134.517535  0.4503379
4135.140342  0.5241115
4135.763149  0.5842295
4136.385956  0.5764257
4137.008763  0.5427356
4137.63157  0.5522234
4138.254377  0.5831529
4138.877184  0.5844769
4139.499991  0.5613496
4140.122798  0.5615011
4140.745605  0.5731614
4141.368412  0.5249061
4141.991219  0.4163477
4142.614026  0.305911
4143.236833  0.2575407
4143.85964  0.2799774
4144.482447  0.3657287
4145.105254  0.4671009
4145.728061  0.5187047
4146.350868  0.5402777
4146.973675  0.5485674
4147.596482  0.5462626
4148.219289  0.5390794
4148.842096  0.5082434
4149.464903  0.4634136
4150.08771  0.4560707
4150.710517  0.4747399
4151.333324  0.4816557
4151.956131  0.4600312
4152.578938  0.465216
4153.201745  0.4864838
4153.824552  0.4958303
4154.447359  0.5002242
4155.070166  0.4985866
4155.692973  0.4831039
4156.31578  0.4619909
4156.938587  0.501264
4157.561394  0.5668852
4158.184201  0.5995397
4158.807008  0.6113081
4159.429815  0.6049049
4160.052622  0.5845086
4160.675429  0.5627343
4161.298236  0.5650729
4161.921043  0.6065586
4162.54385  0.6614819
4163.166657  0.6533251
4163.789464  0.590157
4164.412271  0.5236405
4165.035078  0.5010862
4165.657885  0.5354488
4166.280692  0.5520148
4166.903499  0.4953531
4167.526306  0.4753671
4168.149113  0.5018166
4168.77192  0.5330512
4169.394727  0.5458565
4170.017534  0.5823992
4170.640341  0.5990614
4171.263148  0.519098
4171.885955  0.4067127
4172.508762  0.3459337
4173.131569  0.3667068
4173.754376  0.415189
4174.377183  0.4516637
4174.99999  0.4730209
4175.622797  0.4965427
4176.245604  0.5045661
4176.868411  0.487363
4177.491218  0.4641974
4178.114025  0.4841025
4178.736832  0.5272887
4179.359639  0.5589454
4179.982446  0.5610116
4180.605253  0.5313374
4181.22806  0.4961221
4181.850867  0.4877777
4182.473674  0.5152697
4183.096481  0.5517607
4183.719288  0.5879736
4184.342095  0.6417601
4184.964902  0.6855351
4185.587709  0.674353
4186.210516  0.5898982
4186.833323  0.481587
4187.45613  0.4554794
4188.078937  0.5333781
4188.701744  0.6014509
4189.324551  0.6091278
4189.947358  0.5678328
4190.570165  0.5223066
4191.192972  0.4970139
4191.815779  0.538713
4192.438586  0.6333134
4193.061393  0.6716839
4193.6842  0.6559059
4194.307007  0.6126001
4194.929814  0.5571066
4195.552621  0.5079072
4196.175428  0.4754536
4196.798235  0.4617581
4197.421042  0.4630297
4198.043849  0.4462068
4198.666656  0.4303093
4199.289463  0.4706577
4199.91227  0.5044879
4200.535077  0.489413
4201.157884  0.4372648
4201.780691  0.4017467
4202.403498  0.4329295
4203.026305  0.507575
4203.649112  0.5357321
4204.271919  0.5078712
4204.894726  0.4935118
4205.517533  0.5468671
4206.14034  0.5822788
4206.763147  0.6060032
4207.385954  0.6435685
4208.008761  0.6738525
4208.631568  0.6797718
4209.254375  0.6480691
4209.877182  0.5921636
4210.499989  0.584569
4211.122796  0.6214966
4211.745603  0.6531369
4212.36841  0.6420321
4212.991217  0.605706
4213.614024  0.5618923
4214.236831  0.5054706
4214.859638  0.4211077
4215.482445  0.398681
4216.105252  0.5089378
4216.728059  0.664986
4217.350866  0.7527343
4217.973673  0.7583765
4218.59648  0.7662097
4219.219287  0.7588284
4219.842094  0.7480663
4220.464901  0.7575389
4221.087708  0.764953
4221.710515  0.720615
4222.333322  0.6259285
4222.956129  0.5488246
4223.578936  0.4909703
4224.201743  0.4261697
4224.82455  0.334907
4225.447357  0.2389443
4226.070164  0.1615768
4226.692971  0.1322429
4227.315778  0.1817491
4227.938585  0.3058857
4228.561392  0.4373139
4229.184199  0.5076513
4229.807006  0.5714721
4230.429813  0.6642022
4231.05262  0.7466903
4231.675427  0.7137654
4232.298234  0.6155282
4232.921041  0.5429436
4233.543848  0.5462143
4234.166655  0.6050219
4234.789462  0.6302539
4235.412269  0.5790253
4236.035076  0.5518513
4236.657883  0.5783221
4237.28069  0.6254554
4237.903497  0.6419368
4238.526304  0.6408835
4239.149111  0.6334587
4239.771918  0.6280627
4240.394725  0.6493724
4241.017532  0.690999
4241.640339  0.7217408
4242.263146  0.7175213
4242.885953  0.7352735
4243.50876  0.8172584
4244.131567  0.9292871
4244.754374  0.9350392
4245.377181  0.8606462
4245.999988  0.7849718
4246.622795  0.7201232
4247.245602  0.6821012
4247.868409  0.6785304
4248.491216  0.6933189
4249.114023  0.6697157
4249.73683  0.574805
4250.359637  0.4622495
4250.982444  0.4742125
4251.605251  0.5678343
4252.228058  0.6467715
4252.850865  0.6467952
4253.473672  0.5352381
4254.096479  0.4258201
4254.719286  0.4411066
4255.342093  0.5322291
4255.9649  0.650677
4256.587707  0.7534273
4257.210514  0.7986401
4257.833321  0.7267004
4258.456128  0.6268187
4259.078935  0.6056354
4259.701742  0.5461073
4260.324549  0.4895378
4260.947356  0.5092605
4261.570163  0.5935301
4262.19297  0.6973031
4262.815777  0.7850949
4263.438584  0.8422043
4264.061391  0.8619546
4264.684198  0.8713495
4265.307005  0.8908563
4265.929812  0.8982588
4266.552619  0.8599344
4267.175426  0.7847244
4267.798233  0.7209774
4268.42104  0.6963729
4269.043847  0.6853295
4269.666654  0.6389812
4270.289461  0.5330701
4270.912268  0.3923521
4271.535075  0.307387
4272.157882  0.3671392
4272.780689  0.4792503
4273.403496  0.5194046
4274.026303  0.454311
4274.64911  0.4154115
4275.271917  0.4856294
4275.894724  0.6244896
4276.517531  0.7060048
4277.140338  0.7707567
4277.763145  0.84183
4278.385952  0.8816134
4279.008759  0.828455
4279.631566  0.7076187
4280.254373  0.6186033
4280.87718  0.6574644
4281.499987  0.6945047
4282.122794  0.675086
4282.745601  0.6684445
4283.368408  0.7121888
4283.991215  0.7343483
4284.614022  0.6828665
4285.236829  0.6419021
4285.859636  0.6466767
4286.482443  0.6814143
4287.10525  0.7021881
4287.728057  0.6982058
4288.350864  0.6226229
4288.973671  0.4742863
4289.596478  0.3827204
4290.219285  0.3933173
4290.842092  0.461322
4291.464899  0.5148595
4292.087706  0.6337329
4292.710513  0.7423444
4293.33332  0.7112784
4293.956127  0.6118656
4294.578934  0.5940734
4295.201741  0.6831817
4295.824548  0.7215042
4296.447355  0.7042648
4297.070162  0.6783947
4297.692969  0.6596802
4298.315776  0.564753
4298.938583  0.4368987
4299.56139  0.3723787
4300.184197  0.411486
4300.807004  0.5041
4301.429811  0.5585008
4302.052618  0.5244508
4302.675425  0.4994984
4303.298232  0.5322446
4303.921039  0.5868022
4304.543846  0.5766005
4305.166653  0.5132065
4305.78946  0.4547937
4306.412267  0.4366935
4307.035074  0.3832985
4307.657881  0.3238473
4308.280688  0.3320228
4308.903495  0.3827634
4309.526302  0.445928
4310.149109  0.5181478
4310.771916  0.6138942
4311.394723  0.6702449
4312.01753  0.6880717
4312.640337  0.711387
4313.263144  0.7304026
4313.885951  0.6813658
4314.508758  0.6273945
4315.131565  0.7875699
4315.754372  1.009178
4316.377179  1.128472
4316.999986  1.120176
4317.622793  1.070331
4318.2456  1.016472
4318.868407  0.9769973
4319.491214  0.9880191
4320.114021  0.9333885
4320.736828  0.8396571
4321.359635  0.8649539
4321.982442  0.9168844
4322.605249  0.8839488
4323.228056  0.7549853
4323.850863  0.6619953
4324.47367  0.5490415
4325.096477  0.4024341
4325.719284  0.3463903
4326.342091  0.4553168
4326.964898  0.675596
4327.587705  0.8887336
4328.210512  1.040111
4328.833319  1.076318
4329.456126  0.9975843
4330.078933  0.8832624
4330.70174  0.8556577
4331.324547  0.9135846
4331.947354  0.9636791
4332.570161  0.9896503
4333.192968  0.9948583
4333.815775  1.004663
4334.438582  1.056386
4335.061389  1.146588
4335.684196  1.170025
4336.307003  1.008453
4336.92981  0.7621567
4337.552617  0.6203235
4338.175424  0.6579437
4338.798231  0.7045357
4339.421038  0.658233
4340.043845  0.5623747
4340.666652  0.5604565
4341.289459  0.7006902
4341.912266  0.8812965
4342.535073  0.9583124
4343.15788  0.9092088
4343.780687  0.8570676
4344.403494  0.906304
4345.026301  1.020984
4345.649108  1.039156
4346.271915  0.9515557
4346.894722  0.8873478
4347.517529  0.9161532
4348.140336  1.038019
4348.763143  1.175888
4349.38595  1.2075
4350.008757  1.068944
4350.631564  0.8241935
4351.254371  0.6279725
4351.877178  0.5920702
4352.499985  0.704571
4353.122792  0.8548394
4353.745599  0.9141573
4354.368406  0.9050988
4354.991213  0.9061334
4355.61402  0.9669464
4356.236827  1.065806
4356.859634  1.131554
4357.482441  1.097348
4358.105248  0.9628243
4358.728055  0.8436459
4359.350862  0.8149978
4359.973669  0.8418328
4360.596476  0.9224648
4361.219283  1.02025
4361.84209  1.075812
4362.464897  1.054869
4363.087704  1.017854
4363.710511  1.046693
4364.333318  1.156977
4364.956125  1.218811
4365.578932  1.17781
4366.201739  1.081169
4366.824546  0.9590452
4367.447353  0.8483998
4368.07016  0.8058663
4368.692967  0.8881207
4369.315774  0.9843181
4369.938581  1.009293
4370.561388  0.9848533
4371.184195  0.9876918
4371.807002  1.009631
4372.429809  0.9877428
4373.052616  0.8930181
4373.675423  0.7957631
4374.29823  0.7255057
4374.921037  0.6473476
4375.543844  0.6809587
4376.166651  0.8259742
4376.789458  0.9796107
4377.412265  1.077589
4378.035072  1.101815
4378.657879  1.06231
4379.280686  0.9811441
4379.903493  0.9189015
4380.5263  0.8984572
4381.149107  0.8810803
4381.771914  0.7820485
4382.394721  0.5867049
4383.017528  0.3739992
4383.640335  0.2799504
4384.263142  0.3170087
4384.885949  0.4724547
4385.508756  0.7112005
4386.131563  0.8781689
4386.75437  0.9025623
4387.377177  0.8413689
4387.999984  0.8378053
4388.622791  0.8552909
4389.245598  0.8319582
4389.868405  0.7787219
4390.491212  0.7635515
4391.114019  0.7997177
4391.736826  0.8562631
4392.359633  0.9199541
4392.98244  0.9353672
4393.605247  0.8832636
4394.228054  0.8137104
4394.850861  0.7675866
4395.473668  0.8257689
4396.096475  1.015761
4396.719282  1.15647
4397.342089  1.173405
4397.964896  1.106204
4398.587703  1.038284
4399.21051  0.9577903
4399.833317  0.8506421
4400.456124  0.7637057
4401.078931  0.8405741
4401.701738  1.027716
4402.324545  1.135002
4402.947352  1.006087
4403.570159  0.7308714
4404.192966  0.4885392
4404.815773  0.4097361
4405.43858  0.5109956
4406.061387  0.6816094
4406.684194  0.775843
4407.307001  0.73699
4407.929808  0.6486742
4408.552615  0.6482244
4409.175422  0.8097837
4409.798229  0.98788
4410.421036  1.081888
4411.043843  1.093943
4411.66665  1.066387
4412.289457  1.080627
4412.912264  1.121566
4413.535071  1.040408
4414.157878  0.8185874
4414.780685  0.6244187
4415.403492  0.6513793
4416.026299  0.7882904
4416.649106  0.8959045
4417.271913  0.9383062
4417.89472  1.017876
4418.517527  1.104131
4419.140334  1.143815
4419.763141  1.123762
4420.385948  1.066875
4421.008755  0.9902208
4421.631562  0.9074259
4422.254369  0.839555
4422.877176  0.835057
4423.499983  0.9152219
4424.12279  1.03403
4424.745597  1.055342
4425.368404  1.005747
4425.991211  0.9904952
4426.614018  0.9589838
4427.236825  0.9427531
4427.859632  0.9853213
4428.482439  1.062104
4429.105246  1.005855
4429.728053  0.8518934
4430.35086  0.8052043
4430.973667  0.918991
4431.596474  1.073473
4432.219281  1.126482
4432.842088  1.063911
4433.464895  0.9459261
4434.087702  0.8260638
4434.710509  0.7276226
4435.333316  0.6975749
4435.956123  0.7794711
4436.57893  0.942497
4437.201737  1.041307
4437.824544  1.10564
4438.447351  1.192697
4439.070158  1.278621
4439.692965  1.245907
4440.315772  1.111018
4440.938579  0.9789809
4441.561386  0.8756441
4442.184193  0.8272161
4442.807  0.8299511
4443.429807  0.8500502
4444.052614  0.9294446
4444.675421  1.075079
4445.298228  1.22099
4445.921035  1.255279
4446.543842  1.17015
4447.166649  1.084292
4447.789456  1.160886
4448.412263  1.243659
4449.03507  1.182113
4449.657877  1.014327
4450.280684  0.9767354
4450.903491  1.080106
4451.526298  1.171349
4452.149105  1.140662
4452.771912  1.069921
4453.394719  1.020777
4454.017526  0.9450619
4454.640333  0.8483067
4455.26314  0.8082391
4455.885947  0.8748166
4456.508754  0.9369086
4457.131561  0.9559889
4457.754368  0.9378642
4458.377175  0.8944871
4458.999982  0.8478079
4459.622789  0.8405218
4460.245596  0.8739276
4460.868403  0.8083037
4461.49121  0.7085993
4462.114017  0.7248474
4462.736824  0.9077087
4463.359631  1.103978
4463.982438  1.158871
4464.605245  1.058038
4465.228052  0.9916856
4465.850859  0.994769
4466.473666  1.01101
4467.096473  1.044801
4467.71928  1.040037
4468.342087  0.9795107
4468.964894  0.9229995
4469.587701  0.9463582
4470.210508  1.005491
4470.833315  1.022251
4471.456122  1.04292
4472.078929  1.091376
4472.701736  1.165992
4473.324543  1.24529
4473.94735  1.246207
4474.570157  1.174815
4475.192964  1.125405
4475.815771  1.190473
4476.438578  1.30863
4477.061385  1.381314
4477.684192  1.390493
4478.306999  1.349504
4478.929806  1.24864
4479.552613  1.087928
4480.17542  1.002325
4480.798227  0.985577
4481.421034  0.9680365
4482.043841  0.9585299
4482.666648  1.034458
4483.289455  1.174777
4483.912262  1.253599
4484.535069  1.301944
4485.157876  1.359496
4485.780683  1.417484
4486.40349  1.408244
4487.026297  1.328864
4487.649104  1.214398
4488.271911  1.105254
4488.894718  0.6880884
4489.517525  0.
4490.140332  0.
4490.763139  0.
4491.385946  0.
4492.008753  0.
4492.63156  0.
4493.254367  0.
4493.877174  0.
4494.499981  0.
4495.122788  0.
4495.745595  0.
4496.368402  0.
4496.991209  0.
4497.614016  0.
4498.236823  0.
4498.85963  0.
4499.482437  0.
4500.105244  0.
4500.728051  0.
4501.350858  0.
4501.973665  0.
4502.596472  0.
4503.219279  0.
4503.842086  0.
4504.464893  0.
4505.0877  0.
4505.710507  0.
4506.333314  0.
4506.956121  0.
4507.578928  0.
4508.201735  0.
4508.824542  0.
