3820.  0.2080856
3820.622807  0.1746963
3821.245614  0.214751
3821.868421  0.2886692
3822.491228  0.3526127
3823.114035  0.3663471
3823.736842  0.3212444
3824.359649  0.2533636
3824.982456  0.1992394
3825.605263  0.1761511
3826.22807  0.1795123
3826.850877  0.200984
3827.473684  0.2237717
3828.096491  0.2371769
3828.719298  0.249789
3829.342105  0.2629776
3829.964912  0.2816623
3830.587719  0.3080973
3831.210526  0.3010418
3831.833333  0.2583641
3832.45614  0.2148528
3833.078947  0.2000423
3833.701754  0.20087
3834.324561  0.2087707
3834.947368  0.2430008
3835.570175  0.2926745
3836.192982  0.3311291
3836.815789  0.3317951
3837.438596  0.2856413
3838.061403  0.226298
3838.68421  0.1974248
3839.307017  0.2136394
3839.929824  0.2169514
3840.552631  0.1997996
3841.175438  0.2156345
3841.798245  0.2921165
3842.421052  0.3756085
3843.043859  0.4093134
3843.666666  0.4123356
3844.289473  0.411392
3844.91228  0.4071136
3845.535087  0.3827998
3846.157894  0.3662235
3846.780701  0.3711607
3847.403508  0.3891787
3848.026315  0.3987041
3848.649122  0.3766389
3849.271929  0.323498
3849.894736  0.2707351
3850.517543  0.2604459
3851.14035  0.3052764
3851.763157  0.3723505
3852.385964  0.3915981
3853.008771  0.3586846
3853.631578  0.3142261
3854.254385  0.3014558
3854.877192  0.3156748
3855.499999  0.3165959
3856.122806  0.2838902
3856.745613  0.2852222
3857.36842  0.3020759
3857.991227  0.2893
3858.614034  0.243989
3859.236841  0.1953362
3859.859648  0.1684372
3860.482455  0.1730768
3861.105262  0.2165776
3861.728069  0.2943464
3862.350876  0.3780119
3862.973683  0.4193265
3863.59649  0.4161149
3864.219297  0.390601
3864.842104  0.365399
3865.464911  0.3433504
3866.087718  0.337751
3866.710525  0.3490497
3867.333332  0.3402212
3867.956139  0.3255053
3868.578946  0.3180687
3869.201753  0.3057376
3869.82456  0.2783268
3870.447367  0.2406727
3871.070174  0.2096504
3871.692981  0.2027944
3872.315788  0.217668
3872.938595  0.2534649
3873.561402  0.3185452
3874.184209  0.3943209
3874.807016  0.4528307
3875.429823  0.4726349
3876.05263  0.4537376
3876.675437  0.4137341
3877.298244  0.3577396
3877.921051  0.2753831
3878.543858  0.2429882
3879.166665  0.28323
3879.789472  0.3401026
3880.412279  0.3493678
3881.035086  0.3143858
3881.657893  0.2696059
3882.2807  0.2348162
3882.903507  0.2720863
3883.526314  0.3870129
3884.149121  0.5002377
3884.771928  0.4964508
3885.394735  0.3953645
3886.017542  0.2983748
3886.640349  0.271973
3887.263156  0.3320002
3887.885963  0.4037074
3888.50877  0.3846343
3889.131577  0.3657691
3889.754384  0.3975514
3890.377191  0.4595987
3890.999998  0.514294
3891.622805  0.560335
3892.245612  0.5877533
3892.868419  0.5679398
3893.491226  0.5528798
3894.114033  0.5431718
3894.73684  0.5007569
3895.359647  0.4376421
3895.982454  0.4459634
3896.605261  0.542459
3897.228068  0.5957205
3897.850875  0.573155
3898.473682  0.5154117
3899.096489  0.4795586
3899.719296  0.4535234
3900.342103  0.4724715
3900.96491  0.5411548
3901.587717  0.570231
3902.210524  0.5201712
3902.833331  0.4520271
3903.456138  0.4662201
3904.078945  0.5213174
3904.701752  0.5129405
3905.324559  0.4117307
3905.947366  0.3612347
3906.570173  0.3999279
3907.19298  0.4794185
3907.815787  0.528954
3908.438594  0.5674349
3909.061401  0.5886455
3909.684208  0.5735022
3910.307015  0.5473849
3910.929822  0.5549745
3911.552629  0.6035792
3912.175436  0.6432248
3912.798243  0.6367467
3913.42105  0.5977493
3914.043857  0.5723001
3914.666664  0.582342
3915.289471  0.585051
3915.912278  0.5556198
3916.535085  0.5388859
3917.157892  0.5508387
3917.780699  0.5659573
3918.403506  0.5489829
3919.026313  0.523217
3919.64912  0.4746751
3920.271927  0.4027167
3920.894734  0.3653446
3921.517541  0.3799664
3922.140348  0.408282
3922.763155  0.4034418
3923.385962  0.4306606
3924.008769  0.4763393
3924.631576  0.4853144
3925.254383  0.4512157
3925.87719  0.4152426
3926.499997  0.392475
3927.122804  0.353022
3927.745611  0.2954172
3928.368418  0.2494768
3928.991225  0.2350483
3929.614032  0.2136663
3930.236839  0.1844853
3930.859646  0.1623213
3931.482453  0.1513145
3932.10526  0.1288955
3932.728067  0.09774862
3933.350874  0.07957537
3933.973681  0.07587945
3934.596488  0.0880219
3935.219295  0.1131717
3935.842102  0.1427994
3936.464909  0.1768437
3937.087716  0.2102537
3937.710523  0.2376965
3938.33333  0.2719906
3938.956137  0.317077
3939.578944  0.3607969
3940.201751  0.3806399
3940.824558  0.3785422
3941.447365  0.3765266
3942.070172  0.3925768
3942.692979  0.3945025
3943.315786  0.3642458
3943.938593  0.3245877
3944.5614  0.3383098
3945.184207  0.4161458
3945.807014  0.5149308
3946.429821  0.567474
3947.052628  0.5498716
3947.675435  0.5003169
3948.298242  0.4782214
3948.921049  0.500331
3949.543856  0.553574
3950.166663  0.6123371
3950.78947  0.6494073
3951.412277  0.6266826
3952.035084  0.5503207
3952.657891  0.4807786
3953.280698  0.5103608
3953.903505  0.6078176
3954.526312  0.6783663
3955.149119  0.6551411
3955.771926  0.5807956
3956.394733  0.5247779
3957.01754  0.5246451
3957.640347  0.5509866
3958.263154  0.5857727
3958.885961  0.6192836
3959.508768  0.6318574
3960.131575  0.5757516
3960.754382  0.4562421
3961.377189  0.3442748
3961.999996  0.3009172
3962.622803  0.3163406
3963.24561  0.3405344
3963.868417  0.3425808
3964.491224  0.325854
3965.114031  0.2952487
3965.736838  0.2454929
3966.359645  0.1931461
3966.982452  0.1499823
3967.605259  0.1178655
3968.228066  0.09405269
3968.850873  0.08951841
3969.47368  0.1110133
3970.096487  0.1495501
3970.719294  0.1938089
3971.342101  0.2344759
3971.964908  0.2690547
3972.587715  0.3045167
3973.210522  0.3331086
3973.833329  0.3578208
3974.456136  0.4044225
3975.078943  0.4623745
3975.70175  0.5027574
3976.324557  0.5112835
3976.947364  0.5332468
3977.570171  0.5730504
3978.192978  0.609675
3978.815785  0.6349536
3979.438592  0.671689
3980.061399  0.7144102
3980.684206  0.7232515
3981.307013  0.68705
3981.92982  0.646149
3982.552627  0.6378462
3983.175434  0.6322588
3983.798241  0.6333209
3984.421048  0.6579002
3985.043855  0.7058654
3985.666662  0.7192144
3986.289469  0.6881567
3986.912276  0.6637371
3987.535083  0.717639
3988.15789  0.7832891
3988.780697  0.7815078
3989.403504  0.7248695
3990.026311  0.6954949
3990.649118  0.7190462
3991.271925  0.7552458
3991.894732  0.7697295
3992.517539  0.7784231
3993.140346  0.7900938
3993.763153  0.7669361
3994.38596  0.7338095
3995.008767  0.718277
3995.631574  0.7215319
3996.254381  0.7173834
3996.877188  0.6928388
3997.499995  0.6631003
3998.122802  0.6660255
3998.745609  0.7272857
3999.368416  0.8098928
3999.991223  0.8368372
4000.61403  0.8013538
4001.236837  0.7668403
4001.859644  0.7910342
4002.482451  0.8430538
4003.105258  0.8873538
4003.728065  0.875712
4004.350872  0.7711655
4004.973679  0.6319734
4005.596486  0.5592494
4006.219293  0.605131
4006.8421  0.6842566
4007.464907  0.7665055
4008.087714  0.8295481
4008.710521  0.8302372
4009.333328  0.8110632
4009.956135  0.8091102
4010.578942  0.8239172
4011.201749  0.8280247
4011.824556  0.8208339
4012.447363  0.8187308
4013.07017  0.8317804
4013.692977  0.8193789
4014.315784  0.8027855
4014.938591  0.8439835
4015.561398  0.8800448
4016.184205  0.8623672
4016.807012  0.7955585
4017.429819  0.7373959
4018.052626  0.7552062
4018.675433  0.8293628
4019.29824  0.8628343
4019.921047  0.843532
4020.543854  0.8097597
4021.166661  0.8007621
4021.789468  0.8061162
4022.412275  0.8267998
4023.035082  0.8461654
4023.657889  0.8285416
4024.280696  0.7882495
4024.903503  0.76906
4025.52631  0.7974514
4026.149117  0.8304999
4026.771924  0.8572463
4027.394731  0.883781
4028.017538  0.9101348
4028.640345  0.9293458
4029.263152  0.9007776
4029.885959  0.793239
4030.508766  0.6786495
4031.131573  0.6406664
4031.75438  0.677413
4032.377187  0.6707548
4032.999994  0.6451667
4033.622801  0.645014
4034.245608  0.6728079
4034.868415  0.7046146
4035.491222  0.7437394
4036.114029  0.8041902
4036.736836  0.8752274
4037.359643  0.9251307
4037.98245  0.9399494
4038.605257  0.9317251
4039.228064  0.8999265
4039.850871  0.8443454
4040.473678  0.7870057
4041.096485  0.7841495
4041.719292  0.8446044
4042.342099  0.9129212
4042.964906  0.899581
4043.587713  0.8136893
4044.21052  0.6848449
4044.833327  0.5436581
4045.456134  0.4272463
4046.078941  0.4322193
4046.701748  0.5806243
4047.324555  0.7457072
4047.947362  0.8318355
4048.570169  0.8360334
4049.192976  0.8279848
4049.815783  0.8540793
4050.43859  0.8921816
4051.061397  0.8952042
4051.684204  0.8497569
4052.307011  0.8064348
4052.929818  0.798064
4053.552625  0.8027989
4054.175432  0.7733986
4054.798239  0.7372544
4055.421046  0.7453149
4056.043853  0.7843552
4056.66666  0.7816272
4057.289467  0.7210193
4057.912274  0.6751112
4058.535081  0.6801345
4059.157888  0.7332335
4059.780695  0.8045684
4060.403502  0.8634227
4061.026309  0.8821128
4061.649116  0.8435861
4062.271923  0.7462608
4062.89473  0.6012393
4063.517537  0.4967566
4064.140344  0.5311863
4064.763151  0.6672273
4065.385958  0.7697034
4066.008765  0.7560961
4066.631572  0.6997907
4067.254379  0.6968151
4067.877186  0.7638705
4068.499993  0.8414535
4069.1228  0.9076676
4069.745607  0.9199398
4070.368414  0.8425532
4070.991221  0.6914836
4071.614028  0.5948799
4072.236835  0.64318
4072.859642  0.7968479
4073.482449  0.8859851
4074.105256  0.8730033
4074.728063  0.824771
4075.35087  0.7748365
4075.973677  0.7102383
4076.596484  0.6333088
4077.219291  0.5902774
4077.842098  0.6105578
4078.464905  0.6751481
4079.087712  0.7418093
4079.710519  0.8015647
4080.333326  0.8647231
4080.956133  0.9243757
4081.57894  0.941725
4082.201747  0.9040447
4082.824554  0.8381786
4083.447361  0.7880505
4084.070168  0.7660609
4084.692975  0.7641294
4085.315782  0.7750531
4085.938589  0.8091213
4086.561396  0.8579325
4087.184203  0.9119199
4087.80701  0.963443
4088.429817  0.991885
4089.052624  0.9816194
4089.675431  0.9423537
4090.298238  0.9178144
4090.921045  0.9141653
4091.543852  0.8991979
4092.166659  0.8490888
4092.789466  0.8645943
4093.412273  0.9325359
4094.03508  0.9559265
4094.657887  0.8953938
4095.280694  0.8060912
4095.903501  0.7535987
4096.526308  0.750558
4097.149115  0.7779008
4097.771922  0.8070982
4098.394729  0.8219233
4099.017536  0.8318976
4099.640343  0.8079403
4100.26315  0.7299756
4100.885957  0.6325847
4101.508764  0.5835717
4102.131571  0.6198929
4102.754378  0.7130916
4103.377185  0.7688618
4103.999992  0.7755203
4104.622799  0.7831663
4105.245606  0.8348237
4105.868413  0.8816558
4106.49122  0.8879428
4107.114027  0.8748069
4107.736834  0.8718233
4108.359641  0.869733
4108.982448  0.8457659
4109.605255  0.8096383
4110.228062  0.7922519
4110.850869  0.8028669
4111.473676  0.8164474
4112.096483  0.821022
4112.71929  0.8438487
4113.342097  0.9002349
4113.964904  0.9182397
4114.587711  0.908433
4115.210518  0.9046378
4115.833325  0.9070925
4116.456132  0.9184077
4117.078939  0.9189653
4117.701746  0.8803389
4118.324553  0.8005285
4118.94736  0.7534196
4119.570167  0.7886143
4120.192974  0.8522593
4120.815781  0.8792783
4121.438588  0.8645217
4122.061395  0.8508996
4122.684202  0.8231967
4123.307009  0.8070586
4123.929816  0.8351292
4124.552623  0.8905658
4125.17543  0.9046188
4125.798237  0.868681
4126.421044  0.8456393
4127.043851  0.8195947
4127.666658  0.7976532
4128.289465  0.7977859
4128.912272  0.8057389
4129.535079  0.8085123
4130.157886  0.8108414
4130.780693  0.8221401
4131.4035  0.7639883
4132.026307  0.6812465
4132.649114  0.6748848
4133.271921  0.6957588
4133.894728  0.6979643
4134.517535  0.704109
4135.140342  0.7938958
4135.763149  0.8834751
4136.385956  0.9016002
4137.008763  0.8644882
4137.63157  0.8603553
4138.254377  0.8909298
4138.877184  0.912032
4139.499991  0.9069864
4140.122798  0.9027209
4140.745605  0.9014122
4141.368412  0.8640003
4141.991219  0.7663925
4142.614026  0.6408814
4143.236833  0.556374
4143.85964  0.5685257
4144.482447  0.6675482
4145.105254  0.7788553
4145.728061  0.8171375
4146.350868  0.8305414
4146.973675  0.8473033
4147.596482  0.8584204
4148.219289  0.861507
4148.842096  0.8219287
4149.464903  0.7551129
4150.08771  0.7474308
4150.710517  0.785386
4151.333324  0.8105006
4151.956131  0.7899427
4152.578938  0.7948307
4153.201745  0.78909
4153.824552  0.7443435
4154.447359  0.7382875
4155.070166  0.7688521
4155.692973  0.7842989
4156.31578  0.7492113
4156.938587  0.7473362
4157.561394  0.7858964
4158.184201  0.8262924
4158.807008  0.8603663
4159.429815  0.8835557
4160.052622  0.8809922
4160.675429  0.843534
4161.298236  0.8377735
4161.921043  0.8805956
4162.54385  0.927978
4163.166657  0.9165848
4163.789464  0.8761014
4164.412271  0.8517407
4165.035078  0.8477375
4165.657885  0.8594037
4166.280692  0.8462114
4166.903499  0.7843568
4167.526306  0.7512812
4168.149113  0.7791426
4168.77192  0.8379375
4169.394727  0.8642918
4170.017534  0.8767879
4170.640341  0.8704327
4171.263148  0.8111534
4171.885955  0.7117698
4172.508762  0.6471476
4173.131569  0.6641059
4173.754376  0.7105816
4174.377183  0.744682
4174.99999  0.761777
4175.622797  0.7832387
4176.245604  0.7937804
4176.868411  0.771745
4177.491218  0.727268
4178.114025  0.7282981
4178.736832  0.7696309
4179.359639  0.8134061
4179.982446  0.8278233
4180.605253  0.8095591
4181.22806  0.7735005
4181.850867  0.747178
4182.473674  0.7635213
4183.096481  0.7871061
4183.719288  0.80214
4184.342095  0.850435
4184.964902  0.8959628
4185.587709  0.8889119
4186.210516  0.8122047
4186.833323  0.7129434
4187.45613  0.6740319
4188.078937  0.7277089
4188.701744  0.8043249
4189.324551  0.8563938
4189.947358  0.8619319
4190.570165  0.8273389
4191.192972  0.7796759
4191.815779  0.7827803
4192.438586  0.8579462
4193.061393  0.9171857
4193.6842  0.918301
4194.307007  0.8621705
4194.929814  0.7813782
4195.552621  0.7214055
4196.175428  0.7031919
4196.798235  0.7128823
4197.421042  0.7115418
4198.043849  0.688354
4198.666656  0.6798239
4199.289463  0.7371834
4199.91227  0.7787941
4200.535077  0.7638446
4201.157884  0.7188138
4201.780691  0.6763364
4202.403498  0.6931891
4203.026305  0.7688253
4203.649112  0.8135692
4204.271919  0.8080437
4204.894726  0.7964321
4205.517533  0.8300529
4206.14034  0.8652899
4206.763147  0.8885723
4207.385954  0.912196
4208.008761  0.941036
4208.631568  0.9302492
4209.254375  0.8747116
4209.877182  0.8274333
4210.499989  0.8233682
4211.122796  0.8561659
4211.745603  0.8921093
4212.36841  0.9003075
4212.991217  0.8847228
4213.614024  0.8602773
4214.236831  0.8261383
4214.859638  0.7355998
4215.482445  0.6536406
4216.105252  0.6816798
4216.728059  0.7844398
4217.350866  0.8808571
4217.973673  0.9176142
4218.59648  0.9140916
4219.219287  0.9162964
4219.842094  0.9456525
4220.464901  0.9839358
4221.087708  0.9990557
4221.710515  0.9623581
4222.333322  0.8874622
4222.956129  0.8354233
4223.578936  0.7939565
4224.201743  0.7503377
4224.82455  0.7040611
4225.447357  0.5976036
4226.070164  0.4533549
4226.692971  0.3709356
4227.315778  0.463291
4227.938585  0.6742492
4228.561392  0.8582923
4229.184199  0.9038982
4229.807006  0.9002885
4230.429813  0.9142285
4231.05262  0.9405358
4231.675427  0.936906
4232.298234  0.8825278
4232.921041  0.8177906
4233.543848  0.8224745
4234.166655  0.875174
4234.789462  0.8815259
4235.412269  0.783239
4236.035076  0.7017913
4236.657883  0.7003285
4237.28069  0.7587023
4237.903497  0.8044299
4238.526304  0.8110896
4239.149111  0.7935352
4239.771918  0.7909034
4240.394725  0.8415257
4241.017532  0.912013
4241.640339  0.92943
4242.263146  0.852018
4242.885953  0.8002158
4243.50876  0.8467135
4244.131567  0.9316936
4244.754374  0.9738575
4245.377181  0.9662457
4245.999988  0.9369019
4246.622795  0.8666317
4247.245602  0.7961806
4247.868409  0.7627297
4248.491216  0.7572327
4249.114023  0.7389915
4249.73683  0.6956099
4250.359637  0.6669716
4250.982444  0.7359706
4251.605251  0.8477278
4252.228058  0.908613
4252.850865  0.8905571
4253.473672  0.8145193
4254.096479  0.7315991
4254.719286  0.6925483
4255.342093  0.7190753
4255.9649  0.8119181
4256.587707  0.9268234
4257.210514  0.9704892
4257.833321  0.9086739
4258.456128  0.8017888
4259.078935  0.7426327
4259.701742  0.6820891
4260.324549  0.6291566
4260.947356  0.6365983
4261.570163  0.7241187
4262.19297  0.845286
4262.815777  0.9303461
4263.438584  0.9395503
4264.061391  0.9108394
4264.684198  0.9022833
4265.307005  0.9377319
4265.929812  0.9724792
4266.552619  0.9458277
4267.175426  0.8666981
4267.798233  0.8261958
4268.42104  0.8308216
4269.043847  0.8380568
4269.666654  0.8023314
4270.289461  0.7235257
4270.912268  0.6078263
4271.535075  0.5170572
4272.157882  0.5701209
4272.780689  0.6745714
4273.403496  0.714304
4274.026303  0.6654169
4274.64911  0.6222383
4275.271917  0.6605474
4275.894724  0.7707995
4276.517531  0.8500624
4277.140338  0.8960612
4277.763145  0.9319918
4278.385952  0.9475297
4279.008759  0.8880809
4279.631566  0.7727513
4280.254373  0.6902379
4280.87718  0.7292923
4281.499987  0.8005639
4282.122794  0.824189
4282.745601  0.8438793
4283.368408  0.8848737
4283.991215  0.8963352
4284.614022  0.8189923
4285.236829  0.7272839
4285.859636  0.6835359
4286.482443  0.7083221
4287.10525  0.7750932
4287.728057  0.8188258
4288.350864  0.7872932
4288.973671  0.6862438
4289.596478  0.6139419
4290.219285  0.6135428
4290.842092  0.6646807
4291.464899  0.7218948
4292.087706  0.7996489
4292.710513  0.8706864
4293.33332  0.8610312
4293.956127  0.7908154
4294.578934  0.7401165
4295.201741  0.7574745
4295.824548  0.7692819
4296.447355  0.7297444
4297.070162  0.6668642
4297.692969  0.6514277
4298.315776  0.6106242
4298.938583  0.522028
4299.56139  0.4435264
4300.184197  0.4453824
4300.807004  0.5138213
4301.429811  0.5757642
4302.052618  0.5631895
4302.675425  0.5263975
4303.298232  0.5232368
4303.921039  0.5578742
4304.543846  0.564916
4305.166653  0.5535206
4305.78946  0.561026
4306.412267  0.5767418
4307.035074  0.5330395
4307.657881  0.4428755
4308.280688  0.4024581
4308.903495  0.4199728
4309.526302  0.4586096
4310.149109  0.4815406
4310.771916  0.4954414
4311.394723  0.508428
4312.01753  0.5376764
4312.640337  0.6009617
4313.263144  0.679757
4313.885951  0.7311029
4314.508758  0.7512928
4315.131565  0.8485378
4315.754372  0.9945368
4316.377179  1.103017
4316.999986  1.126589
4317.622793  1.094908
4318.2456  1.060225
4318.868407  1.054796
4319.491214  1.06832
4320.114021  1.048116
4320.736828  0.9905716
4321.359635  0.9867908
4321.982442  0.9825834
4322.605249  0.8976815
4323.228056  0.7273303
4323.850863  0.6253905
4324.47367  0.5832827
4325.096477  0.5307446
4325.719284  0.5261697
4326.342091  0.6216231
4326.964898  0.7858894
4327.587705  0.915637
4328.210512  1.000596
4328.833319  1.033252
4329.456126  1.00939
4330.078933  0.9577362
4330.70174  0.9375426
4331.324547  0.969684
4331.947354  1.008541
4332.570161  1.013745
4333.192968  0.9960685
4333.815775  0.9965905
4334.438582  1.01542
4335.061389  1.055392
4335.684196  1.083601
4336.307003  1.021981
4336.92981  0.8969328
4337.552617  0.7897265
4338.175424  0.7600898
4338.798231  0.7526156
4339.421038  0.7077679
4340.043845  0.6329548
4340.666652  0.6258249
4341.289459  0.726528
4341.912266  0.8727849
4342.535073  0.9426388
4343.15788  0.9158181
4343.780687  0.8776462
4344.403494  0.9180535
4345.026301  1.003096
4345.649108  1.043525
4346.271915  1.006776
4346.894722  0.9581804
4347.517529  0.9422731
4348.140336  0.9784794
4348.763143  1.04975
4349.38595  1.097458
4350.008757  1.060431
4350.631564  0.9299912
4351.254371  0.7778189
4351.877178  0.6876023
4352.499985  0.7105566
4353.122792  0.8268422
4353.745599  0.9162839
4354.368406  0.9260098
4354.991213  0.8859702
4355.61402  0.8701839
4356.236827  0.9120705
4356.859634  0.9824545
4357.482441  1.010534
4358.105248  0.9592643
4358.728055  0.8783503
4359.350862  0.8455846
4359.973669  0.8759617
4360.596476  0.9598509
4361.219283  1.044983
4361.84209  1.054571
4362.464897  0.9985036
4363.087704  0.9448569
4363.710511  0.9587962
4364.333318  1.033513
4364.956125  1.096319
4365.578932  1.086954
4366.201739  1.018501
4366.824546  0.929786
4367.447353  0.8801252
4368.07016  0.9056002
4368.692967  0.9597189
4369.315774  0.9777051
4369.938581  0.9420893
4370.561388  0.9162022
4371.184195  0.9179301
4371.807002  0.9344012
4372.429809  0.9387616
4373.052616  0.8982083
4373.675423  0.8352987
4374.29823  0.7904614
4374.921037  0.7586027
4375.543844  0.7641847
4376.166651  0.8204054
4376.789458  0.9024065
4377.412265  0.9584351
4378.035072  0.9799449
4378.657879  0.987878
4379.280686  0.9742446
4379.903493  0.9495368
4380.5263  0.9369748
4381.149107  0.949846
4381.771914  0.9095912
4382.394721  0.7636173
4383.017528  0.5553756
4383.640335  0.4449307
4384.263142  0.4688586
4384.885949  0.582771
4385.508756  0.7487802
4386.131563  0.877853
4386.75437  0.9171953
4387.377177  0.8894224
4387.999984  0.8795742
4388.622791  0.8849609
4389.245598  0.8602955
4389.868405  0.8199823
4390.491212  0.8013899
4391.114019  0.8248918
4391.736826  0.8755114
4392.359633  0.9243618
4392.98244  0.9419709
4393.605247  0.917467
4394.228054  0.874626
4394.850861  0.8425949
4395.473668  0.8537434
4396.096475  0.9267583
4396.719282  1.002289
4397.342089  1.035907
4397.964896  1.02659
4398.587703  0.9975141
4399.21051  0.9459685
4399.833317  0.8729333
4400.456124  0.812613
4401.078931  0.8322148
4401.701738  0.9315288
4402.324545  1.023892
4402.947352  1.007859
4403.570159  0.872408
4404.192966  0.7034678
4404.815773  0.6376011
4405.43858  0.7150685
4406.061387  0.8562272
4406.684194  0.9226474
4407.307001  0.8964859
4407.929808  0.838204
4408.552615  0.8271669
4409.175422  0.889879
4409.798229  0.9760219
4410.421036  1.031733
4411.043843  1.055256
4411.66665  1.070721
4412.289457  1.09507
4412.912264  1.114177
4413.535071  1.078004
4414.157878  0.9613187
4414.780685  0.8189068
4415.403492  0.7826267
4416.026299  0.8510712
4416.649106  0.9364809
4417.271913  0.9581238
4417.89472  0.9821267
4418.517527  1.035273
4419.140334  1.093448
4419.763141  1.122324
4420.385948  1.105979
4421.008755  1.050515
4421.631562  0.979898
4422.254369  0.9241506
4422.877176  0.9170333
4423.499983  0.9631641
4424.12279  1.003487
4424.745597  1.010437
4425.368404  0.9932594
4425.991211  0.980822
4426.614018  0.9739097
4427.236825  0.9807956
4427.859632  1.014564
4428.482439  1.065623
4429.105246  1.058509
4429.728053  0.9705067
4430.35086  0.9114452
4430.973667  0.9420346
4431.596474  1.023955
4432.219281  1.060011
4432.842088  1.033928
4433.464895  0.9781332
4434.087702  0.9247558
4434.710509  0.8624081
4435.333316  0.8325558
4435.956123  0.8678036
4436.57893  0.9528944
4437.201737  1.026117
4437.824544  1.072742
4438.447351  1.109153
4439.070158  1.119403
4439.692965  1.096435
4440.315772  1.047638
4440.938579  0.9933332
4441.561386  0.9445561
4442.184193  0.9074034
4442.807  0.8894742
4443.429807  0.9010236
4444.052614  0.948155
4444.675421  1.021431
4445.298228  1.092889
4445.921035  1.113016
4446.543842  1.071941
4447.166649  1.014982
4447.789456  1.020558
4448.412263  1.070599
4449.03507  1.093742
4449.657877  1.058159
4450.280684  1.016439
4450.903491  1.016566
4451.526298  1.046517
4452.149105  1.0545
4452.771912  1.037168
4453.394719  1.009242
4454.017526  0.9364903
4454.640333  0.8572757
4455.26314  0.8294384
4455.885947  0.8698744
4456.508754  0.9211211
4457.131561  0.9440903
4457.754368  0.9397728
4458.377175  0.9170841
4458.999982  0.8937724
4459.622789  0.8901215
4460.245596  0.9126334
4460.868403  0.8903301
4461.49121  0.8321511
4462.114017  0.8311964
4462.736824  0.9097942
4463.359631  1.00276
4463.982438  1.035519
4464.605245  1.016296
4465.228052  1.005552
4465.850859  1.01694
4466.473666  1.005635
4467.096473  1.016248
4467.71928  1.03451
4468.342087  1.013208
4468.964894  0.9633814
4469.587701  0.9351287
4470.210508  0.9545249
4470.833315  0.9920315
4471.456122  1.028245
4472.078929  1.052469
4472.701736  1.067069
4473.324543  1.095562
4473.94735  1.120755
4474.570157  1.11761
4475.192964  1.089909
4475.815771  1.073836
4476.438578  1.095206
4477.061385  1.145106
4477.684192  1.178238
4478.306999  1.168492
4478.929806  1.114681
4479.552613  1.031572
4480.17542  0.966751
4480.798227  0.9385926
4481.421034  0.923172
4482.043841  0.9207989
4482.666648  0.9556253
4483.289455  1.030574
4483.912262  1.078581
4484.535069  1.108808
4485.157876  1.136775
4485.780683  1.14143
4486.40349  1.138231
4487.026297  1.12217
4487.649104  1.079251
4488.271911  1.031349
4488.894718  0.9842125
4489.517525  0.9451524
4490.140332  0.2784974
4490.763139  0.
4491.385946  0.
4492.008753  0.
4492.63156  0.
4493.254367  0.
4493.877174  0.
4494.499981  0.
4495.122788  0.
4495.745595  0.
4496.368402  0.
4496.991209  0.
4497.614016  0.
4498.236823  0.
4498.85963  0.
4499.482437  0.
4500.105244  0.
4500.728051  0.
4501.350858  0.
4501.973665  0.
4502.596472  0.
4503.219279  0.
4503.842086  0.
4504.464893  0.
4505.0877  0.
4505.710507  0.
4506.333314  0.
4506.956121  0.
4507.578928  0.
4508.201735  0.
4508.824542  0.
