3820.  0.1678645
3820.622807  0.1461594
3821.245614  0.165882
3821.868421  0.211957
3822.491228  0.2501262
3823.114035  0.2586945
3823.736842  0.2341111
3824.359649  0.192558
3824.982456  0.1647638
3825.605263  0.1522282
3826.22807  0.151753
3826.850877  0.1691573
3827.473684  0.1836864
3828.096491  0.1943485
3828.719298  0.2121575
3829.342105  0.2203278
3829.964912  0.2262467
3830.587719  0.2380771
3831.210526  0.2423677
3831.833333  0.2235743
3832.45614  0.1916819
3833.078947  0.1727253
3833.701754  0.1649166
3834.324561  0.1678078
3834.947368  0.1847806
3835.570175  0.2172383
3836.192982  0.2424957
3836.815789  0.246473
3837.438596  0.2338126
3838.061403  0.2037839
3838.68421  0.1818444
3839.307017  0.1845693
3839.929824  0.1783582
3840.552631  0.1625937
3841.175438  0.1634209
3841.798245  0.2059385
3842.421052  0.2569906
3843.043859  0.2834494
3843.666666  0.2799127
3844.289473  0.2745587
3844.91228  0.2667014
3845.535087  0.2497548
3846.157894  0.2325897
3846.780701  0.2316856
3847.403508  0.2451957
3848.026315  0.2536922
3848.649122  0.2413221
3849.271929  0.2121149
3849.894736  0.1843137
3850.517543  0.1778397
3851.14035  0.2036944
3851.763157  0.2430821
3852.385964  0.2599742
3853.008771  0.2433541
3853.631578  0.2165448
3854.254385  0.2102527
3854.877192  0.2296952
3855.499999  0.2371321
3856.122806  0.2206696
3856.745613  0.2096872
3857.36842  0.2130676
3857.991227  0.2104284
3858.614034  0.1852445
3859.236841  0.1642611
3859.859648  0.1536563
3860.482455  0.153702
3861.105262  0.169586
3861.728069  0.2082918
3862.350876  0.2522269
3862.973683  0.274037
3863.59649  0.2700071
3864.219297  0.2604296
3864.842104  0.2545746
3865.464911  0.2366117
3866.087718  0.2305074
3866.710525  0.2356692
3867.333332  0.2300553
3867.956139  0.2197855
3868.578946  0.2122771
3869.201753  0.2063502
3869.82456  0.1913776
3870.447367  0.1746411
3871.070174  0.1665203
3871.692981  0.1698621
3872.315788  0.1752069
3872.938595  0.1862853
3873.561402  0.2157254
3874.184209  0.2703452
3874.807016  0.3170532
3875.429823  0.3320915
3876.05263  0.322424
3876.675437  0.3018306
3877.298244  0.2683765
3877.921051  0.2228226
3878.543858  0.1963439
3879.166665  0.2185715
3879.789472  0.2635491
3880.412279  0.2588784
3881.035086  0.2247153
3881.657893  0.1852469
3882.2807  0.1628794
3882.903507  0.2064524
3883.526314  0.323764
3884.149121  0.4436735
3884.771928  0.4458763
3885.394735  0.3614242
3886.017542  0.269191
3886.640349  0.2345461
3887.263156  0.285978
3887.885963  0.3466744
3888.50877  0.3465531
3889.131577  0.3228418
3889.754384  0.3342912
3890.377191  0.3814176
3890.999998  0.4170177
3891.622805  0.4606486
3892.245612  0.5038284
3892.868419  0.5226449
3893.491226  0.5120072
3894.114033  0.4972419
3894.73684  0.470945
3895.359647  0.4060165
3895.982454  0.3944571
3896.605261  0.4503193
3897.228068  0.5047193
3897.850875  0.4846521
3898.473682  0.4484778
3899.096489  0.4346716
3899.719296  0.3988637
3900.342103  0.4056543
3900.96491  0.4703988
3901.587717  0.530593
3902.210524  0.4952426
3902.833331  0.4230022
3903.456138  0.4063472
3904.078945  0.4494016
3904.701752  0.4511269
3905.324559  0.3860053
3905.947366  0.3261018
3906.570173  0.3292929
3907.19298  0.3724461
3907.815787  0.4116428
3908.438594  0.4490345
3909.061401  0.4815209
3909.684208  0.492178
3910.307015  0.4703895
3910.929822  0.4690386
3911.552629  0.4931633
3912.175436  0.5121424
3912.798243  0.5071324
3913.42105  0.4832363
3914.043857  0.4689146
3914.666664  0.487206
3915.289471  0.4882089
3915.912278  0.4514135
3916.535085  0.407688
3917.157892  0.4153939
3917.780699  0.4360027
3918.403506  0.4295498
3919.026313  0.4137406
3919.64912  0.3875511
3920.271927  0.3441226
3920.894734  0.2968744
3921.517541  0.3081181
3922.140348  0.3357213
3922.763155  0.3370759
3923.385962  0.3502249
3924.008769  0.3791211
3924.631576  0.3904919
3925.254383  0.3543103
3925.87719  0.3184003
3926.499997  0.3011465
3927.122804  0.286245
3927.745611  0.2480486
3928.368418  0.2116597
3928.991225  0.1925884
3929.614032  0.1775499
3930.236839  0.1578301
3930.859646  0.1371721
3931.482453  0.121883
3932.10526  0.1078658
3932.728067  0.0945372
3933.350874  0.08429991
3933.973681  0.08044433
3934.596488  0.0827307
3935.219295  0.09267341
3935.842102  0.1113478
3936.464909  0.1351457
3937.087716  0.1599739
3937.710523  0.184177
3938.33333  0.2100449
3938.956137  0.2431923
3939.578944  0.2753989
3940.201751  0.2904003
3940.824558  0.2826246
3941.447365  0.2766456
3942.070172  0.2896428
3942.692979  0.3035368
3943.315786  0.2987888
3943.938593  0.2799667
3944.5614  0.2771775
3945.184207  0.3234437
3945.807014  0.401082
3946.429821  0.4573233
3947.052628  0.4451844
3947.675435  0.4002982
3948.298242  0.3705597
3948.921049  0.3758873
3949.543856  0.4175085
3950.166663  0.4744526
3950.78947  0.5141829
3951.412277  0.5094795
3952.035084  0.4511006
3952.657891  0.3851073
3953.280698  0.3925394
3953.903505  0.4758729
3954.526312  0.5583515
3955.149119  0.5584065
3955.771926  0.4896498
3956.394733  0.4258314
3957.01754  0.4155735
3957.640347  0.4372076
3958.263154  0.4633444
3958.885961  0.4915238
3959.508768  0.5222755
3960.131575  0.5040343
3960.754382  0.4268341
3961.377189  0.3292098
3961.999996  0.2720767
3962.622803  0.2652741
3963.24561  0.277557
3963.868417  0.2708481
3964.491224  0.2545242
3965.114031  0.2308062
3965.736838  0.1979364
3966.359645  0.1626885
3966.982452  0.1308633
3967.605259  0.1075674
3968.228066  0.09556707
3968.850873  0.08991549
3969.47368  0.0971828
3970.096487  0.1226475
3970.719294  0.1523806
3971.342101  0.1823215
3971.964908  0.2111796
3972.587715  0.2359637
3973.210522  0.2537401
3973.833329  0.2744608
3974.456136  0.3112912
3975.078943  0.3620829
3975.70175  0.398367
3976.324557  0.4077148
3976.947364  0.4164248
3977.570171  0.4519601
3978.192978  0.498994
3978.815785  0.5265757
3979.438592  0.5608463
3980.061399  0.6015147
3980.684206  0.6170816
3981.307013  0.570081
3981.92982  0.5203289
3982.552627  0.5102166
3983.175434  0.5242095
3983.798241  0.5247031
3984.421048  0.5397447
3985.043855  0.5940031
3985.666662  0.6343037
3986.289469  0.6252053
3986.912276  0.600976
3987.535083  0.6345361
3988.15789  0.6950879
3988.780697  0.7057238
3989.403504  0.6373534
3990.026311  0.5827488
3990.649118  0.5956615
3991.271925  0.6454612
3991.894732  0.6516402
3992.517539  0.6575119
3993.140346  0.6713348
3993.763153  0.6646264
3994.38596  0.6392295
3995.008767  0.6222742
3995.631574  0.6210618
3996.254381  0.6044942
3996.877188  0.5774778
3997.499995  0.5565887
3998.122802  0.5619922
3998.745609  0.6213933
3999.368416  0.7128275
3999.991223  0.7764217
4000.61403  0.7576469
4001.236837  0.7153162
4001.859644  0.7112587
4002.482451  0.7523067
4003.105258  0.7972668
4003.728065  0.7977567
4004.350872  0.7218598
4004.973679  0.5778198
4005.596486  0.4901455
4006.219293  0.5161229
4006.8421  0.5898603
4007.464907  0.6612452
4008.087714  0.7055941
4008.710521  0.7226224
4009.333328  0.7259505
4009.956135  0.728679
4010.578942  0.7311709
4011.201749  0.7231135
4011.824556  0.7042842
4012.447363  0.7063507
4013.07017  0.7438487
4013.692977  0.7451483
4014.315784  0.7318226
4014.938591  0.7522678
4015.561398  0.8079076
4016.184205  0.8236779
4016.807012  0.7716134
4017.429819  0.700705
4018.052626  0.6922748
4018.675433  0.750578
4019.29824  0.8106385
4019.921047  0.7964787
4020.543854  0.7523657
4021.166661  0.7244132
4021.789468  0.7146434
4022.412275  0.723708
4023.035082  0.7438989
4023.657889  0.7469414
4024.280696  0.6910881
4024.903503  0.6598038
4025.52631  0.7017688
4026.149117  0.7658437
4026.771924  0.7975542
4027.394731  0.8112479
4028.017538  0.8449941
4028.640345  0.87958
4029.263152  0.8630103
4029.885959  0.7633243
4030.508766  0.6125263
4031.131573  0.5550156
4031.75438  0.5847762
4032.377187  0.5922295
4032.999994  0.5727757
4033.622801  0.5710788
4034.245608  0.6054959
4034.868415  0.6325364
4035.491222  0.6679138
4036.114029  0.7242412
4036.736836  0.7900468
4037.359643  0.8351437
4037.98245  0.8501675
4038.605257  0.8389745
4039.228064  0.8063607
4039.850871  0.7598868
4040.473678  0.7152228
4041.096485  0.699762
4041.719292  0.7482338
4042.342099  0.8163319
4042.964906  0.8279062
4043.587713  0.7571042
4044.21052  0.6389188
4044.833327  0.5075655
4045.456134  0.3857808
4046.078941  0.3777135
4046.701748  0.5051017
4047.324555  0.685413
4047.947362  0.7857583
4048.570169  0.7893741
4049.192976  0.7571642
4049.815783  0.7561102
4050.43859  0.7836035
4051.061397  0.7997791
4051.684204  0.7759479
4052.307011  0.7397518
4052.929818  0.7201998
4053.552625  0.71019
4054.175432  0.6687245
4054.798239  0.6210281
4055.421046  0.611681
4056.043853  0.6503856
4056.66666  0.6623431
4057.289467  0.6216897
4057.912274  0.5693312
4058.535081  0.5787207
4059.157888  0.6315341
4059.780695  0.6953658
4060.403502  0.7551807
4061.026309  0.7780086
4061.649116  0.7472841
4062.271923  0.6610175
4062.89473  0.5313235
4063.517537  0.430435
4064.140344  0.4384708
4064.763151  0.5728539
4065.385958  0.7007278
4066.008765  0.7184579
4066.631572  0.6358069
4067.254379  0.5854962
4067.877186  0.6208836
4068.499993  0.7132697
4069.1228  0.7934797
4069.745607  0.831371
4070.368414  0.7881171
4070.991221  0.6565362
4071.614028  0.5422159
4072.236835  0.5521477
4072.859642  0.6797554
4073.482449  0.7772307
4074.105256  0.7975135
4074.728063  0.7541309
4075.35087  0.6820163
4075.973677  0.5926293
4076.596484  0.5003882
4077.219291  0.436771
4077.842098  0.4496165
4078.464905  0.5350569
4079.087712  0.6336569
4079.710519  0.6840597
4080.333326  0.7510373
4080.956133  0.831205
4081.57894  0.8661576
4082.201747  0.8162006
4082.824554  0.7419619
4083.447361  0.7050742
4084.070168  0.706986
4084.692975  0.7023807
4085.315782  0.68427
4085.938589  0.6815962
4086.561396  0.7142695
4087.184203  0.777954
4087.80701  0.8444144
4088.429817  0.8788233
4089.052624  0.8752596
4089.675431  0.8389294
4090.298238  0.7947915
4090.921045  0.812516
4091.543852  0.8227776
4092.166659  0.7772521
4092.789466  0.7635618
4093.412273  0.8225368
4094.03508  0.8763881
4094.657887  0.8176439
4095.280694  0.7324952
4095.903501  0.6730038
4096.526308  0.6531378
4097.149115  0.678608
4097.771922  0.7105958
4098.394729  0.7284883
4099.017536  0.741671
4099.640343  0.7299562
4100.26315  0.6637579
4100.885957  0.5555688
4101.508764  0.4961925
4102.131571  0.5314381
4102.754378  0.6275827
4103.377185  0.6978764
4103.999992  0.7089165
4104.622799  0.7062036
4105.245606  0.7470581
4105.868413  0.8047091
4106.49122  0.8267105
4107.114027  0.8014906
4107.736834  0.7795445
4108.359641  0.7638518
4108.982448  0.7383605
4109.605255  0.6961278
4110.228062  0.6710771
4110.850869  0.6705382
4111.473676  0.6804562
4112.096483  0.6863388
4112.71929  0.7182067
4113.342097  0.7638613
4113.964904  0.7764264
4114.587711  0.7731207
4115.210518  0.7769045
4115.833325  0.7906867
4116.456132  0.7889328
4117.078939  0.7815547
4117.701746  0.7498104
4118.324553  0.6623256
4118.94736  0.6083334
4119.570167  0.6297805
4120.192974  0.6932332
4120.815781  0.7240252
4121.438588  0.710588
4122.061395  0.6805069
4122.684202  0.6623648
4123.307009  0.6462717
4123.929816  0.660679
4124.552623  0.7227315
4125.17543  0.7507477
4125.798237  0.7347231
4126.421044  0.7054126
4127.043851  0.6868221
4127.666658  0.6623458
4128.289465  0.6473863
4128.912272  0.6614075
4129.535079  0.6420264
4130.157886  0.6392427
4130.780693  0.6740966
4131.4035  0.6425319
4132.026307  0.5757559
4132.649114  0.5494741
4133.271921  0.5915478
4133.894728  0.5890079
4134.517535  0.5835711
4135.140342  0.653904
4135.763149  0.7469712
4136.385956  0.7667745
4137.008763  0.712227
4137.63157  0.684476
4138.254377  0.7074924
4138.877184  0.7474567
4139.499991  0.7622979
4140.122798  0.7556618
4140.745605  0.748812
4141.368412  0.7270057
4141.991219  0.6443235
4142.614026  0.5380828
4143.236833  0.4575249
4143.85964  0.4427989
4144.482447  0.521979
4145.105254  0.626999
4145.728061  0.6848918
4146.350868  0.6897193
4146.973675  0.6760871
4147.596482  0.6753587
4148.219289  0.6824943
4148.842096  0.6436214
4149.464903  0.5811589
4150.08771  0.5488096
4150.710517  0.5659813
4151.333324  0.5797046
4151.956131  0.5776197
4152.578938  0.5954268
4153.201745  0.6169101
4153.824552  0.6123258
4154.447359  0.5851739
4155.070166  0.5925433
4155.692973  0.5819525
4156.31578  0.5407674
4156.938587  0.5337636
4157.561394  0.5750498
4158.184201  0.6460387
4158.807008  0.7117532
4159.429815  0.7415236
4160.052622  0.7194261
4160.675429  0.6710808
4161.298236  0.6558868
4161.921043  0.7043741
4162.54385  0.7603957
4163.166657  0.749808
4163.789464  0.7016332
4164.412271  0.6688296
4165.035078  0.6744372
4165.657885  0.6849062
4166.280692  0.6519598
4166.903499  0.5907341
4167.526306  0.5689186
4168.149113  0.6324183
4168.77192  0.700766
4169.394727  0.7089036
4170.017534  0.7190443
4170.640341  0.7262767
4171.263148  0.6930196
4171.885955  0.5995021
4172.508762  0.5086945
4173.131569  0.4799381
4173.754376  0.5222996
4174.377183  0.5792783
4174.99999  0.6161789
4175.622797  0.6258608
4176.245604  0.6164127
4176.868411  0.5782933
4177.491218  0.5339088
4178.114025  0.519304
4178.736832  0.5449803
4179.359639  0.5763099
4179.982446  0.5856976
4180.605253  0.5825757
4181.22806  0.5815064
4181.850867  0.5938279
4182.473674  0.6194597
4183.096481  0.6449108
4183.719288  0.6798779
4184.342095  0.7373914
4184.964902  0.8074436
4185.587709  0.8183354
4186.210516  0.7464173
4186.833323  0.6447571
4187.45613  0.6019637
4188.078937  0.6378661
4188.701744  0.7063943
4189.324551  0.7378589
4189.947358  0.7351401
4190.570165  0.70686
4191.192972  0.6604837
4191.815779  0.6659768
4192.438586  0.7143162
4193.061393  0.7514597
4193.6842  0.7525916
4194.307007  0.7161207
4194.929814  0.6495404
4195.552621  0.5679395
4196.175428  0.5170518
4196.798235  0.525571
4197.421042  0.5729546
4198.043849  0.5823328
4198.666656  0.5939199
4199.289463  0.6432626
4199.91227  0.6888123
4200.535077  0.6918828
4201.157884  0.6416972
4201.780691  0.5746781
4202.403498  0.574012
4203.026305  0.6317472
4203.649112  0.6798405
4204.271919  0.6625281
4204.894726  0.6536764
4205.517533  0.6903396
4206.14034  0.7381953
4206.763147  0.7627002
4207.385954  0.7806192
4208.008761  0.8026597
4208.631568  0.7883822
4209.254375  0.7492247
4209.877182  0.7125387
4210.499989  0.6997306
4211.122796  0.7266445
4211.745603  0.7605945
4212.36841  0.7605189
4212.991217  0.7292531
4213.614024  0.6792592
4214.236831  0.6041301
4214.859638  0.4984356
4215.482445  0.4564803
4216.105252  0.5525336
4216.728059  0.7543154
4217.350866  0.8896531
4217.973673  0.9438131
4218.59648  0.953499
4219.219287  0.9274521
4219.842094  0.9236096
4220.464901  0.9605442
4221.087708  0.9980803
4221.710515  0.9606827
4222.333322  0.8697759
4222.956129  0.7860768
4223.578936  0.7396558
4224.201743  0.7106587
4224.82455  0.661299
4225.447357  0.5646539
4226.070164  0.4271109
4226.692971  0.3490993
4227.315778  0.4279047
4227.938585  0.6477263
4228.561392  0.8419541
4229.184199  0.9067093
4229.807006  0.8892444
4230.429813  0.922859
4231.05262  0.9723994
4231.675427  0.9366181
4232.298234  0.8333731
4232.921041  0.7390511
4233.543848  0.7305408
4234.166655  0.8144541
4234.789462  0.8391695
4235.412269  0.7679747
4236.035076  0.6887376
4236.657883  0.6981455
4237.28069  0.7482876
4237.903497  0.7699395
4238.526304  0.7655163
4239.149111  0.7542217
4239.771918  0.762973
4240.394725  0.8089252
4241.017532  0.888272
4241.640339  0.9185239
4242.263146  0.8657212
4242.885953  0.8217612
4243.50876  0.8664199
4244.131567  0.9653667
4244.754374  1.009309
4245.377181  0.9744231
4245.999988  0.9051644
4246.622795  0.8473834
4247.245602  0.7925575
4247.868409  0.7670451
4248.491216  0.7716184
4249.114023  0.7693437
4249.73683  0.71846
4250.359637  0.682344
4250.982444  0.7316658
4251.605251  0.8141508
4252.228058  0.8679566
4252.850865  0.8645616
4253.473672  0.8213466
4254.096479  0.7601359
4254.719286  0.716121
4255.342093  0.7226919
4255.9649  0.7859175
4256.587707  0.8908465
4257.210514  0.9539762
4257.833321  0.8655203
4258.456128  0.7670099
4259.078935  0.7214152
4259.701742  0.6812795
4260.324549  0.6336496
4260.947356  0.6372989
4261.570163  0.7271773
4262.19297  0.8458794
4262.815777  0.9421568
4263.438584  0.9752573
4264.061391  0.9471633
4264.684198  0.9480007
4265.307005  0.9923713
4265.929812  1.027207
4266.552619  0.9917206
4267.175426  0.9110876
4267.798233  0.8456078
4268.42104  0.8309878
4269.043847  0.8204448
4269.666654  0.7901003
4270.289461  0.7257991
4270.912268  0.5971827
4271.535075  0.5105963
4272.157882  0.5481585
4272.780689  0.6681371
4273.403496  0.7291725
4274.026303  0.6997434
4274.64911  0.660725
4275.271917  0.7016859
4275.894724  0.7987378
4276.517531  0.8811973
4277.140338  0.9109954
4277.763145  0.9452606
4278.385952  0.9715549
4279.008759  0.9213704
4279.631566  0.7923369
4280.254373  0.7066992
4280.87718  0.7431778
4281.499987  0.8189301
4282.122794  0.8413449
4282.745601  0.8351284
4283.368408  0.8778801
4283.991215  0.8661723
4284.614022  0.797182
4285.236829  0.7345257
4285.859636  0.7144132
4286.482443  0.7493952
4287.10525  0.8090234
4287.728057  0.8340367
4288.350864  0.7823823
4288.973671  0.6726912
4289.596478  0.5781848
4290.219285  0.5859613
4290.842092  0.639397
4291.464899  0.6954081
4292.087706  0.784519
4292.710513  0.8684736
4293.33332  0.8764038
4293.956127  0.7931768
4294.578934  0.7468549
4295.201741  0.7606491
4295.824548  0.7778341
4296.447355  0.7352054
4297.070162  0.6961665
4297.692969  0.6764577
4298.315776  0.627453
4298.938583  0.5223554
4299.56139  0.4366984
4300.184197  0.4468389
4300.807004  0.5309415
4301.429811  0.5866376
4302.052618  0.5695166
4302.675425  0.5294414
4303.298232  0.546275
4303.921039  0.5900396
4304.543846  0.5931339
4305.166653  0.5552313
4305.78946  0.5502653
4306.412267  0.5724813
4307.035074  0.5334561
4307.657881  0.4605267
4308.280688  0.4221155
4308.903495  0.4502801
4309.526302  0.4855667
4310.149109  0.5254509
4310.771916  0.5722094
4311.394723  0.6072689
4312.01753  0.6370363
4312.640337  0.6846496
4313.263144  0.7442932
4313.885951  0.7367876
4314.508758  0.7420547
4315.131565  0.8531913
4315.754372  1.044575
4316.377179  1.150032
4316.999986  1.145803
4317.622793  1.129859
4318.2456  1.095439
4318.868407  1.080486
4319.491214  1.081393
4320.114021  1.012885
4320.736828  0.9458709
4321.359635  0.9517629
4321.982442  1.003152
4322.605249  0.9322928
4323.228056  0.7864663
4323.850863  0.6835088
4324.47367  0.6041375
4325.096477  0.5292524
4325.719284  0.5111794
4326.342091  0.6328729
4326.964898  0.815194
4327.587705  0.9810425
4328.210512  1.088343
4328.833319  1.119763
4329.456126  1.065201
4330.078933  0.9683919
4330.70174  0.9202836
4331.324547  0.9568861
4331.947354  1.019609
4332.570161  1.031868
4333.192968  1.018827
4333.815775  1.030318
4334.438582  1.090478
4335.061389  1.167365
4335.684196  1.187462
4336.307003  1.082778
4336.92981  0.8703302
4337.552617  0.7327097
4338.175424  0.7141919
4338.798231  0.7315239
4339.421038  0.6746935
4340.043845  0.5877205
4340.666652  0.5823795
4341.289459  0.724205
4341.912266  0.9117647
4342.535073  1.001807
4343.15788  0.9497428
4343.780687  0.8884853
4344.403494  0.9324125
4345.026301  1.045934
4345.649108  1.080007
4346.271915  1.029598
4346.894722  0.966481
4347.517529  0.9670926
4348.140336  1.04037
4348.763143  1.14145
4349.38595  1.18382
4350.008757  1.088804
4350.631564  0.8959651
4351.254371  0.7202196
4351.877178  0.6708345
4352.499985  0.7595714
4353.122792  0.8966299
4353.745599  0.977715
4354.368406  0.9675454
4354.991213  0.946885
4355.61402  0.9749768
4356.236827  1.043388
4356.859634  1.103409
4357.482441  1.079068
4358.105248  0.9626873
4358.728055  0.8630922
4359.350862  0.8491043
4359.973669  0.9217303
4360.596476  1.026481
4361.219283  1.110448
4361.84209  1.122721
4362.464897  1.066448
4363.087704  1.028719
4363.710511  1.064292
4364.333318  1.152638
4364.956125  1.212048
4365.578932  1.183856
4366.201739  1.086571
4366.824546  0.9779803
4367.447353  0.8860104
4368.07016  0.8864035
4368.692967  0.9621326
4369.315774  0.9877321
4369.938581  0.980189
4370.561388  0.9801686
4371.184195  1.00347
4371.807002  1.027521
4372.429809  1.005598
4373.052616  0.9228631
4373.675423  0.8234504
4374.29823  0.7402331
4374.921037  0.7171471
4375.543844  0.78325
4376.166651  0.897994
4376.789458  0.9991914
4377.412265  1.05483
4378.035072  1.086687
4378.657879  1.077885
4379.280686  1.030154
4379.903493  0.9815086
4380.5263  0.9825116
4381.149107  0.9997187
4381.771914  0.944357
4382.394721  0.7511927
4383.017528  0.5371801
4383.640335  0.4299912
4384.263142  0.4637059
4384.885949  0.5994239
4385.508756  0.7749022
4386.131563  0.9138513
4386.75437  0.9316409
4387.377177  0.8918513
4387.999984  0.8736437
4388.622791  0.8778429
4389.245598  0.85392
4389.868405  0.8074613
4390.491212  0.7893892
4391.114019  0.8199174
4391.736826  0.8898973
4392.359633  0.9520278
4392.98244  0.9461064
4393.605247  0.9149543
4394.228054  0.8732708
4394.850861  0.8220797
4395.473668  0.8646492
4396.096475  0.9875887
4396.719282  1.096439
4397.342089  1.107311
4397.964896  1.063308
4398.587703  1.007411
4399.21051  0.9355848
4399.833317  0.8426512
4400.456124  0.7871103
4401.078931  0.8426278
4401.701738  1.014722
4402.324545  1.123226
4402.947352  1.050679
4403.570159  0.8582149
4404.192966  0.6749343
4404.815773  0.6367604
4405.43858  0.768902
4406.061387  0.9023023
4406.684194  0.9377407
4407.307001  0.8719638
4407.929808  0.7813088
4408.552615  0.7794458
4409.175422  0.8799224
4409.798229  1.003211
4410.421036  1.068465
4411.043843  1.083856
4411.66665  1.101697
4412.289457  1.150146
4412.912264  1.16436
4413.535071  1.081844
4414.157878  0.9140451
4414.780685  0.785797
4415.403492  0.7895059
4416.026299  0.8930355
4416.649106  0.9392664
4417.271913  0.952103
4417.89472  0.9863812
4418.517527  1.049632
4419.140334  1.111163
4419.763141  1.133056
4420.385948  1.100118
4421.008755  1.0364
4421.631562  0.9496752
4422.254369  0.879485
4422.877176  0.8859441
4423.499983  0.9445849
4424.12279  1.007525
4424.745597  1.038213
4425.368404  1.032975
4425.991211  1.015316
4426.614018  1.003307
4427.236825  0.9996847
4427.859632  1.043314
4428.482439  1.079736
4429.105246  1.02145
4429.728053  0.8993397
4430.35086  0.85256
4430.973667  0.937122
4431.596474  1.026606
4432.219281  1.049972
4432.842088  1.008122
4433.464895  0.94375
4434.087702  0.8707976
4434.710509  0.8123434
4435.333316  0.8054481
4435.956123  0.8834236
4436.57893  0.988297
4437.201737  1.06817
4437.824544  1.119338
4438.447351  1.161714
4439.070158  1.171063
4439.692965  1.119253
4440.315772  1.032054
4440.938579  0.9551694
4441.561386  0.9035984
4442.184193  0.858162
4442.807  0.8386476
4443.429807  0.8586991
4444.052614  0.9246576
4444.675421  1.040978
4445.298228  1.139399
4445.921035  1.152403
4446.543842  1.084135
4447.166649  1.056075
4447.789456  1.105235
4448.412263  1.158397
4449.03507  1.118478
4449.657877  1.030063
4450.280684  0.9888043
4450.903491  1.03178
4451.526298  1.081539
4452.149105  1.08422
4452.771912  1.048929
4453.394719  1.003686
4454.017526  0.9340957
4454.640333  0.8521571
4455.26314  0.8427899
4455.885947  0.8901163
4456.508754  0.9390548
4457.131561  0.9474432
4457.754368  0.9257771
4458.377175  0.8928477
4458.999982  0.8750741
4459.622789  0.9028398
4460.245596  0.9000455
4460.868403  0.8292792
4461.49121  0.7593203
4462.114017  0.7987859
4462.736824  0.9331087
4463.359631  1.048175
4463.982438  1.041733
4464.605245  0.9971228
4465.228052  0.9931533
4465.850859  0.9942521
4466.473666  1.005958
4467.096473  1.020154
4467.71928  1.01044
4468.342087  0.9505472
4468.964894  0.904976
4469.587701  0.9229556
4470.210508  0.9646913
4470.833315  1.001908
4471.456122  1.027446
4472.078929  1.05586
4472.701736  1.115292
4473.324543  1.175954
4473.94735  1.19286
4474.570157  1.160636
4475.192964  1.13471
4475.815771  1.15932
4476.438578  1.225015
4477.061385  1.265178
4477.684192  1.25511
4478.306999  1.198676
4478.929806  1.093632
4479.552613  0.9880986
4480.17542  0.9268488
4480.798227  0.9152107
4481.421034  0.9167806
4482.043841  0.9450107
4482.666648  1.021598
4483.289455  1.096258
4483.912262  1.151592
4484.535069  1.189143
4485.157876  1.211355
4485.780683  1.221578
4486.40349  1.206828
4487.026297  1.153887
4487.649104  1.086212
4488.271911  1.010399
4488.894718  0.9462379
4489.517525  0.253966
4490.140332  0.
4490.763139  0.
4491.385946  0.
4492.008753  0.
4492.63156  0.
4493.254367  0.
4493.877174  0.
4494.499981  0.
4495.122788  0.
4495.745595  0.
4496.368402  0.
4496.991209  0.
4497.614016  0.
4498.236823  0.
4498.85963  0.
4499.482437  0.
4500.105244  0.
4500.728051  0.
4501.350858  0.
4501.973665  0.
4502.596472  0.
4503.219279  0.
4503.842086  0.
4504.464893  0.
4505.0877  0.
4505.710507  0.
4506.333314  0.
4506.956121  0.
4507.578928  0.
4508.201735  0.
4508.824542  0.
