3820.  0.1743502
3820.622807  0.1405945
3821.245614  0.1500693
3821.868421  0.1949625
3822.491228  0.2385971
3823.114035  0.2531949
3823.736842  0.2334472
3824.359649  0.1953639
3824.982456  0.1626832
3825.605263  0.1453162
3826.22807  0.145531
3826.850877  0.1650964
3827.473684  0.1820041
3828.096491  0.1890457
3828.719298  0.1987431
3829.342105  0.2081417
3829.964912  0.2185861
3830.587719  0.2309455
3831.210526  0.2369532
3831.833333  0.219902
3832.45614  0.1869653
3833.078947  0.1693265
3833.701754  0.1604624
3834.324561  0.1588172
3834.947368  0.1729622
3835.570175  0.2089674
3836.192982  0.240556
3836.815789  0.2464945
3837.438596  0.2356745
3838.061403  0.20477
3838.68421  0.1775554
3839.307017  0.1816283
3839.929824  0.177344
3840.552631  0.1605804
3841.175438  0.157757
3841.798245  0.1938869
3842.421052  0.2454163
3843.043859  0.2784586
3843.666666  0.2805299
3844.289473  0.279131
3844.91228  0.2742739
3845.535087  0.2536992
3846.157894  0.2318246
3846.780701  0.2312787
3847.403508  0.2513656
3848.026315  0.2623857
3848.649122  0.2546859
3849.271929  0.2286432
3849.894736  0.1951195
3850.517543  0.1777333
3851.14035  0.1985184
3851.763157  0.2464184
3852.385964  0.2710777
3853.008771  0.2575468
3853.631578  0.2251549
3854.254385  0.2086724
3854.877192  0.223786
3855.499999  0.2358952
3856.122806  0.2171913
3856.745613  0.202676
3857.36842  0.2054976
3857.991227  0.2107687
3858.614034  0.1932358
3859.236841  0.1687273
3859.859648  0.1525201
3860.482455  0.1512752
3861.105262  0.1678343
3861.728069  0.2021162
3862.350876  0.2425848
3862.973683  0.2680359
3863.59649  0.2728033
3864.219297  0.2661549
3864.842104  0.2575644
3865.464911  0.2346944
3866.087718  0.2197693
3866.710525  0.2275159
3867.333332  0.2310972
3867.956139  0.2249299
3868.578946  0.2152261
3869.201753  0.2082289
3869.82456  0.1960715
3870.447367  0.1810665
3871.070174  0.1718508
3871.692981  0.1727541
3872.315788  0.1762412
3872.938595  0.1833136
3873.561402  0.2079801
3874.184209  0.2539232
3874.807016  0.3002775
3875.429823  0.3212283
3876.05263  0.3186619
3876.675437  0.3025296
3877.298244  0.272447
3877.921051  0.2194421
3878.543858  0.1854881
3879.166665  0.2018517
3879.789472  0.2532573
3880.412279  0.2657652
3881.035086  0.2350339
3881.657893  0.1933382
3882.2807  0.1604082
3882.903507  0.1900957
3883.526314  0.2973723
3884.149121  0.423829
3884.771928  0.4429172
3885.394735  0.3579006
3886.017542  0.2587607
3886.640349  0.2049684
3887.263156  0.2343829
3887.885963  0.3028975
3888.50877  0.3130609
3889.131577  0.3084699
3889.754384  0.3319209
3890.377191  0.3818045
3890.999998  0.4229113
3891.622805  0.4690516
3892.245612  0.519761
3892.868419  0.5251741
3893.491226  0.5077633
3894.114033  0.4910427
3894.73684  0.4679202
3895.359647  0.4022568
3895.982454  0.3681878
3896.605261  0.4227311
3897.228068  0.4772482
3897.850875  0.4775423
3898.473682  0.4381283
3899.096489  0.4134067
3899.719296  0.3735624
3900.342103  0.3625877
3900.96491  0.4301891
3901.587717  0.509432
3902.210524  0.5044814
3902.833331  0.4193225
3903.456138  0.3785591
3904.078945  0.4148145
3904.701752  0.4439729
3905.324559  0.3780796
3905.947366  0.3101478
3906.570173  0.3052608
3907.19298  0.3587494
3907.815787  0.4083674
3908.438594  0.4499264
3909.061401  0.4825208
3909.684208  0.4927471
3910.307015  0.4785252
3910.929822  0.4680423
3911.552629  0.4832515
3912.175436  0.5022826
3912.798243  0.503902
3913.42105  0.4863733
3914.043857  0.469696
3914.666664  0.4829616
3915.289471  0.4996237
3915.912278  0.4752975
3916.535085  0.421988
3917.157892  0.404469
3917.780699  0.4317323
3918.403506  0.4257813
3919.026313  0.4049448
3919.64912  0.379113
3920.271927  0.3379495
3920.894734  0.2909686
3921.517541  0.2836554
3922.140348  0.3190616
3922.763155  0.3198609
3923.385962  0.3253438
3924.008769  0.3587749
3924.631576  0.3843529
3925.254383  0.3620079
3925.87719  0.3223978
3926.499997  0.3085317
3927.122804  0.2961079
3927.745611  0.261168
3928.368418  0.2153666
3928.991225  0.1967144
3929.614032  0.1828797
3930.236839  0.1604606
3930.859646  0.1365407
3931.482453  0.1236099
3932.10526  0.1106427
3932.728067  0.09437238
3933.350874  0.09365265
3933.973681  0.09589898
3934.596488  0.09312402
3935.219295  0.09204208
3935.842102  0.1050164
3936.464909  0.1296205
3937.087716  0.1572259
3937.710523  0.1850675
3938.33333  0.2116294
3938.956137  0.240612
3939.578944  0.2743995
3940.201751  0.2938753
3940.824558  0.2912224
3941.447365  0.2800071
3942.070172  0.2909127
3942.692979  0.3053605
3943.315786  0.296104
3943.938593  0.2638421
3944.5614  0.2520503
3945.184207  0.2939572
3945.807014  0.379332
3946.429821  0.4423904
3947.052628  0.4469171
3947.675435  0.4054604
3948.298242  0.3684127
3948.921049  0.3660432
3949.543856  0.4027571
3950.166663  0.4595496
3950.78947  0.5045717
3951.412277  0.5140325
3952.035084  0.4760797
3952.657891  0.3964588
3953.280698  0.3785506
3953.903505  0.4570681
3954.526312  0.5487276
3955.149119  0.5651311
3955.771926  0.5000234
3956.394733  0.4197369
3957.01754  0.4027333
3957.640347  0.4269719
3958.263154  0.4509025
3958.885961  0.4716287
3959.508768  0.5000506
3960.131575  0.5016513
3960.754382  0.4328514
3961.377189  0.3278898
3961.999996  0.2565838
3962.622803  0.2517118
3963.24561  0.2695657
3963.868417  0.2766127
3964.491224  0.2642461
3965.114031  0.2422177
3965.736838  0.2095391
3966.359645  0.1704177
3966.982452  0.1344256
3967.605259  0.1125625
3968.228066  0.1023815
3968.850873  0.09786559
3969.47368  0.09803652
3970.096487  0.1129374
3970.719294  0.1399775
3971.342101  0.1699301
3971.964908  0.2030504
3972.587715  0.2323909
3973.210522  0.2533707
3973.833329  0.271355
3974.456136  0.3018015
3975.078943  0.3494942
3975.70175  0.3973411
3976.324557  0.4041533
3976.947364  0.4048901
3977.570171  0.4384799
3978.192978  0.4810954
3978.815785  0.5115871
3979.438592  0.537262
3980.061399  0.577484
3980.684206  0.6024615
3981.307013  0.5788451
3981.92982  0.5210121
3982.552627  0.5136893
3983.175434  0.530753
3983.798241  0.5320476
3984.421048  0.5262985
3985.043855  0.5595099
3985.666662  0.6089221
3986.289469  0.6183152
3986.912276  0.591648
3987.535083  0.602648
3988.15789  0.6710772
3988.780697  0.7063472
3989.403504  0.6476341
3990.026311  0.5629337
3990.649118  0.5662016
3991.271925  0.606585
3991.894732  0.6295071
3992.517539  0.6299996
3993.140346  0.6574817
3993.763153  0.6694751
3994.38596  0.6470869
3995.008767  0.6242421
3995.631574  0.6124336
3996.254381  0.5992178
3996.877188  0.5725506
3997.499995  0.5478559
3998.122802  0.5426425
3998.745609  0.5828159
3999.368416  0.6819299
3999.991223  0.7630404
4000.61403  0.7702764
4001.236837  0.7178317
4001.859644  0.6960629
4002.482451  0.7244821
4003.105258  0.7720616
4003.728065  0.7948918
4004.350872  0.7270384
4004.973679  0.5868148
4005.596486  0.4741451
4006.219293  0.4810413
4006.8421  0.5595917
4007.464907  0.6269026
4008.087714  0.6857389
4008.710521  0.7146707
4009.333328  0.7158415
4009.956135  0.7170636
4010.578942  0.7215058
4011.201749  0.7115405
4011.824556  0.6855529
4012.447363  0.6898751
4013.07017  0.7204936
4013.692977  0.7386367
4014.315784  0.7162828
4014.938591  0.7295802
4015.561398  0.7856606
4016.184205  0.819399
4016.807012  0.7845384
4017.429819  0.7107863
4018.052626  0.670539
4018.675433  0.718246
4019.29824  0.7893151
4019.921047  0.813031
4020.543854  0.7772358
4021.166661  0.7403983
4021.789468  0.7178128
4022.412275  0.7085787
4023.035082  0.7351516
4023.657889  0.7422626
4024.280696  0.6995135
4024.903503  0.6480305
4025.52631  0.6705275
4026.149117  0.7364243
4026.771924  0.7687702
4027.394731  0.7834204
4028.017538  0.8129057
4028.640345  0.8552201
4029.263152  0.8582244
4029.885959  0.7612787
4030.508766  0.6091781
4031.131573  0.5169373
4031.75438  0.5401697
4032.377187  0.570681
4032.999994  0.5300509
4033.622801  0.5090204
4034.245608  0.5325249
4034.868415  0.5756549
4035.491222  0.6070009
4036.114029  0.6625181
4036.736836  0.7421594
4037.359643  0.8104778
4037.98245  0.8268877
4038.605257  0.8133398
4039.228064  0.7943774
4039.850871  0.7674769
4040.473678  0.7184243
4041.096485  0.6838104
4041.719292  0.7107514
4042.342099  0.7761405
4042.964906  0.804973
4043.587713  0.7492431
4044.21052  0.6348615
4044.833327  0.4962752
4045.456134  0.3714388
4046.078941  0.3093353
4046.701748  0.3890445
4047.324555  0.5639257
4047.947362  0.7155888
4048.570169  0.7520846
4049.192976  0.7354646
4049.815783  0.7382708
4050.43859  0.7704855
4051.061397  0.7876739
4051.684204  0.7639797
4052.307011  0.7159594
4052.929818  0.6970031
4053.552625  0.6994026
4054.175432  0.6784325
4054.798239  0.605648
4055.421046  0.5786238
4056.043853  0.6166802
4056.66666  0.6511152
4057.289467  0.6152815
4057.912274  0.5479956
4058.535081  0.5223321
4059.157888  0.5672436
4059.780695  0.6467498
4060.403502  0.7144135
4061.026309  0.7406955
4061.649116  0.7187318
4062.271923  0.6426517
4062.89473  0.5215237
4063.517537  0.3951618
4064.140344  0.3723137
4064.763151  0.4860554
4065.385958  0.6451814
4066.008765  0.7026027
4066.631572  0.644417
4067.254379  0.5684969
4067.877186  0.5807125
4068.499993  0.664582
4069.1228  0.7540164
4069.745607  0.7973371
4070.368414  0.7654796
4070.991221  0.6460646
4071.614028  0.4909537
4072.236835  0.4693236
4072.859642  0.5826563
4073.482449  0.7206905
4074.105256  0.7725905
4074.728063  0.7568204
4075.35087  0.7042499
4075.973677  0.6191909
4076.596484  0.5115209
4077.219291  0.4304233
4077.842098  0.4270752
4078.464905  0.5075946
4079.087712  0.5967132
4079.710519  0.6554782
4080.333326  0.7155721
4080.956133  0.8036252
4081.57894  0.8623409
4082.201747  0.8270916
4082.824554  0.7420299
4083.447361  0.6918088
4084.070168  0.7007621
4084.692975  0.7051977
4085.315782  0.6881737
4085.938589  0.6742603
4086.561396  0.6988506
4087.184203  0.7584649
4087.80701  0.816664
4088.429817  0.8471725
4089.052624  0.8595726
4089.675431  0.8302079
4090.298238  0.7845106
4090.921045  0.7765743
4091.543852  0.7809036
4092.166659  0.7449961
4092.789466  0.6905632
4093.412273  0.758682
4094.03508  0.8286929
4094.657887  0.7961677
4095.280694  0.7054448
4095.903501  0.6357529
4096.526308  0.6181666
4097.149115  0.6343395
4097.771922  0.6576363
4098.394729  0.6774763
4099.017536  0.6966943
4099.640343  0.7124937
4100.26315  0.662102
4100.885957  0.5563329
4101.508764  0.4785335
4102.131571  0.4962266
4102.754378  0.5857358
4103.377185  0.6680278
4103.999992  0.677545
4104.622799  0.6705491
4105.245606  0.7032375
4105.868413  0.7698862
4106.49122  0.8078297
4107.114027  0.7981139
4107.736834  0.7677568
4108.359641  0.7546135
4108.982448  0.7355227
4109.605255  0.6929403
4110.228062  0.6502625
4110.850869  0.6450257
4111.473676  0.6548122
4112.096483  0.6469035
4112.71929  0.6659586
4113.342097  0.7124045
4113.964904  0.7503486
4114.587711  0.7442062
4115.210518  0.7433677
4115.833325  0.7557553
4116.456132  0.7536459
4117.078939  0.7681982
4117.701746  0.7452508
4118.324553  0.65409
4118.94736  0.5784751
4119.570167  0.5904591
4120.192974  0.6651283
4120.815781  0.7052838
4121.438588  0.6890215
4122.061395  0.655703
4122.684202  0.640999
4123.307009  0.6164708
4123.929816  0.6324819
4124.552623  0.6979492
4125.17543  0.741792
4125.798237  0.7287287
4126.421044  0.6943557
4127.043851  0.6819292
4127.666658  0.6465052
4128.289465  0.6360781
4128.912272  0.661378
4129.535079  0.6379911
4130.157886  0.627308
4130.780693  0.6409493
4131.4035  0.6213408
4132.026307  0.5437703
4132.649114  0.5062507
4133.271921  0.5553562
4133.894728  0.5614843
4134.517535  0.5528542
4135.140342  0.5988115
4135.763149  0.7081918
4136.385956  0.7473747
4137.008763  0.7068291
4137.63157  0.668941
4138.254377  0.6816902
4138.877184  0.7159086
4139.499991  0.7315269
4140.122798  0.7251533
4140.745605  0.728335
4141.368412  0.7182382
4141.991219  0.6470329
4142.614026  0.5265523
4143.236833  0.418079
4143.85964  0.3899178
4144.482447  0.4679356
4145.105254  0.5735693
4145.728061  0.6425408
4146.350868  0.6636814
4146.973675  0.6461155
4147.596482  0.6356431
4148.219289  0.6484132
4148.842096  0.6284239
4149.464903  0.5710295
4150.08771  0.5257252
4150.710517  0.5424805
4151.333324  0.5438519
4151.956131  0.5308789
4152.578938  0.5507258
4153.201745  0.5944578
4153.824552  0.5952899
4154.447359  0.5586486
4155.070166  0.5752915
4155.692973  0.5689105
4156.31578  0.525855
4156.938587  0.5056832
4157.561394  0.5388563
4158.184201  0.6080426
4158.807008  0.6755609
4159.429815  0.7127128
4160.052622  0.698683
4160.675429  0.6502262
4161.298236  0.6201122
4161.921043  0.6689031
4162.54385  0.7441627
4163.166657  0.758496
4163.789464  0.699813
4164.412271  0.6426741
4165.035078  0.6372914
4165.657885  0.657846
4166.280692  0.6444479
4166.903499  0.5856737
4167.526306  0.5367983
4168.149113  0.5925939
4168.77192  0.667009
4169.394727  0.685658
4170.017534  0.6931188
4170.640341  0.7074524
4171.263148  0.6899788
4171.885955  0.5994468
4172.508762  0.4944049
4173.131569  0.4499492
4173.754376  0.4880443
4174.377183  0.5496573
4174.99999  0.590709
4175.622797  0.6043726
4176.245604  0.6049438
4176.868411  0.5735415
4177.491218  0.5303262
4178.114025  0.513917
4178.736832  0.5407394
4179.359639  0.5759308
4179.982446  0.5889096
4180.605253  0.5807188
4181.22806  0.5628327
4181.850867  0.5622883
4182.473674  0.5931326
4183.096481  0.6269225
4183.719288  0.6582822
4184.342095  0.7044858
4184.964902  0.779304
4185.587709  0.803237
4186.210516  0.7347415
4186.833323  0.6147091
4187.45613  0.5496832
4188.078937  0.5845414
4188.701744  0.673579
4189.324551  0.7143123
4189.947358  0.7192515
4190.570165  0.6969464
4191.192972  0.6406773
4191.815779  0.6351905
4192.438586  0.6926503
4193.061393  0.7550344
4193.6842  0.7539417
4194.307007  0.7117791
4194.929814  0.6574538
4195.552621  0.58712
4196.175428  0.5234624
4196.798235  0.5104024
4197.421042  0.5538951
4198.043849  0.5573146
4198.666656  0.5564035
4199.289463  0.601114
4199.91227  0.662546
4200.535077  0.6801377
4201.157884  0.6274413
4201.780691  0.5439051
4202.403498  0.5364881
4203.026305  0.6038711
4203.649112  0.6677715
4204.271919  0.6558954
4204.894726  0.6443698
4205.517533  0.6794853
4206.14034  0.724297
4206.763147  0.7458093
4207.385954  0.7526731
4208.008761  0.7643495
4208.631568  0.7640381
4209.254375  0.7396069
4209.877182  0.7031518
4210.499989  0.6891454
4211.122796  0.7151628
4211.745603  0.7513469
4212.36841  0.7546836
4212.991217  0.724332
4213.614024  0.6815178
4214.236831  0.6201971
4214.859638  0.5093222
4215.482445  0.4420173
4216.105252  0.5145714
4216.728059  0.7229495
4217.350866  0.8821129
4217.973673  0.9498096
4218.59648  0.96262
4219.219287  0.9259746
4219.842094  0.9051753
4220.464901  0.9335473
4221.087708  0.9748328
4221.710515  0.9479768
4222.333322  0.8663109
4222.956129  0.7930902
4223.578936  0.7475666
4224.201743  0.7045622
4224.82455  0.6343029
4225.447357  0.5293819
4226.070164  0.3820857
4226.692971  0.2784093
4227.315778  0.3323451
4227.938585  0.5491837
4228.561392  0.7641093
4229.184199  0.847896
4229.807006  0.8505928
4230.429813  0.8909566
4231.05262  0.9612689
4231.675427  0.9508129
4232.298234  0.8441796
4232.921041  0.7211978
4233.543848  0.6855333
4234.166655  0.7695438
4234.789462  0.8122187
4235.412269  0.7458544
4236.035076  0.6771441
4236.657883  0.696281
4237.28069  0.7564011
4237.903497  0.7693263
4238.526304  0.7584422
4239.149111  0.7430463
4239.771918  0.7446824
4240.394725  0.7834826
4241.017532  0.8623529
4241.640339  0.9126674
4242.263146  0.8749533
4242.885953  0.8323716
4243.50876  0.8760756
4244.131567  0.9886383
4244.754374  1.025506
4245.377181  0.9924358
4245.999988  0.9289486
4246.622795  0.8595833
4247.245602  0.8027505
4247.868409  0.7854308
4248.491216  0.8014979
4249.114023  0.785322
4249.73683  0.6970592
4250.359637  0.609434
4250.982444  0.6506978
4251.605251  0.7516363
4252.228058  0.8419322
4252.850865  0.875635
4253.473672  0.8109073
4254.096479  0.7157992
4254.719286  0.6696534
4255.342093  0.6943645
4255.9649  0.7774271
4256.587707  0.8839836
4257.210514  0.9504459
4257.833321  0.8730286
4258.456128  0.7724501
4259.078935  0.7417349
4259.701742  0.6719187
4260.324549  0.5981098
4260.947356  0.5950484
4261.570163  0.6961726
4262.19297  0.833463
4262.815777  0.9456573
4263.438584  0.9984646
4264.061391  0.9845645
4264.684198  0.9761431
4265.307005  1.010909
4265.929812  1.047886
4266.552619  1.018653
4267.175426  0.931738
4267.798233  0.8500015
4268.42104  0.8180451
4269.043847  0.8108132
4269.666654  0.7862276
4270.289461  0.723772
4270.912268  0.5761238
4271.535075  0.4456199
4272.157882  0.4783022
4272.780689  0.611686
4273.403496  0.6998208
4274.026303  0.6708487
4274.64911  0.6168818
4275.271917  0.6550255
4275.894724  0.7710816
4276.517531  0.8508094
4277.140338  0.8885583
4277.763145  0.9311267
4278.385952  0.9834405
4279.008759  0.9485356
4279.631566  0.8268003
4280.254373  0.7259773
4280.87718  0.7636637
4281.499987  0.8140922
4282.122794  0.8172944
4282.745601  0.8119577
4283.368408  0.8493869
4283.991215  0.8644996
4284.614022  0.8122568
4285.236829  0.7509902
4285.859636  0.7338192
4286.482443  0.7672518
4287.10525  0.8153791
4287.728057  0.8447
4288.350864  0.7945014
4288.973671  0.6647736
4289.596478  0.5613787
4290.219285  0.5597308
4290.842092  0.625928
4291.464899  0.6736733
4292.087706  0.7656322
4292.710513  0.8578637
4293.33332  0.8601941
4293.956127  0.7636681
4294.578934  0.7193696
4295.201741  0.7738007
4295.824548  0.8021437
4296.447355  0.7720143
4297.070162  0.7345248
4297.692969  0.7252443
4298.315776  0.6483153
4298.938583  0.5239673
4299.56139  0.4374835
4300.184197  0.4578173
4300.807004  0.55678
4301.429811  0.6281363
4302.052618  0.5941337
4302.675425  0.5539622
4303.298232  0.5756421
4303.921039  0.6360633
4304.543846  0.6340258
4305.166653  0.5838012
4305.78946  0.5481931
4306.412267  0.5565568
4307.035074  0.5078964
4307.657881  0.4303001
4308.280688  0.4085824
4308.903495  0.4406665
4309.526302  0.4949078
4310.149109  0.5545395
4310.771916  0.6255152
4311.394723  0.6710524
4312.01753  0.696678
4312.640337  0.734835
4313.263144  0.7901875
4313.885951  0.7795533
4314.508758  0.7346521
4315.131565  0.846098
4315.754372  1.029197
4316.377179  1.149331
4316.999986  1.150507
4317.622793  1.113292
4318.2456  1.078272
4318.868407  1.056256
4319.491214  1.056176
4320.114021  0.9982419
4320.736828  0.9160101
4321.359635  0.9332418
4321.982442  0.9902065
4322.605249  0.9668675
4323.228056  0.8280123
4323.850863  0.7200506
4324.47367  0.6124606
4325.096477  0.4919854
4325.719284  0.4526187
4326.342091  0.5598947
4326.964898  0.7649911
4327.587705  0.9582754
4328.210512  1.089902
4328.833319  1.135293
4329.456126  1.093754
4330.078933  0.9927235
4330.70174  0.9348741
4331.324547  0.9588292
4331.947354  1.014833
4332.570161  1.03504
4333.192968  1.037089
4333.815775  1.061841
4334.438582  1.102577
4335.061389  1.17404
4335.684196  1.207707
4336.307003  1.090979
4336.92981  0.8755884
4337.552617  0.7276122
4338.175424  0.7411806
4338.798231  0.773392
4339.421038  0.7107173
4340.043845  0.5884959
4340.666652  0.5716095
4341.289459  0.7165274
4341.912266  0.9186782
4342.535073  1.015211
4343.15788  0.9673307
4343.780687  0.8925574
4344.403494  0.9149536
4345.026301  1.029729
4345.649108  1.083171
4346.271915  1.032491
4346.894722  0.9743233
4347.517529  0.9763729
4348.140336  1.052997
4348.763143  1.15762
4349.38595  1.20596
4350.008757  1.11965
4350.631564  0.9218527
4351.254371  0.7352675
4351.877178  0.6702625
4352.499985  0.7522507
4353.122792  0.9038216
4353.745599  0.9765998
4354.368406  0.9740124
4354.991213  0.967237
4355.61402  1.006899
4356.236827  1.068675
4356.859634  1.107806
4357.482441  1.084521
4358.105248  0.9797244
4358.728055  0.8748384
4359.350862  0.8530713
4359.973669  0.9165642
4360.596476  1.028176
4361.219283  1.12552
4361.84209  1.151967
4362.464897  1.103472
4363.087704  1.056424
4363.710511  1.084876
4364.333318  1.176497
4364.956125  1.230949
4365.578932  1.203264
4366.201739  1.133192
4366.824546  1.00784
4367.447353  0.9020048
4368.07016  0.8960646
4368.692967  0.9513199
4369.315774  0.9961004
4369.938581  0.9976049
4370.561388  0.9901418
4371.184195  1.018027
4371.807002  1.056689
4372.429809  1.043621
4373.052616  0.9643343
4373.675423  0.8606805
4374.29823  0.7750865
4374.921037  0.7156735
4375.543844  0.7590737
4376.166651  0.8872747
4376.789458  0.9998614
4377.412265  1.075957
4378.035072  1.103995
4378.657879  1.082518
4379.280686  1.027522
4379.903493  0.9744687
4380.5263  0.9596379
4381.149107  0.9785459
4381.771914  0.9126062
4382.394721  0.7211317
4383.017528  0.4863329
4383.640335  0.3741613
4384.263142  0.4050659
4384.885949  0.5458453
4385.508756  0.7626105
4386.131563  0.9173214
4386.75437  0.9467689
4387.377177  0.8986616
4387.999984  0.8745976
4388.622791  0.8726509
4389.245598  0.8552897
4389.868405  0.8263552
4390.491212  0.8020376
4391.114019  0.815146
4391.736826  0.8798544
4392.359633  0.9263909
4392.98244  0.9358802
4393.605247  0.9170609
4394.228054  0.8662005
4394.850861  0.8138113
4395.473668  0.8364387
4396.096475  0.9892676
4396.719282  1.122547
4397.342089  1.151419
4397.964896  1.100185
4398.587703  1.048244
4399.21051  0.9877598
4399.833317  0.8950453
4400.456124  0.8014892
4401.078931  0.8433235
4401.701738  1.002208
4402.324545  1.115452
4402.947352  1.052683
4403.570159  0.8311119
4404.192966  0.6006818
4404.815773  0.5530355
4405.43858  0.6774651
4406.061387  0.8409051
4406.684194  0.9025806
4407.307001  0.8467667
4407.929808  0.7620286
4408.552615  0.7610424
4409.175422  0.8857071
4409.798229  1.023663
4410.421036  1.083584
4411.043843  1.083088
4411.66665  1.089897
4412.289457  1.131262
4412.912264  1.161576
4413.535071  1.080886
4414.157878  0.8864828
4414.780685  0.7109163
4415.403492  0.736183
4416.026299  0.8629295
4416.649106  0.9559443
4417.271913  0.9709481
4417.89472  0.9991118
4418.517527  1.05865
4419.140334  1.114731
4419.763141  1.132955
4420.385948  1.111506
4421.008755  1.047675
4421.631562  0.9460457
4422.254369  0.8649668
4422.877176  0.8541443
4423.499983  0.9191608
4424.12279  1.00788
4424.745597  1.032168
4425.368404  0.996728
4425.991211  0.9945768
4426.614018  0.9915786
4427.236825  0.9936782
4427.859632  1.031781
4428.482439  1.087586
4429.105246  1.038346
4429.728053  0.8872363
4430.35086  0.8315921
4430.973667  0.9070875
4431.596474  1.024272
4432.219281  1.064934
4432.842088  1.022606
4433.464895  0.9425548
4434.087702  0.8649039
4434.710509  0.7916439
4435.333316  0.7790492
4435.956123  0.8537877
4436.57893  0.9765663
4437.201737  1.050365
4437.824544  1.096166
4438.447351  1.161828
4439.070158  1.193437
4439.692965  1.149406
4440.315772  1.04702
4440.938579  0.9535618
4441.561386  0.8818251
4442.184193  0.8442943
4442.807  0.8478624
4443.429807  0.873108
4444.052614  0.9447088
4444.675421  1.066523
4445.298228  1.179073
4445.921035  1.185903
4446.543842  1.100903
4447.166649  1.039911
4447.789456  1.103156
4448.412263  1.187302
4449.03507  1.16347
4449.657877  1.059391
4450.280684  1.005948
4450.903491  1.050892
4451.526298  1.115574
4452.149105  1.100754
4452.771912  1.052472
4453.394719  1.028163
4454.017526  0.9366081
4454.640333  0.8437109
4455.26314  0.8290365
4455.885947  0.88908
4456.508754  0.9419639
4457.131561  0.9507445
4457.754368  0.9267762
4458.377175  0.8793411
4458.999982  0.8597168
4459.622789  0.8852793
4460.245596  0.9001055
4460.868403  0.8282816
4461.49121  0.7413204
4462.114017  0.7860041
4462.736824  0.954684
4463.359631  1.081127
4463.982438  1.063198
4464.605245  1.019259
4465.228052  0.9986479
4465.850859  1.000006
4466.473666  1.004741
4467.096473  1.039463
4467.71928  1.046956
4468.342087  0.9825076
4468.964894  0.9301216
4469.587701  0.9397765
4470.210508  0.9922659
4470.833315  1.023204
4471.456122  1.043116
4472.078929  1.081303
4472.701736  1.144703
4473.324543  1.193497
4473.94735  1.197717
4474.570157  1.160247
4475.192964  1.123919
4475.815771  1.155058
4476.438578  1.237147
4477.061385  1.294573
4477.684192  1.301795
4478.306999  1.241676
4478.929806  1.124316
4479.552613  0.9968261
4480.17542  0.9365298
4480.798227  0.929806
4481.421034  0.9039825
4482.043841  0.9389926
4482.666648  1.031079
4483.289455  1.120462
4483.912262  1.182608
4484.535069  1.217422
4485.157876  1.24082
4485.780683  1.261229
4486.40349  1.243511
4487.026297  1.184349
4487.649104  1.105984
4488.271911  1.023407
4488.894718  0.9556581
4489.517525  0.928355
4490.140332  0.9648653
4490.763139  1.03876
4491.385946  1.120123
4492.008753  1.179824
4492.63156  1.176866
4493.254367  1.074536
4493.877174  0.9267263
4494.499981  0.8912821
4495.122788  0.9227182
4495.745595  0.9554639
4496.368402  0.9895933
4496.991209  1.072245
4497.614016  1.147559
4498.236823  1.162896
4498.85963  1.196321
4499.482437  1.216555
4500.105244  1.165683
4500.728051  1.049306
4501.350858  1.003874
4501.973665  1.09079
4502.596472  1.248164
4503.219279  1.341865
4503.842086  1.348484
4504.464893  1.318794
4505.0877  1.305894
4505.710507  1.277758
4506.333314  1.228338
4506.956121  1.189207
4507.578928  0.5756225
4508.201735  0.
4508.824542  0.
