3820.  0.1715601
3820.622807  0.1225589
3821.245614  0.0968684
3821.868421  0.11412
3822.491228  0.1635406
3823.114035  0.2040537
3823.736842  0.2074412
3824.359649  0.1788871
3824.982456  0.1431179
3825.605263  0.1193351
3826.22807  0.1221725
3826.850877  0.1447741
3827.473684  0.1661631
3828.096491  0.1804205
3828.719298  0.1880019
3829.342105  0.195028
3829.964912  0.2084692
3830.587719  0.2174981
3831.210526  0.2201189
3831.833333  0.2150778
3832.45614  0.184412
3833.078947  0.1579906
3833.701754  0.1550124
3834.324561  0.1623585
3834.947368  0.1786642
3835.570175  0.2074158
3836.192982  0.2359827
3836.815789  0.2316591
3837.438596  0.2254687
3838.061403  0.2189763
3838.68421  0.1927063
3839.307017  0.1853563
3839.929824  0.1733305
3840.552631  0.142527
3841.175438  0.1322306
3841.798245  0.1602735
3842.421052  0.2091227
3843.043859  0.2439841
3843.666666  0.2462215
3844.289473  0.2420372
3844.91228  0.2485361
3845.535087  0.2533333
3846.157894  0.2501015
3846.780701  0.2480925
3847.403508  0.2540316
3848.026315  0.2545358
3848.649122  0.2367125
3849.271929  0.2080488
3849.894736  0.1888142
3850.517543  0.1797213
3851.14035  0.1950659
3851.763157  0.2293501
3852.385964  0.2447563
3853.008771  0.2492688
3853.631578  0.2556841
3854.254385  0.2631964
3854.877192  0.2557367
3855.499999  0.2204153
3856.122806  0.1833047
3856.745613  0.1958279
3857.36842  0.2243693
3857.991227  0.2237657
3858.614034  0.1843097
3859.236841  0.1515179
3859.859648  0.1350852
3860.482455  0.1381739
3861.105262  0.1712912
3861.728069  0.2307517
3862.350876  0.2718715
3862.973683  0.2655477
3863.59649  0.2530197
3864.219297  0.2336339
3864.842104  0.2145347
3865.464911  0.2172967
3866.087718  0.2286441
3866.710525  0.2415664
3867.333332  0.2522244
3867.956139  0.2528068
3868.578946  0.2544646
3869.201753  0.2589014
3869.82456  0.2571367
3870.447367  0.2535993
3871.070174  0.2364181
3871.692981  0.2011464
3872.315788  0.1708334
3872.938595  0.169518
3873.561402  0.198035
3874.184209  0.2311105
3874.807016  0.2344635
3875.429823  0.2278628
3876.05263  0.2300187
3876.675437  0.2159328
3877.298244  0.1881781
3877.921051  0.1641554
3878.543858  0.1654167
3879.166665  0.2076925
3879.789472  0.2478578
3880.412279  0.248391
3881.035086  0.2277779
3881.657893  0.2054792
3882.2807  0.2041797
3882.903507  0.2335518
3883.526314  0.2691905
3884.149121  0.2757777
3884.771928  0.2388061
3885.394735  0.1819209
3886.017542  0.144843
3886.640349  0.1555961
3887.263156  0.2048927
3887.885963  0.2305743
3888.50877  0.2348838
3889.131577  0.2373723
3889.754384  0.2310394
3890.377191  0.2317335
3890.999998  0.2535002
3891.622805  0.2901109
3892.245612  0.3055282
3892.868419  0.294668
3893.491226  0.2700889
3894.114033  0.2420422
3894.73684  0.2214751
3895.359647  0.2194479
3895.982454  0.2400568
3896.605261  0.2713184
3897.228068  0.2751123
3897.850875  0.2428925
3898.473682  0.2232392
3899.096489  0.2119906
3899.719296  0.2144012
3900.342103  0.24523
3900.96491  0.2780178
3901.587717  0.2823425
3902.210524  0.2577193
3902.833331  0.2449817
3903.456138  0.2604741
3904.078945  0.2790604
3904.701752  0.2613212
3905.324559  0.2210131
3905.947366  0.1901361
3906.570173  0.190548
3907.19298  0.21516
3907.815787  0.2490315
3908.438594  0.2775032
3909.061401  0.2923151
3909.684208  0.2941506
3910.307015  0.290894
3910.929822  0.291278
3911.552629  0.2979212
3912.175436  0.296968
3912.798243  0.2805613
3913.42105  0.2593436
3914.043857  0.2626616
3914.666664  0.2730615
3915.289471  0.2606994
3915.912278  0.2426798
3916.535085  0.2400939
3917.157892  0.2527337
3917.780699  0.257833
3918.403506  0.2535213
3919.026313  0.2346335
3919.64912  0.2023983
3920.271927  0.1837583
3920.894734  0.1880321
3921.517541  0.2003666
3922.140348  0.1956303
3922.763155  0.1971796
3923.385962  0.2089846
3924.008769  0.2119889
3924.631576  0.2025767
3925.254383  0.1947302
3925.87719  0.1936779
3926.499997  0.1812178
3927.122804  0.1611676
3927.745611  0.1407031
3928.368418  0.1227685
3928.991225  0.1103709
3929.614032  0.09658787
3930.236839  0.07874377
3930.859646  0.07034035
3931.482453  0.07265443
3932.10526  0.08503492
3932.728067  0.104806
3933.350874  0.1103341
3933.973681  0.09853326
3934.596488  0.08157361
3935.219295  0.06956728
3935.842102  0.07439484
3936.464909  0.09511065
3937.087716  0.1171452
3937.710523  0.140442
3938.33333  0.1594778
3938.956137  0.1675722
3939.578944  0.1720412
3940.201751  0.1729652
3940.824558  0.1728446
3941.447365  0.1800899
3942.070172  0.1755125
3942.692979  0.1708875
3943.315786  0.1910969
3943.938593  0.1946188
3944.5614  0.2016575
3945.184207  0.2380193
3945.807014  0.2684061
3946.429821  0.2653374
3947.052628  0.2349624
3947.675435  0.2125589
3948.298242  0.2188371
3948.921049  0.2436697
3949.543856  0.2667738
3950.166663  0.2884277
3950.78947  0.2969671
3951.412277  0.2818206
3952.035084  0.2496973
3952.657891  0.2477648
3953.280698  0.2846326
3953.903505  0.3267571
3954.526312  0.3409989
3955.149119  0.3152315
3955.771926  0.2694245
3956.394733  0.244985
3957.01754  0.2385637
3957.640347  0.2439073
3958.263154  0.2650125
3958.885961  0.2998964
3959.508768  0.3147656
3960.131575  0.2867232
3960.754382  0.2465653
3961.377189  0.2099699
3961.999996  0.1878215
3962.622803  0.1857029
3963.24561  0.1806966
3963.868417  0.1642442
3964.491224  0.1445934
3965.114031  0.1311659
3965.736838  0.1151146
3966.359645  0.09748328
3966.982452  0.1003908
3967.605259  0.1125827
3968.228066  0.1216496
3968.850873  0.1260643
3969.47368  0.1321327
3970.096487  0.1352886
3970.719294  0.1345629
3971.342101  0.1447681
3971.964908  0.1562842
3972.587715  0.164541
3973.210522  0.1791851
3973.833329  0.204936
3974.456136  0.2251749
3975.078943  0.2295152
3975.70175  0.2488273
3976.324557  0.2655992
3976.947364  0.2705742
3977.570171  0.2896849
3978.192978  0.2997257
3978.815785  0.3065058
3979.438592  0.3336938
3980.061399  0.3529958
3980.684206  0.347466
3981.307013  0.3204835
3981.92982  0.2927058
3982.552627  0.2906191
3983.175434  0.3163534
3983.798241  0.3469604
3984.421048  0.3730195
3985.043855  0.3900705
3985.666662  0.3933314
3986.289469  0.3730974
3986.912276  0.3697425
3987.535083  0.3965436
3988.15789  0.406125
3988.780697  0.3832532
3989.403504  0.3454651
3990.026311  0.3281943
3990.649118  0.3557585
3991.271925  0.3940669
3991.894732  0.410712
3992.517539  0.4266796
3993.140346  0.4281354
3993.763153  0.4068411
3994.38596  0.3760131
3995.008767  0.352007
3995.631574  0.347903
3996.254381  0.356939
3996.877188  0.3435135
3997.499995  0.3198052
3998.122802  0.3188638
3998.745609  0.359375
3999.368416  0.4121198
3999.991223  0.4431047
4000.61403  0.4431291
4001.236837  0.4459334
4001.859644  0.4605941
4002.482451  0.4781692
4003.105258  0.4894434
4003.728065  0.4702592
4004.350872  0.4115153
4004.973679  0.3392783
4005.596486  0.3278033
4006.219293  0.3677904
4006.8421  0.405832
4007.464907  0.4368927
4008.087714  0.4377789
4008.710521  0.4135815
4009.333328  0.4089935
4009.956135  0.423212
4010.578942  0.439997
4011.201749  0.4447358
4011.824556  0.4337276
4012.447363  0.4304604
4013.07017  0.4447893
4013.692977  0.445204
4014.315784  0.4490668
4014.938591  0.4727334
4015.561398  0.5048419
4016.184205  0.5075792
4016.807012  0.4816408
4017.429819  0.4553019
4018.052626  0.4439207
4018.675433  0.4550692
4019.29824  0.4742111
4019.921047  0.4703547
4020.543854  0.4472441
4021.166661  0.4235162
4021.789468  0.4165378
4022.412275  0.4303433
4023.035082  0.4348805
4023.657889  0.4116419
4024.280696  0.3918552
4024.903503  0.4142364
4025.52631  0.471115
4026.149117  0.5125561
4026.771924  0.5238155
4027.394731  0.5278182
4028.017538  0.5487585
4028.640345  0.565815
4029.263152  0.5401176
4029.885959  0.4654842
4030.508766  0.3881678
4031.131573  0.3667949
4031.75438  0.3851752
4032.377187  0.3863379
4032.999994  0.3857792
4033.622801  0.3975281
4034.245608  0.4233361
4034.868415  0.4530196
4035.491222  0.4741858
4036.114029  0.4974263
4036.736836  0.54241
4037.359643  0.5710115
4037.98245  0.5735856
4038.605257  0.567211
4039.228064  0.5635613
4039.850871  0.544632
4040.473678  0.5054049
4041.096485  0.4757901
4041.719292  0.4838717
4042.342099  0.5124567
4042.964906  0.5181549
4043.587713  0.4925107
4044.21052  0.4418598
4044.833327  0.3811333
4045.456134  0.3297601
4046.078941  0.3327283
4046.701748  0.3976412
4047.324555  0.4822139
4047.947362  0.5373242
4048.570169  0.5455128
4049.192976  0.5254685
4049.815783  0.5165783
4050.43859  0.5285019
4051.061397  0.543375
4051.684204  0.5370508
4052.307011  0.5309449
4052.929818  0.5286596
4053.552625  0.5128963
4054.175432  0.4763861
4054.798239  0.4532523
4055.421046  0.4674593
4056.043853  0.4938983
4056.66666  0.4955024
4057.289467  0.4684722
4057.912274  0.4450047
4058.535081  0.4513909
4059.157888  0.4740129
4059.780695  0.4953907
4060.403502  0.5356141
4061.026309  0.5711095
4061.649116  0.5711867
4062.271923  0.5238053
4062.89473  0.4335456
4063.517537  0.3520352
4064.140344  0.3410704
4064.763151  0.4111544
4065.385958  0.4962445
4066.008765  0.5262643
4066.631572  0.4920586
4067.254379  0.4525876
4067.877186  0.45948
4068.499993  0.5150693
4069.1228  0.5654382
4069.745607  0.5958077
4070.368414  0.5964711
4070.991221  0.5289828
4071.614028  0.4570148
4072.236835  0.441345
4072.859642  0.483392
4073.482449  0.5381041
4074.105256  0.5599463
4074.728063  0.5321688
4075.35087  0.4809786
4075.973677  0.4205328
4076.596484  0.366467
4077.219291  0.3400967
4077.842098  0.3453319
4078.464905  0.3760245
4079.087712  0.4205137
4079.710519  0.4649414
4080.333326  0.5091524
4080.956133  0.5542832
4081.57894  0.5883998
4082.201747  0.5693355
4082.824554  0.5161017
4083.447361  0.4948864
4084.070168  0.5042407
4084.692975  0.5156636
4085.315782  0.5101065
4085.938589  0.5039315
4086.561396  0.5223819
4087.184203  0.5707847
4087.80701  0.6270105
4088.429817  0.6617289
4089.052624  0.6665594
4089.675431  0.6522641
4090.298238  0.6328486
4090.921045  0.615857
4091.543852  0.6015104
4092.166659  0.5879574
4092.789466  0.5860044
4093.412273  0.6123734
4094.03508  0.659216
4094.657887  0.653129
4095.280694  0.5867136
4095.903501  0.5040891
4096.526308  0.45818
4097.149115  0.4757226
4097.771922  0.5213279
4098.394729  0.5334839
4099.017536  0.5339472
4099.640343  0.5137786
4100.26315  0.4603797
4100.885957  0.4058427
4101.508764  0.3869098
4102.131571  0.4165794
4102.754378  0.4726431
4103.377185  0.5072011
4103.999992  0.5148903
4104.622799  0.5221694
4105.245606  0.5403909
4105.868413  0.5670105
4106.49122  0.58681
4107.114027  0.5840371
4107.736834  0.5809177
4108.359641  0.580424
4108.982448  0.5635979
4109.605255  0.5189922
4110.228062  0.4834707
4110.850869  0.4828377
4111.473676  0.4886221
4112.096483  0.4907235
4112.71929  0.5023307
4113.342097  0.5369538
4113.964904  0.558173
4114.587711  0.5562053
4115.210518  0.5449123
4115.833325  0.5379391
4116.456132  0.555892
4117.078939  0.5823812
4117.701746  0.5696874
4118.324553  0.5184749
4118.94736  0.4775563
4119.570167  0.4938542
4120.192974  0.5488116
4120.815781  0.5797893
4121.438588  0.5655876
4122.061395  0.5526872
4122.684202  0.536433
4123.307009  0.5261093
4123.929816  0.5460735
4124.552623  0.6046612
4125.17543  0.6492179
4125.798237  0.6486572
4126.421044  0.6447062
4127.043851  0.6298298
4127.666658  0.5931225
4128.289465  0.5450087
4128.912272  0.5296298
4129.535079  0.522868
4130.157886  0.5085036
4130.780693  0.5425547
4131.4035  0.5500103
4132.026307  0.5015956
4132.649114  0.4618145
4133.271921  0.4673796
4133.894728  0.4746467
4134.517535  0.4560979
4135.140342  0.505655
4135.763149  0.5786247
4136.385956  0.6112105
4137.008763  0.6044474
4137.63157  0.6039789
4138.254377  0.6373079
4138.877184  0.6804711
4139.499991  0.6550005
4140.122798  0.6186306
4140.745605  0.6211006
4141.368412  0.6058751
4141.991219  0.5296013
4142.614026  0.4166327
4143.236833  0.3374997
4143.85964  0.3286794
4144.482447  0.3927501
4145.105254  0.4917579
4145.728061  0.5615914
4146.350868  0.5942677
4146.973675  0.6021182
4147.596482  0.599447
4148.219289  0.6048384
4148.842096  0.5887824
4149.464903  0.5401665
4150.08771  0.5238642
4150.710517  0.5579365
4151.333324  0.6027336
4151.956131  0.5998327
4152.578938  0.5736306
4153.201745  0.5595902
4153.824552  0.5683938
4154.447359  0.569666
4155.070166  0.5743333
4155.692973  0.5819262
4156.31578  0.5695668
4156.938587  0.5811897
4157.561394  0.6300417
4158.184201  0.684144
4158.807008  0.6939951
4159.429815  0.687431
4160.052622  0.6876965
4160.675429  0.666864
4161.298236  0.6452296
4161.921043  0.6601017
4162.54385  0.7167931
4163.166657  0.7387522
4163.789464  0.6942303
4164.412271  0.6146673
4165.035078  0.5706167
4165.657885  0.597008
4166.280692  0.6498388
4166.903499  0.6538603
4167.526306  0.6299969
4168.149113  0.608184
4168.77192  0.6055939
4169.394727  0.622838
4170.017534  0.6501872
4170.640341  0.6600133
4171.263148  0.6190088
4171.885955  0.5271432
4172.508762  0.4407992
4173.131569  0.419469
4173.754376  0.4577202
4174.377183  0.5045653
4174.99999  0.537432
4175.622797  0.5797798
4176.245604  0.6109813
4176.868411  0.6086125
4177.491218  0.5761009
4178.114025  0.561511
4178.736832  0.5910373
4179.359639  0.657296
4179.982446  0.7220981
4180.605253  0.7338846
4181.22806  0.6811041
4181.850867  0.6094535
4182.473674  0.6030385
4183.096481  0.6334088
4183.719288  0.6440426
4184.342095  0.6363913
4184.964902  0.6595947
4185.587709  0.7005207
4186.210516  0.69331
4186.833323  0.6261696
4187.45613  0.5719899
4188.078937  0.593199
4188.701744  0.6580877
4189.324551  0.6882297
4189.947358  0.6554229
4190.570165  0.5980303
4191.192972  0.5498658
4191.815779  0.5762211
4192.438586  0.686834
4193.061393  0.77097
4193.6842  0.788637
4194.307007  0.75769
4194.929814  0.71508
4195.552621  0.6519125
4196.175428  0.6052837
4196.798235  0.6018046
4197.421042  0.5811639
4198.043849  0.5366123
4198.666656  0.4970011
4199.289463  0.4942713
4199.91227  0.5310534
4200.535077  0.5650485
4201.157884  0.5587303
4201.780691  0.5435544
4202.403498  0.5545763
4203.026305  0.5877077
4203.649112  0.5968671
4204.271919  0.563232
4204.894726  0.537298
4205.517533  0.5706785
4206.14034  0.5987488
4206.763147  0.6256588
4207.385954  0.6769509
4208.008761  0.7398497
4208.631568  0.7511014
4209.254375  0.7132821
4209.877182  0.6874279
4210.499989  0.6908646
4211.122796  0.7157082
4211.745603  0.7401583
4212.36841  0.7445086
4212.991217  0.7398389
4213.614024  0.7425472
4214.236831  0.7433135
4214.859638  0.6674719
4215.482445  0.5691097
4216.105252  0.5493726
4216.728059  0.6296955
4217.350866  0.7252873
4217.973673  0.7736143
4218.59648  0.7812969
4219.219287  0.7580789
4219.842094  0.7476494
4220.464901  0.7769249
4221.087708  0.8081436
4221.710515  0.7842193
4222.333322  0.7145261
4222.956129  0.6711076
4223.578936  0.6529166
4224.201743  0.6380932
4224.82455  0.5957883
4225.447357  0.4953908
4226.070164  0.3616245
4226.692971  0.2759842
4227.315778  0.3295683
4227.938585  0.5117388
4228.561392  0.6866018
4229.184199  0.733757
4229.807006  0.7307334
4230.429813  0.7602559
4231.05262  0.8144166
4231.675427  0.7944005
4232.298234  0.7084687
4232.921041  0.6223025
4233.543848  0.6009392
4234.166655  0.6484764
4234.789462  0.6837447
4235.412269  0.6588041
4236.035076  0.6288114
4236.657883  0.6356429
4237.28069  0.6678458
4237.903497  0.6843814
4238.526304  0.6871389
4239.149111  0.6666448
4239.771918  0.6433608
4240.394725  0.6811661
4241.017532  0.7364351
4241.640339  0.7671756
4242.263146  0.7738071
4242.885953  0.7766193
4243.50876  0.8027487
4244.131567  0.8448191
4244.754374  0.8427059
4245.377181  0.8011541
4245.999988  0.736386
4246.622795  0.6638806
4247.245602  0.6337035
4247.868409  0.6578934
4248.491216  0.7076149
4249.114023  0.7335701
4249.73683  0.6871668
4250.359637  0.6143647
4250.982444  0.6234345
4251.605251  0.6719862
4252.228058  0.7261637
4252.850865  0.7618715
4253.473672  0.7339092
4254.096479  0.6884576
4254.719286  0.6728086
4255.342093  0.687743
4255.9649  0.7303767
4256.587707  0.7819414
4257.210514  0.8019428
4257.833321  0.7334974
4258.456128  0.6756104
4259.078935  0.6736823
4259.701742  0.641258
4260.324549  0.6111622
4260.947356  0.6352788
4261.570163  0.7189167
4262.19297  0.7836628
4262.815777  0.8224101
4263.438584  0.849457
4264.061391  0.858295
4264.684198  0.8799937
4265.307005  0.9099072
4265.929812  0.9111537
4266.552619  0.8693618
4267.175426  0.8121457
4267.798233  0.7795362
4268.42104  0.7872261
4269.043847  0.8170993
4269.666654  0.8145136
4270.289461  0.7291534
4270.912268  0.5801497
4271.535075  0.4945908
4272.157882  0.5512562
4272.780689  0.6643357
4273.403496  0.7098605
4274.026303  0.6692516
4274.64911  0.6346196
4275.271917  0.6887891
4275.894724  0.7801921
4276.517531  0.8267189
4277.140338  0.8386974
4277.763145  0.8595776
4278.385952  0.875685
4279.008759  0.8292416
4279.631566  0.7434275
4280.254373  0.6920009
4280.87718  0.7073532
4281.499987  0.7170146
4282.122794  0.7114353
4282.745601  0.7288774
4283.368408  0.7963478
4283.991215  0.8200178
4284.614022  0.765217
4285.236829  0.6813294
4285.859636  0.6556107
4286.482443  0.6677012
4287.10525  0.6792776
4287.728057  0.6782815
4288.350864  0.6228759
4288.973671  0.5319766
4289.596478  0.4690198
4290.219285  0.4826225
4290.842092  0.5396183
4291.464899  0.6158049
4292.087706  0.7243353
4292.710513  0.7879605
4293.33332  0.7655076
4293.956127  0.6961827
4294.578934  0.6900821
4295.201741  0.7257907
4295.824548  0.745745
4296.447355  0.7387991
4297.070162  0.7310479
4297.692969  0.6945114
4298.315776  0.5916795
4298.938583  0.4858943
4299.56139  0.4467598
4300.184197  0.4905351
4300.807004  0.5614258
4301.429811  0.5963929
4302.052618  0.5908557
4302.675425  0.5902785
4303.298232  0.6312129
4303.921039  0.6738961
4304.543846  0.6658316
4305.166653  0.6117011
4305.78946  0.6018354
4306.412267  0.6149704
4307.035074  0.5588518
4307.657881  0.5016741
4308.280688  0.4976977
4308.903495  0.5462397
4309.526302  0.5972457
4310.149109  0.661683
4310.771916  0.7345806
4311.394723  0.7797081
4312.01753  0.7795802
4312.640337  0.7585253
4313.263144  0.7263529
4313.885951  0.6435285
4314.508758  0.64345
4315.131565  0.7755911
4315.754372  0.9312634
4316.377179  1.006471
4316.999986  1.002978
4317.622793  0.97916
4318.2456  0.9614269
4318.868407  0.9672617
4319.491214  0.9692726
4320.114021  0.9215105
4320.736828  0.8778065
4321.359635  0.8818936
4321.982442  0.9167572
4322.605249  0.8978643
4323.228056  0.8610526
4323.850863  0.819266
4324.47367  0.7130499
4325.096477  0.5997431
4325.719284  0.5775828
4326.342091  0.6901118
4326.964898  0.836828
4327.587705  0.9512452
4328.210512  1.002678
4328.833319  0.9849938
4329.456126  0.9116139
4330.078933  0.8530775
4330.70174  0.875525
4331.324547  0.928526
4331.947354  0.9612249
4332.570161  0.9571435
4333.192968  0.943231
4333.815775  0.9515149
4334.438582  1.003397
4335.061389  1.074488
4335.684196  1.054917
4336.307003  0.9132823
4336.92981  0.7403042
4337.552617  0.7022759
4338.175424  0.7570467
4338.798231  0.774822
4339.421038  0.6823791
4340.043845  0.6126474
4340.666652  0.6645111
4341.289459  0.8201838
4341.912266  0.9463592
4342.535073  0.9687429
4343.15788  0.9108084
4343.780687  0.8702999
4344.403494  0.9292936
4345.026301  1.013537
4345.649108  1.007785
4346.271915  0.935544
4346.894722  0.8821895
4347.517529  0.9092097
4348.140336  1.000744
4348.763143  1.076632
4349.38595  1.06055
4350.008757  0.9350859
4350.631564  0.7690518
4351.254371  0.6707873
4351.877178  0.7043493
4352.499985  0.8381073
4353.122792  0.9652711
4353.745599  1.007606
4354.368406  0.9754047
4354.991213  0.978008
4355.61402  1.030848
4356.236827  1.088712
4356.859634  1.105149
4357.482441  1.030269
4358.105248  0.91085
4358.728055  0.854261
4359.350862  0.8746471
4359.973669  0.9345779
4360.596476  0.994716
4361.219283  1.048761
4361.84209  1.071921
4362.464897  1.063878
4363.087704  1.056418
4363.710511  1.071285
4364.333318  1.094268
4364.956125  1.098951
4365.578932  1.078362
4366.201739  1.021371
4366.824546  0.9314255
4367.447353  0.8456448
4368.07016  0.8651437
4368.692967  0.943933
4369.315774  0.9710273
4369.938581  0.9756622
4370.561388  0.9793429
4371.184195  0.991558
4371.807002  1.010408
4372.429809  0.9800803
4373.052616  0.8976909
4373.675423  0.8139172
4374.29823  0.75863
4374.921037  0.7503028
4375.543844  0.8008831
4376.166651  0.9131237
4376.789458  1.039072
4377.412265  1.109156
4378.035072  1.084638
4378.657879  1.028728
4379.280686  1.003925
4379.903493  1.031557
4380.5263  1.079511
4381.149107  1.075886
4381.771914  0.9670982
4382.394721  0.7664297
4383.017528  0.5935814
4383.640335  0.5311445
4384.263142  0.5909693
4384.885949  0.7436023
4385.508756  0.9098746
4386.131563  1.010825
4386.75437  1.015102
4387.377177  0.9747542
4387.999984  0.9310381
4388.622791  0.8882635
4389.245598  0.8486869
4389.868405  0.8265405
4390.491212  0.8413712
4391.114019  0.9071022
4391.736826  1.000021
4392.359633  1.071951
4392.98244  1.073213
4393.605247  0.9821917
4394.228054  0.8693687
4394.850861  0.8387471
4395.473668  0.9253849
4396.096475  1.050035
4396.719282  1.12002
4397.342089  1.11116
4397.964896  1.067842
4398.587703  1.009711
4399.21051  0.9248566
4399.833317  0.8296297
4400.456124  0.8121385
4401.078931  0.9195489
4401.701738  1.067805
4402.324545  1.141053
4402.947352  1.06872
4403.570159  0.8776382
4404.192966  0.7159703
4404.815773  0.7105308
4405.43858  0.8524665
4406.061387  0.9470643
4406.684194  0.9183151
4407.307001  0.8052723
4407.929808  0.7139891
4408.552615  0.7395229
4409.175422  0.8742454
4409.798229  1.023215
4410.421036  1.088544
4411.043843  1.073054
4411.66665  1.052116
4412.289457  1.099032
4412.912264  1.148181
4413.535071  1.105704
4414.157878  0.9526474
4414.780685  0.8336008
4415.403492  0.8253207
4416.026299  0.8918481
4416.649106  0.9262582
4417.271913  0.9331954
4417.89472  0.9681671
4418.517527  1.057156
4419.140334  1.108413
4419.763141  1.081598
4420.385948  1.018669
4421.008755  0.974901
4421.631562  0.9484315
4422.254369  0.9319992
4422.877176  0.9702903
4423.499983  1.036501
4424.12279  1.081838
4424.745597  1.075041
4425.368404  1.032847
4425.991211  0.9765406
4426.614018  0.925154
4427.236825  0.9019837
4427.859632  0.9532668
4428.482439  1.034389
4429.105246  0.9891422
4429.728053  0.9110965
4430.35086  0.911761
4430.973667  1.002289
4431.596474  1.095494
4432.219281  1.125548
4432.842088  1.082047
4433.464895  1.001675
4434.087702  0.8971729
4434.710509  0.795507
4435.333316  0.7568749
4435.956123  0.8477708
4436.57893  1.002068
4437.201737  1.086367
4437.824544  1.129718
4438.447351  1.161239
4439.070158  1.178901
4439.692965  1.154027
4440.315772  1.111344
4440.938579  1.059793
4441.561386  0.9735429
4442.184193  0.8885477
4442.807  0.8337088
4443.429807  0.8190988
4444.052614  0.8552288
4444.675421  0.9396737
4445.298228  1.037678
4445.921035  1.078433
4446.543842  1.054907
4447.166649  1.032465
4447.789456  1.087801
4448.412263  1.139732
4449.03507  1.112499
4449.657877  1.015602
4450.280684  0.9666803
4450.903491  0.9974532
4451.526298  1.059347
4452.149105  1.081538
4452.771912  1.07516
4453.394719  1.046875
4454.017526  0.9743557
4454.640333  0.8817668
4455.26314  0.8410842
4455.885947  0.8997667
4456.508754  0.9714068
4457.131561  1.012452
4457.754368  1.014877
4458.377175  0.9814115
4458.999982  0.9335868
4459.622789  0.9135376
4460.245596  0.9458667
4460.868403  0.9221263
4461.49121  0.8406215
4462.114017  0.8047847
4462.736824  0.900221
4463.359631  1.038635
4463.982438  1.09861
4464.605245  1.079696
4465.228052  1.059369
4465.850859  1.060048
4466.473666  1.026531
4467.096473  1.031342
4467.71928  1.053208
4468.342087  1.01661
4468.964894  0.9639067
4469.587701  0.9654053
4470.210508  1.023418
4470.833315  1.020756
4471.456122  0.9988032
4472.078929  1.019552
4472.701736  1.080057
4473.324543  1.170609
4473.94735  1.253826
4474.570157  1.285113
4475.192964  1.24512
4475.815771  1.196032
4476.438578  1.20589
4477.061385  1.256548
4477.684192  1.303369
4478.306999  1.310352
4478.929806  1.272674
4479.552613  1.197731
4480.17542  1.12864
4480.798227  1.110189
4481.421034  1.085839
4482.043841  1.023141
4482.666648  0.9661201
4483.289455  1.045681
4483.912262  1.170032
4484.535069  1.225307
4485.157876  1.256369
4485.780683  1.272573
4486.40349  1.28382
4487.026297  1.30172
4487.649104  1.304824
4488.271911  1.266816
4488.894718  1.177814
4489.517525  1.057144
4490.140332  0.9796356
4490.763139  1.00644
4491.385946  1.11483
4492.008753  1.230461
4492.63156  1.295702
4493.254367  1.307366
4493.877174  1.257444
4494.499981  1.171757
4495.122788  1.100575
4495.745595  1.068108
4496.368402  1.031438
4496.991209  0.9671351
4497.614016  1.001183
4498.236823  1.121991
4498.85963  1.241528
4499.482437  1.298064
4500.105244  1.313142
4500.728051  1.298072
4501.350858  1.224264
4501.973665  1.147573
4502.596472  1.140282
4503.219279  1.233535
4503.842086  1.340723
4504.464893  1.400023
4505.0877  1.404484
4505.710507  1.391292
4506.333314  1.36694
4506.956121  1.330681
4507.578928  1.298272
4508.201735  1.045233
4508.824542  0.
