3820.  0.1594723
3820.622807  0.1300861
3821.245614  0.1580357
3821.868421  0.2141767
3822.491228  0.2588843
3823.114035  0.265641
3823.736842  0.2347375
3824.359649  0.1915847
3824.982456  0.1577886
3825.605263  0.1431117
3826.22807  0.1473577
3826.850877  0.1602848
3827.473684  0.1747591
3828.096491  0.1924174
3828.719298  0.2115913
3829.342105  0.2249598
3829.964912  0.2290452
3830.587719  0.2394436
3831.210526  0.2407138
3831.833333  0.2180882
3832.45614  0.1861724
3833.078947  0.1642267
3833.701754  0.1563909
3834.324561  0.1573157
3834.947368  0.1844657
3835.570175  0.2267342
3836.192982  0.2587975
3836.815789  0.2680463
3837.438596  0.2413671
3838.061403  0.195419
3838.68421  0.1708662
3839.307017  0.1694552
3839.929824  0.1662871
3840.552631  0.149253
3841.175438  0.1601556
3841.798245  0.2093006
3842.421052  0.2688135
3843.043859  0.2941923
3843.666666  0.2971769
3844.289473  0.287268
3844.91228  0.264681
3845.535087  0.2470319
3846.157894  0.238937
3846.780701  0.2392129
3847.403508  0.2485085
3848.026315  0.2522789
3848.649122  0.2351625
3849.271929  0.1967617
3849.894736  0.1682657
3850.517543  0.1694854
3851.14035  0.1996319
3851.763157  0.2409254
3852.385964  0.2564242
3853.008771  0.234127
3853.631578  0.2020644
3854.254385  0.1929843
3854.877192  0.2089802
3855.499999  0.2238839
3856.122806  0.2084443
3856.745613  0.1987796
3857.36842  0.2125288
3857.991227  0.2020338
3858.614034  0.1706724
3859.236841  0.1403429
3859.859648  0.1284766
3860.482455  0.1289608
3861.105262  0.1547874
3861.728069  0.2080535
3862.350876  0.2530268
3862.973683  0.2713171
3863.59649  0.2683271
3864.219297  0.2623465
3864.842104  0.2504372
3865.464911  0.2340194
3866.087718  0.2219057
3866.710525  0.2241604
3867.333332  0.2213503
3867.956139  0.2046364
3868.578946  0.1917982
3869.201753  0.180742
3869.82456  0.165113
3870.447367  0.1453976
3871.070174  0.1366475
3871.692981  0.1467213
3872.315788  0.1672772
3872.938595  0.1806339
3873.561402  0.2192815
3874.184209  0.2816349
3874.807016  0.3258452
3875.429823  0.3359846
3876.05263  0.3204897
3876.675437  0.2923421
3877.298244  0.2503555
3877.921051  0.2043106
3878.543858  0.1825093
3879.166665  0.2103457
3879.789472  0.2477856
3880.412279  0.2500192
3881.035086  0.2059879
3881.657893  0.1596812
3882.2807  0.143353
3882.903507  0.1930771
3883.526314  0.3303683
3884.149121  0.433863
3884.771928  0.4265663
3885.394735  0.332297
3886.017542  0.237789
3886.640349  0.2206608
3887.263156  0.2837771
3887.885963  0.3402252
3888.50877  0.3454473
3889.131577  0.3259011
3889.754384  0.3411498
3890.377191  0.3742442
3890.999998  0.4159016
3891.622805  0.4629585
3892.245612  0.5007526
3892.868419  0.5097905
3893.491226  0.4953902
3894.114033  0.4825606
3894.73684  0.4403106
3895.359647  0.3880248
3895.982454  0.3830833
3896.605261  0.4564394
3897.228068  0.5031514
3897.850875  0.4659451
3898.473682  0.4326715
3899.096489  0.4078014
3899.719296  0.3929086
3900.342103  0.407591
3900.96491  0.4760409
3901.587717  0.5196705
3902.210524  0.4727016
3902.833331  0.3933806
3903.456138  0.3934932
3904.078945  0.4523926
3904.701752  0.4346114
3905.324559  0.3600836
3905.947366  0.3113893
3906.570173  0.3374211
3907.19298  0.377525
3907.815787  0.4109032
3908.438594  0.4412089
3909.061401  0.4712201
3909.684208  0.4690279
3910.307015  0.44957
3910.929822  0.4554008
3911.552629  0.486637
3912.175436  0.5119852
3912.798243  0.5092821
3913.42105  0.4925342
3914.043857  0.4840947
3914.666664  0.4844253
3915.289471  0.4724322
3915.912278  0.4319347
3916.535085  0.4047333
3917.157892  0.4200137
3917.780699  0.4282529
3918.403506  0.4243211
3919.026313  0.4088401
3919.64912  0.3729852
3920.271927  0.3142247
3920.894734  0.2778167
3921.517541  0.2978856
3922.140348  0.3196018
3922.763155  0.3295569
3923.385962  0.3429202
3924.008769  0.3714828
3924.631576  0.3723447
3925.254383  0.3413952
3925.87719  0.3111572
3926.499997  0.2926596
3927.122804  0.2680227
3927.745611  0.2263877
3928.368418  0.1891524
3928.991225  0.169564
3929.614032  0.159743
3930.236839  0.1406724
3930.859646  0.1170336
3931.482453  0.09851056
3932.10526  0.08642312
3932.728067  0.0679313
3933.350874  0.05247003
3933.973681  0.05018868
3934.596488  0.0596635
3935.219295  0.07456709
3935.842102  0.094606
3936.464909  0.1203885
3937.087716  0.1432255
3937.710523  0.1630241
3938.33333  0.187301
3938.956137  0.2228792
3939.578944  0.2553806
3940.201751  0.2694598
3940.824558  0.2637188
3941.447365  0.2609192
3942.070172  0.2723564
3942.692979  0.2887492
3943.315786  0.2856339
3943.938593  0.2662454
3944.5614  0.2654943
3945.184207  0.3193666
3945.807014  0.3950388
3946.429821  0.440427
3947.052628  0.4279774
3947.675435  0.3874839
3948.298242  0.3612919
3948.921049  0.3712888
3949.543856  0.4081362
3950.166663  0.4658829
3950.78947  0.5114083
3951.412277  0.502228
3952.035084  0.4289749
3952.657891  0.3624331
3953.280698  0.3758329
3953.903505  0.4679919
3954.526312  0.5374804
3955.149119  0.5257117
3955.771926  0.4617099
3956.394733  0.415341
3957.01754  0.4092755
3957.640347  0.4268698
3958.263154  0.4458142
3958.885961  0.4810289
3959.508768  0.513289
3960.131575  0.4869774
3960.754382  0.3979151
3961.377189  0.2978017
3961.999996  0.2448337
3962.622803  0.2428349
3963.24561  0.2542968
3963.868417  0.2504021
3964.491224  0.2352702
3965.114031  0.2064212
3965.736838  0.1711668
3966.359645  0.1400823
3966.982452  0.110205
3967.605259  0.08241329
3968.228066  0.06275252
3968.850873  0.05916901
3969.47368  0.07391239
3970.096487  0.1017102
3970.719294  0.1327557
3971.342101  0.1600325
3971.964908  0.1850268
3972.587715  0.2108284
3973.210522  0.2340763
3973.833329  0.2576245
3974.456136  0.2909473
3975.078943  0.3387583
3975.70175  0.3680536
3976.324557  0.3831357
3976.947364  0.410628
3977.570171  0.4490369
3978.192978  0.4826333
3978.815785  0.5101122
3979.438592  0.5494891
3980.061399  0.5846072
3980.684206  0.5881268
3981.307013  0.5508587
3981.92982  0.5136344
3982.552627  0.494784
3983.175434  0.4936841
3983.798241  0.5053948
3984.421048  0.5282407
3985.043855  0.5642253
3985.666662  0.6051652
3986.289469  0.6009597
3986.912276  0.585048
3987.535083  0.6136323
3988.15789  0.6685435
3988.780697  0.6675308
3989.403504  0.6039122
3990.026311  0.5738351
3990.649118  0.582225
3991.271925  0.6070501
3991.894732  0.6291497
3992.517539  0.6477703
3993.140346  0.6519968
3993.763153  0.6364388
3994.38596  0.6122002
3995.008767  0.6014553
3995.631574  0.6002828
3996.254381  0.5854926
3996.877188  0.5590095
3997.499995  0.5397313
3998.122802  0.5524737
3998.745609  0.6120603
3999.368416  0.6891404
3999.991223  0.7359621
4000.61403  0.7232713
4001.236837  0.6866144
4001.859644  0.6765898
4002.482451  0.7135981
4003.105258  0.7550058
4003.728065  0.7558696
4004.350872  0.6846213
4004.973679  0.5497494
4005.596486  0.4682522
4006.219293  0.4909091
4006.8421  0.5739834
4007.464907  0.6395741
4008.087714  0.6723087
4008.710521  0.6865472
4009.333328  0.6865321
4009.956135  0.6910378
4010.578942  0.7000847
4011.201749  0.6971405
4011.824556  0.6790265
4012.447363  0.6791946
4013.07017  0.7089351
4013.692977  0.7113262
4014.315784  0.7047527
4014.938591  0.7288576
4015.561398  0.7881445
4016.184205  0.8025467
4016.807012  0.7451719
4017.429819  0.6671906
4018.052626  0.6586823
4018.675433  0.7150432
4019.29824  0.7706396
4019.921047  0.7643163
4020.543854  0.7243876
4021.166661  0.6927029
4021.789468  0.6861152
4022.412275  0.6887316
4023.035082  0.7025031
4023.657889  0.7112083
4024.280696  0.6668499
4024.903503  0.64643
4025.52631  0.6871064
4026.149117  0.7411767
4026.771924  0.7682837
4027.394731  0.7767041
4028.017538  0.7985041
4028.640345  0.8422624
4029.263152  0.8318427
4029.885959  0.7287988
4030.508766  0.5948394
4031.131573  0.542267
4031.75438  0.5646105
4032.377187  0.5782459
4032.999994  0.5656918
4033.622801  0.5569233
4034.245608  0.5754434
4034.868415  0.6067038
4035.491222  0.6536633
4036.114029  0.7087622
4036.736836  0.7559602
4037.359643  0.794745
4037.98245  0.8101958
4038.605257  0.7966515
4039.228064  0.7751303
4039.850871  0.737904
4040.473678  0.6947451
4041.096485  0.6820084
4041.719292  0.7250925
4042.342099  0.7852985
4042.964906  0.7961491
4043.587713  0.7271294
4044.21052  0.6019761
4044.833327  0.4652033
4045.456134  0.3611571
4046.078941  0.3615861
4046.701748  0.4807091
4047.324555  0.6519473
4047.947362  0.7487786
4048.570169  0.757098
4049.192976  0.7334494
4049.815783  0.7316558
4050.43859  0.7564265
4051.061397  0.771163
4051.684204  0.7410197
4052.307011  0.7021348
4052.929818  0.6897713
4053.552625  0.6921083
4054.175432  0.6429691
4054.798239  0.5933546
4055.421046  0.5976278
4056.043853  0.6417463
4056.66666  0.6437427
4057.289467  0.5947006
4057.912274  0.550651
4058.535081  0.5590641
4059.157888  0.6077681
4059.780695  0.6672934
4060.403502  0.7219732
4061.026309  0.747004
4061.649116  0.7227533
4062.271923  0.6407403
4062.89473  0.5040638
4063.517537  0.4043093
4064.140344  0.4273475
4064.763151  0.5570741
4065.385958  0.6752665
4066.008765  0.6877471
4066.631572  0.6045274
4067.254379  0.5639962
4067.877186  0.6057572
4068.499993  0.6865854
4069.1228  0.7655417
4069.745607  0.8032792
4070.368414  0.7599261
4070.991221  0.626565
4071.614028  0.5223693
4072.236835  0.5310531
4072.859642  0.6407941
4073.482449  0.7494696
4074.105256  0.7782422
4074.728063  0.7222531
4075.35087  0.6468318
4075.973677  0.5705402
4076.596484  0.489809
4077.219291  0.4190728
4077.842098  0.4430375
4078.464905  0.5252833
4079.087712  0.597311
4079.710519  0.6671619
4080.333326  0.7328004
4080.956133  0.7895623
4081.57894  0.8242682
4082.201747  0.7910739
4082.824554  0.7237147
4083.447361  0.6859862
4084.070168  0.6794176
4084.692975  0.6811409
4085.315782  0.6735147
4085.938589  0.6647373
4086.561396  0.6919687
4087.184203  0.7545623
4087.80701  0.8172783
4088.429817  0.8572603
4089.052624  0.8558419
4089.675431  0.8198816
4090.298238  0.7876958
4090.921045  0.7959921
4091.543852  0.8005545
4092.166659  0.7411143
4092.789466  0.7350599
4093.412273  0.7988344
4094.03508  0.8503244
4094.657887  0.7964634
4095.280694  0.700514
4095.903501  0.6411409
4096.526308  0.6319413
4097.149115  0.6545125
4097.771922  0.6875119
4098.394729  0.7163545
4099.017536  0.7292238
4099.640343  0.7092938
4100.26315  0.6433149
4100.885957  0.542553
4101.508764  0.5003064
4102.131571  0.5458827
4102.754378  0.6269817
4103.377185  0.6803992
4103.999992  0.6896161
4104.622799  0.6892059
4105.245606  0.7342635
4105.868413  0.7849064
4106.49122  0.7971322
4107.114027  0.7709793
4107.736834  0.7519782
4108.359641  0.7423832
4108.982448  0.7180842
4109.605255  0.6748264
4110.228062  0.6520422
4110.850869  0.6601879
4111.473676  0.6638334
4112.096483  0.679758
4112.71929  0.7151776
4113.342097  0.7542931
4113.964904  0.7679263
4114.587711  0.769703
4115.210518  0.7756129
4115.833325  0.7749726
4116.456132  0.7819887
4117.078939  0.7863717
4117.701746  0.7536423
4118.324553  0.6590903
4118.94736  0.5907224
4119.570167  0.6220474
4120.192974  0.6899064
4120.815781  0.7230632
4121.438588  0.7096652
4122.061395  0.6920921
4122.684202  0.6628176
4123.307009  0.6441602
4123.929816  0.6660487
4124.552623  0.7205045
4125.17543  0.746181
4125.798237  0.7246796
4126.421044  0.7074447
4127.043851  0.676513
4127.666658  0.6495566
4128.289465  0.6562287
4128.912272  0.6565966
4129.535079  0.638922
4130.157886  0.6295075
4130.780693  0.6648537
4131.4035  0.6409535
4132.026307  0.5687417
4132.649114  0.5614159
4133.271921  0.5760282
4133.894728  0.5740092
4134.517535  0.5738688
4135.140342  0.650438
4135.763149  0.7406992
4136.385956  0.7631351
4137.008763  0.710071
4137.63157  0.6827899
4138.254377  0.7144559
4138.877184  0.7607468
4139.499991  0.7692369
4140.122798  0.7629998
4140.745605  0.762066
4141.368412  0.7325799
4141.991219  0.6444703
4142.614026  0.5243265
4143.236833  0.440609
4143.85964  0.439083
4144.482447  0.5233556
4145.105254  0.640129
4145.728061  0.6992591
4146.350868  0.6910718
4146.973675  0.6684298
4147.596482  0.6858334
4148.219289  0.7007128
4148.842096  0.668157
4149.464903  0.5973659
4150.08771  0.5690994
4150.710517  0.5803177
4151.333324  0.5941295
4151.956131  0.5918559
4152.578938  0.6194081
4153.201745  0.6447825
4153.824552  0.618274
4154.447359  0.609924
4155.070166  0.6147304
4155.692973  0.5987254
4156.31578  0.5578434
4156.938587  0.5515504
4157.561394  0.5994137
4158.184201  0.6676725
4158.807008  0.7270114
4159.429815  0.7528185
4160.052622  0.7318542
4160.675429  0.6715575
4161.298236  0.6582332
4161.921043  0.7191013
4162.54385  0.7836016
4163.166657  0.7732739
4163.789464  0.7149868
4164.412271  0.6823169
4165.035078  0.6830922
4165.657885  0.6944073
4166.280692  0.6726757
4166.903499  0.5941869
4167.526306  0.570419
4168.149113  0.630789
4168.77192  0.7053713
4169.394727  0.7242097
4170.017534  0.7293206
4170.640341  0.7445523
4171.263148  0.6928964
4171.885955  0.5953278
4172.508762  0.5147473
4173.131569  0.5018657
4173.754376  0.5445911
4174.377183  0.5960201
4174.99999  0.6228497
4175.622797  0.640052
4176.245604  0.6306946
4176.868411  0.5892732
4177.491218  0.5432755
4178.114025  0.5350294
4178.736832  0.5678924
4179.359639  0.6098032
4179.982446  0.6230965
4180.605253  0.6129574
4181.22806  0.6019546
4181.850867  0.6043263
4182.473674  0.6275441
4183.096481  0.6596087
4183.719288  0.6913576
4184.342095  0.7559702
4184.964902  0.8138157
4185.587709  0.8103318
4186.210516  0.7426784
4186.833323  0.6441988
4187.45613  0.5912812
4188.078937  0.6444733
4188.701744  0.7156308
4189.324551  0.753228
4189.947358  0.7510123
4190.570165  0.7073279
4191.192972  0.6659122
4191.815779  0.6697251
4192.438586  0.7230873
4193.061393  0.7654419
4193.6842  0.7634602
4194.307007  0.722981
4194.929814  0.6555954
4195.552621  0.5711967
4196.175428  0.5101823
4196.798235  0.5359663
4197.421042  0.5686362
4198.043849  0.5732404
4198.666656  0.5911486
4199.289463  0.6517389
4199.91227  0.7115164
4200.535077  0.7097552
4201.157884  0.6401356
4201.780691  0.5788018
4202.403498  0.5881589
4203.026305  0.6560619
4203.649112  0.6886426
4204.271919  0.6696361
4204.894726  0.6556131
4205.517533  0.7010423
4206.14034  0.7573647
4206.763147  0.7849159
4207.385954  0.8111446
4208.008761  0.8224579
4208.631568  0.8024509
4209.254375  0.7555326
4209.877182  0.7238677
4210.499989  0.7248591
4211.122796  0.7511669
4211.745603  0.7834767
4212.36841  0.7849153
4212.991217  0.7505609
4213.614024  0.7000469
4214.236831  0.6239665
4214.859638  0.5191036
4215.482445  0.4510587
4216.105252  0.5648876
4216.728059  0.7553492
4217.350866  0.8885679
4217.973673  0.937174
4218.59648  0.9343532
4219.219287  0.9176091
4219.842094  0.9166195
4220.464901  0.9569216
4221.087708  0.9841634
4221.710515  0.9445248
4222.333322  0.8519867
4222.956129  0.7774624
4223.578936  0.7460465
4224.201743  0.7220681
4224.82455  0.6635867
4225.447357  0.5472904
4226.070164  0.4028486
4226.692971  0.3241371
4227.315778  0.4191649
4227.938585  0.6536097
4228.561392  0.8563708
4229.184199  0.8964766
4229.807006  0.8727579
4230.429813  0.922164
4231.05262  0.9671223
4231.675427  0.9332975
4232.298234  0.8235275
4232.921041  0.7293392
4233.543848  0.7418504
4234.166655  0.818603
4234.789462  0.8388531
4235.412269  0.7521242
4236.035076  0.6755308
4236.657883  0.6976616
4237.28069  0.7472972
4237.903497  0.7711527
4238.526304  0.760263
4239.149111  0.7440373
4239.771918  0.7472687
4240.394725  0.8024324
4241.017532  0.8897665
4241.640339  0.9064786
4242.263146  0.8435675
4242.885953  0.7960643
4243.50876  0.8703941
4244.131567  0.9637189
4244.754374  0.9984274
4245.377181  0.9658935
4245.999988  0.8992273
4246.622795  0.8314089
4247.245602  0.7829455
4247.868409  0.7586161
4248.491216  0.7581884
4249.114023  0.7457854
4249.73683  0.6959746
4250.359637  0.6760396
4250.982444  0.7201124
4251.605251  0.802262
4252.228058  0.8521686
4252.850865  0.8609644
4253.473672  0.8245307
4254.096479  0.7469761
4254.719286  0.700972
4255.342093  0.707001
4255.9649  0.7638477
4256.587707  0.890644
4257.210514  0.9405154
4257.833321  0.8594731
4258.456128  0.766055
4259.078935  0.7131199
4259.701742  0.6706159
4260.324549  0.6088136
4260.947356  0.6111249
4261.570163  0.7011167
4262.19297  0.835739
4262.815777  0.9370692
4263.438584  0.9597787
4264.061391  0.9300804
4264.684198  0.9202549
4265.307005  0.9803677
4265.929812  1.029754
4266.552619  0.9841835
4267.175426  0.8841809
4267.798233  0.8227441
4268.42104  0.8184584
4269.043847  0.806016
4269.666654  0.7817419
4270.289461  0.7071813
4270.912268  0.5748554
4271.535075  0.4872998
4272.157882  0.5367447
4272.780689  0.6733273
4273.403496  0.7232498
4274.026303  0.6835677
4274.64911  0.6456239
4275.271917  0.6943
4275.894724  0.7953883
4276.517531  0.869783
4277.140338  0.8950741
4277.763145  0.940673
4278.385952  0.9665973
4279.008759  0.9049886
4279.631566  0.7534091
4280.254373  0.6721467
4280.87718  0.7160398
4281.499987  0.8114407
4282.122794  0.8310547
4282.745601  0.8452379
4283.368408  0.882196
4283.991215  0.8596997
4284.614022  0.7798976
4285.236829  0.7082331
4285.859636  0.7050548
4286.482443  0.7463731
4287.10525  0.8069997
4287.728057  0.8384903
4288.350864  0.780719
4288.973671  0.6624187
4289.596478  0.5752205
4290.219285  0.5883495
4290.842092  0.6396159
4291.464899  0.703043
4292.087706  0.7830142
4292.710513  0.8725374
4293.33332  0.8588921
4293.956127  0.763369
4294.578934  0.7290725
4295.201741  0.7522212
4295.824548  0.7630053
4296.447355  0.7197992
4297.070162  0.6789954
4297.692969  0.6491649
4298.315776  0.598214
4298.938583  0.4964768
4299.56139  0.4159709
4300.184197  0.4287869
4300.807004  0.5270101
4301.429811  0.5761192
4302.052618  0.5519295
4302.675425  0.5154344
4303.298232  0.537341
4303.921039  0.5722094
4304.543846  0.5703125
4305.166653  0.5359764
4305.78946  0.5454206
4306.412267  0.5604677
4307.035074  0.517953
4307.657881  0.4426342
4308.280688  0.4043839
4308.903495  0.4237453
4309.526302  0.4594604
4310.149109  0.5039135
4310.771916  0.5486711
4311.394723  0.5844484
4312.01753  0.6099629
4312.640337  0.6632476
4313.263144  0.7263761
4313.885951  0.7255933
4314.508758  0.7460561
4315.131565  0.858183
4315.754372  1.034008
4316.377179  1.127084
4316.999986  1.131651
4317.622793  1.10367
4318.2456  1.067748
4318.868407  1.070487
4319.491214  1.073833
4320.114021  1.004569
4320.736828  0.9336355
4321.359635  0.9396649
4321.982442  0.9901415
4322.605249  0.9027721
4323.228056  0.7649466
4323.850863  0.6680501
4324.47367  0.5867041
4325.096477  0.5069455
4325.719284  0.4949121
4326.342091  0.6146841
4326.964898  0.8001354
4327.587705  0.9698527
4328.210512  1.071878
4328.833319  1.10047
4329.456126  1.044096
4330.078933  0.9511507
4330.70174  0.9060727
4331.324547  0.9482962
4331.947354  1.008509
4332.570161  1.016073
4333.192968  0.9957688
4333.815775  1.000787
4334.438582  1.056042
4335.061389  1.130211
4335.684196  1.150949
4336.307003  1.045721
4336.92981  0.8428255
4337.552617  0.7263567
4338.175424  0.7181759
4338.798231  0.7310871
4339.421038  0.6731474
4340.043845  0.6014364
4340.666652  0.6091931
4341.289459  0.7350409
4341.912266  0.8988681
4342.535073  0.9763032
4343.15788  0.9273826
4343.780687  0.8577887
4344.403494  0.9089975
4345.026301  1.033929
4345.649108  1.06515
4346.271915  1.010008
4346.894722  0.9425092
4347.517529  0.9386837
4348.140336  1.017375
4348.763143  1.116563
4349.38595  1.152439
4350.008757  1.071269
4350.631564  0.8791985
4351.254371  0.6957504
4351.877178  0.6524158
4352.499985  0.7521301
4353.122792  0.8955391
4353.745599  0.9756635
4354.368406  0.9581797
4354.991213  0.9318964
4355.61402  0.9560462
4356.236827  1.017318
4356.859634  1.060979
4357.482441  1.03729
4358.105248  0.9431449
4358.728055  0.8398875
4359.350862  0.8217416
4359.973669  0.9043989
4360.596476  1.015365
4361.219283  1.089076
4361.84209  1.092788
4362.464897  1.045337
4363.087704  1.013702
4363.710511  1.048247
4364.333318  1.12964
4364.956125  1.179414
4365.578932  1.160303
4366.201739  1.072797
4366.824546  0.9573876
4367.447353  0.8851378
4368.07016  0.8891173
4368.692967  0.9414175
4369.315774  0.9721749
4369.938581  0.9536579
4370.561388  0.9385088
4371.184195  0.9858754
4371.807002  1.019655
4372.429809  0.9923198
4373.052616  0.9117668
4373.675423  0.8285711
4374.29823  0.7467794
4374.921037  0.7072138
4375.543844  0.7712544
4376.166651  0.8841997
4376.789458  0.9827042
4377.412265  1.037135
4378.035072  1.06043
4378.657879  1.058272
4379.280686  1.026535
4379.903493  0.9693664
4380.5263  0.9608051
4381.149107  0.9831355
4381.771914  0.9382873
4382.394721  0.7471665
4383.017528  0.5244646
4383.640335  0.4154529
4384.263142  0.4447661
4384.885949  0.5813143
4385.508756  0.7606284
4386.131563  0.9048901
4386.75437  0.9322204
4387.377177  0.8904138
4387.999984  0.867548
4388.622791  0.8703026
4389.245598  0.8514286
4389.868405  0.8056215
4390.491212  0.7882949
4391.114019  0.8118868
4391.736826  0.8664472
4392.359633  0.9242551
4392.98244  0.947167
4393.605247  0.9157114
4394.228054  0.8540792
4394.850861  0.8260283
4395.473668  0.8632877
4396.096475  0.9639606
4396.719282  1.076754
4397.342089  1.089673
4397.964896  1.049187
4398.587703  1.018362
4399.21051  0.9498928
4399.833317  0.8461754
4400.456124  0.7839363
4401.078931  0.8509147
4401.701738  1.000664
4402.324545  1.10379
4402.947352  1.048864
4403.570159  0.8454237
4404.192966  0.6562219
4404.815773  0.6256983
4405.43858  0.7588211
4406.061387  0.9018715
4406.684194  0.9414967
4407.307001  0.8719391
4407.929808  0.7797371
4408.552615  0.7788666
4409.175422  0.8867658
4409.798229  0.9895205
4410.421036  1.05076
4411.043843  1.07627
4411.66665  1.092789
4412.289457  1.133317
4412.912264  1.154319
4413.535071  1.084906
4414.157878  0.9046002
4414.780685  0.7733253
4415.403492  0.7868686
4416.026299  0.8823389
4416.649106  0.9478995
4417.271913  0.9639966
4417.89472  0.9840601
4418.517527  1.045135
4419.140334  1.10625
4419.763141  1.124701
4420.385948  1.102828
4421.008755  1.040486
4421.631562  0.9560912
4422.254369  0.8859385
4422.877176  0.8724124
4423.499983  0.9332084
4424.12279  1.018131
4424.745597  1.024647
4425.368404  1.012199
4425.991211  1.012931
4426.614018  0.9997579
4427.236825  0.9983049
4427.859632  1.03413
4428.482439  1.073439
4429.105246  1.00656
4429.728053  0.8949314
4430.35086  0.8524088
4430.973667  0.9303005
4431.596474  1.026986
4432.219281  1.058076
4432.842088  1.012019
4433.464895  0.944734
4434.087702  0.874068
4434.710509  0.8154938
4435.333316  0.8032121
4435.956123  0.8743556
4436.57893  0.9833554
4437.201737  1.052268
4437.824544  1.102793
4438.447351  1.150555
4439.070158  1.174526
4439.692965  1.122306
4440.315772  1.038715
4440.938579  0.9639208
4441.561386  0.9002702
4442.184193  0.8679988
4442.807  0.8588536
4443.429807  0.8695922
4444.052614  0.937519
4444.675421  1.05537
4445.298228  1.156289
4445.921035  1.155685
4446.543842  1.083267
4447.166649  1.042717
4447.789456  1.102887
4448.412263  1.162164
4449.03507  1.131596
4449.657877  1.030741
4450.280684  0.9967508
4450.903491  1.038459
4451.526298  1.087006
4452.149105  1.075979
4452.771912  1.063633
4453.394719  1.028456
4454.017526  0.9427396
4454.640333  0.8622652
4455.26314  0.8460088
4455.885947  0.8920577
4456.508754  0.9384154
4457.131561  0.9558284
4457.754368  0.9305925
4458.377175  0.8822415
4458.999982  0.8730116
4459.622789  0.9040072
4460.245596  0.9139096
4460.868403  0.8371497
4461.49121  0.7674255
4462.114017  0.8046474
4462.736824  0.9505259
4463.359631  1.050195
4463.982438  1.056029
4464.605245  1.014949
4465.228052  1.00219
4465.850859  1.006502
4466.473666  1.017588
4467.096473  1.038572
4467.71928  1.034192
4468.342087  0.9844958
4468.964894  0.9225233
4469.587701  0.9313129
4470.210508  0.9799349
4470.833315  1.016828
4471.456122  1.037874
4472.078929  1.067274
4472.701736  1.116552
4473.324543  1.171701
4473.94735  1.199524
4474.570157  1.176101
4475.192964  1.134744
4475.815771  1.160597
4476.438578  1.22534
4477.061385  1.276065
4477.684192  1.277755
4478.306999  1.224307
4478.929806  1.118412
4479.552613  0.9988874
4480.17542  0.9474493
4480.798227  0.9282935
4481.421034  0.91872
4482.043841  0.9514705
4482.666648  1.026186
4483.289455  1.106784
4483.912262  1.158297
4484.535069  1.195367
4485.157876  1.224244
4485.780683  1.240357
4486.40349  1.233621
4487.026297  1.192555
4487.649104  1.119555
4488.271911  1.033202
4488.894718  0.9583023
4489.517525  0.9369847
4490.140332  0.9804941
4490.763139  1.044157
4491.385946  1.112139
4492.008753  1.165457
4492.63156  1.170195
4493.254367  1.074752
4493.877174  0.9575601
4494.499981  0.9201742
4495.122788  0.9470217
4495.745595  0.968225
4496.368402  0.985921
4496.991209  1.071162
4497.614016  1.144461
4498.236823  1.172361
4498.85963  1.179533
4499.482437  1.193485
4500.105244  1.155838
4500.728051  1.05971
4501.350858  1.014602
4501.973665  1.081133
4502.596472  1.216305
4503.219279  1.315325
4503.842086  1.330307
4504.464893  1.304224
4505.0877  1.28741
4505.710507  1.262763
4506.333314  1.232997
4506.956121  1.20466
4507.578928  1.182953
4508.201735  1.174104
4508.824542  1.190113
