3820.  0.08914607
3820.622807  0.06967761
3821.245614  0.08061122
3821.868421  0.113012
3822.491228  0.1427765
3823.114035  0.1469987
3823.736842  0.1297246
3824.359649  0.1066703
3824.982456  0.08892959
3825.605263  0.07765083
3826.22807  0.07813181
3826.850877  0.09323679
3827.473684  0.1039781
3828.096491  0.1114442
3828.719298  0.1222176
3829.342105  0.1315761
3829.964912  0.1424649
3830.587719  0.1540296
3831.210526  0.1574983
3831.833333  0.1390437
3832.45614  0.1139168
3833.078947  0.1017984
3833.701754  0.09350155
3834.324561  0.09433533
3834.947368  0.1125073
3835.570175  0.1466181
3836.192982  0.1745007
3836.815789  0.1791548
3837.438596  0.1591123
3838.061403  0.1285773
3838.68421  0.110894
3839.307017  0.1103554
3839.929824  0.1030707
3840.552631  0.08826452
3841.175438  0.08851905
3841.798245  0.1242505
3842.421052  0.1681416
3843.043859  0.1915897
3843.666666  0.1913402
3844.289473  0.1960417
3844.91228  0.1938518
3845.535087  0.1789725
3846.157894  0.1672624
3846.780701  0.1644249
3847.403508  0.1727058
3848.026315  0.1835251
3848.649122  0.1720783
3849.271929  0.1445938
3849.894736  0.120225
3850.517543  0.1141354
3851.14035  0.139987
3851.763157  0.1773117
3852.385964  0.1899757
3853.008771  0.1733487
3853.631578  0.1508412
3854.254385  0.1457701
3854.877192  0.1561066
3855.499999  0.1525169
3856.122806  0.1334994
3856.745613  0.1268959
3857.36842  0.136136
3857.991227  0.1375448
3858.614034  0.1157369
3859.236841  0.09678403
3859.859648  0.08702115
3860.482455  0.08811554
3861.105262  0.1044855
3861.728069  0.1340607
3862.350876  0.1658917
3862.973683  0.1862438
3863.59649  0.188412
3864.219297  0.1799726
3864.842104  0.1660021
3865.464911  0.1436312
3866.087718  0.1408071
3866.710525  0.1552438
3867.333332  0.1597772
3867.956139  0.1549705
3868.578946  0.1490281
3869.201753  0.1444961
3869.82456  0.1321644
3870.447367  0.1188903
3871.070174  0.1130211
3871.692981  0.1152888
3872.315788  0.1155938
3872.938595  0.1198875
3873.561402  0.1426827
3874.184209  0.1880402
3874.807016  0.2241484
3875.429823  0.2304742
3876.05263  0.2196921
3876.675437  0.2014406
3877.298244  0.1709113
3877.921051  0.1282694
3878.543858  0.1107175
3879.166665  0.1357041
3879.789472  0.1788205
3880.412279  0.1841562
3881.035086  0.1596042
3881.657893  0.1259694
3882.2807  0.1054513
3882.903507  0.1449016
3883.526314  0.2372938
3884.149121  0.3177777
3884.771928  0.299988
3885.394735  0.2202025
3886.017542  0.1450928
3886.640349  0.1124015
3887.263156  0.1422629
3887.885963  0.189083
3888.50877  0.2047664
3889.131577  0.2264191
3889.754384  0.2631513
3890.377191  0.3005123
3890.999998  0.3224327
3891.622805  0.3604575
3892.245612  0.4004395
3892.868419  0.4016367
3893.491226  0.3841331
3894.114033  0.3671737
3894.73684  0.3404498
3895.359647  0.2708608
3895.982454  0.2497183
3896.605261  0.302327
3897.228068  0.3501548
3897.850875  0.3383383
3898.473682  0.2987269
3899.096489  0.2754576
3899.719296  0.2356643
3900.342103  0.2449553
3900.96491  0.3206684
3901.587717  0.3777813
3902.210524  0.3474357
3902.833331  0.2775219
3903.456138  0.2644419
3904.078945  0.3088673
3904.701752  0.3222302
3905.324559  0.2641074
3905.947366  0.2149054
3906.570173  0.2184284
3907.19298  0.2637427
3907.815787  0.3103866
3908.438594  0.3520417
3909.061401  0.3802012
3909.684208  0.385417
3910.307015  0.3668835
3910.929822  0.3585427
3911.552629  0.372427
3912.175436  0.3862857
3912.798243  0.3889868
3913.42105  0.3804578
3914.043857  0.373298
3914.666664  0.3874511
3915.289471  0.3887054
3915.912278  0.3532965
3916.535085  0.30789
3917.157892  0.3059076
3917.780699  0.3307033
3918.403506  0.3277329
3919.026313  0.3064535
3919.64912  0.2704493
3920.271927  0.2250861
3920.894734  0.1882514
3921.517541  0.1902215
3922.140348  0.210962
3922.763155  0.206477
3923.385962  0.2185619
3924.008769  0.253423
3924.631576  0.2791258
3925.254383  0.2595878
3925.87719  0.2321798
3926.499997  0.2218078
3927.122804  0.2061458
3927.745611  0.1705993
3928.368418  0.1363531
3928.991225  0.1267793
3929.614032  0.1158572
3930.236839  0.0986703
3930.859646  0.08340184
3931.482453  0.07625703
3932.10526  0.06517905
3932.728067  0.05065759
3933.350874  0.04375317
3933.973681  0.0420636
3934.596488  0.04420731
3935.219295  0.05174852
3935.842102  0.06770701
3936.464909  0.08819839
3937.087716  0.108404
3937.710523  0.1270989
3938.33333  0.1494067
3938.956137  0.1778394
3939.578944  0.2058887
3940.201751  0.2166496
3940.824558  0.2072244
3941.447365  0.1978409
3942.070172  0.2141231
3942.692979  0.2215534
3943.315786  0.2002072
3943.938593  0.1664294
3944.5614  0.1637751
3945.184207  0.2114867
3945.807014  0.2889985
3946.429821  0.3449342
3947.052628  0.3439633
3947.675435  0.3052558
3948.298242  0.2808857
3948.921049  0.2840671
3949.543856  0.3191727
3950.166663  0.3750387
3950.78947  0.419436
3951.412277  0.4211102
3952.035084  0.3723313
3952.657891  0.3049906
3953.280698  0.3071373
3953.903505  0.3843735
3954.526312  0.4627738
3955.149119  0.4565698
3955.771926  0.3879896
3956.394733  0.3269176
3957.01754  0.3193428
3957.640347  0.3359858
3958.263154  0.3535985
3958.885961  0.3716896
3959.508768  0.3917153
3960.131575  0.3695742
3960.754382  0.2855787
3961.377189  0.1950717
3961.999996  0.1508255
3962.622803  0.1593882
3963.24561  0.1830861
3963.868417  0.1906678
3964.491224  0.1811714
3965.114031  0.164632
3965.736838  0.1364696
3966.359645  0.1073344
3966.982452  0.08437166
3967.605259  0.0645432
3968.228066  0.05030127
3968.850873  0.04606036
3969.47368  0.05513715
3970.096487  0.07628091
3970.719294  0.1014904
3971.342101  0.1245377
3971.964908  0.1459272
3972.587715  0.1659625
3973.210522  0.1846339
3973.833329  0.2050718
3974.456136  0.2377933
3975.078943  0.2806568
3975.70175  0.3147205
3976.324557  0.3162995
3976.947364  0.3247785
3977.570171  0.3590135
3978.192978  0.3945347
3978.815785  0.4168411
3979.438592  0.4421403
3980.061399  0.481843
3980.684206  0.4991826
3981.307013  0.4708999
3981.92982  0.4253637
3982.552627  0.4250178
3983.175434  0.4369232
3983.798241  0.4364239
3984.421048  0.4347947
3985.043855  0.4650799
3985.666662  0.5062034
3986.289469  0.518362
3986.912276  0.4941276
3987.535083  0.5175794
3988.15789  0.581829
3988.780697  0.5904383
3989.403504  0.5175888
3990.026311  0.4488507
3990.649118  0.4620083
3991.271925  0.510134
3991.894732  0.5311768
3992.517539  0.5293052
3993.140346  0.557908
3993.763153  0.563499
3994.38596  0.5426179
3995.008767  0.5291246
3995.631574  0.5263786
3996.254381  0.5154864
3996.877188  0.4908135
3997.499995  0.473081
3998.122802  0.4653667
3998.745609  0.4994433
3999.368416  0.5917523
3999.991223  0.6584105
4000.61403  0.6526896
4001.236837  0.6049616
4001.859644  0.605233
4002.482451  0.6462495
4003.105258  0.6893635
4003.728065  0.6943784
4004.350872  0.6070177
4004.973679  0.4669378
4005.596486  0.3724508
4006.219293  0.4003254
4006.8421  0.4829966
4007.464907  0.5478073
4008.087714  0.590616
4008.710521  0.6124936
4009.333328  0.6222446
4009.956135  0.6288691
4010.578942  0.6332321
4011.201749  0.6158313
4011.824556  0.5867792
4012.447363  0.5966166
4013.07017  0.6314322
4013.692977  0.6491171
4014.315784  0.6335593
4014.938591  0.6578308
4015.561398  0.7096862
4016.184205  0.7263453
4016.807012  0.6698636
4017.429819  0.5984985
4018.052626  0.5847296
4018.675433  0.646618
4019.29824  0.705166
4019.921047  0.7103329
4020.543854  0.6721274
4021.166661  0.6441445
4021.789468  0.6304826
4022.412275  0.6316567
4023.035082  0.6573406
4023.657889  0.6483471
4024.280696  0.5966812
4024.903503  0.5559894
4025.52631  0.5889651
4026.149117  0.6402004
4026.771924  0.6568146
4027.394731  0.6777506
4028.017538  0.7204044
4028.640345  0.7645982
4029.263152  0.7566778
4029.885959  0.6299447
4030.508766  0.4651993
4031.131573  0.389332
4031.75438  0.4305086
4032.377187  0.450645
4032.999994  0.3980279
4033.622801  0.3699634
4034.245608  0.3885703
4034.868415  0.4330106
4035.491222  0.48134
4036.114029  0.555594
4036.736836  0.6405479
4037.359643  0.7048008
4037.98245  0.726234
4038.605257  0.7131757
4039.228064  0.6856503
4039.850871  0.6563041
4040.473678  0.6129547
4041.096485  0.5907301
4041.719292  0.6209253
4042.342099  0.6778607
4042.964906  0.6885462
4043.587713  0.6165848
4044.21052  0.4874963
4044.833327  0.3548059
4045.456134  0.2503892
4046.078941  0.2079083
4046.701748  0.2860274
4047.324555  0.4390693
4047.947362  0.5704823
4048.570169  0.6100601
4049.192976  0.6141204
4049.815783  0.6373278
4050.43859  0.6832867
4051.061397  0.7015125
4051.684204  0.6813902
4052.307011  0.648138
4052.929818  0.6358145
4053.552625  0.6321408
4054.175432  0.5960732
4054.798239  0.5171542
4055.421046  0.4984084
4056.043853  0.5391915
4056.66666  0.5633163
4057.289467  0.5071366
4057.912274  0.4422594
4058.535081  0.4367287
4059.157888  0.4886107
4059.780695  0.5592089
4060.403502  0.6173459
4061.026309  0.6419108
4061.649116  0.6116556
4062.271923  0.5241762
4062.89473  0.3976054
4063.517537  0.2772949
4064.140344  0.2730557
4064.763151  0.3948337
4065.385958  0.5419157
4066.008765  0.5848911
4066.631572  0.5319038
4067.254379  0.4771032
4067.877186  0.5062498
4068.499993  0.589281
4069.1228  0.6723065
4069.745607  0.7129704
4070.368414  0.6615627
4070.991221  0.5162275
4071.614028  0.3621349
4072.236835  0.3578341
4072.859642  0.4871387
4073.482449  0.6307431
4074.105256  0.6746449
4074.728063  0.6513984
4075.35087  0.5946284
4075.973677  0.5143608
4076.596484  0.4200953
4077.219291  0.3595947
4077.842098  0.3746664
4078.464905  0.4602961
4079.087712  0.5376109
4079.710519  0.5884681
4080.333326  0.6528402
4080.956133  0.7404545
4081.57894  0.7818437
4082.201747  0.7312595
4082.824554  0.6476593
4083.447361  0.6122817
4084.070168  0.6245105
4084.692975  0.6181017
4085.315782  0.6037928
4085.938589  0.6035933
4086.561396  0.6337032
4087.184203  0.6957221
4087.80701  0.7537658
4088.429817  0.7865995
4089.052624  0.8004662
4089.675431  0.7625747
4090.298238  0.7116529
4090.921045  0.7052498
4091.543852  0.7097125
4092.166659  0.6660944
4092.789466  0.6150286
4093.412273  0.6938103
4094.03508  0.7541656
4094.657887  0.7051745
4095.280694  0.5982837
4095.903501  0.5189827
4096.526308  0.5019002
4097.149115  0.5283096
4097.771922  0.5561721
4098.394729  0.5792876
4099.017536  0.6027507
4099.640343  0.6149921
4100.26315  0.5542808
4100.885957  0.4640929
4101.508764  0.4341658
4102.131571  0.4826865
4102.754378  0.5597621
4103.377185  0.6005054
4103.999992  0.5800263
4104.622799  0.5573651
4105.245606  0.5889297
4105.868413  0.6722265
4106.49122  0.7203919
4107.114027  0.7099649
4107.736834  0.67563
4108.359641  0.6672562
4108.982448  0.6545763
4109.605255  0.6130099
4110.228062  0.5588788
4110.850869  0.5403139
4111.473676  0.5350835
4112.096483  0.5215184
4112.71929  0.5515048
4113.342097  0.6057002
4113.964904  0.6428876
4114.587711  0.6439795
4115.210518  0.6427615
4115.833325  0.6436424
4116.456132  0.6404631
4117.078939  0.6633031
4117.701746  0.6413627
4118.324553  0.5498616
4118.94736  0.4798157
4119.570167  0.4988749
4120.192974  0.5705451
4120.815781  0.6050714
4121.438588  0.5908467
4122.061395  0.5670764
4122.684202  0.5549084
4123.307009  0.5232225
4123.929816  0.5451531
4124.552623  0.6238792
4125.17543  0.6739351
4125.798237  0.6550565
4126.421044  0.6182815
4127.043851  0.6113276
4127.666658  0.5790687
4128.289465  0.5696273
4128.912272  0.5813744
4129.535079  0.5401381
4130.157886  0.5231772
4130.780693  0.5314692
4131.4035  0.5038906
4132.026307  0.4274034
4132.649114  0.4070463
4133.271921  0.4640096
4133.894728  0.4621098
4134.517535  0.4540026
4135.140342  0.5105107
4135.763149  0.6207867
4136.385956  0.646355
4137.008763  0.6023899
4137.63157  0.5762563
4138.254377  0.5958836
4138.877184  0.6152166
4139.499991  0.610382
4140.122798  0.6076698
4140.745605  0.6229854
4141.368412  0.6100963
4141.991219  0.5214353
4142.614026  0.3897549
4143.236833  0.2882069
4143.85964  0.2770779
4144.482447  0.3608859
4145.105254  0.464862
4145.728061  0.5312659
4146.350868  0.5498515
4146.973675  0.5454026
4147.596482  0.5436015
4148.219289  0.5439692
4148.842096  0.5171585
4149.464903  0.4676951
4150.08771  0.4338562
4150.710517  0.4456666
4151.333324  0.446997
4151.956131  0.4387998
4152.578938  0.4513791
4153.201745  0.485609
4153.824552  0.4907723
4154.447359  0.4705939
4155.070166  0.4808171
4155.692973  0.4668137
4156.31578  0.4344174
4156.938587  0.4314595
4157.561394  0.4706082
4158.184201  0.5387056
4158.807008  0.6036491
4159.429815  0.631751
4160.052622  0.6163608
4160.675429  0.5762237
4161.298236  0.5512671
4161.921043  0.5913578
4162.54385  0.6511844
4163.166657  0.6612688
4163.789464  0.6090098
4164.412271  0.5499506
4165.035078  0.5327175
4165.657885  0.5528281
4166.280692  0.5401111
4166.903499  0.4843887
4167.526306  0.4444394
4168.149113  0.4996062
4168.77192  0.5645439
4169.394727  0.5837894
4170.017534  0.6040975
4170.640341  0.6344084
4171.263148  0.613818
4171.885955  0.5024219
4172.508762  0.4017776
4173.131569  0.3811225
4173.754376  0.4323798
4174.377183  0.4813503
4174.99999  0.5092078
4175.622797  0.5212843
4176.245604  0.5230895
4176.868411  0.4968257
4177.491218  0.4622717
4178.114025  0.4559362
4178.736832  0.4942757
4179.359639  0.5200343
4179.982446  0.507481
4180.605253  0.4884975
4181.22806  0.4778013
4181.850867  0.4880126
4182.473674  0.5192674
4183.096481  0.5535055
4183.719288  0.5907224
4184.342095  0.6459957
4184.964902  0.7204316
4185.587709  0.729593
4186.210516  0.6422535
4186.833323  0.5155212
4187.45613  0.4592717
4188.078937  0.509945
4188.701744  0.6081165
4189.324551  0.6439433
4189.947358  0.641787
4190.570165  0.6105745
4191.192972  0.5445518
4191.815779  0.5482132
4192.438586  0.6155024
4193.061393  0.6737975
4193.6842  0.6747395
4194.307007  0.6336908
4194.929814  0.577001
4195.552621  0.5161689
4196.175428  0.4571856
4196.798235  0.4404682
4197.421042  0.476422
4198.043849  0.4740091
4198.666656  0.4752559
4199.289463  0.5202654
4199.91227  0.5661327
4200.535077  0.5720605
4201.157884  0.51876
4201.780691  0.4399915
4202.403498  0.4476168
4203.026305  0.5265481
4203.649112  0.588529
4204.271919  0.5731747
4204.894726  0.5689313
4205.517533  0.6148922
4206.14034  0.6607557
4206.763147  0.6823965
4207.385954  0.6977625
4208.008761  0.7204097
4208.631568  0.7157865
4209.254375  0.6660683
4209.877182  0.6010692
4210.499989  0.5816391
4211.122796  0.6171304
4211.745603  0.6605803
4212.36841  0.6611914
4212.991217  0.6301036
4213.614024  0.5844657
4214.236831  0.5169018
4214.859638  0.4111508
4215.482445  0.3660705
4216.105252  0.465437
4216.728059  0.6833736
4217.350866  0.8267692
4217.973673  0.8735164
4218.59648  0.880711
4219.219287  0.857263
4219.842094  0.8483934
4220.464901  0.8744922
4221.087708  0.9040569
4221.710515  0.8589702
4222.333322  0.7631246
4222.956129  0.6850484
4223.578936  0.6317976
4224.201743  0.5757511
4224.82455  0.487036
4225.447357  0.3601983
4226.070164  0.2215426
4226.692971  0.1418437
4227.315778  0.193951
4227.938585  0.3887466
4228.561392  0.5926833
4229.184199  0.6934913
4229.807006  0.7225022
4230.429813  0.7898215
4231.05262  0.8754953
4231.675427  0.8622532
4232.298234  0.7561589
4232.921041  0.6456397
4233.543848  0.6228228
4234.166655  0.7000736
4234.789462  0.7309577
4235.412269  0.6590056
4236.035076  0.586641
4236.657883  0.6053408
4237.28069  0.6720812
4237.903497  0.6978824
4238.526304  0.697459
4239.149111  0.686131
4239.771918  0.6876324
4240.394725  0.7266672
4241.017532  0.7947805
4241.640339  0.8331511
4242.263146  0.7996952
4242.885953  0.7657188
4243.50876  0.8267784
4244.131567  0.9623782
4244.754374  1.003806
4245.377181  0.9674851
4245.999988  0.9039494
4246.622795  0.8353059
4247.245602  0.7646516
4247.868409  0.7246904
4248.491216  0.7234674
4249.114023  0.6977789
4249.73683  0.6010583
4250.359637  0.4997694
4250.982444  0.5278389
4251.605251  0.6342152
4252.228058  0.7358261
4252.850865  0.7606093
4253.473672  0.6602805
4254.096479  0.5380797
4254.719286  0.5057386
4255.342093  0.5758741
4255.9649  0.6975909
4256.587707  0.8260772
4257.210514  0.9104506
4257.833321  0.8300662
4258.456128  0.70805
4259.078935  0.6588526
4259.701742  0.5826339
4260.324549  0.5062934
4260.947356  0.501563
4261.570163  0.6076224
4262.19297  0.7542565
4262.815777  0.8749586
4263.438584  0.9331304
4264.061391  0.9238922
4264.684198  0.9154091
4265.307005  0.9458429
4265.929812  0.9761943
4266.552619  0.9488164
4267.175426  0.8609419
4267.798233  0.7663696
4268.42104  0.7351419
4269.043847  0.7282088
4269.666654  0.6856349
4270.289461  0.5995363
4270.912268  0.4502391
4271.535075  0.3315502
4272.157882  0.3695917
4272.780689  0.5052777
4273.403496  0.5832899
4274.026303  0.5288306
4274.64911  0.4633829
4275.271917  0.5162944
4275.894724  0.6613603
4276.517531  0.7542691
4277.140338  0.8135725
4277.763145  0.8812423
4278.385952  0.9438059
4279.008759  0.8985615
4279.631566  0.7540988
4280.254373  0.6355657
4280.87718  0.6796815
4281.499987  0.7408614
4282.122794  0.7421127
4282.745601  0.7314422
4283.368408  0.783132
4283.991215  0.8087727
4284.614022  0.7436537
4285.236829  0.679746
4285.859636  0.6701141
4286.482443  0.7162554
4287.10525  0.7762698
4287.728057  0.7980868
4288.350864  0.723343
4288.973671  0.5683753
4289.596478  0.4662977
4290.219285  0.4779346
4290.842092  0.549044
4291.464899  0.5852962
4292.087706  0.6912339
4292.710513  0.8036655
4293.33332  0.7875497
4293.956127  0.6695507
4294.578934  0.6246512
4295.201741  0.7052071
4295.824548  0.7493871
4296.447355  0.7212979
4297.070162  0.673803
4297.692969  0.6546325
4298.315776  0.5785157
4298.938583  0.4584171
4299.56139  0.3739817
4300.184197  0.393689
4300.807004  0.4925008
4301.429811  0.56822
4302.052618  0.5359724
4302.675425  0.488631
4303.298232  0.4994562
4303.921039  0.553829
4304.543846  0.5509544
4305.166653  0.500751
4305.78946  0.4603442
4306.412267  0.4580054
4307.035074  0.4020908
4307.657881  0.3224095
4308.280688  0.3110467
4308.903495  0.3534341
4309.526302  0.4097756
4310.149109  0.463202
4310.771916  0.5309353
4311.394723  0.565285
4312.01753  0.5872664
4312.640337  0.6545291
4313.263144  0.7305937
4313.885951  0.7292823
4314.508758  0.6859048
4315.131565  0.8174116
4315.754372  1.027985
4316.377179  1.162711
4316.999986  1.16461
4317.622793  1.117452
4318.2456  1.071354
4318.868407  1.040411
4319.491214  1.041573
4320.114021  0.9885415
4320.736828  0.9025524
4321.359635  0.9266163
4321.982442  0.9706028
4322.605249  0.9147364
4323.228056  0.743048
4323.850863  0.6209891
4324.47367  0.5186797
4325.096477  0.3962166
4325.719284  0.3481759
4326.342091  0.4580262
4326.964898  0.6851703
4327.587705  0.9024838
4328.210512  1.054711
4328.833319  1.108434
4329.456126  1.058933
4330.078933  0.9469135
4330.70174  0.8958263
4331.324547  0.9433048
4331.947354  1.00639
4332.570161  1.024131
4333.192968  1.018269
4333.815775  1.040935
4334.438582  1.085672
4335.061389  1.16507
4335.684196  1.209578
4336.307003  1.086331
4336.92981  0.8569891
4337.552617  0.695704
4338.175424  0.7105134
4338.798231  0.7407622
4339.421038  0.7061357
4340.043845  0.636774
4340.666652  0.631079
4341.289459  0.7519075
4341.912266  0.9266288
4342.535073  1.004039
4343.15788  0.9469867
4343.780687  0.8752
4344.403494  0.9154398
4345.026301  1.039322
4345.649108  1.089231
4346.271915  1.015362
4346.894722  0.9377406
4347.517529  0.9417109
4348.140336  1.044944
4348.763143  1.183604
4349.38595  1.237907
4350.008757  1.131281
4350.631564  0.9017673
4351.254371  0.6934077
4351.877178  0.6154065
4352.499985  0.6891328
4353.122792  0.8371651
4353.745599  0.9103032
4354.368406  0.9090382
4354.991213  0.9044973
4355.61402  0.9318427
4356.236827  1.003268
4356.859634  1.074194
4357.482441  1.069385
4358.105248  0.9636633
4358.728055  0.8448838
4359.350862  0.8138353
4359.973669  0.8664054
4360.596476  0.9803486
4361.219283  1.092313
4361.84209  1.121222
4362.464897  1.058903
4363.087704  0.9917498
4363.710511  1.022006
4364.333318  1.145709
4364.956125  1.23405
4365.578932  1.203499
4366.201739  1.108253
4366.824546  0.9650913
4367.447353  0.8506629
4368.07016  0.8495871
4368.692967  0.9220735
4369.315774  0.981896
4369.938581  0.9794883
4370.561388  0.9559733
4371.184195  0.9673833
4371.807002  1.004338
4372.429809  0.997021
4373.052616  0.9178476
4373.675423  0.8119723
4374.29823  0.7330939
4374.921037  0.6644366
4375.543844  0.6837926
4376.166651  0.8079613
4376.789458  0.9399782
4377.412265  1.030015
4378.035072  1.063174
4378.657879  1.04866
4379.280686  0.9943352
4379.903493  0.9284509
4380.5263  0.8877655
4381.149107  0.8844498
4381.771914  0.8085009
4382.394721  0.6139986
4383.017528  0.3813418
4383.640335  0.2682303
4384.263142  0.3111144
4384.885949  0.4704353
4385.508756  0.7073613
4386.131563  0.8730856
4386.75437  0.8962713
4387.377177  0.8458073
4387.999984  0.824831
4388.622791  0.8311624
4389.245598  0.810038
4389.868405  0.7727488
4390.491212  0.7527876
4391.114019  0.7762109
4391.736826  0.8377544
4392.359633  0.8811808
4392.98244  0.8907
4393.605247  0.8798658
4394.228054  0.8336418
4394.850861  0.7918388
4395.473668  0.8253449
4396.096475  0.973952
4396.719282  1.106011
4397.342089  1.136231
4397.964896  1.093044
4398.587703  1.038267
4399.21051  0.9734847
4399.833317  0.8785197
4400.456124  0.7828761
4401.078931  0.8267249
4401.701738  1.003301
4402.324545  1.10732
4402.947352  1.006084
4403.570159  0.7440127
4404.192966  0.4954748
4404.815773  0.4294315
4405.43858  0.5498913
4406.061387  0.7319574
4406.684194  0.8184737
4407.307001  0.7823765
4407.929808  0.7081509
4408.552615  0.7169855
4409.175422  0.8559244
4409.798229  1.014939
4410.421036  1.081258
4411.043843  1.079789
4411.66665  1.082392
4412.289457  1.122872
4412.912264  1.156673
4413.535071  1.058478
4414.157878  0.8373447
4414.780685  0.6411537
4415.403492  0.6638961
4416.026299  0.8045475
4416.649106  0.9147874
4417.271913  0.965248
4417.89472  1.014004
4418.517527  1.080415
4419.140334  1.134762
4419.763141  1.146475
4420.385948  1.112257
4421.008755  1.032923
4421.631562  0.9113547
4422.254369  0.8269526
4422.877176  0.8307992
4423.499983  0.9095402
4424.12279  1.002916
4424.745597  1.024813
4425.368404  0.9712016
4425.991211  0.9634228
4426.614018  0.9655502
4427.236825  0.9707906
4427.859632  1.029315
4428.482439  1.092688
4429.105246  1.041324
4429.728053  0.8633835
4430.35086  0.8011792
4430.973667  0.8937227
4431.596474  1.037807
4432.219281  1.099368
4432.842088  1.047845
4433.464895  0.9362671
4434.087702  0.8368777
4434.710509  0.7569928
4435.333316  0.7379302
4435.956123  0.8110344
4436.57893  0.9516699
4437.201737  1.050417
4437.824544  1.103904
4438.447351  1.184725
4439.070158  1.230546
4439.692965  1.186735
4440.315772  1.062456
4440.938579  0.9443132
4441.561386  0.858339
4442.184193  0.8207985
4442.807  0.8464622
4443.429807  0.8907285
4444.052614  0.9688745
4444.675421  1.101534
4445.298228  1.221667
4445.921035  1.236738
4446.543842  1.143548
4447.166649  1.060604
4447.789456  1.119205
4448.412263  1.22164
4449.03507  1.184158
4449.657877  1.074763
4450.280684  1.030563
4450.903491  1.095357
4451.526298  1.148465
4452.149105  1.120715
4452.771912  1.057345
4453.394719  1.03519
4454.017526  0.9457898
4454.640333  0.8354067
4455.26314  0.8139762
4455.885947  0.8862484
4456.508754  0.9520319
4457.131561  0.9548378
4457.754368  0.9281156
4458.377175  0.8720185
4458.999982  0.8367566
4459.622789  0.86069
4460.245596  0.8773238
4460.868403  0.8060323
4461.49121  0.6971582
4462.114017  0.7339367
4462.736824  0.9267327
4463.359631  1.108874
4463.982438  1.112677
4464.605245  1.045681
4465.228052  1.004547
4465.850859  1.011834
4466.473666  1.019297
4467.096473  1.047176
4467.71928  1.063855
4468.342087  1.007421
4468.964894  0.9498652
4469.587701  0.9542508
4470.210508  1.013866
4470.833315  1.045455
4471.456122  1.055989
4472.078929  1.089533
4472.701736  1.16504
4473.324543  1.214032
4473.94735  1.198995
4474.570157  1.144547
4475.192964  1.123253
4475.815771  1.173807
4476.438578  1.271143
4477.061385  1.338945
4477.684192  1.354852
4478.306999  1.301682
4478.929806  1.177125
4479.552613  1.034042
4480.17542  0.9587834
4480.798227  0.9593165
4481.421034  0.9199034
4482.043841  0.9318078
4482.666648  1.035561
4483.289455  1.150412
4483.912262  1.224814
4484.535069  1.268971
4485.157876  1.31271
4485.780683  1.338962
4486.40349  1.31049
4487.026297  1.226883
4487.649104  1.136214
4488.271911  1.052978
4488.894718  0.9799594
4489.517525  0.9356176
4490.140332  0.9796115
4490.763139  1.071216
4491.385946  1.154405
4492.008753  1.220855
4492.63156  1.220429
4493.254367  1.110408
4493.877174  0.9226242
4494.499981  0.8536272
4495.122788  0.8882256
4495.745595  0.9285848
4496.368402  0.980743
4496.991209  1.084952
4497.614016  1.195485
4498.236823  1.213424
4498.85963  1.235782
4499.482437  1.262569
4500.105244  1.220849
4500.728051  1.089472
4501.350858  1.01424
4501.973665  1.100614
4502.596472  1.28597
4503.219279  1.406488
4503.842086  1.419831
4504.464893  1.394717
4505.0877  1.364455
4505.710507  1.316643
4506.333314  1.251331
4506.956121  1.216202
4507.578928  0.8365648
4508.201735  0.
4508.824542  0.
