3820.  0.
3820.622807  0.
3821.245614  0.
3821.868421  0.
3822.491228  0.
3823.114035  0.
3823.736842  0.
3824.359649  0.
3824.982456  0.
3825.605263  0.
3826.22807  0.
3826.850877  0.
3827.473684  0.
3828.096491  0.
3828.719298  0.
3829.342105  0.
3829.964912  0.
3830.587719  0.
3831.210526  0.
3831.833333  0.
3832.45614  0.
3833.078947  0.
3833.701754  0.
3834.324561  0.
3834.947368  0.
3835.570175  0.
3836.192982  0.
3836.815789  0.
3837.438596  0.
3838.061403  0.08223747
3838.68421  0.8763272
3839.307017  0.9298247
3839.929824  0.996728
3840.552631  1.049929
3841.175438  1.098459
3841.798245  1.140606
3842.421052  1.167811
3843.043859  1.175756
3843.666666  1.180962
3844.289473  1.200731
3844.91228  1.2429
3845.535087  1.297635
3846.157894  1.332881
3846.780701  1.341926
3847.403508  1.344718
3848.026315  1.354639
3848.649122  1.368005
3849.271929  1.377973
3849.894736  1.386827
3850.517543  1.396888
3851.14035  1.407084
3851.763157  1.410818
3852.385964  1.399999
3853.008771  1.377196
3853.631578  1.362332
3854.254385  1.388543
3854.877192  1.391377
3855.499999  1.350129
3856.122806  1.337935
3856.745613  1.383053
3857.36842  1.438724
3857.991227  1.444361
3858.614034  1.431101
3859.236841  1.425888
3859.859648  1.435045
3860.482455  1.444745
3861.105262  1.435585
3861.728069  1.397734
3862.350876  1.349039
3862.973683  1.354381
3863.59649  1.398677
3864.219297  1.427738
3864.842104  1.427171
3865.464911  1.426779
3866.087718  1.43672
3866.710525  1.433116
3867.333332  1.417816
3867.956139  1.408273
3868.578946  1.416575
3869.201753  1.428675
3869.82456  1.433948
3870.447367  1.429193
3871.070174  1.415601
3871.692981  1.406028
3872.315788  1.397938
3872.938595  1.383009
3873.561402  1.378082
3874.184209  1.377069
3874.807016  1.369697
3875.429823  1.363702
3876.05263  1.35591
3876.675437  1.347878
3877.298244  1.340587
3877.921051  1.30669
3878.543858  1.26141
3879.166665  1.239679
3879.789472  1.24353
3880.412279  1.242648
3881.035086  1.21871
3881.657893  1.184007
3882.2807  1.147742
3882.903507  1.107971
3883.526314  1.059436
3884.149121  1.012273
3884.771928  0.9577657
3885.394735  0.8913292
3886.017542  0.8273097
3886.640349  0.7616332
3887.263156  0.6844598
3887.885963  0.5947614
3888.50877  0.5145327
3889.131577  0.4884134
3889.754384  0.5344196
3890.377191  0.6069183
3890.999998  0.6842119
3891.622805  0.7574682
3892.245612  0.8239538
3892.868419  0.8860651
3893.491226  0.9399534
3894.114033  0.9851494
3894.73684  1.036623
3895.359647  1.08791
3895.982454  1.124573
3896.605261  1.139343
3897.228068  1.138696
3897.850875  1.149759
3898.473682  1.19369
3899.096489  1.23759
3899.719296  1.259294
3900.342103  1.265272
3900.96491  1.285165
3901.587717  1.300812
3902.210524  1.304726
3902.833331  1.312721
3903.456138  1.32151
3904.078945  1.329994
3904.701752  1.333272
3905.324559  1.322157
3905.947366  1.318395
3906.570173  1.33579
3907.19298  1.362767
3907.815787  1.374144
3908.438594  1.376912
3909.061401  1.389411
3909.684208  1.395036
3910.307015  1.39499
3910.929822  1.398725
3911.552629  1.409535
3912.175436  1.406463
3912.798243  1.397329
3913.42105  1.40239
3914.043857  1.395825
3914.666664  1.394164
3915.289471  1.41001
3915.912278  1.413921
3916.535085  1.400606
3917.157892  1.380898
3917.780699  1.371385
3918.403506  1.376406
3919.026313  1.383145
3919.64912  1.379799
3920.271927  1.373207
3920.894734  1.377202
3921.517541  1.389933
3922.140348  1.394873
3922.763155  1.398096
3923.385962  1.40279
3924.008769  1.405067
3924.631576  1.400074
3925.254383  1.38495
3925.87719  1.368547
3926.499997  1.367873
3927.122804  1.382916
3927.745611  1.401217
3928.368418  1.408807
3928.991225  1.405183
3929.614032  1.39775
3930.236839  1.39475
3930.859646  1.394602
3931.482453  1.396937
3932.10526  1.38367
3932.728067  1.335037
3933.350874  1.277293
3933.973681  1.268424
3934.596488  1.322667
3935.219295  1.353753
3935.842102  1.350591
3936.464909  1.341083
3937.087716  1.352639
3937.710523  1.368162
3938.33333  1.377741
3938.956137  1.383759
3939.578944  1.388873
3940.201751  1.392529
3940.824558  1.390815
3941.447365  1.383069
3942.070172  1.38288
3942.692979  1.380075
3943.315786  1.355806
3943.938593  1.337937
3944.5614  1.342727
3945.184207  1.36247
3945.807014  1.372962
3946.429821  1.377262
3947.052628  1.380035
3947.675435  1.379544
3948.298242  1.372859
3948.921049  1.367151
3949.543856  1.366865
3950.166663  1.364833
3950.78947  1.359909
3951.412277  1.351981
3952.035084  1.340508
3952.657891  1.330833
3953.280698  1.321643
3953.903505  1.312185
3954.526312  1.312714
3955.149119  1.314109
3955.771926  1.30879
3956.394733  1.304955
3957.01754  1.296126
3957.640347  1.281885
3958.263154  1.267655
3958.885961  1.254856
3959.508768  1.237789
3960.131575  1.21577
3960.754382  1.198742
3961.377189  1.175227
3961.999996  1.144242
3962.622803  1.114951
3963.24561  1.088289
3963.868417  1.057233
3964.491224  1.017231
3965.114031  0.9721489
3965.736838  0.9239774
3966.359645  0.8729852
3966.982452  0.8154714
3967.605259  0.7370948
3968.228066  0.6452053
3968.850873  0.5596949
3969.47368  0.4936721
3970.096487  0.4692851
3970.719294  0.4982163
3971.342101  0.567893
3971.964908  0.6452622
3972.587715  0.7132689
3973.210522  0.7736766
3973.833329  0.8329568
3974.456136  0.8896654
3975.078943  0.9387941
3975.70175  0.980095
3976.324557  1.022113
3976.947364  1.064069
3977.570171  1.096079
3978.192978  1.116837
3978.815785  1.137391
3979.438592  1.164413
3980.061399  1.187196
3980.684206  1.204655
3981.307013  1.220303
3981.92982  1.234175
3982.552627  1.235301
3983.175434  1.216766
3983.798241  1.195156
3984.421048  1.217034
3985.043855  1.255025
3985.666662  1.275673
3986.289469  1.280717
3986.912276  1.285801
3987.535083  1.300084
3988.15789  1.316429
3988.780697  1.318361
3989.403504  1.316791
3990.026311  1.320175
3990.649118  1.320579
3991.271925  1.318303
3991.894732  1.322027
3992.517539  1.335553
3993.140346  1.336921
3993.763153  1.335058
3994.38596  1.338484
3995.008767  1.332662
3995.631574  1.327521
3996.254381  1.329888
3996.877188  1.339426
3997.499995  1.351232
3998.122802  1.354082
3998.745609  1.344173
3999.368416  1.333382
3999.991223  1.326609
4000.61403  1.327152
4001.236837  1.335362
4001.859644  1.335014
4002.482451  1.329569
4003.105258  1.332616
4003.728065  1.348665
4004.350872  1.356521
4004.973679  1.346469
4005.596486  1.336204
4006.219293  1.336573
4006.8421  1.340161
4007.464907  1.333254
4008.087714  1.325389
4008.710521  1.322109
4009.333328  1.323052
4009.956135  1.32337
4010.578942  1.329805
4011.201749  1.339998
4011.824556  1.343717
4012.447363  1.33677
4013.07017  1.334798
4013.692977  1.346312
4014.315784  1.354235
4014.938591  1.35193
4015.561398  1.343042
4016.184205  1.337572
4016.807012  1.338298
4017.429819  1.340968
4018.052626  1.340214
4018.675433  1.332863
4019.29824  1.330128
4019.921047  1.335858
4020.543854  1.342867
4021.166661  1.345981
4021.789468  1.342368
4022.412275  1.334092
4023.035082  1.325511
4023.657889  1.311104
4024.280696  1.288306
4024.903503  1.262644
4025.52631  1.232989
4026.149117  1.218936
4026.771924  1.238402
4027.394731  1.269111
4028.017538  1.296988
4028.640345  1.317325
4029.263152  1.32784
4029.885959  1.328366
4030.508766  1.322936
4031.131573  1.319762
4031.75438  1.322396
4032.377187  1.318486
4032.999994  1.306629
4033.622801  1.313749
4034.245608  1.326721
4034.868415  1.332057
4035.491222  1.331037
4036.114029  1.330354
4036.736836  1.330968
4037.359643  1.330783
4037.98245  1.331072
4038.605257  1.333316
4039.228064  1.336055
4039.850871  1.337673
4040.473678  1.339229
4041.096485  1.337578
4041.719292  1.33274
4042.342099  1.334797
4042.964906  1.327262
4043.587713  1.303128
4044.21052  1.282636
4044.833327  1.284706
4045.456134  1.302487
4046.078941  1.31662
4046.701748  1.32774
4047.324555  1.330772
4047.947362  1.321769
4048.570169  1.307017
4049.192976  1.307365
4049.815783  1.32037
4050.43859  1.324742
4051.061397  1.321445
4051.684204  1.318319
4052.307011  1.319754
4052.929818  1.317401
4053.552625  1.314272
4054.175432  1.314071
4054.798239  1.317201
4055.421046  1.316816
4056.043853  1.310118
4056.66666  1.302856
4057.289467  1.304235
4057.912274  1.308237
4058.535081  1.306152
4059.157888  1.299028
4059.780695  1.2985
4060.403502  1.307709
4061.026309  1.316428
4061.649116  1.307353
4062.271923  1.301471
4062.89473  1.307187
4063.517537  1.302865
4064.140344  1.302416
4064.763151  1.303007
4065.385958  1.29605
4066.008765  1.298884
4066.631572  1.302563
4067.254379  1.298845
4067.877186  1.299067
4068.499993  1.301404
4069.1228  1.302484
4069.745607  1.300263
4070.368414  1.294018
4070.991221  1.289156
4071.614028  1.288262
4072.236835  1.288316
4072.859642  1.288946
4073.482449  1.287771
4074.105256  1.280672
4074.728063  1.270978
4075.35087  1.266065
4075.973677  1.267424
4076.596484  1.263115
4077.219291  1.262285
4077.842098  1.26575
4078.464905  1.262703
4079.087712  1.264866
4079.710519  1.265212
4080.333326  1.253982
4080.956133  1.241846
4081.57894  1.237462
4082.201747  1.240677
4082.824554  1.245965
4083.447361  1.249737
4084.070168  1.242432
4084.692975  1.222993
4085.315782  1.212978
4085.938589  1.21447
4086.561396  1.217383
4087.184203  1.210227
4087.80701  1.199991
4088.429817  1.192648
4089.052624  1.186839
4089.675431  1.178497
4090.298238  1.168283
4090.921045  1.155484
4091.543852  1.133386
4092.166659  1.115813
4092.789466  1.102993
4093.412273  1.080667
4094.03508  1.055397
4094.657887  1.026853
4095.280694  0.9952989
4095.903501  0.9663612
4096.526308  0.929305
4097.149115  0.8816019
4097.771922  0.8311781
4098.394729  0.7794003
4099.017536  0.725298
4099.640343  0.6639547
4100.26315  0.5879616
4100.885957  0.5065874
4101.508764  0.4525955
4102.131571  0.4635502
4102.754378  0.5255552
4103.377185  0.5978885
4103.999992  0.6513599
4104.622799  0.7015681
4105.245606  0.7567147
4105.868413  0.8137825
4106.49122  0.8648206
4107.114027  0.911418
4107.736834  0.9495884
4108.359641  0.9742787
4108.982448  0.9956596
4109.605255  1.015436
4110.228062  1.03188
4110.850869  1.048313
4111.473676  1.078623
4112.096483  1.113213
4112.71929  1.127734
4113.342097  1.127727
4113.964904  1.135989
4114.587711  1.158346
4115.210518  1.164824
4115.833325  1.167326
4116.456132  1.174388
4117.078939  1.180493
4117.701746  1.19166
4118.324553  1.201536
4118.94736  1.202033
4119.570167  1.199362
4120.192974  1.193687
4120.815781  1.188826
4121.438588  1.192588
4122.061395  1.198728
4122.684202  1.203004
4123.307009  1.207198
4123.929816  1.217892
4124.552623  1.226671
4125.17543  1.228818
4125.798237  1.231149
4126.421044  1.215961
4127.043851  1.168029
4127.666658  1.108087
4128.289465  1.115142
4128.912272  1.172167
4129.535079  1.205468
4130.157886  1.161842
4130.780693  1.127119
4131.4035  1.15249
4132.026307  1.205412
4132.649114  1.230824
4133.271921  1.230136
4133.894728  1.231141
4134.517535  1.237925
4135.140342  1.233346
4135.763149  1.210033
4136.385956  1.185207
4137.008763  1.181639
4137.63157  1.198058
4138.254377  1.217727
4138.877184  1.232175
4139.499991  1.236878
4140.122798  1.235424
4140.745605  1.233311
4141.368412  1.227859
4141.991219  1.223847
4142.614026  1.224131
4143.236833  1.213596
4143.85964  1.204758
4144.482447  1.206579
4145.105254  1.209997
4145.728061  1.217267
4146.350868  1.227451
4146.973675  1.23615
4147.596482  1.240224
4148.219289  1.239747
4148.842096  1.237127
4149.464903  1.23712
4150.08771  1.238808
4150.710517  1.23874
4151.333324  1.236142
4151.956131  1.235895
4152.578938  1.235556
4153.201745  1.234468
4153.824552  1.236521
4154.447359  1.233481
4155.070166  1.227673
4155.692973  1.229859
4156.31578  1.232641
4156.938587  1.230569
4157.561394  1.226039
4158.184201  1.231081
4158.807008  1.237111
4159.429815  1.236913
4160.052622  1.233937
4160.675429  1.22833
4161.298236  1.225984
4161.921043  1.228226
4162.54385  1.218507
4163.166657  1.211879
4163.789464  1.217634
4164.412271  1.223134
4165.035078  1.230911
4165.657885  1.2356
4166.280692  1.23074
4166.903499  1.222259
4167.526306  1.215449
4168.149113  1.212435
4168.77192  1.214848
4169.394727  1.217309
4170.017534  1.211694
4170.640341  1.194666
4171.263148  1.180286
4171.885955  1.176494
4172.508762  1.178758
4173.131569  1.173312
4173.754376  1.172857
4174.377183  1.184097
4174.99999  1.197051
4175.622797  1.208505
4176.245604  1.208357
4176.868411  1.18931
4177.491218  1.157372
4178.114025  1.135549
4178.736832  1.141484
4179.359639  1.172668
4179.982446  1.193634
4180.605253  1.200843
4181.22806  1.210508
4181.850867  1.214527
4182.473674  1.213411
4183.096481  1.208793
4183.719288  1.199836
4184.342095  1.195259
4184.964902  1.199373
4185.587709  1.207294
4186.210516  1.208373
4186.833323  1.205673
4187.45613  1.203833
4188.078937  1.202824
4188.701744  1.203197
4189.324551  1.202549
4189.947358  1.196141
4190.570165  1.191829
4191.192972  1.201061
4191.815779  1.217319
4192.438586  1.208138
4193.061393  1.201064
4193.6842  1.209468
4194.307007  1.214068
4194.929814  1.21317
4195.552621  1.21029
4196.175428  1.208468
4196.798235  1.207035
4197.421042  1.202535
4198.043849  1.196856
4198.666656  1.193489
4199.289463  1.182108
4199.91227  1.162613
4200.535077  1.15049
4201.157884  1.170713
4201.780691  1.190757
4202.403498  1.189885
4203.026305  1.19568
4203.649112  1.197261
4204.271919  1.183375
4204.894726  1.15345
4205.517533  1.118502
4206.14034  1.111942
4206.763147  1.142848
4207.385954  1.172225
4208.008761  1.184395
4208.631568  1.18522
4209.254375  1.18937
4209.877182  1.192133
4210.499989  1.19433
4211.122796  1.196607
4211.745603  1.19251
4212.36841  1.187005
4212.991217  1.186801
4213.614024  1.190928
4214.236831  1.192897
4214.859638  1.185664
4215.482445  1.174665
4216.105252  1.181627
4216.728059  1.187038
4217.350866  1.179027
4217.973673  1.177198
4218.59648  1.172042
4219.219287  1.170756
4219.842094  1.183829
4220.464901  1.188672
4221.087708  1.182725
4221.710515  1.17304
4222.333322  1.162249
4222.956129  1.165156
4223.578936  1.174899
4224.201743  1.173324
4224.82455  1.173947
4225.447357  1.177467
4226.070164  1.177703
4226.692971  1.17416
4227.315778  1.172871
4227.938585  1.17541
4228.561392  1.17507
4229.184199  1.17015
4229.807006  1.168073
4230.429813  1.174945
4231.05262  1.178891
4231.675427  1.167304
4232.298234  1.138394
4232.921041  1.107149
4233.543848  1.117216
4234.166655  1.150515
4234.789462  1.160883
4235.412269  1.157194
4236.035076  1.151714
4236.657883  1.1492
4237.28069  1.141303
4237.903497  1.124372
4238.526304  1.106716
4239.149111  1.103359
4239.771918  1.117863
4240.394725  1.134949
4241.017532  1.135805
4241.640339  1.115108
4242.263146  1.106795
4242.885953  1.119123
4243.50876  1.125411
4244.131567  1.122996
4244.754374  1.125943
4245.377181  1.138867
4245.999988  1.131779
4246.622795  1.119981
4247.245602  1.120076
4247.868409  1.128279
4248.491216  1.139595
4249.114023  1.146199
4249.73683  1.140575
4250.359637  1.115025
4250.982444  1.087732
4251.605251  1.074049
4252.228058  1.068955
4252.850865  1.06651
4253.473672  1.07884
4254.096479  1.110725
4254.719286  1.105105
4255.342093  1.084793
4255.9649  1.091964
4256.587707  1.1186
4257.210514  1.133802
4257.833321  1.120759
4258.456128  1.091473
4259.078935  1.07822
4259.701742  1.096569
4260.324549  1.125819
4260.947356  1.110749
4261.570163  1.084804
4262.19297  1.085654
4262.815777  1.107177
4263.438584  1.123137
4264.061391  1.127961
4264.684198  1.131418
4265.307005  1.134836
4265.929812  1.123441
4266.552619  1.098291
4267.175426  1.085929
4267.798233  1.103357
4268.42104  1.129229
4269.043847  1.130934
4269.666654  1.125871
4270.289461  1.124348
4270.912268  1.125645
4271.535075  1.122162
4272.157882  1.122267
4272.780689  1.123594
4273.403496  1.115501
4274.026303  1.11477
4274.64911  1.115809
4275.271917  1.110418
4275.894724  1.112952
4276.517531  1.123093
4277.140338  1.1267
4277.763145  1.111971
4278.385952  1.100435
4279.008759  1.105867
4279.631566  1.121134
4280.254373  1.120831
4280.87718  1.101014
4281.499987  1.07227
4282.122794  1.051755
4282.745601  1.055948
4283.368408  1.067208
4283.991215  1.061867
4284.614022  1.078699
4285.236829  1.10107
4285.859636  1.104631
4286.482443  1.110737
4287.10525  1.104747
4287.728057  1.090757
4288.350864  1.091581
4288.973671  1.094109
4289.596478  1.097098
4290.219285  1.100232
4290.842092  1.086253
4291.464899  1.063804
4292.087706  1.051121
4292.710513  1.058317
4293.33332  1.077444
4293.956127  1.096468
4294.578934  1.106514
4295.201741  1.104082
4295.824548  1.0919
4296.447355  1.082291
4297.070162  1.08788
4297.692969  1.09755
4298.315776  1.100893
4298.938583  1.094273
4299.56139  1.06959
4300.184197  1.059011
4300.807004  1.079752
4301.429811  1.086945
4302.052618  1.069714
4302.675425  1.050311
4303.298232  1.057812
4303.921039  1.070124
4304.543846  1.076028
4305.166653  1.079399
4305.78946  1.08138
4306.412267  1.079568
4307.035074  1.070112
4307.657881  1.05476
4308.280688  1.050039
4308.903495  1.059961
4309.526302  1.070463
4310.149109  1.065201
4310.771916  1.060435
4311.394723  1.070074
4312.01753  1.074829
4312.640337  1.069206
4313.263144  1.059839
4313.885951  1.054322
4314.508758  1.052009
4315.131565  1.05329
4315.754372  1.055735
4316.377179  1.05253
4316.999986  1.049199
4317.622793  1.046391
4318.2456  1.03786
4318.868407  1.040116
4319.491214  1.047541
4320.114021  1.044887
4320.736828  1.042931
4321.359635  1.04463
4321.982442  1.047317
4322.605249  1.048047
4323.228056  1.043301
4323.850863  1.029817
4324.47367  1.008021
4325.096477  0.9887388
4325.719284  0.969124
4326.342091  0.9516656
4326.964898  0.9563642
4327.587705  0.9740627
4328.210512  0.9819818
4328.833319  0.9673305
4329.456126  0.9540686
4330.078933  0.9466236
4330.70174  0.934831
4331.324547  0.9225412
4331.947354  0.9081254
4332.570161  0.8891171
4333.192968  0.866241
4333.815775  0.8417336
4334.438582  0.8175365
4335.061389  0.7923735
4335.684196  0.7610862
4336.307003  0.7229959
4336.92981  0.6805496
4337.552617  0.6365637
4338.175424  0.5881234
4338.798231  0.5314651
4339.421038  0.4691251
4340.043845  0.4129424
4340.666652  0.3993469
4341.289459  0.4452347
4341.912266  0.5008283
4342.535073  0.5460282
4343.15788  0.5806866
4343.780687  0.6117623
4344.403494  0.6545212
4345.026301  0.7016369
4345.649108  0.7368147
4346.271915  0.7729524
4346.894722  0.8046232
4347.517529  0.8233809
4348.140336  0.8371902
4348.763143  0.8585616
4349.38595  0.8868479
4350.008757  0.909703
4350.631564  0.9215395
4351.254371  0.9207173
4351.877178  0.9174367
4352.499985  0.9349015
4353.122792  0.9544801
4353.745599  0.9622436
4354.368406  0.9703197
4354.991213  0.9817846
4355.61402  0.9857334
4356.236827  0.9756942
4356.859634  0.9810582
4357.482441  0.9947184
4358.105248  1.004111
4358.728055  1.015704
4359.350862  1.020744
4359.973669  1.018818
4360.596476  1.019319
4361.219283  1.024043
4361.84209  1.025576
4362.464897  1.01909
4363.087704  1.013355
4363.710511  1.015096
4364.333318  1.022241
4364.956125  1.025896
4365.578932  1.026161
4366.201739  1.030407
4366.824546  1.04154
4367.447353  1.040074
4368.07016  1.032597
4368.692967  1.030577
4369.315774  1.03244
4369.938581  1.036472
4370.561388  1.039093
4371.184195  1.038341
4371.807002  1.042346
4372.429809  1.046305
4373.052616  1.04364
4373.675423  1.042373
4374.29823  1.042409
4374.921037  1.041049
4375.543844  1.040363
4376.166651  1.03881
4376.789458  1.033032
4377.412265  1.024473
4378.035072  1.032733
4378.657879  1.03823
4379.280686  1.029363
4379.903493  1.03352
4380.5263  1.043161
4381.149107  1.048647
4381.771914  1.049969
4382.394721  1.04307
4383.017528  1.036923
4383.640335  1.036275
4384.263142  1.021435
4384.885949  0.9999313
4385.508756  0.99055
4386.131563  1.000957
4386.75437  1.011003
4387.377177  1.009931
4387.999984  1.005851
4388.622791  1.011486
4389.245598  1.022179
4389.868405  1.026554
4390.491212  1.023266
4391.114019  1.027735
4391.736826  1.037659
4392.359633  1.035837
4392.98244  1.028298
4393.605247  1.022264
4394.228054  1.02065
4394.850861  1.022234
4395.473668  1.024117
4396.096475  1.026894
4396.719282  1.035544
4397.342089  1.042142
4397.964896  1.042974
4398.587703  1.040786
4399.21051  1.040277
4399.833317  1.038216
4400.456124  1.032404
4401.078931  1.03345
4401.701738  1.033377
4402.324545  1.02629
4402.947352  1.01794
4403.570159  1.017146
4404.192966  1.01915
4404.815773  1.017655
4405.43858  1.021807
4406.061387  1.023884
4406.684194  1.019339
4407.307001  1.018057
4407.929808  1.019695
4408.552615  1.02119
4409.175422  1.02175
4409.798229  1.026566
4410.421036  1.031402
4411.043843  1.030563
4411.66665  1.027791
4412.289457  1.027765
4412.912264  1.029804
4413.535071  1.026124
4414.157878  1.017571
4414.780685  1.013487
4415.403492  1.01842
4416.026299  1.014217
4416.649106  1.000601
4417.271913  0.9901134
4417.89472  0.9916043
4418.517527  1.00249
4419.140334  1.010706
4419.763141  1.004721
4420.385948  0.9936027
4421.008755  0.990416
4421.631562  1.001776
4422.254369  1.016512
4422.877176  1.02187
4423.499983  1.017746
4424.12279  1.018572
4424.745597  1.018093
4425.368404  1.015154
4425.991211  1.015426
4426.614018  1.015691
4427.236825  1.014077
4427.859632  1.012387
4428.482439  1.014353
4429.105246  1.016087
4429.728053  1.014236
4430.35086  1.009219
4430.973667  1.006294
4431.596474  1.005964
4432.219281  1.006616
4432.842088  1.010442
4433.464895  1.002761
4434.087702  0.9839941
4434.710509  0.9834558
4435.333316  0.9933944
4435.956123  0.9988576
4436.57893  0.9944765
4437.201737  0.9938608
4437.824544  0.996861
4438.447351  0.9979883
4439.070158  1.003936
4439.692965  1.007858
4440.315772  1.005121
4440.938579  0.9991606
4441.561386  0.9929293
4442.184193  0.9916965
4442.807  0.996787
4443.429807  0.9980924
4444.052614  0.9881116
4444.675421  0.9736657
4445.298228  0.9795935
4445.921035  0.9851683
4446.543842  0.9818477
4447.166649  0.986816
4447.789456  0.9881161
4448.412263  0.985911
4449.03507  0.9866278
4449.657877  0.9824196
4450.280684  0.9836763
4450.903491  0.9898536
4451.526298  0.9784451
4452.149105  0.9651152
4452.771912  0.9630194
4453.394719  0.967898
4454.017526  0.9782982
4454.640333  0.9837258
4455.26314  0.9777725
4455.885947  0.9743218
4456.508754  0.9787211
4457.131561  0.9867243
4457.754368  0.9879351
4458.377175  0.98206
4458.999982  0.9765747
4459.622789  0.97745
4460.245596  0.9810907
4460.868403  0.9780688
4461.49121  0.9672008
4462.114017  0.9648742
4462.736824  0.9609511
4463.359631  0.9525834
4463.982438  0.9558002
4464.605245  0.9665197
4465.228052  0.9752685
4465.850859  0.9762182
4466.473666  0.9710729
4467.096473  0.964826
4467.71928  0.9597261
4468.342087  0.9526669
4468.964894  0.946323
4469.587701  0.9443411
4470.210508  0.9469203
4470.833315  0.9353645
4471.456122  0.9122549
4472.078929  0.8978899
4472.701736  0.9033911
4473.324543  0.9243072
4473.94735  0.9467385
4474.570157  0.9563143
4475.192964  0.9502339
4475.815771  0.9410154
4476.438578  0.9450636
4477.061385  0.9556051
4477.684192  0.9629437
4478.306999  0.9602576
4478.929806  0.9440139
4479.552613  0.9346151
4480.17542  0.9371445
4480.798227  0.9240315
4481.421034  0.8790765
4482.043841  0.8470876
4482.666648  0.8852459
4483.289455  0.9286511
4483.912262  0.943698
4484.535069  0.9392442
4485.157876  0.9356084
4485.780683  0.941425
4486.40349  0.9527467
4487.026297  0.9583516
4487.649104  0.9557261
4488.271911  0.9497725
4488.894718  0.946062
4489.517525  0.9366757
4490.140332  0.9319425
4490.763139  0.9385048
4491.385946  0.9382474
4492.008753  0.9321458
4492.63156  0.9304014
4493.254367  0.940634
4493.877174  0.9434392
4494.499981  0.9400123
4495.122788  0.9450251
4495.745595  0.9483679
4496.368402  0.9483247
4496.991209  0.9465694
4497.614016  0.9397595
4498.236823  0.9334464
4498.85963  0.9273034
4499.482437  0.9153497
4500.105244  0.9068573
4500.728051  0.9086488
4501.350858  0.9180599
4501.973665  0.9224351
4502.596472  0.9249427
4503.219279  0.9292647
4503.842086  0.9250419
4504.464893  0.9228748
4505.0877  0.9278409
4505.710507  0.9333019
4506.333314  0.9388009
4506.956121  0.9403749
4507.578928  0.9351251
4508.201735  0.9202538
4508.824542  0.908188
