3820.  0.1222861
3820.622807  0.09416507
3821.245614  0.1061108
3821.868421  0.1441592
3822.491228  0.184496
3823.114035  0.2017473
3823.736842  0.1812775
3824.359649  0.1476837
3824.982456  0.119355
3825.605263  0.1009063
3826.22807  0.1009729
3826.850877  0.1143859
3827.473684  0.1297521
3828.096491  0.1399684
3828.719298  0.1477249
3829.342105  0.1571138
3829.964912  0.1694991
3830.587719  0.1847615
3831.210526  0.1877327
3831.833333  0.1686495
3832.45614  0.1426951
3833.078947  0.1262743
3833.701754  0.1215634
3834.324561  0.1211621
3834.947368  0.1406292
3835.570175  0.1760865
3836.192982  0.2068457
3836.815789  0.2139787
3837.438596  0.1948056
3838.061403  0.1621395
3838.68421  0.1362009
3839.307017  0.1307255
3839.929824  0.1290828
3840.552631  0.1145735
3841.175438  0.1184336
3841.798245  0.1565029
3842.421052  0.210284
3843.043859  0.237202
3843.666666  0.2415409
3844.289473  0.2396261
3844.91228  0.2378698
3845.535087  0.2219031
3846.157894  0.2038312
3846.780701  0.2024677
3847.403508  0.2178533
3848.026315  0.2262845
3848.649122  0.2133247
3849.271929  0.1851131
3849.894736  0.1560275
3850.517543  0.1456549
3851.14035  0.1658181
3851.763157  0.2081739
3852.385964  0.2308464
3853.008771  0.2156239
3853.631578  0.1871085
3854.254385  0.1781714
3854.877192  0.1888883
3855.499999  0.194515
3856.122806  0.1750522
3856.745613  0.1621536
3857.36842  0.1699201
3857.991227  0.1679624
3858.614034  0.1501583
3859.236841  0.1255313
3859.859648  0.1085606
3860.482455  0.107129
3861.105262  0.1236247
3861.728069  0.1569392
3862.350876  0.2009786
3862.973683  0.2270188
3863.59649  0.2296415
3864.219297  0.2236521
3864.842104  0.2082818
3865.464911  0.1914789
3866.087718  0.1843474
3866.710525  0.1908449
3867.333332  0.191063
3867.956139  0.1808311
3868.578946  0.1739769
3869.201753  0.1668242
3869.82456  0.1548217
3870.447367  0.1394723
3871.070174  0.13058
3871.692981  0.1289008
3872.315788  0.1331873
3872.938595  0.1456869
3873.561402  0.1749052
3874.184209  0.2161092
3874.807016  0.2536842
3875.429823  0.2719556
3876.05263  0.2689681
3876.675437  0.2485137
3877.298244  0.2144018
3877.921051  0.170517
3878.543858  0.1485323
3879.166665  0.1739306
3879.789472  0.209457
3880.412279  0.2148937
3881.035086  0.182835
3881.657893  0.1475292
3882.2807  0.1262153
3882.903507  0.1579198
3883.526314  0.2626744
3884.149121  0.3558934
3884.771928  0.3666329
3885.394735  0.2920806
3886.017542  0.2073136
3886.640349  0.1706022
3887.263156  0.1987525
3887.885963  0.2592964
3888.50877  0.2774906
3889.131577  0.2725007
3889.754384  0.2941236
3890.377191  0.329285
3890.999998  0.3653556
3891.622805  0.4004884
3892.245612  0.4366707
3892.868419  0.4453879
3893.491226  0.4367201
3894.114033  0.4281224
3894.73684  0.3914001
3895.359647  0.3339832
3895.982454  0.3094952
3896.605261  0.3714726
3897.228068  0.41927
3897.850875  0.4118625
3898.473682  0.3816682
3899.096489  0.3483425
3899.719296  0.3223032
3900.342103  0.3252809
3900.96491  0.3833163
3901.587717  0.4242604
3902.210524  0.3988701
3902.833331  0.3351725
3903.456138  0.3360583
3904.078945  0.3808762
3904.701752  0.3901906
3905.324559  0.3304104
3905.947366  0.2714283
3906.570173  0.2680553
3907.19298  0.3105709
3907.815787  0.3523891
3908.438594  0.3893638
3909.061401  0.4243905
3909.684208  0.4223515
3910.307015  0.4018904
3910.929822  0.3969291
3911.552629  0.4227459
3912.175436  0.454744
3912.798243  0.4612053
3913.42105  0.4363347
3914.043857  0.4211051
3914.666664  0.4269199
3915.289471  0.4304796
3915.912278  0.3994719
3916.535085  0.3713048
3917.157892  0.3733403
3917.780699  0.3947719
3918.403506  0.3916784
3919.026313  0.3714955
3919.64912  0.3433714
3920.271927  0.2884921
3920.894734  0.2468559
3921.517541  0.2449121
3922.140348  0.2695386
3922.763155  0.2769078
3923.385962  0.2894734
3924.008769  0.3260928
3924.631576  0.3406422
3925.254383  0.3206571
3925.87719  0.2885428
3926.499997  0.2736687
3927.122804  0.253602
3927.745611  0.216621
3928.368418  0.1749489
3928.991225  0.1557428
3929.614032  0.1429354
3930.236839  0.1235901
3930.859646  0.1068397
3931.482453  0.09468711
3932.10526  0.08152337
3932.728067  0.06392781
3933.350874  0.0518441
3933.973681  0.04819448
3934.596488  0.05209392
3935.219295  0.06268986
3935.842102  0.08065256
3936.464909  0.1034161
3937.087716  0.1268423
3937.710523  0.1502219
3938.33333  0.1750236
3938.956137  0.2043509
3939.578944  0.2386616
3940.201751  0.256076
3940.824558  0.2525733
3941.447365  0.2470053
3942.070172  0.2581069
3942.692979  0.267049
3943.315786  0.2516472
3943.938593  0.2237368
3944.5614  0.2199967
3945.184207  0.2653541
3945.807014  0.3469689
3946.429821  0.4029254
3947.052628  0.4035767
3947.675435  0.3665777
3948.298242  0.339887
3948.921049  0.3469803
3949.543856  0.3869105
3950.166663  0.440206
3950.78947  0.4820772
3951.412277  0.4801233
3952.035084  0.4235465
3952.657891  0.3545218
3953.280698  0.3535039
3953.903505  0.4351095
3954.526312  0.5138696
3955.149119  0.5198149
3955.771926  0.4605496
3956.394733  0.3993773
3957.01754  0.3848959
3957.640347  0.4004258
3958.263154  0.4193715
3958.885961  0.4456531
3959.508768  0.466254
3960.131575  0.4491094
3960.754382  0.3718633
3961.377189  0.2736184
3961.999996  0.2124544
3962.622803  0.2112074
3963.24561  0.2276604
3963.868417  0.2322425
3964.491224  0.2194493
3965.114031  0.1993945
3965.736838  0.1671049
3966.359645  0.1311134
3966.982452  0.102679
3967.605259  0.07930829
3968.228066  0.06216911
3968.850873  0.05556497
3969.47368  0.06426825
3970.096487  0.08795687
3970.719294  0.1179881
3971.342101  0.145243
3971.964908  0.170874
3972.587715  0.1967988
3973.210522  0.2219682
3973.833329  0.2443188
3974.456136  0.2789133
3975.078943  0.3254495
3975.70175  0.3648543
3976.324557  0.3742405
3976.947364  0.3856644
3977.570171  0.4214277
3978.192978  0.4521801
3978.815785  0.4773418
3979.438592  0.5095237
3980.061399  0.5514124
3980.684206  0.5649693
3981.307013  0.5331172
3981.92982  0.4831018
3982.552627  0.4747456
3983.175434  0.4825269
3983.798241  0.4852206
3984.421048  0.4976805
3985.043855  0.5320036
3985.666662  0.5629181
3986.289469  0.5618735
3986.912276  0.5446375
3987.535083  0.5724036
3988.15789  0.6370289
3988.780697  0.6494938
3989.403504  0.5931374
3990.026311  0.53723
3990.649118  0.5481064
3991.271925  0.57691
3991.894732  0.5946201
3992.517539  0.6034943
3993.140346  0.6197721
3993.763153  0.6135969
3994.38596  0.5889664
3995.008767  0.5766245
3995.631574  0.5783001
3996.254381  0.5702961
3996.877188  0.5422758
3997.499995  0.5207406
3998.122802  0.5222324
3998.745609  0.565142
3999.368416  0.6468869
3999.991223  0.6973044
4000.61403  0.6882952
4001.236837  0.6510919
4001.859644  0.6537118
4002.482451  0.6920972
4003.105258  0.7369726
4003.728065  0.7532364
4004.350872  0.6777269
4004.973679  0.5430037
4005.596486  0.4436834
4006.219293  0.4523667
4006.8421  0.5263926
4007.464907  0.6023276
4008.087714  0.6546167
4008.710521  0.6738175
4009.333328  0.6754159
4009.956135  0.679993
4010.578942  0.6848527
4011.201749  0.6759187
4011.824556  0.6605874
4012.447363  0.668707
4013.07017  0.6865294
4013.692977  0.690779
4014.315784  0.6813175
4014.938591  0.7038258
4015.561398  0.7443816
4016.184205  0.7545937
4016.807012  0.7022702
4017.429819  0.6421601
4018.052626  0.6339439
4018.675433  0.6868288
4019.29824  0.7345188
4019.921047  0.7335538
4020.543854  0.6950569
4021.166661  0.6777553
4021.789468  0.6746899
4022.412275  0.6801581
4023.035082  0.6997855
4023.657889  0.6915374
4024.280696  0.6532222
4024.903503  0.624292
4025.52631  0.6522399
4026.149117  0.6976473
4026.771924  0.7249039
4027.394731  0.7465011
4028.017538  0.780532
4028.640345  0.8173527
4029.263152  0.8141342
4029.885959  0.7149289
4030.508766  0.5848163
4031.131573  0.5162441
4031.75438  0.5350106
4032.377187  0.5419335
4032.999994  0.514869
4033.622801  0.5059655
4034.245608  0.5235068
4034.868415  0.5521291
4035.491222  0.5858807
4036.114029  0.6428266
4036.736836  0.715271
4037.359643  0.7753518
4037.98245  0.7962463
4038.605257  0.7872683
4039.228064  0.7608613
4039.850871  0.7225986
4040.473678  0.673104
4041.096485  0.6592578
4041.719292  0.6997368
4042.342099  0.7566883
4042.964906  0.7627928
4043.587713  0.6989371
4044.21052  0.5864841
4044.833327  0.4533942
4045.456134  0.3419224
4046.078941  0.3132299
4046.701748  0.4111587
4047.324555  0.5633697
4047.947362  0.6750319
4048.570169  0.7011622
4049.192976  0.6929604
4049.815783  0.7051605
4050.43859  0.7438489
4051.061397  0.7608657
4051.684204  0.7390328
4052.307011  0.6999967
4052.929818  0.677575
4053.552625  0.671101
4054.175432  0.6417974
4054.798239  0.589507
4055.421046  0.5830459
4056.043853  0.6155726
4056.66666  0.6285886
4057.289467  0.577494
4057.912274  0.5257123
4058.535081  0.5200722
4059.157888  0.5676183
4059.780695  0.6407989
4060.403502  0.7025497
4061.026309  0.7283214
4061.649116  0.7082205
4062.271923  0.628872
4062.89473  0.4981743
4063.517537  0.3759836
4064.140344  0.3752834
4064.763151  0.4897173
4065.385958  0.6178284
4066.008765  0.6464177
4066.631572  0.599063
4067.254379  0.5599151
4067.877186  0.5924755
4068.499993  0.6710613
4069.1228  0.7506615
4069.745607  0.7856494
4070.368414  0.7455688
4070.991221  0.6140311
4071.614028  0.486301
4072.236835  0.4865208
4072.859642  0.6005653
4073.482449  0.7184365
4074.105256  0.7532835
4074.728063  0.719419
4075.35087  0.652272
4075.973677  0.573195
4076.596484  0.4920579
4077.219291  0.4413482
4077.842098  0.4568086
4078.464905  0.5322648
4079.087712  0.6033973
4079.710519  0.6606749
4080.333326  0.7237675
4080.956133  0.8000531
4081.57894  0.8278415
4082.201747  0.7891492
4082.824554  0.718818
4083.447361  0.6750717
4084.070168  0.6628752
4084.692975  0.661729
4085.315782  0.657191
4085.938589  0.666605
4086.561396  0.7023583
4087.184203  0.761404
4087.80701  0.8259903
4088.429817  0.8676999
4089.052624  0.8683204
4089.675431  0.8350626
4090.298238  0.8001605
4090.921045  0.7889712
4091.543852  0.7906152
4092.166659  0.7397752
4092.789466  0.7176403
4093.412273  0.7767296
4094.03508  0.8214802
4094.657887  0.7852737
4095.280694  0.6926813
4095.903501  0.6236623
4096.526308  0.5985786
4097.149115  0.618177
4097.771922  0.6601386
4098.394729  0.6844867
4099.017536  0.7017655
4099.640343  0.696575
4100.26315  0.632383
4100.885957  0.5431538
4101.508764  0.4991479
4102.131571  0.5381581
4102.754378  0.6112229
4103.377185  0.6621382
4103.999992  0.6668823
4104.622799  0.6513948
4105.245606  0.6863254
4105.868413  0.7512164
4106.49122  0.7799225
4107.114027  0.7695543
4107.736834  0.7505444
4108.359641  0.7392951
4108.982448  0.7191717
4109.605255  0.6794049
4110.228062  0.6450619
4110.850869  0.6431369
4111.473676  0.6414915
4112.096483  0.6431792
4112.71929  0.6682894
4113.342097  0.7213032
4113.964904  0.7539737
4114.587711  0.7554788
4115.210518  0.7536588
4115.833325  0.7479256
4116.456132  0.7526873
4117.078939  0.7632913
4117.701746  0.7345123
4118.324553  0.6561647
4118.94736  0.5878543
4119.570167  0.607137
4120.192974  0.6667859
4120.815781  0.7040346
4121.438588  0.6956988
4122.061395  0.6792108
4122.684202  0.6565623
4123.307009  0.6384569
4123.929816  0.6554545
4124.552623  0.7134166
4125.17543  0.7531739
4125.798237  0.7292156
4126.421044  0.7087725
4127.043851  0.683949
4127.666658  0.651921
4128.289465  0.6504276
4128.912272  0.6488187
4129.535079  0.6336848
4130.157886  0.6226502
4130.780693  0.6405913
4131.4035  0.619469
4132.026307  0.5432354
4132.649114  0.518522
4133.271921  0.5392993
4133.894728  0.5555417
4134.517535  0.5499318
4135.140342  0.6153188
4135.763149  0.7098751
4136.385956  0.7448856
4137.008763  0.7102266
4137.63157  0.6835569
4138.254377  0.7006732
4138.877184  0.725115
4139.499991  0.7298164
4140.122798  0.7270443
4140.745605  0.7281017
4141.368412  0.6987702
4141.991219  0.6142712
4142.614026  0.4947288
4143.236833  0.4036334
4143.85964  0.3935574
4144.482447  0.4669831
4145.105254  0.5735438
4145.728061  0.6364748
4146.350868  0.6552136
4146.973675  0.6593816
4147.596482  0.6645167
4148.219289  0.6701033
4148.842096  0.6462461
4149.464903  0.5819257
4150.08771  0.5500323
4150.710517  0.5656904
4151.333324  0.5919133
4151.956131  0.5844371
4152.578938  0.5922831
4153.201745  0.610992
4153.824552  0.594148
4154.447359  0.5822723
4155.070166  0.5922692
4155.692973  0.5996896
4156.31578  0.5623279
4156.938587  0.5531992
4157.561394  0.6006804
4158.184201  0.6555515
4158.807008  0.6993648
4159.429815  0.7162474
4160.052622  0.7001705
4160.675429  0.66415
4161.298236  0.6542609
4161.921043  0.6939611
4162.54385  0.7542359
4163.166657  0.7552418
4163.789464  0.7008934
4164.412271  0.6533098
4165.035078  0.6464278
4165.657885  0.6687527
4166.280692  0.6712078
4166.903499  0.6126419
4167.526306  0.5759531
4168.149113  0.6028433
4168.77192  0.6602842
4169.394727  0.684652
4170.017534  0.6952519
4170.640341  0.7070526
4171.263148  0.6726606
4171.885955  0.580726
4172.508762  0.4866329
4173.131569  0.4655958
4173.754376  0.5095466
4174.377183  0.5647933
4174.99999  0.5926907
4175.622797  0.608338
4176.245604  0.613167
4176.868411  0.5937917
4177.491218  0.5485582
4178.114025  0.5410272
4178.736832  0.5732744
4179.359639  0.6075726
4179.982446  0.6221691
4180.605253  0.6120229
4181.22806  0.5905621
4181.850867  0.5798911
4182.473674  0.5932853
4183.096481  0.6207605
4183.719288  0.6525112
4184.342095  0.7050707
4184.964902  0.76308
4185.587709  0.7781478
4186.210516  0.7055385
4186.833323  0.6033851
4187.45613  0.553698
4188.078937  0.5922337
4188.701744  0.655121
4189.324551  0.6863194
4189.947358  0.6749846
4190.570165  0.6566666
4191.192972  0.6310786
4191.815779  0.6343094
4192.438586  0.6990515
4193.061393  0.745333
4193.6842  0.7457875
4194.307007  0.709419
4194.929814  0.642562
4195.552621  0.5744698
4196.175428  0.5335761
4196.798235  0.5310104
4197.421042  0.5494692
4198.043849  0.5564268
4198.666656  0.5519769
4199.289463  0.5952637
4199.91227  0.6398077
4200.535077  0.6367446
4201.157884  0.5917025
4201.780691  0.5403519
4202.403498  0.5387701
4203.026305  0.6019155
4203.649112  0.6520454
4204.271919  0.6466769
4204.894726  0.6229237
4205.517533  0.660992
4206.14034  0.70313
4206.763147  0.7241919
4207.385954  0.7446797
4208.008761  0.7661512
4208.631568  0.7685667
4209.254375  0.7399172
4209.877182  0.6989547
4210.499989  0.6820312
4211.122796  0.699776
4211.745603  0.7305024
4212.36841  0.7411391
4212.991217  0.7221053
4213.614024  0.6809416
4214.236831  0.6272841
4214.859638  0.5356117
4215.482445  0.4699557
4216.105252  0.5395314
4216.728059  0.6871027
4217.350866  0.8149596
4217.973673  0.8678856
4218.59648  0.8809794
4219.219287  0.8759555
4219.842094  0.8797932
4220.464901  0.9142337
4221.087708  0.9346208
4221.710515  0.901026
4222.333322  0.8175194
4222.956129  0.7401059
4223.578936  0.6863092
4224.201743  0.6445964
4224.82455  0.5909231
4225.447357  0.491556
4226.070164  0.3604023
4226.692971  0.2715629
4227.315778  0.3344642
4227.938585  0.5338801
4228.561392  0.7440795
4229.184199  0.819618
4229.807006  0.8195919
4230.429813  0.832192
4231.05262  0.875963
4231.675427  0.8718301
4232.298234  0.8009752
4232.921041  0.7161828
4233.543848  0.702297
4234.166655  0.7561737
4234.789462  0.7889044
4235.412269  0.7174342
4236.035076  0.6335126
4236.657883  0.617559
4237.28069  0.6706417
4237.903497  0.7099734
4238.526304  0.7202061
4239.149111  0.7154031
4239.771918  0.716254
4240.394725  0.7569749
4241.017532  0.8265401
4241.640339  0.8685697
4242.263146  0.8135818
4242.885953  0.7538502
4243.50876  0.7830333
4244.131567  0.8859074
4244.754374  0.9479727
4245.377181  0.9372693
4245.999988  0.8952915
4246.622795  0.8298767
4247.245602  0.7560522
4247.868409  0.6996065
4248.491216  0.6871606
4249.114023  0.6725
4249.73683  0.6301316
4250.359637  0.5902745
4250.982444  0.6327187
4251.605251  0.7261504
4252.228058  0.7936809
4252.850865  0.8032098
4253.473672  0.7444965
4254.096479  0.6642694
4254.719286  0.6312903
4255.342093  0.64891
4255.9649  0.7242458
4256.587707  0.8369534
4257.210514  0.9063869
4257.833321  0.8550846
4258.456128  0.7320006
4259.078935  0.6712884
4259.701742  0.6178368
4260.324549  0.5672492
4260.947356  0.5657235
4261.570163  0.6358314
4262.19297  0.7546343
4262.815777  0.8644736
4263.438584  0.9073339
4264.061391  0.890112
4264.684198  0.8755115
4265.307005  0.913082
4265.929812  0.9516959
4266.552619  0.9299355
4267.175426  0.8444351
4267.798233  0.7706621
4268.42104  0.7491608
4269.043847  0.7533126
4269.666654  0.7231352
4270.289461  0.6525958
4270.912268  0.5356542
4271.535075  0.4327486
4272.157882  0.4742247
4272.780689  0.5831449
4273.403496  0.6392915
4274.026303  0.5993534
4274.64911  0.5591456
4275.271917  0.6004862
4275.894724  0.7142138
4276.517531  0.792471
4277.140338  0.8393315
4277.763145  0.8834693
4278.385952  0.9146973
4279.008759  0.8604795
4279.631566  0.7312577
4280.254373  0.6257316
4280.87718  0.6653429
4281.499987  0.743811
4282.122794  0.7672514
4282.745601  0.7791023
4283.368408  0.8123942
4283.991215  0.8192773
4284.614022  0.7454116
4285.236829  0.6650286
4285.859636  0.6336756
4286.482443  0.6660073
4287.10525  0.7317135
4287.728057  0.772321
4288.350864  0.7360315
4288.973671  0.6260248
4289.596478  0.5475219
4290.219285  0.5454623
4290.842092  0.59424
4291.464899  0.6385588
4292.087706  0.7223696
4292.710513  0.8134201
4293.33332  0.8110821
4293.956127  0.7308979
4294.578934  0.6762233
4295.201741  0.7048876
4295.824548  0.727902
4296.447355  0.6940334
4297.070162  0.6355219
4297.692969  0.6186393
4298.315776  0.5678667
4298.938583  0.4732289
4299.56139  0.3955504
4300.184197  0.4001186
4300.807004  0.4715853
4301.429811  0.5352127
4302.052618  0.521194
4302.675425  0.4858558
4303.298232  0.4846069
4303.921039  0.5167702
4304.543846  0.514935
4305.166653  0.490074
4305.78946  0.4813808
4306.412267  0.4952718
4307.035074  0.4578452
4307.657881  0.3839696
4308.280688  0.3541295
4308.903495  0.3723155
4309.526302  0.4072182
4310.149109  0.4366038
4310.771916  0.4717467
4311.394723  0.4984804
4312.01753  0.5316119
4312.640337  0.5989329
4313.263144  0.6669583
4313.885951  0.6901268
4314.508758  0.6978431
4315.131565  0.8240832
4315.754372  1.004744
4316.377179  1.126709
4316.999986  1.140581
4317.622793  1.105646
4318.2456  1.071995
4318.868407  1.057144
4319.491214  1.056739
4320.114021  1.011525
4320.736828  0.9412248
4321.359635  0.944084
4321.982442  0.9503183
4322.605249  0.8739135
4323.228056  0.7142563
4323.850863  0.6085868
4324.47367  0.5387685
4325.096477  0.4697781
4325.719284  0.4549641
4326.342091  0.5598254
4326.964898  0.7459626
4327.587705  0.9085053
4328.210512  1.013551
4328.833319  1.043462
4329.456126  1.001906
4330.078933  0.9225996
4330.70174  0.8933155
4331.324547  0.933987
4331.947354  0.9854754
4332.570161  0.9964483
4333.192968  0.9840184
4333.815775  0.991366
4334.438582  1.030517
4335.061389  1.103063
4335.684196  1.140992
4336.307003  1.048085
4336.92981  0.868503
4337.552617  0.7311355
4338.175424  0.7136961
4338.798231  0.7222428
4339.421038  0.6850051
4340.043845  0.6214296
4340.666652  0.6280215
4341.289459  0.7384924
4341.912266  0.8858601
4342.535073  0.9627593
4343.15788  0.9263678
4343.780687  0.8809532
4344.403494  0.9221073
4345.026301  1.021473
4345.649108  1.054077
4346.271915  0.9949503
4346.894722  0.9254054
4347.517529  0.9159507
4348.140336  0.9922464
4348.763143  1.106807
4349.38595  1.155261
4350.008757  1.068839
4350.631564  0.8809525
4351.254371  0.7035498
4351.877178  0.6316491
4352.499985  0.6955991
4353.122792  0.8305763
4353.745599  0.9029672
4354.368406  0.9040748
4354.991213  0.8831117
4355.61402  0.8908204
4356.236827  0.9529994
4356.859634  1.023049
4357.482441  1.025813
4358.105248  0.9320534
4358.728055  0.8305684
4359.350862  0.8045517
4359.973669  0.8594519
4360.596476  0.968473
4361.219283  1.058324
4361.84209  1.064054
4362.464897  1.
4363.087704  0.9493403
4363.710511  0.9818813
4364.333318  1.087174
4364.956125  1.156431
4365.578932  1.130352
4366.201739  1.028795
4366.824546  0.9057541
4367.447353  0.8383452
4368.07016  0.8619205
4368.692967  0.9305535
4369.315774  0.9562852
4369.938581  0.929203
4370.561388  0.9120767
4371.184195  0.9316023
4371.807002  0.9564411
4372.429809  0.9394438
4373.052616  0.8720458
4373.675423  0.7910973
4374.29823  0.7246863
4374.921037  0.6848357
4375.543844  0.7284272
4376.166651  0.8297785
4376.789458  0.9246575
4377.412265  0.9910635
4378.035072  1.020996
4378.657879  1.012569
4379.280686  0.971134
4379.903493  0.9279344
4380.5263  0.9168309
4381.149107  0.9260775
4381.771914  0.8634987
4382.394721  0.6847653
4383.017528  0.4653714
4383.640335  0.3683611
4384.263142  0.4048324
4384.885949  0.5486245
4385.508756  0.7452587
4386.131563  0.8761939
4386.75437  0.9015646
4387.377177  0.8665903
4387.999984  0.85324
4388.622791  0.8431626
4389.245598  0.8120109
4389.868405  0.7709611
4390.491212  0.7626334
4391.114019  0.7951811
4391.736826  0.8497307
4392.359633  0.900401
4392.98244  0.9128084
4393.605247  0.8842584
4394.228054  0.8444949
4394.850861  0.8123826
4395.473668  0.8421328
4396.096475  0.9518781
4396.719282  1.056181
4397.342089  1.082235
4397.964896  1.037389
4398.587703  0.9916307
4399.21051  0.9268041
4399.833317  0.8393258
4400.456124  0.7785925
4401.078931  0.8427547
4401.701738  0.9859253
4402.324545  1.077873
4402.947352  1.006584
4403.570159  0.8065098
4404.192966  0.6160077
4404.815773  0.5737769
4405.43858  0.6905159
4406.061387  0.8373768
4406.684194  0.8893163
4407.307001  0.8396541
4407.929808  0.7657536
4408.552615  0.7645736
4409.175422  0.8717449
4409.798229  0.9869699
4410.421036  1.057418
4411.043843  1.084031
4411.66665  1.092484
4412.289457  1.120806
4412.912264  1.139339
4413.535071  1.069596
4414.157878  0.8956291
4414.780685  0.7525885
4415.403492  0.7631495
4416.026299  0.860418
4416.649106  0.9334959
4417.271913  0.9554669
4417.89472  0.9966316
4418.517527  1.06485
4419.140334  1.118708
4419.763141  1.117672
4420.385948  1.077247
4421.008755  1.00693
4421.631562  0.9240676
4422.254369  0.8635249
4422.877176  0.8753914
4423.499983  0.9465664
4424.12279  1.012285
4424.745597  1.0185
4425.368404  1.002133
4425.991211  0.9996347
4426.614018  0.9895552
4427.236825  0.9971272
4427.859632  1.038534
4428.482439  1.080546
4429.105246  1.012523
4429.728053  0.8946517
4430.35086  0.8539496
4430.973667  0.9334791
4431.596474  1.037115
4432.219281  1.071332
4432.842088  1.020528
4433.464895  0.9444259
4434.087702  0.8657326
4434.710509  0.7976789
4435.333316  0.7906351
4435.956123  0.860969
4436.57893  0.968865
4437.201737  1.048406
4437.824544  1.108114
4438.447351  1.155243
4439.070158  1.172096
4439.692965  1.119871
4440.315772  1.033201
4440.938579  0.9556345
4441.561386  0.8993219
4442.184193  0.8743814
4442.807  0.8772522
4443.429807  0.9051046
4444.052614  0.9734813
4444.675421  1.071768
4445.298228  1.15423
4445.921035  1.160603
4446.543842  1.096505
4447.166649  1.052645
4447.789456  1.1066
4448.412263  1.156839
4449.03507  1.128192
4449.657877  1.045069
4450.280684  1.021601
4450.903491  1.057242
4451.526298  1.096278
4452.149105  1.090979
4452.771912  1.066284
4453.394719  1.015792
4454.017526  0.9343234
4454.640333  0.8659143
4455.26314  0.8586701
4455.885947  0.9059744
4456.508754  0.94767
4457.131561  0.9593298
4457.754368  0.9345174
4458.377175  0.8928158
4458.999982  0.8783823
4459.622789  0.8980229
4460.245596  0.9005693
4460.868403  0.8262896
4461.49121  0.7678914
4462.114017  0.8079796
4462.736824  0.9398003
4463.359631  1.049143
4463.982438  1.06774
4464.605245  1.025055
4465.228052  1.019548
4465.850859  1.019505
4466.473666  1.019199
4467.096473  1.041157
4467.71928  1.041181
4468.342087  0.9965195
4468.964894  0.9399403
4469.587701  0.9493301
4470.210508  0.9870332
4470.833315  1.018685
4471.456122  1.049112
4472.078929  1.079548
4472.701736  1.126748
4473.324543  1.182432
4473.94735  1.190677
4474.570157  1.161255
4475.192964  1.142131
4475.815771  1.174438
4476.438578  1.237756
4477.061385  1.283146
4477.684192  1.275229
4478.306999  1.223708
4478.929806  1.124193
4479.552613  1.01305
4480.17542  0.9612624
4480.798227  0.9462143
4481.421034  0.9428557
4482.043841  0.9584853
4482.666648  1.03529
4483.289455  1.125244
4483.912262  1.181529
4484.535069  1.218906
4485.157876  1.244671
4485.780683  1.255381
4486.40349  1.239269
4487.026297  1.1846
4487.649104  1.110381
4488.271911  1.039267
4488.894718  0.9757853
4489.517525  0.6542794
4490.140332  0.
4490.763139  0.
4491.385946  0.
4492.008753  0.
4492.63156  0.
4493.254367  0.
4493.877174  0.
4494.499981  0.
4495.122788  0.
4495.745595  0.
4496.368402  0.
4496.991209  0.
4497.614016  0.
4498.236823  0.
4498.85963  0.
4499.482437  0.
4500.105244  0.
4500.728051  0.
4501.350858  0.
4501.973665  0.
4502.596472  0.
4503.219279  0.
4503.842086  0.
4504.464893  0.
4505.0877  0.
4505.710507  0.
4506.333314  0.
4506.956121  0.
4507.578928  0.
4508.201735  0.
4508.824542  0.
