3820.  0.07050973
3820.622807  0.05863682
3821.245614  0.06914463
3821.868421  0.09448371
3822.491228  0.1170074
3823.114035  0.119463
3823.736842  0.1042846
3824.359649  0.08589509
3824.982456  0.07363056
3825.605263  0.06686027
3826.22807  0.06703873
3826.850877  0.07935274
3827.473684  0.08946246
3828.096491  0.09421376
3828.719298  0.09982289
3829.342105  0.1051117
3829.964912  0.1138251
3830.587719  0.1240746
3831.210526  0.1243153
3831.833333  0.1095547
3832.45614  0.09074225
3833.078947  0.0828364
3833.701754  0.07928877
3834.324561  0.0833355
3834.947368  0.1005012
3835.570175  0.1269209
3836.192982  0.1443097
3836.815789  0.1416907
3837.438596  0.1231229
3838.061403  0.09953022
3838.68421  0.08856834
3839.307017  0.09294476
3839.929824  0.08717093
3840.552631  0.07511032
3841.175438  0.07643392
3841.798245  0.1046634
3842.421052  0.1379289
3843.043859  0.1568409
3843.666666  0.1588692
3844.289473  0.1588123
3844.91228  0.1533939
3845.535087  0.1414249
3846.157894  0.1341905
3846.780701  0.1355457
3847.403508  0.1414376
3848.026315  0.1432916
3848.649122  0.1344425
3849.271929  0.1161682
3849.894736  0.09862849
3850.517543  0.09677963
3851.14035  0.1184089
3851.763157  0.1462681
3852.385964  0.1527916
3853.008771  0.1382851
3853.631578  0.122209
3854.254385  0.1208693
3854.877192  0.1286513
3855.499999  0.1253549
3856.122806  0.1108451
3856.745613  0.1050656
3857.36842  0.1091391
3857.991227  0.108904
3858.614034  0.09438596
3859.236841  0.07848039
3859.859648  0.06997659
3860.482455  0.07300211
3861.105262  0.08822305
3861.728069  0.1158608
3862.350876  0.1427925
3862.973683  0.1543996
3863.59649  0.1534852
3864.219297  0.1455694
3864.842104  0.1346139
3865.464911  0.1229401
3866.087718  0.1230754
3866.710525  0.1305518
3867.333332  0.1308202
3867.956139  0.1247137
3868.578946  0.1201039
3869.201753  0.1180191
3869.82456  0.1074585
3870.447367  0.09694648
3871.070174  0.09403852
3871.692981  0.09733465
3872.315788  0.09885582
3872.938595  0.1057464
3873.561402  0.1289196
3874.184209  0.1657607
3874.807016  0.1915952
3875.429823  0.1955158
3876.05263  0.1880908
3876.675437  0.1702099
3877.298244  0.1406428
3877.921051  0.1078607
3878.543858  0.09810349
3879.166665  0.1190355
3879.789472  0.1491721
3880.412279  0.1522247
3881.035086  0.1324623
3881.657893  0.1051061
3882.2807  0.09399913
3882.903507  0.1342867
3883.526314  0.2140392
3884.149121  0.2759916
3884.771928  0.255639
3885.394735  0.1864236
3886.017542  0.1229739
3886.640349  0.1013841
3887.263156  0.1285682
3887.885963  0.1660179
3888.50877  0.1858776
3889.131577  0.2095
3889.754384  0.2439421
3890.377191  0.2791643
3890.999998  0.3027164
3891.622805  0.3331415
3892.245612  0.3561509
3892.868419  0.3547485
3893.491226  0.3454333
3894.114033  0.332361
3894.73684  0.3000645
3895.359647  0.2408055
3895.982454  0.2337648
3896.605261  0.2774055
3897.228068  0.3101705
3897.850875  0.295861
3898.473682  0.2659056
3899.096489  0.2427234
3899.719296  0.2121821
3900.342103  0.2284772
3900.96491  0.2890091
3901.587717  0.3314169
3902.210524  0.2962589
3902.833331  0.241661
3903.456138  0.2387641
3904.078945  0.2778339
3904.701752  0.2793659
3905.324559  0.2319763
3905.947366  0.197146
3906.570173  0.2086621
3907.19298  0.2520511
3907.815787  0.2964079
3908.438594  0.3298718
3909.061401  0.3479999
3909.684208  0.3477699
3910.307015  0.3316774
3910.929822  0.3255216
3911.552629  0.335976
3912.175436  0.3517029
3912.798243  0.359039
3913.42105  0.3540483
3914.043857  0.3497891
3914.666664  0.3622583
3915.289471  0.3624833
3915.912278  0.334281
3916.535085  0.2956892
3917.157892  0.2961673
3917.780699  0.3106619
3918.403506  0.3052425
3919.026313  0.282683
3919.64912  0.243716
3920.271927  0.2002292
3920.894734  0.1726078
3921.517541  0.1803221
3922.140348  0.1921966
3922.763155  0.1898756
3923.385962  0.2069395
3924.008769  0.2385912
3924.631576  0.2569253
3925.254383  0.2415965
3925.87719  0.2236975
3926.499997  0.2121925
3927.122804  0.1946803
3927.745611  0.1579295
3928.368418  0.1294882
3928.991225  0.1196153
3929.614032  0.1083548
3930.236839  0.09152114
3930.859646  0.07890113
3931.482453  0.07492942
3932.10526  0.06124524
3932.728067  0.04694272
3933.350874  0.04081753
3933.973681  0.03841124
3934.596488  0.04287304
3935.219295  0.05379262
3935.842102  0.06861489
3936.464909  0.08835793
3937.087716  0.1082074
3937.710523  0.1276334
3938.33333  0.1534227
3938.956137  0.1808468
3939.578944  0.2023071
3940.201751  0.2115306
3940.824558  0.2046207
3941.447365  0.1995981
3942.070172  0.206655
3942.692979  0.2069612
3943.315786  0.1819427
3943.938593  0.1483054
3944.5614  0.1487388
3945.184207  0.2013216
3945.807014  0.2773645
3946.429821  0.3269732
3947.052628  0.319748
3947.675435  0.2896761
3948.298242  0.2745024
3948.921049  0.2842251
3949.543856  0.3199798
3950.166663  0.3690078
3950.78947  0.4063583
3951.412277  0.4023737
3952.035084  0.3489434
3952.657891  0.2924427
3953.280698  0.3102822
3953.903505  0.3860842
3954.526312  0.4436904
3955.149119  0.4223538
3955.771926  0.3616577
3956.394733  0.3162393
3957.01754  0.3108471
3957.640347  0.324553
3958.263154  0.3410041
3958.885961  0.3569294
3959.508768  0.3657799
3960.131575  0.3245551
3960.754382  0.2391264
3961.377189  0.157647
3961.999996  0.1344113
3962.622803  0.152803
3963.24561  0.1767083
3963.868417  0.1843255
3964.491224  0.1780196
3965.114031  0.1598352
3965.736838  0.1319528
3966.359645  0.1023326
3966.982452  0.07649875
3967.605259  0.05735102
3968.228066  0.04608499
3968.850873  0.04406686
3969.47368  0.05360702
3970.096487  0.07488211
3970.719294  0.102199
3971.342101  0.1280623
3971.964908  0.1498542
3972.587715  0.1710336
3973.210522  0.1887993
3973.833329  0.2105353
3974.456136  0.2456077
3975.078943  0.2854421
3975.70175  0.3080526
3976.324557  0.3105462
3976.947364  0.3235558
3977.570171  0.3582014
3978.192978  0.3957126
3978.815785  0.4131087
3979.438592  0.4379556
3980.061399  0.4683464
3980.684206  0.4769648
3981.307013  0.4398836
3981.92982  0.411754
3982.552627  0.4183178
3983.175434  0.4274455
3983.798241  0.4193991
3984.421048  0.4200368
3985.043855  0.4530002
3985.666662  0.4830452
3986.289469  0.4785141
3986.912276  0.4656525
3987.535083  0.5085589
3988.15789  0.5596602
3988.780697  0.5502294
3989.403504  0.4703695
3990.026311  0.4243241
3990.649118  0.4439821
3991.271925  0.4895832
3991.894732  0.5003382
3992.517539  0.5147352
3993.140346  0.5367307
3993.763153  0.533519
3994.38596  0.5147883
3995.008767  0.5030789
3995.631574  0.5017962
3996.254381  0.4843181
3996.877188  0.4612426
3997.499995  0.4446404
3998.122802  0.4431809
3998.745609  0.4894025
3999.368416  0.5679431
3999.991223  0.6239301
4000.61403  0.6036955
4001.236837  0.5733249
4001.859644  0.5846549
4002.482451  0.6185213
4003.105258  0.649026
4003.728065  0.6370598
4004.350872  0.5566746
4004.973679  0.4249475
4005.596486  0.3546663
4006.219293  0.3945894
4006.8421  0.4678037
4007.464907  0.5347998
4008.087714  0.5770006
4008.710521  0.5933295
4009.333328  0.594457
4009.956135  0.5949209
4010.578942  0.5954508
4011.201749  0.5808107
4011.824556  0.5640985
4012.447363  0.5709324
4013.07017  0.6057695
4013.692977  0.6073691
4014.315784  0.6011912
4014.938591  0.6300103
4015.561398  0.6721285
4016.184205  0.6726958
4016.807012  0.6179541
4017.429819  0.5572883
4018.052626  0.562224
4018.675433  0.6256844
4019.29824  0.681665
4019.921047  0.6677141
4020.543854  0.6307298
4021.166661  0.6122376
4021.789468  0.5993937
4022.412275  0.6092053
4023.035082  0.6243058
4023.657889  0.6102459
4024.280696  0.5581057
4024.903503  0.5322543
4025.52631  0.5645186
4026.149117  0.6039519
4026.771924  0.620171
4027.394731  0.6369275
4028.017538  0.687134
4028.640345  0.7220124
4029.263152  0.6817009
4029.885959  0.5526343
4030.508766  0.4014314
4031.131573  0.3597511
4031.75438  0.4044315
4032.377187  0.3981748
4032.999994  0.3499745
4033.622801  0.321879
4034.245608  0.3480377
4034.868415  0.3865587
4035.491222  0.4456567
4036.114029  0.5302078
4036.736836  0.6169745
4037.359643  0.6734043
4037.98245  0.6886979
4038.605257  0.6753826
4039.228064  0.6528226
4039.850871  0.6139992
4040.473678  0.5700135
4041.096485  0.5611123
4041.719292  0.6015261
4042.342099  0.6502461
4042.964906  0.6438261
4043.587713  0.5544909
4044.21052  0.4272951
4044.833327  0.3092607
4045.456134  0.2122159
4046.078941  0.2000821
4046.701748  0.2916029
4047.324555  0.4351381
4047.947362  0.5360266
4048.570169  0.5698358
4049.192976  0.5758117
4049.815783  0.6116052
4050.43859  0.6516296
4051.061397  0.6622387
4051.684204  0.64105
4052.307011  0.6109731
4052.929818  0.6032593
4053.552625  0.6082498
4054.175432  0.5557058
4054.798239  0.4862215
4055.421046  0.4700341
4056.043853  0.5229833
4056.66666  0.526647
4057.289467  0.4644217
4057.912274  0.4100567
4058.535081  0.4184175
4059.157888  0.47317
4059.780695  0.5382942
4060.403502  0.5927193
4061.026309  0.6018859
4061.649116  0.5579695
4062.271923  0.4718266
4062.89473  0.3444217
4063.517537  0.2514286
4064.140344  0.2688594
4064.763151  0.3960173
4065.385958  0.5142053
4066.008765  0.5392124
4066.631572  0.4871648
4067.254379  0.4610917
4067.877186  0.5008004
4068.499993  0.5809121
4069.1228  0.649142
4069.745607  0.6676661
4070.368414  0.5991306
4070.991221  0.4428816
4071.614028  0.3261697
4072.236835  0.3501378
4072.859642  0.4972342
4073.482449  0.6086324
4074.105256  0.6358535
4074.728063  0.6053056
4075.35087  0.5582619
4075.973677  0.4818731
4076.596484  0.3972827
4077.219291  0.3556973
4077.842098  0.3914206
4078.464905  0.4662383
4079.087712  0.531571
4079.710519  0.5804051
4080.333326  0.6528385
4080.956133  0.7273083
4081.57894  0.7391906
4082.201747  0.6773007
4082.824554  0.6067897
4083.447361  0.5841711
4084.070168  0.5895349
4084.692975  0.5862069
4085.315782  0.5739594
4085.938589  0.585457
4086.561396  0.6299671
4087.184203  0.6893194
4087.80701  0.737101
4088.429817  0.7603603
4089.052624  0.7552795
4089.675431  0.718545
4090.298238  0.6610363
4090.921045  0.6649638
4091.543852  0.6685505
4092.166659  0.6030406
4092.789466  0.5922071
4093.412273  0.6578813
4094.03508  0.7112842
4094.657887  0.6390568
4095.280694  0.5399519
4095.903501  0.4833594
4096.526308  0.4706107
4097.149115  0.4982674
4097.771922  0.5282875
4098.394729  0.5447609
4099.017536  0.5735078
4099.640343  0.5735876
4100.26315  0.5182868
4100.885957  0.4358371
4101.508764  0.4169107
4102.131571  0.4671947
4102.754378  0.5314007
4103.377185  0.5541918
4103.999992  0.5331858
4104.622799  0.5189599
4105.245606  0.5658917
4105.868413  0.6379675
4106.49122  0.6818748
4107.114027  0.6729017
4107.736834  0.6392826
4108.359641  0.6197887
4108.982448  0.605442
4109.605255  0.5535242
4110.228062  0.519301
4110.850869  0.5080743
4111.473676  0.4921351
4112.096483  0.4835794
4112.71929  0.5190971
4113.342097  0.5815977
4113.964904  0.5940441
4114.587711  0.5933135
4115.210518  0.5958229
4115.833325  0.5914249
4116.456132  0.6047224
4117.078939  0.6186904
4117.701746  0.5920683
4118.324553  0.5034915
4118.94736  0.4535652
4119.570167  0.4851376
4120.192974  0.5443052
4120.815781  0.5665882
4121.438588  0.5514796
4122.061395  0.5286499
4122.684202  0.5077825
4123.307009  0.4918341
4123.929816  0.5125791
4124.552623  0.5946357
4125.17543  0.6235164
4125.798237  0.6009774
4126.421044  0.5874846
4127.043851  0.5680107
4127.666658  0.5491642
4128.289465  0.5403754
4128.912272  0.5373683
4129.535079  0.5077677
4130.157886  0.4858216
4130.780693  0.500451
4131.4035  0.4491417
4132.026307  0.3856985
4132.649114  0.384677
4133.271921  0.4250077
4133.894728  0.4272867
4134.517535  0.4236173
4135.140342  0.4982303
4135.763149  0.5791089
4136.385956  0.5974939
4137.008763  0.5588216
4137.63157  0.5499494
4138.254377  0.5563644
4138.877184  0.5550073
4139.499991  0.5526974
4140.122798  0.5646436
4140.745605  0.5780175
4141.368412  0.5558122
4141.991219  0.4631184
4142.614026  0.3416794
4143.236833  0.2597217
4143.85964  0.2623896
4144.482447  0.3398193
4145.105254  0.4315485
4145.728061  0.480409
4146.350868  0.493845
4146.973675  0.4940852
4147.596482  0.4945281
4148.219289  0.4881049
4148.842096  0.4594262
4149.464903  0.4181793
4150.08771  0.391937
4150.710517  0.3948707
4151.333324  0.3952915
4151.956131  0.3859737
4152.578938  0.4149006
4153.201745  0.440645
4153.824552  0.4364427
4154.447359  0.4196731
4155.070166  0.423191
4155.692973  0.4196724
4156.31578  0.3901365
4156.938587  0.3860371
4157.561394  0.4217289
4158.184201  0.489374
4158.807008  0.5634162
4159.429815  0.5884066
4160.052622  0.5629058
4160.675429  0.5254655
4161.298236  0.5093198
4161.921043  0.5441473
4162.54385  0.5993066
4163.166657  0.5974951
4163.789464  0.5466667
4164.412271  0.4952939
4165.035078  0.4843696
4165.657885  0.5019555
4166.280692  0.4816758
4166.903499  0.4182748
4167.526306  0.4044663
4168.149113  0.4569979
4168.77192  0.5193095
4169.394727  0.5336983
4170.017534  0.5548787
4170.640341  0.5796121
4171.263148  0.5604423
4171.885955  0.4635025
4172.508762  0.3745663
4173.131569  0.3586439
4173.754376  0.4032669
4174.377183  0.4498227
4174.99999  0.4719656
4175.622797  0.4777781
4176.245604  0.4855282
4176.868411  0.4670668
4177.491218  0.4304942
4178.114025  0.4298716
4178.736832  0.4642815
4179.359639  0.4868839
4179.982446  0.4652079
4180.605253  0.4456123
4181.22806  0.4428231
4181.850867  0.4565871
4182.473674  0.4869474
4183.096481  0.5178487
4183.719288  0.5556133
4184.342095  0.6139504
4184.964902  0.6775556
4185.587709  0.6785581
4186.210516  0.5877233
4186.833323  0.4707177
4187.45613  0.4256397
4188.078937  0.4747453
4188.701744  0.5569952
4189.324551  0.6014201
4189.947358  0.6027368
4190.570165  0.5770712
4191.192972  0.5211204
4191.815779  0.524428
4192.438586  0.5944678
4193.061393  0.6380402
4193.6842  0.6292725
4194.307007  0.5856602
4194.929814  0.5342408
4195.552621  0.4757731
4196.175428  0.4304523
4196.798235  0.4214744
4197.421042  0.4509754
4198.043849  0.45301
4198.666656  0.4498416
4199.289463  0.4943445
4199.91227  0.5360733
4200.535077  0.5358844
4201.157884  0.4854515
4201.780691  0.4187029
4202.403498  0.4326037
4203.026305  0.5120466
4203.649112  0.5598826
4204.271919  0.5518096
4204.894726  0.5525566
4205.517533  0.6003881
4206.14034  0.6343234
4206.763147  0.6466087
4207.385954  0.6536465
4208.008761  0.6676926
4208.631568  0.6668279
4209.254375  0.6281326
4209.877182  0.567063
4210.499989  0.5494621
4211.122796  0.5808722
4211.745603  0.6228862
4212.36841  0.6285936
4212.991217  0.5943308
4213.614024  0.5369343
4214.236831  0.4674433
4214.859638  0.3755971
4215.482445  0.350689
4216.105252  0.4598343
4216.728059  0.6608732
4217.350866  0.7968429
4217.973673  0.8365726
4218.59648  0.8473413
4219.219287  0.8297837
4219.842094  0.8261086
4220.464901  0.8537847
4221.087708  0.866888
4221.710515  0.821653
4222.333322  0.736423
4222.956129  0.6662166
4223.578936  0.6106253
4224.201743  0.5476869
4224.82455  0.4534828
4225.447357  0.3241161
4226.070164  0.1967698
4226.692971  0.1342266
4227.315778  0.1911744
4227.938585  0.3702973
4228.561392  0.5595267
4229.184199  0.655059
4229.807006  0.6984687
4230.429813  0.761303
4231.05262  0.8344907
4231.675427  0.8263763
4232.298234  0.7316842
4232.921041  0.6298884
4233.543848  0.6104293
4234.166655  0.674327
4234.789462  0.7007756
4235.412269  0.633644
4236.035076  0.5692628
4236.657883  0.581987
4237.28069  0.6450184
4237.903497  0.6788492
4238.526304  0.6826779
4239.149111  0.6683911
4239.771918  0.6646546
4240.394725  0.7077945
4241.017532  0.7727998
4241.640339  0.8046346
4242.263146  0.7740257
4242.885953  0.7448556
4243.50876  0.801643
4244.131567  0.9341822
4244.754374  0.9858053
4245.377181  0.9608173
4245.999988  0.8995766
4246.622795  0.8174742
4247.245602  0.7446764
4247.868409  0.702237
4248.491216  0.6853027
4249.114023  0.6568258
4249.73683  0.5692283
4250.359637  0.4750211
4250.982444  0.5085792
4251.605251  0.6147556
4252.228058  0.7082622
4252.850865  0.7244225
4253.473672  0.6245074
4254.096479  0.5033375
4254.719286  0.4729112
4255.342093  0.5573287
4255.9649  0.6920303
4256.587707  0.8193875
4257.210514  0.8941854
4257.833321  0.818212
4258.456128  0.6938829
4259.078935  0.6291002
4259.701742  0.5582452
4260.324549  0.4928018
4260.947356  0.4878184
4261.570163  0.5841021
4262.19297  0.7264695
4262.815777  0.8486216
4263.438584  0.9090906
4264.061391  0.909211
4264.684198  0.9001255
4265.307005  0.9169512
4265.929812  0.9413456
4266.552619  0.9135892
4267.175426  0.8298458
4267.798233  0.7430298
4268.42104  0.713115
4269.043847  0.7035734
4269.666654  0.6601927
4270.289461  0.5716711
4270.912268  0.4303747
4271.535075  0.3249086
4272.157882  0.3594863
4272.780689  0.4849291
4273.403496  0.5537933
4274.026303  0.497482
4274.64911  0.4309178
4275.271917  0.4798761
4275.894724  0.6197501
4276.517531  0.7224659
4277.140338  0.7924091
4277.763145  0.8612518
4278.385952  0.9169538
4279.008759  0.8766922
4279.631566  0.7425793
4280.254373  0.6271127
4280.87718  0.6565344
4281.499987  0.7211955
4282.122794  0.7337151
4282.745601  0.7114584
4283.368408  0.7633744
4283.991215  0.789273
4284.614022  0.7269298
4285.236829  0.6690418
4285.859636  0.6557422
4286.482443  0.6945146
4287.10525  0.7564302
4287.728057  0.7750079
4288.350864  0.6999722
4288.973671  0.5549301
4289.596478  0.4455712
4290.219285  0.4571011
4290.842092  0.5319956
4291.464899  0.5693622
4292.087706  0.6781745
4292.710513  0.7891692
4293.33332  0.7813302
4293.956127  0.6633125
4294.578934  0.6120753
4295.201741  0.6785365
4295.824548  0.737158
4296.447355  0.7154312
4297.070162  0.6624734
4297.692969  0.6343042
4298.315776  0.5654219
4298.938583  0.4537153
4299.56139  0.3664872
4300.184197  0.3858575
4300.807004  0.4761387
4301.429811  0.5410522
4302.052618  0.5197192
4302.675425  0.4769026
4303.298232  0.4868749
4303.921039  0.5403572
4304.543846  0.5394718
4305.166653  0.486021
4305.78946  0.4408801
4306.412267  0.4385564
4307.035074  0.3846978
4307.657881  0.3135665
4308.280688  0.2972454
4308.903495  0.3382518
4309.526302  0.3913665
4310.149109  0.4398516
4310.771916  0.4967966
4311.394723  0.5323218
4312.01753  0.563407
4312.640337  0.6217456
4313.263144  0.7019907
4313.885951  0.7124412
4314.508758  0.6938238
4315.131565  0.807874
4315.754372  1.014959
4316.377179  1.162114
4316.999986  1.155657
4317.622793  1.115812
4318.2456  1.066854
4318.868407  1.027018
4319.491214  1.033998
4320.114021  0.9813057
4320.736828  0.9038266
4321.359635  0.9101362
4321.982442  0.9589339
4322.605249  0.9100572
4323.228056  0.7351245
4323.850863  0.5970079
4324.47367  0.488291
4325.096477  0.3877564
4325.719284  0.3332702
4326.342091  0.4342187
4326.964898  0.6482911
4327.587705  0.8649126
4328.210512  1.021902
4328.833319  1.085341
4329.456126  1.0479
4330.078933  0.9469509
4330.70174  0.8999866
4331.324547  0.9325404
4331.947354  0.9913945
4332.570161  1.017528
4333.192968  1.021784
4333.815775  1.032504
4334.438582  1.065208
4335.061389  1.14315
4335.684196  1.182596
4336.307003  1.078246
4336.92981  0.8548557
4337.552617  0.6976975
4338.175424  0.6964458
4338.798231  0.7266822
4339.421038  0.7038517
4340.043845  0.6480837
4340.666652  0.6471883
4341.289459  0.7508101
4341.912266  0.9042062
4342.535073  0.9957299
4343.15788  0.944518
4343.780687  0.8721704
4344.403494  0.8992043
4345.026301  1.022856
4345.649108  1.075306
4346.271915  1.022483
4346.894722  0.9463829
4347.517529  0.944108
4348.140336  1.030638
4348.763143  1.154137
4349.38595  1.221834
4350.008757  1.133098
4350.631564  0.919678
4351.254371  0.709008
4351.877178  0.6103902
4352.499985  0.6582922
4353.122792  0.7890286
4353.745599  0.8809008
4354.368406  0.8893191
4354.991213  0.86902
4355.61402  0.8991919
4356.236827  0.9587737
4356.859634  1.029979
4357.482441  1.057719
4358.105248  0.9628276
4358.728055  0.8463837
4359.350862  0.8035569
4359.973669  0.8538753
4360.596476  0.96308
4361.219283  1.070934
4361.84209  1.111445
4362.464897  1.042406
4363.087704  0.9726504
4363.710511  0.998705
4364.333318  1.113496
4364.956125  1.204531
4365.578932  1.195798
4366.201739  1.088827
4366.824546  0.9551963
4367.447353  0.8537786
4368.07016  0.8365337
4368.692967  0.9192229
4369.315774  0.9719642
4369.938581  0.9564188
4370.561388  0.9309555
4371.184195  0.9458048
4371.807002  0.9805081
4372.429809  0.9778599
4373.052616  0.8986609
4373.675423  0.8098012
4374.29823  0.7360952
4374.921037  0.6691729
4375.543844  0.6726778
4376.166651  0.768024
4376.789458  0.9077289
4377.412265  0.9977574
4378.035072  1.035468
4378.657879  1.028831
4379.280686  0.9762755
4379.903493  0.9087509
4380.5263  0.8640642
4381.149107  0.8442559
4381.771914  0.787798
4382.394721  0.6127723
4383.017528  0.3793221
4383.640335  0.2667869
4384.263142  0.2955784
4384.885949  0.4475841
4385.508756  0.6669304
4386.131563  0.8431693
4386.75437  0.892294
4387.377177  0.8419896
4387.999984  0.8141773
4388.622791  0.8150208
4389.245598  0.8014494
4389.868405  0.7540455
4390.491212  0.7446873
4391.114019  0.7743819
4391.736826  0.8186724
4392.359633  0.8688453
4392.98244  0.8760623
4393.605247  0.847762
4394.228054  0.8287385
4394.850861  0.7887918
4395.473668  0.8162228
4396.096475  0.960372
4396.719282  1.091709
4397.342089  1.124527
4397.964896  1.080016
4398.587703  1.040887
4399.21051  0.9785886
4399.833317  0.8816841
4400.456124  0.7964153
4401.078931  0.8171809
4401.701738  0.959363
4402.324545  1.085243
4402.947352  0.9902359
4403.570159  0.7431216
4404.192966  0.5021138
4404.815773  0.4085315
4405.43858  0.5172287
4406.061387  0.7009943
4406.684194  0.8048155
4407.307001  0.7834157
4407.929808  0.7147637
4408.552615  0.722326
4409.175422  0.8614939
4409.798229  1.007151
4410.421036  1.081177
4411.043843  1.085698
4411.66665  1.078282
4412.289457  1.1133
4412.912264  1.146735
4413.535071  1.069281
4414.157878  0.8547904
4414.780685  0.658152
4415.403492  0.640357
4416.026299  0.7699342
4416.649106  0.894507
4417.271913  0.9522213
4417.89472  1.016729
4418.517527  1.08504
4419.140334  1.134425
4419.763141  1.146513
4420.385948  1.123637
4421.008755  1.049914
4421.631562  0.9328661
4422.254369  0.8258654
4422.877176  0.8116132
4423.499983  0.8957375
4424.12279  0.9974461
4424.745597  1.004352
4425.368404  0.9649298
4425.991211  0.9535374
4426.614018  0.9553105
4427.236825  0.9683467
4427.859632  1.021101
4428.482439  1.109113
4429.105246  1.069363
4429.728053  0.9135649
4430.35086  0.799123
4430.973667  0.8827876
4431.596474  1.030333
4432.219281  1.093479
4432.842088  1.051528
4433.464895  0.9528304
4434.087702  0.841185
4434.710509  0.7501013
4435.333316  0.7210643
4435.956123  0.7887884
4436.57893  0.9213855
4437.201737  1.028906
4437.824544  1.097646
4438.447351  1.157251
4439.070158  1.215302
4439.692965  1.193358
4440.315772  1.088167
4440.938579  0.9567336
4441.561386  0.8675352
4442.184193  0.8297284
4442.807  0.8362643
4443.429807  0.8839427
4444.052614  0.9696813
4444.675421  1.092133
4445.298228  1.213338
4445.921035  1.250265
4446.543842  1.169729
4447.166649  1.073544
4447.789456  1.10508
4448.412263  1.18828
4449.03507  1.196317
4449.657877  1.101776
4450.280684  1.057544
4450.903491  1.094759
4451.526298  1.1453
4452.149105  1.124202
4452.771912  1.07396
4453.394719  1.017109
4454.017526  0.9398198
4454.640333  0.83192
4455.26314  0.7934253
4455.885947  0.8584601
4456.508754  0.9214346
4457.131561  0.9399616
4457.754368  0.9134958
4458.377175  0.8674816
4458.999982  0.8313645
4459.622789  0.8410834
4460.245596  0.866517
4460.868403  0.8038779
4461.49121  0.7093232
4462.114017  0.7105482
4462.736824  0.8774109
4463.359631  1.066591
4463.982438  1.130085
4464.605245  1.05478
4465.228052  1.010138
4465.850859  0.9972546
4466.473666  0.9982639
4467.096473  1.031762
4467.71928  1.0556
4468.342087  1.026148
4468.964894  0.9544976
4469.587701  0.9379861
4470.210508  0.9802856
4470.833315  1.034606
4471.456122  1.06351
4472.078929  1.094877
4472.701736  1.144968
4473.324543  1.190894
4473.94735  1.178073
4474.570157  1.124345
4475.192964  1.091153
4475.815771  1.1307
4476.438578  1.228216
4477.061385  1.315599
4477.684192  1.329957
4478.306999  1.301679
4478.929806  1.206
4479.552613  1.051471
4480.17542  0.9553768
4480.798227  0.9272812
4481.421034  0.919789
4482.043841  0.9071301
4482.666648  0.9839385
4483.289455  1.10801
4483.912262  1.18842
4484.535069  1.240001
4485.157876  1.283085
4485.780683  1.312512
4486.40349  1.29988
4487.026297  1.227638
4487.649104  1.131902
4488.271911  1.057775
4488.894718  0.9776979
4489.517525  0.7711157
4490.140332  0.
4490.763139  0.
4491.385946  0.
4492.008753  0.
4492.63156  0.
4493.254367  0.
4493.877174  0.
4494.499981  0.
4495.122788  0.
4495.745595  0.
4496.368402  0.
4496.991209  0.
4497.614016  0.
4498.236823  0.
4498.85963  0.
4499.482437  0.
4500.105244  0.
4500.728051  0.
4501.350858  0.
4501.973665  0.
4502.596472  0.
4503.219279  0.
4503.842086  0.
4504.464893  0.
4505.0877  0.
4505.710507  0.
4506.333314  0.
4506.956121  0.
4507.578928  0.
4508.201735  0.
4508.824542  0.
