3820.  0.
3820.622807  0.
3821.245614  0.
3821.868421  0.
3822.491228  0.
3823.114035  0.
3823.736842  0.
3824.359649  0.
3824.982456  0.
3825.605263  0.
3826.22807  0.
3826.850877  0.
3827.473684  0.
3828.096491  0.
3828.719298  0.
3829.342105  0.
3829.964912  0.
3830.587719  0.
3831.210526  0.
3831.833333  0.
3832.45614  0.
3833.078947  0.
3833.701754  0.
3834.324561  0.
3834.947368  0.
3835.570175  0.01868047
3836.192982  0.285051
3836.815789  0.2834025
3837.438596  0.2540068
3838.061403  0.2040344
3838.68421  0.176481
3839.307017  0.1736896
3839.929824  0.1705071
3840.552631  0.1544751
3841.175438  0.1642325
3841.798245  0.221237
3842.421052  0.2972603
3843.043859  0.3299418
3843.666666  0.3311681
3844.289473  0.324108
3844.91228  0.3171797
3845.535087  0.2994283
3846.157894  0.279936
3846.780701  0.2756504
3847.403508  0.2917508
3848.026315  0.3000726
3848.649122  0.2810005
3849.271929  0.2400672
3849.894736  0.2014235
3850.517543  0.1947247
3851.14035  0.2301059
3851.763157  0.281462
3852.385964  0.300469
3853.008771  0.2743408
3853.631578  0.2370472
3854.254385  0.227343
3854.877192  0.2419352
3855.499999  0.2489352
3856.122806  0.2250739
3856.745613  0.2143766
3857.36842  0.228466
3857.991227  0.2185805
3858.614034  0.186924
3859.236841  0.1535429
3859.859648  0.1366265
3860.482455  0.1376502
3861.105262  0.1665259
3861.728069  0.2233358
3862.350876  0.2863431
3862.973683  0.3186868
3863.59649  0.3163579
3864.219297  0.3015632
3864.842104  0.2818
3865.464911  0.2628864
3866.087718  0.2539686
3866.710525  0.2639671
3867.333332  0.2640094
3867.956139  0.2481497
3868.578946  0.2372389
3869.201753  0.2272492
3869.82456  0.2083188
3870.447367  0.1816301
3871.070174  0.1683693
3871.692981  0.1681947
3872.315788  0.1767922
3872.938595  0.1983615
3873.561402  0.2496825
3874.184209  0.3166969
3874.807016  0.3662362
3875.429823  0.3786175
3876.05263  0.3642385
3876.675437  0.3327222
3877.298244  0.2792026
3877.921051  0.2211682
3878.543858  0.1959988
3879.166665  0.2259017
3879.789472  0.2713907
3880.412279  0.2834662
3881.035086  0.2479068
3881.657893  0.2029664
3882.2807  0.1809663
3882.903507  0.2247114
3883.526314  0.3459567
3884.149121  0.4410228
3884.771928  0.4366756
3885.394735  0.341097
3886.017542  0.2447266
3886.640349  0.2174573
3887.263156  0.2642409
3887.885963  0.3271946
3888.50877  0.3388349
3889.131577  0.3321463
3889.754384  0.3666668
3890.377191  0.4124098
3890.999998  0.4598171
3891.622805  0.5059826
3892.245612  0.5409252
3892.868419  0.5356383
3893.491226  0.5147632
3894.114033  0.5091048
3894.73684  0.4621565
3895.359647  0.4022044
3895.982454  0.3948579
3896.605261  0.4674979
3897.228068  0.5142973
3897.850875  0.4953462
3898.473682  0.4580542
3899.096489  0.4178564
3899.719296  0.3904655
3900.342103  0.4029867
3900.96491  0.4819634
3901.587717  0.5259345
3902.210524  0.4830088
3902.833331  0.414832
3903.456138  0.4180228
3904.078945  0.4606629
3904.701752  0.453066
3905.324559  0.3826099
3905.947366  0.3277317
3906.570173  0.3434992
3907.19298  0.4029734
3907.815787  0.4563033
3908.438594  0.4895126
3909.061401  0.5122482
3909.684208  0.5120417
3910.307015  0.5008089
3910.929822  0.5029295
3911.552629  0.533186
3912.175436  0.5552742
3912.798243  0.5502986
3913.42105  0.5324726
3914.043857  0.5242535
3914.666664  0.5276298
3915.289471  0.5223706
3915.912278  0.4852006
3916.535085  0.4590525
3917.157892  0.4650894
3917.780699  0.4771217
3918.403506  0.4672374
3919.026313  0.4375175
3919.64912  0.3988229
3920.271927  0.3421361
3920.894734  0.3073023
3921.517541  0.3124067
3922.140348  0.3289622
3922.763155  0.3406737
3923.385962  0.3605182
3924.008769  0.3966724
3924.631576  0.4047693
3925.254383  0.3786394
3925.87719  0.3433893
3926.499997  0.3269255
3927.122804  0.2962509
3927.745611  0.2469728
3928.368418  0.2080813
3928.991225  0.1908117
3929.614032  0.1767252
3930.236839  0.1521809
3930.859646  0.1335892
3931.482453  0.1181961
3932.10526  0.1001437
3932.728067  0.07971777
3933.350874  0.06512316
3933.973681  0.06251573
3934.596488  0.07218228
3935.219295  0.08850939
3935.842102  0.1118504
3936.464909  0.140778
3937.087716  0.1695631
3937.710523  0.195292
3938.33333  0.2226599
3938.956137  0.2565855
3939.578944  0.2909447
3940.201751  0.30834
3940.824558  0.3058923
3941.447365  0.3045051
3942.070172  0.3171787
3942.692979  0.3264314
3943.315786  0.3071783
3943.938593  0.2793718
3944.5614  0.2863913
3945.184207  0.3499267
3945.807014  0.4368252
3946.429821  0.4874455
3947.052628  0.4771479
3947.675435  0.434508
3948.298242  0.4116393
3948.921049  0.4246901
3949.543856  0.4647851
3950.166663  0.5250699
3950.78947  0.5642247
3951.412277  0.5476532
3952.035084  0.4803056
3952.657891  0.4221932
3953.280698  0.4364641
3953.903505  0.5274695
3954.526312  0.5966724
3955.149119  0.5891146
3955.771926  0.5223197
3956.394733  0.467046
3957.01754  0.4563491
3957.640347  0.4805825
3958.263154  0.5108894
3958.885961  0.5411884
3959.508768  0.5523456
3960.131575  0.5165616
3960.754382  0.4166478
3961.377189  0.3141854
3961.999996  0.2623066
3962.622803  0.2641401
3963.24561  0.2814727
3963.868417  0.2854083
3964.491224  0.267832
3965.114031  0.2368425
3965.736838  0.1981995
3966.359645  0.1582804
3966.982452  0.1243429
3967.605259  0.09741364
3968.228066  0.07909034
3968.850873  0.07391855
3969.47368  0.08846915
3970.096487  0.1192741
3970.719294  0.1553733
3971.342101  0.1858745
3971.964908  0.2169862
3972.587715  0.2478765
3973.210522  0.2727623
3973.833329  0.2998159
3974.456136  0.3415559
3975.078943  0.3935302
3975.70175  0.4274797
3976.324557  0.4435687
3976.947364  0.4623728
3977.570171  0.5012626
3978.192978  0.5362107
3978.815785  0.5701761
3979.438592  0.6125694
3980.061399  0.6443814
3980.684206  0.6471096
3981.307013  0.618978
3981.92982  0.5791985
3982.552627  0.563765
3983.175434  0.5678667
3983.798241  0.5712932
3984.421048  0.5956773
3985.043855  0.6354243
3985.666662  0.6616505
3986.289469  0.6481689
3986.912276  0.6361434
3987.535083  0.6658234
3988.15789  0.7270193
3988.780697  0.7298991
3989.403504  0.6754165
3990.026311  0.6283281
3990.649118  0.6453704
3991.271925  0.6808589
3991.894732  0.6984902
3992.517539  0.7092004
3993.140346  0.7162573
3993.763153  0.7088087
3994.38596  0.6856415
3995.008767  0.6768716
3995.631574  0.6709209
3996.254381  0.6526515
3996.877188  0.6280684
3997.499995  0.6091135
3998.122802  0.6185661
3998.745609  0.6724592
3999.368416  0.755393
3999.991223  0.803183
4000.61403  0.7857139
4001.236837  0.7527985
4001.859644  0.7561325
4002.482451  0.7989506
4003.105258  0.8382321
4003.728065  0.8280116
4004.350872  0.7356843
4004.973679  0.5954639
4005.596486  0.5238773
4006.219293  0.5518537
4006.8421  0.6351445
4007.464907  0.7040162
4008.087714  0.7506934
4008.710521  0.7689095
4009.333328  0.7624789
4009.956135  0.7656806
4010.578942  0.7762104
4011.201749  0.7771819
4011.824556  0.7626662
4012.447363  0.7658241
4013.07017  0.7806023
4013.692977  0.7793704
4014.315784  0.7756993
4014.938591  0.7982971
4015.561398  0.8408377
4016.184205  0.8461635
4016.807012  0.7969747
4017.429819  0.7347875
4018.052626  0.7253038
4018.675433  0.7822189
4019.29824  0.8341197
4019.921047  0.8232662
4020.543854  0.7929796
4021.166661  0.7680905
4021.789468  0.761359
4022.412275  0.7745578
4023.035082  0.7946216
4023.657889  0.7854453
4024.280696  0.7381148
4024.903503  0.7189878
4025.52631  0.7471435
4026.149117  0.7956193
4026.771924  0.8210437
4027.394731  0.8438877
4028.017538  0.8781698
4028.640345  0.9056961
4029.263152  0.8780146
4029.885959  0.773311
4030.508766  0.6409174
4031.131573  0.5897969
4031.75438  0.6013069
4032.377187  0.6139758
4032.999994  0.5934389
4033.622801  0.5884153
4034.245608  0.6100441
4034.868415  0.6432713
4035.491222  0.6859674
4036.114029  0.7469389
4036.736836  0.8180861
4037.359643  0.8710495
4037.98245  0.8875764
4038.605257  0.8763155
4039.228064  0.8531426
4039.850871  0.8137081
4040.473678  0.7699625
4041.096485  0.7533343
4041.719292  0.7934797
4042.342099  0.8449804
4042.964906  0.8453984
4043.587713  0.7638634
4044.21052  0.6415972
4044.833327  0.5012182
4045.456134  0.3839611
4046.078941  0.3715274
4046.701748  0.4838641
4047.324555  0.6507158
4047.947362  0.7614257
4048.570169  0.7937908
4049.192976  0.7917959
4049.815783  0.8057738
4050.43859  0.8320858
4051.061397  0.8422813
4051.684204  0.8195239
4052.307011  0.7788371
4052.929818  0.7588469
4053.552625  0.7499943
4054.175432  0.7203832
4054.798239  0.6824088
4055.421046  0.6760765
4056.043853  0.7015646
4056.66666  0.6970184
4057.289467  0.6521016
4057.912274  0.6045277
4058.535081  0.6054694
4059.157888  0.6575494
4059.780695  0.7298716
4060.403502  0.7868295
4061.026309  0.8104594
4061.649116  0.776044
4062.271923  0.6758822
4062.89473  0.5393703
4063.517537  0.4404471
4064.140344  0.4515519
4064.763151  0.5747691
4065.385958  0.6965993
4066.008765  0.7276928
4066.631572  0.6770313
4067.254379  0.6446907
4067.877186  0.6757481
4068.499993  0.7538396
4069.1228  0.8270878
4069.745607  0.8530906
4070.368414  0.7959186
4070.991221  0.6684625
4071.614028  0.5514097
4072.236835  0.5552785
4072.859642  0.6746958
4073.482449  0.7960885
4074.105256  0.828936
4074.728063  0.7891062
4075.35087  0.7275707
4075.973677  0.6467062
4076.596484  0.5575665
4077.219291  0.4964008
4077.842098  0.5074674
4078.464905  0.5786542
4079.087712  0.6632732
4079.710519  0.7292849
4080.333326  0.8034917
4080.956133  0.874108
4081.57894  0.9041798
4082.201747  0.866663
4082.824554  0.804194
4083.447361  0.7604947
4084.070168  0.7491954
4084.692975  0.7466149
4085.315782  0.7441486
4085.938589  0.7524402
4086.561396  0.7900875
4087.184203  0.8523085
4087.80701  0.9135666
4088.429817  0.9442884
4089.052624  0.9399437
4089.675431  0.9083493
4090.298238  0.873856
4090.921045  0.8730476
4091.543852  0.8591124
4092.166659  0.8198096
4092.789466  0.8117113
4093.412273  0.8638116
4094.03508  0.9063813
4094.657887  0.8614671
4095.280694  0.7806823
4095.903501  0.7110505
4096.526308  0.6826464
4097.149115  0.7019389
4097.771922  0.7304727
4098.394729  0.7545432
4099.017536  0.7770173
4099.640343  0.7610638
4100.26315  0.6949273
4100.885957  0.6082833
4101.508764  0.5625325
4102.131571  0.5925093
4102.754378  0.6706685
4103.377185  0.7297655
4103.999992  0.7429135
4104.622799  0.7449305
4105.245606  0.7785593
4105.868413  0.8308665
4106.49122  0.8585677
4107.114027  0.8489042
4107.736834  0.8334333
4108.359641  0.8237588
4108.982448  0.8062117
4109.605255  0.7691966
4110.228062  0.7407756
4110.850869  0.7329749
4111.473676  0.7384283
4112.096483  0.7436998
4112.71929  0.7738725
4113.342097  0.8210691
4113.964904  0.8478652
4114.587711  0.8474948
4115.210518  0.8385109
4115.833325  0.8406124
4116.456132  0.8488918
4117.078939  0.848244
4117.701746  0.8129053
4118.324553  0.7342306
4118.94736  0.680477
4119.570167  0.6972427
4120.192974  0.765742
4120.815781  0.7999108
4121.438588  0.7957913
4122.061395  0.7776234
4122.684202  0.755303
4123.307009  0.736649
4123.929816  0.7520753
4124.552623  0.81187
4125.17543  0.8400567
4125.798237  0.8228104
4126.421044  0.7874515
4127.043851  0.7594185
4127.666658  0.7396094
4128.289465  0.7306922
4128.912272  0.7345347
4129.535079  0.7252748
4130.157886  0.723714
4130.780693  0.7341228
4131.4035  0.6909662
4132.026307  0.622192
4132.649114  0.590143
4133.271921  0.621838
4133.894728  0.6273752
4134.517535  0.628706
4135.140342  0.698166
4135.763149  0.8037433
4136.385956  0.8460555
4137.008763  0.805483
4137.63157  0.7849688
4138.254377  0.8017188
4138.877184  0.8303105
4139.499991  0.8409944
4140.122798  0.8377998
4140.745605  0.8291469
4141.368412  0.799661
4141.991219  0.7071589
4142.614026  0.574933
4143.236833  0.4694493
4143.85964  0.4569975
4144.482447  0.5479633
4145.105254  0.6670314
4145.728061  0.7359654
4146.350868  0.7624583
4146.973675  0.7676772
4147.596482  0.7711967
4148.219289  0.7756197
4148.842096  0.7417634
4149.464903  0.6860341
4150.08771  0.6592978
4150.710517  0.6767752
4151.333324  0.6894826
4151.956131  0.6799234
4152.578938  0.6985624
4153.201745  0.7076171
4153.824552  0.6893339
4154.447359  0.6702022
4155.070166  0.6886494
4155.692973  0.6937684
4156.31578  0.6542404
4156.938587  0.6478151
4157.561394  0.6859597
4158.184201  0.7456824
4158.807008  0.7961643
4159.429815  0.8186278
4160.052622  0.8045444
4160.675429  0.7693842
4161.298236  0.7586619
4161.921043  0.7994605
4162.54385  0.857852
4163.166657  0.858626
4163.789464  0.815958
4164.412271  0.7706199
4165.035078  0.7560255
4165.657885  0.7776356
4166.280692  0.7649305
4166.903499  0.6950938
4167.526306  0.6570444
4168.149113  0.6932443
4168.77192  0.7605156
4169.394727  0.7865081
4170.017534  0.8050479
4170.640341  0.8100657
4171.263148  0.7686198
4171.885955  0.668506
4172.508762  0.5781332
4173.131569  0.5585499
4173.754376  0.6088723
4174.377183  0.6600982
4174.99999  0.68673
4175.622797  0.7011513
4176.245604  0.7056325
4176.868411  0.6783829
4177.491218  0.6341128
4178.114025  0.6332125
4178.736832  0.6636484
4179.359639  0.6988551
4179.982446  0.7172573
4180.605253  0.7053477
4181.22806  0.6774486
4181.850867  0.6635674
4182.473674  0.6860425
4183.096481  0.7140262
4183.719288  0.7419336
4184.342095  0.7925446
4184.964902  0.855199
4185.587709  0.8720253
4186.210516  0.8013505
4186.833323  0.6811273
4187.45613  0.6227596
4188.078937  0.6694369
4188.701744  0.7529561
4189.324551  0.8068147
4189.947358  0.8090218
4190.570165  0.7731255
4191.192972  0.7158965
4191.815779  0.7118191
4192.438586  0.7785267
4193.061393  0.8344304
4193.6842  0.8448035
4194.307007  0.8035192
4194.929814  0.7287475
4195.552621  0.6559101
4196.175428  0.6102132
4196.798235  0.5997361
4197.421042  0.6166185
4198.043849  0.6138041
4198.666656  0.6121583
4199.289463  0.6723006
4199.91227  0.7238303
4200.535077  0.7229516
4201.157884  0.6729805
4201.780691  0.609989
4202.403498  0.611358
4203.026305  0.684373
4203.649112  0.7443988
4204.271919  0.7423033
4204.894726  0.7294313
4205.517533  0.7718722
4206.14034  0.8115802
4206.763147  0.8366281
4207.385954  0.8600665
4208.008761  0.8835655
4208.631568  0.8757927
4209.254375  0.8283241
4209.877182  0.7717494
4210.499989  0.7561201
4211.122796  0.7848208
4211.745603  0.826012
4212.36841  0.8418632
4212.991217  0.8228914
4213.614024  0.7808076
4214.236831  0.7250248
4214.859638  0.6166039
4215.482445  0.5352612
4216.105252  0.5846384
4216.728059  0.7383969
4217.350866  0.8762736
4217.973673  0.9299957
4218.59648  0.9414462
4219.219287  0.9291747
4219.842094  0.9325587
4220.464901  0.974175
4221.087708  0.998066
4221.710515  0.9671368
4222.333322  0.8894913
4222.956129  0.8138601
4223.578936  0.7644594
4224.201743  0.7290956
4224.82455  0.6712211
4225.447357  0.55847
4226.070164  0.4067783
4226.692971  0.298424
4227.315778  0.356706
4227.938585  0.5688628
4228.561392  0.7919179
4229.184199  0.8698946
4229.807006  0.8820027
4230.429813  0.9093564
4231.05262  0.9566755
4231.675427  0.9503772
4232.298234  0.8721645
4232.921041  0.7769312
4233.543848  0.757261
4234.166655  0.8194511
4234.789462  0.8537979
4235.412269  0.7680331
4236.035076  0.6891584
4236.657883  0.6901859
4237.28069  0.7492832
4237.903497  0.7816891
4238.526304  0.7817525
4239.149111  0.7680029
4239.771918  0.7640738
4240.394725  0.8085433
4241.017532  0.8839507
4241.640339  0.9276657
4242.263146  0.8791121
4242.885953  0.823924
4243.50876  0.851248
4244.131567  0.9555973
4244.754374  1.01205
4245.377181  0.9911803
4245.999988  0.9398757
4246.622795  0.8735684
4247.245602  0.8090658
4247.868409  0.7675512
4248.491216  0.7636996
4249.114023  0.7553846
4249.73683  0.7029926
4250.359637  0.6296689
4250.982444  0.6699176
4251.605251  0.777845
4252.228058  0.8501093
4252.850865  0.8640091
4253.473672  0.8008446
4254.096479  0.7071249
4254.719286  0.6660082
4255.342093  0.6817648
4255.9649  0.7636049
4256.587707  0.8878715
4257.210514  0.9575623
4257.833321  0.9063481
4258.456128  0.789612
4259.078935  0.7354694
4259.701742  0.6679729
4260.324549  0.5941757
4260.947356  0.5906239
4261.570163  0.6771226
4262.19297  0.8096825
4262.815777  0.919116
4263.438584  0.9584736
4264.061391  0.9437314
4264.684198  0.9331769
4265.307005  0.9687178
4265.929812  1.00459
4266.552619  0.9828322
4267.175426  0.9012226
4267.798233  0.8358046
4268.42104  0.8168782
4269.043847  0.8190721
4269.666654  0.7892244
4270.289461  0.71544
4270.912268  0.5860357
4271.535075  0.4583543
4272.157882  0.4967903
4272.780689  0.6220608
4273.403496  0.693831
4274.026303  0.6610176
4274.64911  0.607329
4275.271917  0.6346586
4275.894724  0.7588578
4276.517531  0.8473185
4277.140338  0.8916477
4277.763145  0.9327374
4278.385952  0.9697578
4279.008759  0.9243343
4279.631566  0.7967547
4280.254373  0.686443
4280.87718  0.7177763
4281.499987  0.7950845
4282.122794  0.8083594
4282.745601  0.8241382
4283.368408  0.8609588
4283.991215  0.8754916
4284.614022  0.8123103
4285.236829  0.7318718
4285.859636  0.6962664
4286.482443  0.7276272
4287.10525  0.7939152
4287.728057  0.8329599
4288.350864  0.7912083
4288.973671  0.6686008
4289.596478  0.579599
4290.219285  0.5776563
4290.842092  0.6326764
4291.464899  0.688963
4292.087706  0.7667136
4292.710513  0.8506801
4293.33332  0.8445066
4293.956127  0.7685211
4294.578934  0.7154073
4295.201741  0.7493271
4295.824548  0.7703185
4296.447355  0.7382329
4297.070162  0.6842163
4297.692969  0.6640443
4298.315776  0.6152418
4298.938583  0.5167617
4299.56139  0.434847
4300.184197  0.4378306
4300.807004  0.5122565
4301.429811  0.5809315
4302.052618  0.5683724
4302.675425  0.5308784
4303.298232  0.5346755
4303.921039  0.5716357
4304.543846  0.5723353
4305.166653  0.5422318
4305.78946  0.534596
4306.412267  0.5461745
4307.035074  0.5102068
4307.657881  0.4218716
4308.280688  0.3869549
4308.903495  0.4080707
4309.526302  0.4500953
4310.149109  0.484418
4310.771916  0.5208685
4311.394723  0.5512094
4312.01753  0.5789019
4312.640337  0.6410264
4313.263144  0.7110822
4313.885951  0.7411856
4314.508758  0.7308419
4315.131565  0.8287179
4315.754372  1.001023
4316.377179  1.115396
4316.999986  1.13522
4317.622793  1.102179
4318.2456  1.070856
4318.868407  1.059018
4319.491214  1.056661
4320.114021  1.025995
4320.736828  0.9642673
4321.359635  0.9724649
4321.982442  0.9874313
4322.605249  0.9167808
4323.228056  0.7659242
4323.850863  0.6524866
4324.47367  0.5840186
4325.096477  0.495058
4325.719284  0.4699705
4326.342091  0.5645339
4326.964898  0.7494583
4327.587705  0.9150224
4328.210512  1.02886
4328.833319  1.074396
4329.456126  1.037701
4330.078933  0.9590296
4330.70174  0.91738
4331.324547  0.952372
4331.947354  0.9988959
4332.570161  1.012073
4333.192968  0.9977513
4333.815775  0.999566
4334.438582  1.031151
4335.061389  1.089317
4335.684196  1.130785
4336.307003  1.052944
4336.92981  0.8904517
4337.552617  0.7565855
4338.175424  0.7368848
4338.798231  0.7467907
4339.421038  0.7069548
4340.043845  0.6290894
4340.666652  0.6211599
4341.289459  0.7264472
4341.912266  0.8836365
4342.535073  0.9591446
4343.15788  0.9277393
4343.780687  0.8765671
4344.403494  0.9172344
4345.026301  1.007383
4345.649108  1.049502
4346.271915  1.000569
4346.894722  0.9505185
4347.517529  0.9428787
4348.140336  0.9933037
4348.763143  1.088501
4349.38595  1.133463
4350.008757  1.069219
4350.631564  0.9128356
4351.254371  0.7470732
4351.877178  0.6669425
4352.499985  0.7127252
4353.122792  0.8351412
4353.745599  0.9200185
4354.368406  0.9298204
4354.991213  0.9129226
4355.61402  0.9174617
4356.236827  0.9672206
4356.859634  1.031514
4357.482441  1.032221
4358.105248  0.9543894
4358.728055  0.8584064
4359.350862  0.8331167
4359.973669  0.880094
4360.596476  0.9748918
4361.219283  1.064418
4361.84209  1.077297
4362.464897  1.027486
4363.087704  0.9815686
4363.710511  1.001859
4364.333318  1.080408
4364.956125  1.14173
4365.578932  1.119823
4366.201739  1.052008
4366.824546  0.9530606
4367.447353  0.871196
4368.07016  0.8875842
4368.692967  0.9416996
4369.315774  0.9679294
4369.938581  0.9527194
4370.561388  0.9377022
4371.184195  0.9535493
4371.807002  0.9824103
4372.429809  0.9617782
4373.052616  0.9009705
4373.675423  0.8256856
4374.29823  0.7551433
4374.921037  0.7183784
4375.543844  0.748057
4376.166651  0.8390256
4376.789458  0.9220122
4377.412265  0.9834659
4378.035072  1.018612
4378.657879  1.014843
4379.280686  0.9833461
4379.903493  0.9472187
4380.5263  0.9302527
4381.149107  0.9413372
4381.771914  0.8867866
4382.394721  0.7141088
4383.017528  0.499229
4383.640335  0.3841186
4384.263142  0.4168229
4384.885949  0.5504467
4385.508756  0.7420641
4386.131563  0.8783536
4386.75437  0.9009298
4387.377177  0.8780923
4387.999984  0.8646539
4388.622791  0.8624536
4389.245598  0.8398529
4389.868405  0.8059061
4390.491212  0.7877681
4391.114019  0.8098549
4391.736826  0.8713489
4392.359633  0.9201455
4392.98244  0.9291916
4393.605247  0.9134845
4394.228054  0.8688897
4394.850861  0.8304974
4395.473668  0.8504616
4396.096475  0.9488311
4396.719282  1.04362
4397.342089  1.068969
4397.964896  1.041785
4398.587703  1.002122
4399.21051  0.9472792
4399.833317  0.8646522
4400.456124  0.8047366
4401.078931  0.8423274
4401.701738  0.9682882
4402.324545  1.052597
4402.947352  1.001036
4403.570159  0.8214385
4404.192966  0.627093
4404.815773  0.583457
4405.43858  0.6947237
4406.061387  0.8429769
4406.684194  0.8966013
4407.307001  0.8519492
4407.929808  0.7880346
4408.552615  0.795314
4409.175422  0.8818629
4409.798229  0.9842356
4410.421036  1.038707
4411.043843  1.051737
4411.66665  1.069677
4412.289457  1.107286
4412.912264  1.120393
4413.535071  1.046672
4414.157878  0.8958519
4414.780685  0.7597537
4415.403492  0.7682688
4416.026299  0.8553052
4416.649106  0.9210002
4417.271913  0.9576333
4417.89472  0.9903688
4418.517527  1.040361
4419.140334  1.097974
4419.763141  1.11735
4420.385948  1.091662
4421.008755  1.031337
4421.631562  0.9426751
4422.254369  0.8810669
4422.877176  0.883224
4423.499983  0.9371979
4424.12279  0.9949676
4424.745597  1.012242
4425.368404  0.9904475
4425.991211  0.9860892
4426.614018  0.9794437
4427.236825  0.9790392
4427.859632  1.025397
4428.482439  1.056637
4429.105246  1.007237
4429.728053  0.8980528
4430.35086  0.8725715
4430.973667  0.9419675
4431.596474  1.030591
4432.219281  1.055189
4432.842088  1.014177
4433.464895  0.9432907
4434.087702  0.8778712
4434.710509  0.8209025
4435.333316  0.8157288
4435.956123  0.8829022
4436.57893  0.9797608
4437.201737  1.051561
4437.824544  1.096692
4438.447351  1.141762
4439.070158  1.157719
4439.692965  1.116964
4440.315772  1.032732
4440.938579  0.964671
4441.561386  0.9146738
4442.184193  0.8830708
4442.807  0.8818473
4443.429807  0.9067183
4444.052614  0.9708698
4444.675421  1.069536
4445.298228  1.145822
4445.921035  1.147729
4446.543842  1.090722
4447.166649  1.054993
4447.789456  1.094271
4448.412263  1.146022
4449.03507  1.123287
4449.657877  1.053212
4450.280684  1.020554
4450.903491  1.055751
4451.526298  1.094037
4452.149105  1.094342
4452.771912  1.061986
4453.394719  1.015147
4454.017526  0.926301
4454.640333  0.8531243
4455.26314  0.8506644
4455.885947  0.9003137
4456.508754  0.9453251
4457.131561  0.9559458
4457.754368  0.939968
4458.377175  0.9016811
4458.999982  0.8888568
4459.622789  0.9143899
4460.245596  0.9090858
4460.868403  0.8440024
4461.49121  0.784296
4462.114017  0.8318248
4462.736824  0.9567012
4463.359631  1.054825
4463.982438  1.06009
4464.605245  1.033519
4465.228052  1.016445
4465.850859  1.01762
4466.473666  1.026135
4467.096473  1.05327
4467.71928  1.057208
4468.342087  1.00349
4468.964894  0.9596227
4469.587701  0.9639788
4470.210508  1.006166
4470.833315  1.040803
4471.456122  1.062362
4472.078929  1.086643
4472.701736  1.126643
4473.324543  1.172577
4473.94735  1.190527
4474.570157  1.168893
4475.192964  1.143171
4475.815771  1.165089
4476.438578  1.225688
4477.061385  1.266942
4477.684192  1.262495
4478.306999  1.203769
4478.929806  1.109425
4479.552613  1.019323
4480.17542  0.9758878
4480.798227  0.9614634
4481.421034  0.9337612
4482.043841  0.963553
4482.666648  1.045687
4483.289455  1.126831
4483.912262  1.18175
4484.535069  1.210614
4485.157876  1.226512
4485.780683  1.239106
4486.40349  1.225996
4487.026297  1.177496
4487.649104  1.105622
4488.271911  1.038157
4488.894718  0.9878575
4489.517525  0.973034
4490.140332  1.015212
4490.763139  1.079144
4491.385946  1.140473
4492.008753  1.184868
4492.63156  1.172623
4493.254367  1.081384
4493.877174  0.9668696
4494.499981  0.9487191
4495.122788  0.9712005
4495.745595  0.9959711
4496.368402  1.04145
4496.991209  1.112674
4497.614016  1.161595
4498.236823  1.170532
4498.85963  1.202426
4499.482437  1.210189
4500.105244  1.155001
4500.728051  1.068821
4501.350858  1.054192
4501.973665  1.133744
4502.596472  1.249386
4503.219279  1.318769
4503.842086  1.327312
4504.464893  1.307379
4505.0877  1.294899
4505.710507  1.268031
4506.333314  1.233979
4506.956121  1.215357
4507.578928  1.211044
4508.201735  1.208544
4508.824542  1.214843
