3820.  0.1256506
3820.622807  0.09745178
3821.245614  0.1164602
3821.868421  0.1619535
3822.491228  0.2011615
3823.114035  0.2156491
3823.736842  0.1955018
3824.359649  0.1548944
3824.982456  0.1205716
3825.605263  0.1064382
3826.22807  0.1109403
3826.850877  0.1249115
3827.473684  0.1403297
3828.096491  0.1541769
3828.719298  0.165665
3829.342105  0.1749339
3829.964912  0.1820046
3830.587719  0.1897962
3831.210526  0.1939775
3831.833333  0.1787948
3832.45614  0.1528729
3833.078947  0.1324656
3833.701754  0.1268911
3834.324561  0.1282758
3834.947368  0.1473849
3835.570175  0.1885834
3836.192982  0.2160884
3836.815789  0.2207547
3837.438596  0.2023888
3838.061403  0.16314
3838.68421  0.1379555
3839.307017  0.134437
3839.929824  0.1333544
3840.552631  0.1207074
3841.175438  0.1259057
3841.798245  0.1684658
3842.421052  0.2211433
3843.043859  0.250105
3843.666666  0.2539281
3844.289473  0.2531455
3844.91228  0.2427716
3845.535087  0.2241678
3846.157894  0.2080913
3846.780701  0.2092031
3847.403508  0.2237616
3848.026315  0.2317617
3848.649122  0.2136907
3849.271929  0.1804973
3849.894736  0.1518162
3850.517543  0.1461536
3851.14035  0.1731354
3851.763157  0.2146548
3852.385964  0.2375904
3853.008771  0.2190161
3853.631578  0.1890962
3854.254385  0.180638
3854.877192  0.1969924
3855.499999  0.1976956
3856.122806  0.1800049
3856.745613  0.1663751
3857.36842  0.1753759
3857.991227  0.1725032
3858.614034  0.1507419
3859.236841  0.1310571
3859.859648  0.1147903
3860.482455  0.1101812
3861.105262  0.1278701
3861.728069  0.1710407
3862.350876  0.2186254
3862.973683  0.2438522
3863.59649  0.2371723
3864.219297  0.2311875
3864.842104  0.2195536
3865.464911  0.1954194
3866.087718  0.1944431
3866.710525  0.2021318
3867.333332  0.1987925
3867.956139  0.1849979
3868.578946  0.1764653
3869.201753  0.1692578
3869.82456  0.1528241
3870.447367  0.1362216
3871.070174  0.127405
3871.692981  0.1283843
3872.315788  0.1357734
3872.938595  0.1488375
3873.561402  0.1818638
3874.184209  0.2382472
3874.807016  0.2727148
3875.429823  0.2830065
3876.05263  0.2801018
3876.675437  0.2593996
3877.298244  0.2159383
3877.921051  0.1691468
3878.543858  0.1528887
3879.166665  0.1793971
3879.789472  0.2167503
3880.412279  0.2229102
3881.035086  0.1863569
3881.657893  0.1424944
3882.2807  0.127958
3882.903507  0.1620792
3883.526314  0.2674351
3884.149121  0.3675772
3884.771928  0.3729537
3885.394735  0.2975984
3886.017542  0.2081385
3886.640349  0.1737009
3887.263156  0.216968
3887.885963  0.2726978
3888.50877  0.2889203
3889.131577  0.2734511
3889.754384  0.2986994
3890.377191  0.3361721
3890.999998  0.362033
3891.622805  0.4113439
3892.245612  0.443176
3892.868419  0.4424636
3893.491226  0.4312205
3894.114033  0.4268945
3894.73684  0.3955604
3895.359647  0.333771
3895.982454  0.3171809
3896.605261  0.3740126
3897.228068  0.4360015
3897.850875  0.4137985
3898.473682  0.3818136
3899.096489  0.3550205
3899.719296  0.3269469
3900.342103  0.3376179
3900.96491  0.3905734
3901.587717  0.4388059
3902.210524  0.4240299
3902.833331  0.3816859
3903.456138  0.365096
3904.078945  0.3864514
3904.701752  0.3846968
3905.324559  0.3315653
3905.947366  0.2676796
3906.570173  0.2719304
3907.19298  0.3179921
3907.815787  0.3641425
3908.438594  0.3919455
3909.061401  0.4166271
3909.684208  0.4233452
3910.307015  0.4089171
3910.929822  0.4061011
3911.552629  0.4265344
3912.175436  0.45048
3912.798243  0.4500656
3913.42105  0.4361604
3914.043857  0.4261598
3914.666664  0.4269054
3915.289471  0.4263678
3915.912278  0.3978295
3916.535085  0.3640262
3917.157892  0.3749448
3917.780699  0.393793
3918.403506  0.3901382
3919.026313  0.363541
3919.64912  0.340772
3920.271927  0.2978779
3920.894734  0.2482191
3921.517541  0.2497101
3922.140348  0.2689774
3922.763155  0.2784559
3923.385962  0.2857895
3924.008769  0.3296862
3924.631576  0.3494521
3925.254383  0.3137734
3925.87719  0.2824138
3926.499997  0.2651744
3927.122804  0.2435772
3927.745611  0.2025192
3928.368418  0.1663575
3928.991225  0.1497305
3929.614032  0.1432452
3930.236839  0.1209043
3930.859646  0.1009847
3931.482453  0.09158443
3932.10526  0.08013331
3932.728067  0.06328956
3933.350874  0.04825042
3933.973681  0.04394465
3934.596488  0.05089599
3935.219295  0.06175987
3935.842102  0.07686202
3936.464909  0.1027989
3937.087716  0.1281871
3937.710523  0.1483506
3938.33333  0.1690863
3938.956137  0.2013667
3939.578944  0.2315527
3940.201751  0.2462859
3940.824558  0.248338
3941.447365  0.2481211
3942.070172  0.2547305
3942.692979  0.2639893
3943.315786  0.250798
3943.938593  0.2280893
3944.5614  0.2285153
3945.184207  0.274692
3945.807014  0.3519846
3946.429821  0.4081684
3947.052628  0.3990166
3947.675435  0.361357
3948.298242  0.3341279
3948.921049  0.3392085
3949.543856  0.3770664
3950.166663  0.4332035
3950.78947  0.4762205
3951.412277  0.471802
3952.035084  0.4120844
3952.657891  0.3462002
3953.280698  0.3410885
3953.903505  0.4230357
3954.526312  0.5018102
3955.149119  0.5052829
3955.771926  0.4499281
3956.394733  0.3952797
3957.01754  0.376585
3957.640347  0.3903038
3958.263154  0.4106708
3958.885961  0.4403821
3959.508768  0.4663777
3960.131575  0.4461183
3960.754382  0.3728622
3961.377189  0.2785105
3961.999996  0.2134321
3962.622803  0.2112488
3963.24561  0.2312897
3963.868417  0.2304656
3964.491224  0.2185823
3965.114031  0.1945888
3965.736838  0.1623855
3966.359645  0.1307534
3966.982452  0.1025562
3967.605259  0.07832072
3968.228066  0.06018019
3968.850873  0.05432596
3969.47368  0.06358712
3970.096487  0.08543069
3970.719294  0.113276
3971.342101  0.141655
3971.964908  0.1682446
3972.587715  0.192847
3973.210522  0.2155807
3973.833329  0.2373974
3974.456136  0.2674142
3975.078943  0.3148789
3975.70175  0.3510161
3976.324557  0.3625129
3976.947364  0.3668349
3977.570171  0.4035449
3978.192978  0.4449917
3978.815785  0.4673443
3979.438592  0.4945011
3980.061399  0.5263215
3980.684206  0.5418873
3981.307013  0.5212019
3981.92982  0.4784912
3982.552627  0.4551782
3983.175434  0.4646522
3983.798241  0.4657019
3984.421048  0.4781221
3985.043855  0.5166162
3985.666662  0.5597026
3986.289469  0.5520519
3986.912276  0.5302179
3987.535083  0.5571559
3988.15789  0.6228328
3988.780697  0.633252
3989.403504  0.5675516
3990.026311  0.5144547
3990.649118  0.5254406
3991.271925  0.5668514
3991.894732  0.583408
3992.517539  0.5931438
3993.140346  0.6052535
3993.763153  0.6077119
3994.38596  0.5799406
3995.008767  0.5605394
3995.631574  0.5564924
3996.254381  0.5455809
3996.877188  0.5267137
3997.499995  0.5086035
3998.122802  0.5086835
3998.745609  0.5462503
3999.368416  0.625881
3999.991223  0.686275
4000.61403  0.6634208
4001.236837  0.633162
4001.859644  0.6387627
4002.482451  0.6768607
4003.105258  0.7180364
4003.728065  0.7233562
4004.350872  0.6534829
4004.973679  0.5107577
4005.596486  0.4231046
4006.219293  0.4404283
4006.8421  0.5212934
4007.464907  0.5889688
4008.087714  0.6347691
4008.710521  0.6587731
4009.333328  0.6482499
4009.956135  0.6434007
4010.578942  0.6523812
4011.201749  0.6538825
4011.824556  0.63663
4012.447363  0.641813
4013.07017  0.6733861
4013.692977  0.6698055
4014.315784  0.6516343
4014.938591  0.6654646
4015.561398  0.7224196
4016.184205  0.7379628
4016.807012  0.6893042
4017.429819  0.6220453
4018.052626  0.6106852
4018.675433  0.6604724
4019.29824  0.7116464
4019.921047  0.7021533
4020.543854  0.6751172
4021.166661  0.6522322
4021.789468  0.6408822
4022.412275  0.6569158
4023.035082  0.679091
4023.657889  0.6722759
4024.280696  0.6256088
4024.903503  0.6016513
4025.52631  0.629302
4026.149117  0.6835297
4026.771924  0.7096535
4027.394731  0.7222319
4028.017538  0.749789
4028.640345  0.7885077
4029.263152  0.7900128
4029.885959  0.7067278
4030.508766  0.560564
4031.131573  0.5003325
4031.75438  0.5213003
4032.377187  0.5413979
4032.999994  0.511183
4033.622801  0.4998183
4034.245608  0.5247894
4034.868415  0.5456896
4035.491222  0.5804235
4036.114029  0.6369938
4036.736836  0.7034143
4037.359643  0.7525769
4037.98245  0.7696897
4038.605257  0.7597703
4039.228064  0.7369515
4039.850871  0.7010317
4040.473678  0.6558826
4041.096485  0.6299307
4041.719292  0.6782738
4042.342099  0.7421044
4042.964906  0.7475331
4043.587713  0.6748531
4044.21052  0.568548
4044.833327  0.4473819
4045.456134  0.3319653
4046.078941  0.3027183
4046.701748  0.3998213
4047.324555  0.5695918
4047.947362  0.684298
4048.570169  0.6989579
4049.192976  0.6696308
4049.815783  0.6786636
4050.43859  0.7147824
4051.061397  0.7382242
4051.684204  0.7236243
4052.307011  0.685292
4052.929818  0.6687701
4053.552625  0.6658753
4054.175432  0.6313593
4054.798239  0.5789992
4055.421046  0.5656804
4056.043853  0.6063527
4056.66666  0.6201568
4057.289467  0.5702143
4057.912274  0.5048686
4058.535081  0.5096362
4059.157888  0.5552037
4059.780695  0.6178941
4060.403502  0.6818145
4061.026309  0.7150667
4061.649116  0.6944283
4062.271923  0.6129737
4062.89473  0.4888099
4063.517537  0.3731998
4064.140344  0.3612579
4064.763151  0.4920475
4065.385958  0.62977
4066.008765  0.6579172
4066.631572  0.5809928
4067.254379  0.5286382
4067.877186  0.5645878
4068.499993  0.6557182
4069.1228  0.7262673
4069.745607  0.7677721
4070.368414  0.7318765
4070.991221  0.6049003
4071.614028  0.4702621
4072.236835  0.4651573
4072.859642  0.5937535
4073.482449  0.7221069
4074.105256  0.7469792
4074.728063  0.6932952
4075.35087  0.6297806
4075.973677  0.5599276
4076.596484  0.4820616
4077.219291  0.4243026
4077.842098  0.4338649
4078.464905  0.5044151
4079.087712  0.5849512
4079.710519  0.6395934
4080.333326  0.7059228
4080.956133  0.7697305
4081.57894  0.7981366
4082.201747  0.7741675
4082.824554  0.7074313
4083.447361  0.6544589
4084.070168  0.6573361
4084.692975  0.6569721
4085.315782  0.6454393
4085.938589  0.6462808
4086.561396  0.6783556
4087.184203  0.7342856
4087.80701  0.7957919
4088.429817  0.8409457
4089.052624  0.8448662
4089.675431  0.8060667
4090.298238  0.7606815
4090.921045  0.7665204
4091.543852  0.7650667
4092.166659  0.7253579
4092.789466  0.6955031
4093.412273  0.7558462
4094.03508  0.8161554
4094.657887  0.7673087
4095.280694  0.6762729
4095.903501  0.6114343
4096.526308  0.6019762
4097.149115  0.6287675
4097.771922  0.6583987
4098.394729  0.680365
4099.017536  0.6948398
4099.640343  0.6824265
4100.26315  0.6202022
4100.885957  0.5289426
4101.508764  0.4795294
4102.131571  0.5146163
4102.754378  0.6006917
4103.377185  0.6621059
4103.999992  0.662213
4104.622799  0.6494063
4105.245606  0.6791606
4105.868413  0.7441936
4106.49122  0.7747511
4107.114027  0.7580997
4107.736834  0.7396432
4108.359641  0.7266302
4108.982448  0.7060663
4109.605255  0.6725125
4110.228062  0.6471978
4110.850869  0.6390461
4111.473676  0.6393981
4112.096483  0.6380221
4112.71929  0.6706778
4113.342097  0.7188722
4113.964904  0.7423924
4114.587711  0.7439917
4115.210518  0.7445863
4115.833325  0.7522377
4116.456132  0.7544116
4117.078939  0.7617984
4117.701746  0.732937
4118.324553  0.6405081
4118.94736  0.5769175
4119.570167  0.5981222
4120.192974  0.6747788
4120.815781  0.7103342
4121.438588  0.6964338
4122.061395  0.670891
4122.684202  0.6627448
4123.307009  0.6344933
4123.929816  0.6467032
4124.552623  0.7199001
4125.17543  0.7417203
4125.798237  0.7226704
4126.421044  0.6968307
4127.043851  0.6757468
4127.666658  0.6484311
4128.289465  0.6389522
4128.912272  0.6521844
4129.535079  0.6284499
4130.157886  0.6283554
4130.780693  0.6521045
4131.4035  0.6158006
4132.026307  0.5448971
4132.649114  0.5158719
4133.271921  0.5530109
4133.894728  0.5490113
4134.517535  0.5490301
4135.140342  0.6158015
4135.763149  0.7257975
4136.385956  0.7591048
4137.008763  0.7136168
4137.63157  0.6795869
4138.254377  0.6982172
4138.877184  0.7305081
4139.499991  0.738071
4140.122798  0.7380886
4140.745605  0.733599
4141.368412  0.7037244
4141.991219  0.6242553
4142.614026  0.5085459
4143.236833  0.412538
4143.85964  0.3977488
4144.482447  0.4860895
4145.105254  0.59424
4145.728061  0.6537557
4146.350868  0.6643412
4146.973675  0.6704391
4147.596482  0.685387
4148.219289  0.6877419
4148.842096  0.647375
4149.464903  0.5898062
4150.08771  0.5618857
4150.710517  0.5851639
4151.333324  0.5948966
4151.956131  0.5892203
4152.578938  0.6024197
4153.201745  0.6211275
4153.824552  0.6102244
4154.447359  0.5853221
4155.070166  0.6087335
4155.692973  0.6035754
4156.31578  0.5658748
4156.938587  0.5601929
4157.561394  0.5996975
4158.184201  0.6607316
4158.807008  0.7095989
4159.429815  0.7286564
4160.052622  0.7069907
4160.675429  0.6649995
4161.298236  0.6491286
4161.921043  0.7037851
4162.54385  0.7635223
4163.166657  0.7583941
4163.789464  0.7196738
4164.412271  0.678042
4165.035078  0.6641862
4165.657885  0.6839262
4166.280692  0.6715385
4166.903499  0.6161488
4167.526306  0.5719634
4168.149113  0.6145308
4168.77192  0.6776089
4169.394727  0.7031225
4170.017534  0.7127325
4170.640341  0.7233409
4171.263148  0.6927342
4171.885955  0.5883373
4172.508762  0.4921526
4173.131569  0.4744898
4173.754376  0.5304739
4174.377183  0.5814151
4174.99999  0.6080961
4175.622797  0.6216305
4176.245604  0.6290924
4176.868411  0.597634
4177.491218  0.5554314
4178.114025  0.546438
4178.736832  0.5781088
4179.359639  0.6156967
4179.982446  0.6317434
4180.605253  0.6244867
4181.22806  0.6042591
4181.850867  0.5942891
4182.473674  0.6086695
4183.096481  0.635906
4183.719288  0.672823
4184.342095  0.7214356
4184.964902  0.7735746
4185.587709  0.7822721
4186.210516  0.7186953
4186.833323  0.6136187
4187.45613  0.5670533
4188.078937  0.6034118
4188.701744  0.6717616
4189.324551  0.696659
4189.947358  0.7011836
4190.570165  0.6844865
4191.192972  0.6434102
4191.815779  0.6465427
4192.438586  0.7026843
4193.061393  0.7626803
4193.6842  0.7598159
4194.307007  0.7131609
4194.929814  0.6484645
4195.552621  0.581055
4196.175428  0.5364189
4196.798235  0.5381749
4197.421042  0.5677745
4198.043849  0.5628014
4198.666656  0.5679902
4199.289463  0.6118922
4199.91227  0.6631283
4200.535077  0.6649109
4201.157884  0.6116015
4201.780691  0.551599
4202.403498  0.5525734
4203.026305  0.6168985
4203.649112  0.6764514
4204.271919  0.659692
4204.894726  0.6487488
4205.517533  0.6786263
4206.14034  0.7217792
4206.763147  0.7399824
4207.385954  0.7618615
4208.008761  0.7931352
4208.631568  0.7866071
4209.254375  0.7496682
4209.877182  0.7119673
4210.499989  0.7020867
4211.122796  0.7244573
4211.745603  0.7548906
4212.36841  0.7653388
4212.991217  0.7441976
4213.614024  0.7035934
4214.236831  0.6381882
4214.859638  0.5449122
4215.482445  0.4783896
4216.105252  0.5323352
4216.728059  0.7047108
4217.350866  0.83474
4217.973673  0.8900188
4218.59648  0.8893399
4219.219287  0.8656349
4219.842094  0.8762245
4220.464901  0.9205177
4221.087708  0.9491661
4221.710515  0.9100311
4222.333322  0.829619
4222.956129  0.7544382
4223.578936  0.7044461
4224.201743  0.67052
4224.82455  0.6179255
4225.447357  0.5145814
4226.070164  0.3675786
4226.692971  0.2800733
4227.315778  0.3501163
4227.938585  0.5727041
4228.561392  0.7718282
4229.184199  0.8447997
4229.807006  0.8309428
4230.429813  0.8576587
4231.05262  0.8983507
4231.675427  0.8809387
4232.298234  0.8076383
4232.921041  0.7229981
4233.543848  0.7049203
4234.166655  0.7802272
4234.789462  0.8051195
4235.412269  0.7331984
4236.035076  0.6375
4236.657883  0.6387468
4237.28069  0.6931388
4237.903497  0.7302032
4238.526304  0.730041
4239.149111  0.7144282
4239.771918  0.7164911
4240.394725  0.7614347
4241.017532  0.8458845
4241.640339  0.8818029
4242.263146  0.8306869
4242.885953  0.7630773
4243.50876  0.8001577
4244.131567  0.9064937
4244.754374  0.9618278
4245.377181  0.935948
4245.999988  0.8808308
4246.622795  0.8300421
4247.245602  0.7586162
4247.868409  0.7150766
4248.491216  0.708268
4249.114023  0.6979761
4249.73683  0.6427174
4250.359637  0.6065819
4250.982444  0.6523986
4251.605251  0.7490703
4252.228058  0.8253713
4252.850865  0.8296088
4253.473672  0.7643176
4254.096479  0.6880618
4254.719286  0.6458221
4255.342093  0.6600691
4255.9649  0.7348087
4256.587707  0.850572
4257.210514  0.916921
4257.833321  0.8425615
4258.456128  0.7459415
4259.078935  0.6846392
4259.701742  0.638608
4260.324549  0.5796702
4260.947356  0.5737792
4261.570163  0.6577004
4262.19297  0.7816753
4262.815777  0.8866641
4263.438584  0.9224941
4264.061391  0.8936002
4264.684198  0.8867937
4265.307005  0.9314307
4265.929812  0.9775825
4266.552619  0.9407514
4267.175426  0.8536029
4267.798233  0.7852506
4268.42104  0.7723219
4269.043847  0.7662127
4269.666654  0.7436322
4270.289461  0.6803329
4270.912268  0.5442582
4271.535075  0.449385
4272.157882  0.4814419
4272.780689  0.6070592
4273.403496  0.6641363
4274.026303  0.6257215
4274.64911  0.5790733
4275.271917  0.6220231
4275.894724  0.7251297
4276.517531  0.8161189
4277.140338  0.8573377
4277.763145  0.9047029
4278.385952  0.9348164
4279.008759  0.882471
4279.631566  0.7457591
4280.254373  0.6499256
4280.87718  0.6727151
4281.499987  0.7543435
4282.122794  0.7829047
4282.745601  0.7855596
4283.368408  0.8329893
4283.991215  0.8309394
4284.614022  0.7660918
4285.236829  0.6858489
4285.859636  0.6492071
4286.482443  0.6904965
4287.10525  0.7655111
4287.728057  0.7912316
4288.350864  0.7422388
4288.973671  0.6389289
4289.596478  0.5507714
4290.219285  0.5644983
4290.842092  0.6077259
4291.464899  0.6517095
4292.087706  0.7345522
4292.710513  0.81358
4293.33332  0.8189009
4293.956127  0.7439628
4294.578934  0.6961811
4295.201741  0.7110499
4295.824548  0.7384879
4296.447355  0.7023305
4297.070162  0.6555387
4297.692969  0.6241301
4298.315776  0.5831007
4298.938583  0.4874372
4299.56139  0.4029445
4300.184197  0.4045559
4300.807004  0.4886288
4301.429811  0.544735
4302.052618  0.5300874
4302.675425  0.4902865
4303.298232  0.4944661
4303.921039  0.5323731
4304.543846  0.5475696
4305.166653  0.5037713
4305.78946  0.4985917
4306.412267  0.5218617
4307.035074  0.479257
4307.657881  0.3971376
4308.280688  0.3565627
4308.903495  0.3894824
4309.526302  0.4232989
4310.149109  0.4580527
4310.771916  0.4938773
4311.394723  0.5165647
4312.01753  0.5419216
4312.640337  0.6044042
4313.263144  0.6905455
4313.885951  0.7052453
4314.508758  0.718222
4315.131565  0.8218102
4315.754372  1.011408
4316.377179  1.111829
4316.999986  1.111632
4317.622793  1.096979
4318.2456  1.060809
4318.868407  1.051014
4319.491214  1.056712
4320.114021  0.9987199
4320.736828  0.9441668
4321.359635  0.9429844
4321.982442  0.9616007
4322.605249  0.8804572
4323.228056  0.7326813
4323.850863  0.6114793
4324.47367  0.5536133
4325.096477  0.4854498
4325.719284  0.4524745
4326.342091  0.5665695
4326.964898  0.7494563
4327.587705  0.9183157
4328.210512  1.024787
4328.833319  1.059099
4329.456126  1.015278
4330.078933  0.9359701
4330.70174  0.8987942
4331.324547  0.9390342
4331.947354  0.9929771
4332.570161  0.991991
4333.192968  0.9715275
4333.815775  0.981995
4334.438582  1.040739
4335.061389  1.111044
4335.684196  1.13518
4336.307003  1.048185
4336.92981  0.8632661
4337.552617  0.7355541
4338.175424  0.7091473
4338.798231  0.7228636
4339.421038  0.6822816
4340.043845  0.6192635
4340.666652  0.6168597
4341.289459  0.7268683
4341.912266  0.8902844
4342.535073  0.9729363
4343.15788  0.9266018
4343.780687  0.8676947
4344.403494  0.9115952
4345.026301  1.020645
4345.649108  1.05782
4346.271915  0.9970927
4346.894722  0.9208608
4347.517529  0.9187649
4348.140336  0.9899317
4348.763143  1.094889
4349.38595  1.147477
4350.008757  1.067054
4350.631564  0.8850346
4351.254371  0.7107117
4351.877178  0.6480201
4352.499985  0.7112873
4353.122792  0.8371271
4353.745599  0.9291794
4354.368406  0.9264788
4354.991213  0.9023271
4355.61402  0.9137722
4356.236827  0.9671913
4356.859634  1.032008
4357.482441  1.031741
4358.105248  0.9441016
4358.728055  0.8448632
4359.350862  0.8142218
4359.973669  0.8706036
4360.596476  0.9719546
4361.219283  1.066238
4361.84209  1.083209
4362.464897  1.017998
4363.087704  0.964075
4363.710511  0.9915674
4364.333318  1.083479
4364.956125  1.153662
4365.578932  1.131548
4366.201739  1.033096
4366.824546  0.9205392
4367.447353  0.8446354
4368.07016  0.8585677
4368.692967  0.9262659
4369.315774  0.9520323
4369.938581  0.9456836
4370.561388  0.9372174
4371.184195  0.9496101
4371.807002  0.9832738
4372.429809  0.9684757
4373.052616  0.8886315
4373.675423  0.809177
4374.29823  0.739397
4374.921037  0.7063199
4375.543844  0.7418249
4376.166651  0.8425649
4376.789458  0.9432749
4377.412265  0.9989195
4378.035072  1.024664
4378.657879  1.018942
4379.280686  0.9815608
4379.903493  0.9326621
4380.5263  0.9293186
4381.149107  0.9419702
4381.771914  0.8863744
4382.394721  0.700874
4383.017528  0.4930669
4383.640335  0.381114
4384.263142  0.4123651
4384.885949  0.5548196
4385.508756  0.7425911
4386.131563  0.8874474
4386.75437  0.906235
4387.377177  0.870643
4387.999984  0.852064
4388.622791  0.8499331
4389.245598  0.8254536
4389.868405  0.7871361
4390.491212  0.771243
4391.114019  0.7924033
4391.736826  0.8582114
4392.359633  0.9264792
4392.98244  0.9291067
4393.605247  0.9000575
4394.228054  0.8580142
4394.850861  0.8182348
4395.473668  0.842618
4396.096475  0.9394397
4396.719282  1.048778
4397.342089  1.080758
4397.964896  1.047375
4398.587703  0.9917248
4399.21051  0.9354738
4399.833317  0.8447918
4400.456124  0.7795731
4401.078931  0.8226134
4401.701738  0.9804408
4402.324545  1.081406
4402.947352  1.016568
4403.570159  0.8243032
4404.192966  0.6263743
4404.815773  0.5766577
4405.43858  0.7089626
4406.061387  0.8538624
4406.684194  0.9071906
4407.307001  0.8542613
4407.929808  0.7662837
4408.552615  0.7650871
4409.175422  0.8639417
4409.798229  0.9855499
4410.421036  1.049546
4411.043843  1.065308
4411.66665  1.081441
4412.289457  1.123639
4412.912264  1.143862
4413.535071  1.072972
4414.157878  0.9050973
4414.780685  0.7657033
4415.403492  0.7612919
4416.026299  0.8668535
4416.649106  0.9352666
4417.271913  0.9569718
4417.89472  0.9860477
4418.517527  1.058896
4419.140334  1.110346
4419.763141  1.119434
4420.385948  1.08993
4421.008755  1.020064
4421.631562  0.9293896
4422.254369  0.8668912
4422.877176  0.8781414
4423.499983  0.9504502
4424.12279  1.014992
4424.745597  1.022133
4425.368404  1.003521
4425.991211  0.9924654
4426.614018  0.9925789
4427.236825  0.9892386
4427.859632  1.028291
4428.482439  1.063369
4429.105246  1.015808
4429.728053  0.8879936
4430.35086  0.8398972
4430.973667  0.9293622
4431.596474  1.026695
4432.219281  1.065101
4432.842088  1.031946
4433.464895  0.9554031
4434.087702  0.8701662
4434.710509  0.8057283
4435.333316  0.7963974
4435.956123  0.8710572
4436.57893  0.9806802
4437.201737  1.066427
4437.824544  1.106176
4438.447351  1.147476
4439.070158  1.161299
4439.692965  1.116379
4440.315772  1.043037
4440.938579  0.9689434
4441.561386  0.9097067
4442.184193  0.8715554
4442.807  0.8721973
4443.429807  0.8988441
4444.052614  0.9492135
4444.675421  1.056178
4445.298228  1.156884
4445.921035  1.173581
4446.543842  1.094667
4447.166649  1.044307
4447.789456  1.083818
4448.412263  1.158265
4449.03507  1.135158
4449.657877  1.054603
4450.280684  1.01173
4450.903491  1.046509
4451.526298  1.09224
4452.149105  1.095585
4452.771912  1.057069
4453.394719  1.021096
4454.017526  0.9513149
4454.640333  0.8588663
4455.26314  0.8458032
4455.885947  0.8980989
4456.508754  0.9530435
4457.131561  0.9604708
4457.754368  0.9334029
4458.377175  0.8947793
4458.999982  0.8750811
4459.622789  0.9009606
4460.245596  0.9075666
4460.868403  0.8509571
4461.49121  0.7700101
4462.114017  0.8001623
4462.736824  0.9344788
4463.359631  1.055959
4463.982438  1.051772
4464.605245  1.014042
4465.228052  1.011664
4465.850859  1.014096
4466.473666  1.02165
4467.096473  1.041681
4467.71928  1.055671
4468.342087  1.001687
4468.964894  0.9467574
4469.587701  0.9471572
4470.210508  0.9776267
4470.833315  1.011055
4471.456122  1.039606
4472.078929  1.073618
4472.701736  1.121451
4473.324543  1.171157
4473.94735  1.194034
4474.570157  1.16792
4475.192964  1.141599
4475.815771  1.160633
4476.438578  1.223676
4477.061385  1.268326
4477.684192  1.271913
4478.306999  1.224968
4478.929806  1.112734
4479.552613  1.006068
4480.17542  0.9546671
4480.798227  0.9462411
4481.421034  0.9262338
4482.043841  0.944762
4482.666648  1.040152
4483.289455  1.124765
4483.912262  1.17415
4484.535069  1.204503
4485.157876  1.236751
4485.780683  1.251234
4486.40349  1.23163
4487.026297  1.175977
4487.649104  1.096597
4488.271911  0.8171007
4488.894718  0.
4489.517525  0.
4490.140332  0.
4490.763139  0.
4491.385946  0.
4492.008753  0.
4492.63156  0.
4493.254367  0.
4493.877174  0.
4494.499981  0.
4495.122788  0.
4495.745595  0.
4496.368402  0.
4496.991209  0.
4497.614016  0.
4498.236823  0.
4498.85963  0.
4499.482437  0.
4500.105244  0.
4500.728051  0.
4501.350858  0.
4501.973665  0.
4502.596472  0.
4503.219279  0.
4503.842086  0.
4504.464893  0.
4505.0877  0.
4505.710507  0.
4506.333314  0.
4506.956121  0.
4507.578928  0.
4508.201735  0.
4508.824542  0.
