3820.  0.1313435
3820.622807  0.1195832
3821.245614  0.1377804
3821.868421  0.1909537
3822.491228  0.2356319
3823.114035  0.2404324
3823.736842  0.2096667
3824.359649  0.167793
3824.982456  0.1319261
3825.605263  0.1175654
3826.22807  0.125973
3826.850877  0.1424717
3827.473684  0.1523071
3828.096491  0.1579212
3828.719298  0.1691652
3829.342105  0.1813065
3829.964912  0.1971797
3830.587719  0.2127053
3831.210526  0.2113187
3831.833333  0.1841593
3832.45614  0.1523202
3833.078947  0.1445723
3833.701754  0.1424025
3834.324561  0.1476125
3834.947368  0.173485
3835.570175  0.2218398
3836.192982  0.2501381
3836.815789  0.2393799
3837.438596  0.2099123
3838.061403  0.1700531
3838.68421  0.1467785
3839.307017  0.1522205
3839.929824  0.1474777
3840.552631  0.1337246
3841.175438  0.1413587
3841.798245  0.196773
3842.421052  0.2587989
3843.043859  0.2870021
3843.666666  0.2777927
3844.289473  0.2777478
3844.91228  0.2776016
3845.535087  0.2588079
3846.157894  0.2381229
3846.780701  0.2374436
3847.403508  0.2545692
3848.026315  0.2635805
3848.649122  0.2438857
3849.271929  0.2049645
3849.894736  0.1726742
3850.517543  0.1668734
3851.14035  0.2020941
3851.763157  0.2534276
3852.385964  0.2686802
3853.008771  0.2436509
3853.631578  0.2086016
3854.254385  0.1968552
3854.877192  0.208996
3855.499999  0.2079847
3856.122806  0.1845787
3856.745613  0.1788345
3857.36842  0.1865896
3857.991227  0.1849924
3858.614034  0.1600067
3859.236841  0.1341888
3859.859648  0.1191458
3860.482455  0.1204456
3861.105262  0.1453763
3861.728069  0.1936769
3862.350876  0.245691
3862.973683  0.2745417
3863.59649  0.2817329
3864.219297  0.2703744
3864.842104  0.2463115
3865.464911  0.2228353
3866.087718  0.2194409
3866.710525  0.2300672
3867.333332  0.2258335
3867.956139  0.2157277
3868.578946  0.20711
3869.201753  0.1974483
3869.82456  0.1796684
3870.447367  0.1582437
3871.070174  0.1451543
3871.692981  0.1503826
3872.315788  0.159578
3872.938595  0.177429
3873.561402  0.2220818
3874.184209  0.2859347
3874.807016  0.3375567
3875.429823  0.3528312
3876.05263  0.3400158
3876.675437  0.3047139
3877.298244  0.2503207
3877.921051  0.1892462
3878.543858  0.1695523
3879.166665  0.1992753
3879.789472  0.2424246
3880.412279  0.2464678
3881.035086  0.2194926
3881.657893  0.1825407
3882.2807  0.1506481
3882.903507  0.2006277
3883.526314  0.3189707
3884.149121  0.4105413
3884.771928  0.3947723
3885.394735  0.3020094
3886.017542  0.2123983
3886.640349  0.1816212
3887.263156  0.2244693
3887.885963  0.2819773
3888.50877  0.2855254
3889.131577  0.2957039
3889.754384  0.3386604
3890.377191  0.3970625
3890.999998  0.4403371
3891.622805  0.4802236
3892.245612  0.5084119
3892.868419  0.4949631
3893.491226  0.482254
3894.114033  0.4706793
3894.73684  0.4297316
3895.359647  0.3547428
3895.982454  0.3440084
3896.605261  0.4217671
3897.228068  0.4713727
3897.850875  0.4591483
3898.473682  0.4090597
3899.096489  0.3639779
3899.719296  0.3317997
3900.342103  0.3575882
3900.96491  0.4393757
3901.587717  0.4801021
3902.210524  0.4308623
3902.833331  0.3542928
3903.456138  0.3584494
3904.078945  0.4044162
3904.701752  0.4068772
3905.324559  0.3373258
3905.947366  0.2903271
3906.570173  0.3111177
3907.19298  0.3800064
3907.815787  0.4396224
3908.438594  0.4812574
3909.061401  0.4968744
3909.684208  0.48268
3910.307015  0.4591908
3910.929822  0.4598691
3911.552629  0.4920604
3912.175436  0.5224764
3912.798243  0.5300823
3913.42105  0.5137537
3914.043857  0.4932122
3914.666664  0.5029062
3915.289471  0.5080332
3915.912278  0.4756475
3916.535085  0.4419148
3917.157892  0.4447668
3917.780699  0.4666672
3918.403506  0.4524738
3919.026313  0.4191774
3919.64912  0.3726871
3920.271927  0.3162588
3920.894734  0.2772655
3921.517541  0.2798134
3922.140348  0.3062239
3922.763155  0.3100531
3923.385962  0.3337412
3924.008769  0.3778596
3924.631576  0.399249
3925.254383  0.3740744
3925.87719  0.341732
3926.499997  0.3272831
3927.122804  0.2941513
3927.745611  0.2457219
3928.368418  0.2064599
3928.991225  0.1934805
3929.614032  0.1772955
3930.236839  0.1532597
3930.859646  0.1331294
3931.482453  0.1211569
3932.10526  0.1055941
3932.728067  0.08229522
3933.350874  0.06285458
3933.973681  0.0602758
3934.596488  0.07324909
3935.219295  0.09245867
3935.842102  0.1147702
3936.464909  0.1435612
3937.087716  0.175803
3937.710523  0.2006281
3938.33333  0.228279
3938.956137  0.2658094
3939.578944  0.3048565
3940.201751  0.3180216
3940.824558  0.309171
3941.447365  0.3026805
3942.070172  0.3170202
3942.692979  0.3186895
3943.315786  0.2878798
3943.938593  0.2470709
3944.5614  0.2476419
3945.184207  0.3107958
3945.807014  0.4064174
3946.429821  0.4626415
3947.052628  0.4560514
3947.675435  0.4156345
3948.298242  0.3952902
3948.921049  0.4056837
3949.543856  0.4470206
3950.166663  0.5057926
3950.78947  0.5439686
3951.412277  0.5290485
3952.035084  0.4640494
3952.657891  0.3991162
3953.280698  0.4187262
3953.903505  0.5087302
3954.526312  0.5728426
3955.149119  0.5591866
3955.771926  0.4902963
3956.394733  0.4288493
3957.01754  0.424168
3957.640347  0.4534702
3958.263154  0.4882684
3958.885961  0.5190606
3959.508768  0.524133
3960.131575  0.4768489
3960.754382  0.3748054
3961.377189  0.2673328
3961.999996  0.2182397
3962.622803  0.2361363
3963.24561  0.2637362
3963.868417  0.280981
3964.491224  0.2755627
3965.114031  0.244492
3965.736838  0.2048321
3966.359645  0.1651666
3966.982452  0.1294438
3967.605259  0.1016917
3968.228066  0.08062435
3968.850873  0.0721183
3969.47368  0.08582059
3970.096487  0.1191668
3970.719294  0.1579381
3971.342101  0.1911616
3971.964908  0.2228608
3972.587715  0.2492752
3973.210522  0.2684036
3973.833329  0.2865705
3974.456136  0.3233302
3975.078943  0.3752568
3975.70175  0.4181362
3976.324557  0.4263588
3976.947364  0.4359537
3977.570171  0.4738799
3978.192978  0.5179963
3978.815785  0.5465786
3979.438592  0.5706757
3980.061399  0.6075479
3980.684206  0.6166543
3981.307013  0.5893261
3981.92982  0.5526396
3982.552627  0.5478306
3983.175434  0.5451781
3983.798241  0.5348773
3984.421048  0.5443578
3985.043855  0.5855936
3985.666662  0.6108181
3986.289469  0.5864369
3986.912276  0.5688704
3987.535083  0.6087646
3988.15789  0.6791623
3988.780697  0.6900162
3989.403504  0.6328037
3990.026311  0.5782789
3990.649118  0.5928785
3991.271925  0.628314
3991.894732  0.6514275
3992.517539  0.6625162
3993.140346  0.6837444
3993.763153  0.676433
3994.38596  0.6423944
3995.008767  0.622862
3995.631574  0.6266534
3996.254381  0.6217938
3996.877188  0.5864229
3997.499995  0.5538853
3998.122802  0.5597754
3998.745609  0.6164332
3999.368416  0.6996844
3999.991223  0.7469577
4000.61403  0.7355921
4001.236837  0.6958154
4001.859644  0.6900783
4002.482451  0.7303818
4003.105258  0.7838595
4003.728065  0.7944404
4004.350872  0.6956849
4004.973679  0.5456113
4005.596486  0.4673122
4006.219293  0.4872927
4006.8421  0.5657802
4007.464907  0.6483625
4008.087714  0.7081642
4008.710521  0.7279345
4009.333328  0.7190038
4009.956135  0.710586
4010.578942  0.7176315
4011.201749  0.7205522
4011.824556  0.7098712
4012.447363  0.7237751
4013.07017  0.7383325
4013.692977  0.7285663
4014.315784  0.7081716
4014.938591  0.7385876
4015.561398  0.7875961
4016.184205  0.7807821
4016.807012  0.7188054
4017.429819  0.6590171
4018.052626  0.6607612
4018.675433  0.7318609
4019.29824  0.7808039
4019.921047  0.7729601
4020.543854  0.7445976
4021.166661  0.7194173
4021.789468  0.7126552
4022.412275  0.7274849
4023.035082  0.7540237
4023.657889  0.7459825
4024.280696  0.7035459
4024.903503  0.6771119
4025.52631  0.6908283
4026.149117  0.7250419
4026.771924  0.7504443
4027.394731  0.7692365
4028.017538  0.7976215
4028.640345  0.8284557
4029.263152  0.8175777
4029.885959  0.7013915
4030.508766  0.5575572
4031.131573  0.511559
4031.75438  0.538762
4032.377187  0.5474822
4032.999994  0.5042615
4033.622801  0.4856807
4034.245608  0.5050422
4034.868415  0.5452807
4035.491222  0.5907555
4036.114029  0.6608096
4036.736836  0.74263
4037.359643  0.8043218
4037.98245  0.8251328
4038.605257  0.8190798
4039.228064  0.7941509
4039.850871  0.7459202
4040.473678  0.6976753
4041.096485  0.6867068
4041.719292  0.7304162
4042.342099  0.7951684
4042.964906  0.7972965
4043.587713  0.7057788
4044.21052  0.5771159
4044.833327  0.4317638
4045.456134  0.314134
4046.078941  0.2867126
4046.701748  0.3890878
4047.324555  0.5551442
4047.947362  0.6810096
4048.570169  0.7115386
4049.192976  0.7146085
4049.815783  0.7453859
4050.43859  0.7908536
4051.061397  0.7969
4051.684204  0.7603623
4052.307011  0.7181356
4052.929818  0.7043476
4053.552625  0.702749
4054.175432  0.677912
4054.798239  0.6212394
4055.421046  0.6154958
4056.043853  0.6513026
4056.66666  0.6538545
4057.289467  0.5948687
4057.912274  0.5352108
4058.535081  0.5353863
4059.157888  0.5897636
4059.780695  0.6622111
4060.403502  0.7178718
4061.026309  0.7351727
4061.649116  0.7021515
4062.271923  0.6097143
4062.89473  0.4761831
4063.517537  0.3646537
4064.140344  0.3756923
4064.763151  0.50608
4065.385958  0.6365137
4066.008765  0.6626087
4066.631572  0.6095139
4067.254379  0.5753657
4067.877186  0.6174563
4068.499993  0.7020272
4069.1228  0.7741473
4069.745607  0.8011066
4070.368414  0.7299586
4070.991221  0.5790268
4071.614028  0.4464699
4072.236835  0.4647994
4072.859642  0.6030114
4073.482449  0.736976
4074.105256  0.7640881
4074.728063  0.732459
4075.35087  0.6831422
4075.973677  0.6110579
4076.596484  0.5298
4077.219291  0.4808958
4077.842098  0.4958418
4078.464905  0.5576425
4079.087712  0.627811
4079.710519  0.6914068
4080.333326  0.7613956
4080.956133  0.8267412
4081.57894  0.8534322
4082.201747  0.8184397
4082.824554  0.7469872
4083.447361  0.6984453
4084.070168  0.6892837
4084.692975  0.676103
4085.315782  0.6811689
4085.938589  0.7093584
4086.561396  0.7478701
4087.184203  0.8084675
4087.80701  0.8652738
4088.429817  0.8910368
4089.052624  0.890281
4089.675431  0.8515548
4090.298238  0.8069217
4090.921045  0.804409
4091.543852  0.7878529
4092.166659  0.7458556
4092.789466  0.7274009
4093.412273  0.8005008
4094.03508  0.849986
4094.657887  0.798129
4095.280694  0.7042575
4095.903501  0.6324406
4096.526308  0.615644
4097.149115  0.6417286
4097.771922  0.663223
4098.394729  0.6850093
4099.017536  0.7104901
4099.640343  0.7048472
4100.26315  0.6442201
4100.885957  0.5590781
4101.508764  0.5149707
4102.131571  0.5442711
4102.754378  0.6177462
4103.377185  0.674526
4103.999992  0.6723799
4104.622799  0.6686859
4105.245606  0.7048929
4105.868413  0.7593232
4106.49122  0.7874629
4107.114027  0.7817832
4107.736834  0.7643729
4108.359641  0.7539055
4108.982448  0.7390201
4109.605255  0.7110386
4110.228062  0.6826831
4110.850869  0.6701487
4111.473676  0.6690297
4112.096483  0.6719767
4112.71929  0.7038026
4113.342097  0.7524198
4113.964904  0.7856179
4114.587711  0.7815423
4115.210518  0.7786017
4115.833325  0.7871832
4116.456132  0.7851667
4117.078939  0.7943915
4117.701746  0.7671431
4118.324553  0.678868
4118.94736  0.6207246
4119.570167  0.6429818
4120.192974  0.7123835
4120.815781  0.7434527
4121.438588  0.733829
4122.061395  0.7107279
4122.684202  0.6934632
4123.307009  0.6705977
4123.929816  0.6956956
4124.552623  0.7657493
4125.17543  0.7834482
4125.798237  0.7611625
4126.421044  0.7297429
4127.043851  0.7040254
4127.666658  0.6793951
4128.289465  0.6756943
4128.912272  0.6908346
4129.535079  0.6787783
4130.157886  0.6857189
4130.780693  0.6895533
4131.4035  0.613117
4132.026307  0.5287614
4132.649114  0.5168164
4133.271921  0.5715318
4133.894728  0.5684484
4134.517535  0.5653865
4135.140342  0.6378335
4135.763149  0.7575148
4136.385956  0.7880754
4137.008763  0.7376789
4137.63157  0.7125661
4138.254377  0.7260026
4138.877184  0.7510248
4139.499991  0.7612638
4140.122798  0.7604281
4140.745605  0.7628776
4141.368412  0.7414443
4141.991219  0.6519172
4142.614026  0.5214686
4143.236833  0.4161076
4143.85964  0.4006387
4144.482447  0.4931325
4145.105254  0.6064359
4145.728061  0.6715915
4146.350868  0.6918967
4146.973675  0.6900779
4147.596482  0.6906158
4148.219289  0.6944684
4148.842096  0.6664746
4149.464903  0.6171053
4150.08771  0.5871929
4150.710517  0.6091495
4151.333324  0.611094
4151.956131  0.5999517
4152.578938  0.6277477
4153.201745  0.6418159
4153.824552  0.6171759
4154.447359  0.585265
4155.070166  0.6116524
4155.692973  0.6159849
4156.31578  0.5771509
4156.938587  0.5664509
4157.561394  0.6032194
4158.184201  0.667306
4158.807008  0.7218654
4159.429815  0.7438802
4160.052622  0.726778
4160.675429  0.6946604
4161.298236  0.692351
4161.921043  0.7415395
4162.54385  0.7941146
4163.166657  0.7899529
4163.789464  0.748998
4164.412271  0.7069476
4165.035078  0.6936886
4165.657885  0.7094049
4166.280692  0.6811619
4166.903499  0.6104316
4167.526306  0.5747935
4168.149113  0.6265656
4168.77192  0.6989197
4169.394727  0.7247285
4170.017534  0.7445102
4170.640341  0.7502106
4171.263148  0.7094529
4171.885955  0.6087989
4172.508762  0.5256021
4173.131569  0.5188868
4173.754376  0.5780464
4174.377183  0.615382
4174.99999  0.6271477
4175.622797  0.6379798
4176.245604  0.6485427
4176.868411  0.6215876
4177.491218  0.5811523
4178.114025  0.5845945
4178.736832  0.6262174
4179.359639  0.6581151
4179.982446  0.6529155
4180.605253  0.6405236
4181.22806  0.6179973
4181.850867  0.60241
4182.473674  0.6213902
4183.096481  0.6513884
4183.719288  0.6846051
4184.342095  0.7308986
4184.964902  0.7969524
4185.587709  0.806867
4186.210516  0.7182586
4186.833323  0.584614
4187.45613  0.5383797
4188.078937  0.5966282
4188.701744  0.6822348
4189.324551  0.7368467
4189.947358  0.7502692
4190.570165  0.7232649
4191.192972  0.6569901
4191.815779  0.6543345
4192.438586  0.7266685
4193.061393  0.7905291
4193.6842  0.7872221
4194.307007  0.7290156
4194.929814  0.6557357
4195.552621  0.5866953
4196.175428  0.5537404
4196.798235  0.5600444
4197.421042  0.5749809
4198.043849  0.5591956
4198.666656  0.5581652
4199.289463  0.6164163
4199.91227  0.6684272
4200.535077  0.6703166
4201.157884  0.6170461
4201.780691  0.5486168
4202.403498  0.5624055
4203.026305  0.647972
4203.649112  0.7141595
4204.271919  0.7104704
4204.894726  0.7136144
4205.517533  0.7673206
4206.14034  0.7901617
4206.763147  0.7981837
4207.385954  0.8149492
4208.008761  0.8341758
4208.631568  0.8228991
4209.254375  0.7707448
4209.877182  0.7078305
4210.499989  0.6956227
4211.122796  0.7348453
4211.745603  0.7832146
4212.36841  0.7925426
4212.991217  0.7663498
4213.614024  0.7234656
4214.236831  0.6636076
4214.859638  0.5497205
4215.482445  0.4865883
4216.105252  0.5585012
4216.728059  0.7183158
4217.350866  0.8386939
4217.973673  0.8799112
4218.59648  0.8874243
4219.219287  0.878469
4219.842094  0.894653
4220.464901  0.9402007
4221.087708  0.948844
4221.710515  0.8992118
4222.333322  0.8232588
4222.956129  0.770083
4223.578936  0.7227693
4224.201743  0.6730611
4224.82455  0.6074861
4225.447357  0.4883192
4226.070164  0.3349079
4226.692971  0.2417915
4227.315778  0.3216123
4227.938585  0.5396062
4228.561392  0.7422482
4229.184199  0.8080008
4229.807006  0.8255026
4230.429813  0.861965
4231.05262  0.9119007
4231.675427  0.9069728
4232.298234  0.8261983
4232.921041  0.7316381
4233.543848  0.7165695
4234.166655  0.7876989
4234.789462  0.808015
4235.412269  0.7051904
4236.035076  0.6311422
4236.657883  0.6522965
4237.28069  0.7249262
4237.903497  0.7523897
4238.526304  0.742296
4239.149111  0.7220399
4239.771918  0.7241266
4240.394725  0.783218
4241.017532  0.8611663
4241.640339  0.8902812
4242.263146  0.8358711
4242.885953  0.7865028
4243.50876  0.8249877
4244.131567  0.9411058
4244.754374  0.9867447
4245.377181  0.9648461
4245.999988  0.923974
4246.622795  0.8518642
4247.245602  0.7729598
4247.868409  0.7247058
4248.491216  0.7183102
4249.114023  0.6834738
4249.73683  0.6049922
4250.359637  0.5468399
4250.982444  0.6130176
4251.605251  0.7390086
4252.228058  0.8281014
4252.850865  0.836349
4253.473672  0.7345291
4254.096479  0.6114864
4254.719286  0.5844353
4255.342093  0.6446499
4255.9649  0.7641532
4256.587707  0.8882647
4257.210514  0.9434838
4257.833321  0.8746
4258.456128  0.7520651
4259.078935  0.6840845
4259.701742  0.5989612
4260.324549  0.5240133
4260.947356  0.5320967
4261.570163  0.6442209
4262.19297  0.7923924
4262.815777  0.8992761
4263.438584  0.931868
4264.061391  0.9119885
4264.684198  0.9049817
4265.307005  0.9456977
4265.929812  0.9736272
4266.552619  0.9339551
4267.175426  0.8447932
4267.798233  0.7901266
4268.42104  0.7767914
4269.043847  0.7708315
4269.666654  0.7312466
4270.289461  0.6464717
4270.912268  0.5131285
4271.535075  0.4040652
4272.157882  0.4577172
4272.780689  0.5818915
4273.403496  0.6392119
4274.026303  0.5813892
4274.64911  0.5331767
4275.271917  0.5821133
4275.894724  0.7104437
4276.517531  0.8041321
4277.140338  0.856128
4277.763145  0.9009545
4278.385952  0.9427261
4279.008759  0.8826433
4279.631566  0.7439008
4280.254373  0.6508306
4280.87718  0.7062825
4281.499987  0.772632
4282.122794  0.7632453
4282.745601  0.7897854
4283.368408  0.8360242
4283.991215  0.842633
4284.614022  0.7759688
4285.236829  0.6964329
4285.859636  0.6700421
4286.482443  0.7146535
4287.10525  0.7792935
4287.728057  0.8114842
4288.350864  0.7608368
4288.973671  0.6230599
4289.596478  0.5371622
4290.219285  0.5484742
4290.842092  0.6113145
4291.464899  0.6684809
4292.087706  0.7543504
4292.710513  0.8389558
4293.33332  0.808284
4293.956127  0.7154073
4294.578934  0.6703113
4295.201741  0.7222208
4295.824548  0.7517724
4296.447355  0.7169719
4297.070162  0.6575531
4297.692969  0.6373826
4298.315776  0.5789785
4298.938583  0.4696264
4299.56139  0.3931015
4300.184197  0.4108288
4300.807004  0.4936044
4301.429811  0.5563955
4302.052618  0.5337591
4302.675425  0.495192
4303.298232  0.5062394
4303.921039  0.5498167
4304.543846  0.5440959
4305.166653  0.5074117
4305.78946  0.5020785
4306.412267  0.5076485
4307.035074  0.4596876
4307.657881  0.3694486
4308.280688  0.3450329
4308.903495  0.3774965
4309.526302  0.4217176
4310.149109  0.4489024
4310.771916  0.4842265
4311.394723  0.5125199
4312.01753  0.5367956
4312.640337  0.611854
4313.263144  0.6917495
4313.885951  0.7236815
4314.508758  0.7233921
4315.131565  0.8418642
4315.754372  1.014898
4316.377179  1.101698
4316.999986  1.119616
4317.622793  1.08522
4318.2456  1.042148
4318.868407  1.044385
4319.491214  1.052503
4320.114021  1.015135
4320.736828  0.9445782
4321.359635  0.9635189
4321.982442  0.9785526
4322.605249  0.8801586
4323.228056  0.7117457
4323.850863  0.5948868
4324.47367  0.528074
4325.096477  0.4352818
4325.719284  0.4163328
4326.342091  0.5248912
4326.964898  0.7213389
4327.587705  0.8916965
4328.210512  1.003124
4328.833319  1.045755
4329.456126  1.013117
4330.078933  0.9456678
4330.70174  0.9170551
4331.324547  0.9580825
4331.947354  0.9864835
4332.570161  0.9895537
4333.192968  0.9888034
4333.815775  1.000283
4334.438582  1.029279
4335.061389  1.077712
4335.684196  1.113317
4336.307003  1.021456
4336.92981  0.8549922
4337.552617  0.7356061
4338.175424  0.7197571
4338.798231  0.7304485
4339.421038  0.6966367
4340.043845  0.6296792
4340.666652  0.6270065
4341.289459  0.729124
4341.912266  0.8783255
4342.535073  0.9441716
4343.15788  0.9083341
4343.780687  0.8576458
4344.403494  0.9028702
4345.026301  0.9906157
4345.649108  1.032933
4346.271915  0.9926808
4346.894722  0.9360232
4347.517529  0.9259012
4348.140336  0.9877455
4348.763143  1.092839
4349.38595  1.145933
4350.008757  1.07895
4350.631564  0.9039512
4351.254371  0.7255214
4351.877178  0.6409729
4352.499985  0.6846186
4353.122792  0.8046435
4353.745599  0.8890631
4354.368406  0.8942129
4354.991213  0.8728451
4355.61402  0.8737108
4356.236827  0.9257118
4356.859634  1.003451
4357.482441  1.013055
4358.105248  0.9420741
4358.728055  0.8496355
4359.350862  0.8195307
4359.973669  0.8653447
4360.596476  0.9658323
4361.219283  1.067052
4361.84209  1.07555
4362.464897  1.008359
4363.087704  0.9494056
4363.710511  0.9711032
4364.333318  1.065427
4364.956125  1.144873
4365.578932  1.118209
4366.201739  1.033173
4366.824546  0.929284
4367.447353  0.8535959
4368.07016  0.8850492
4368.692967  0.9420924
4369.315774  0.952364
4369.938581  0.935271
4370.561388  0.920181
4371.184195  0.9292027
4371.807002  0.9543281
4372.429809  0.9463902
4373.052616  0.8946769
4373.675423  0.8191624
4374.29823  0.7505262
4374.921037  0.7036754
4375.543844  0.7148083
4376.166651  0.8058506
4376.789458  0.9021127
4377.412265  0.9629877
4378.035072  0.9871614
4378.657879  0.9894928
4379.280686  0.9598898
4379.903493  0.9160801
4380.5263  0.8984497
4381.149107  0.9006436
4381.771914  0.8416026
4382.394721  0.6661184
4383.017528  0.4577219
4383.640335  0.3388994
4384.263142  0.3732655
4384.885949  0.5233561
4385.508756  0.7222441
4386.131563  0.8687693
4386.75437  0.8965148
4387.377177  0.8643427
4387.999984  0.8460373
4388.622791  0.8520765
4389.245598  0.8153841
4389.868405  0.781629
4390.491212  0.780634
4391.114019  0.8009312
4391.736826  0.8554885
4392.359633  0.8959875
4392.98244  0.8878833
4393.605247  0.8853934
4394.228054  0.8607266
4394.850861  0.8223443
4395.473668  0.8417996
4396.096475  0.9351534
4396.719282  1.036937
4397.342089  1.070742
4397.964896  1.050641
4398.587703  1.006067
4399.21051  0.9496179
4399.833317  0.871555
4400.456124  0.8024371
4401.078931  0.8166814
4401.701738  0.9444011
4402.324545  1.031338
4402.947352  0.9740196
4403.570159  0.7815891
4404.192966  0.5739319
4404.815773  0.5143838
4405.43858  0.6321813
4406.061387  0.7970797
4406.684194  0.8747504
4407.307001  0.8444897
4407.929808  0.7866328
4408.552615  0.8064214
4409.175422  0.8985979
4409.798229  0.9978305
4410.421036  1.045506
4411.043843  1.057469
4411.66665  1.072774
4412.289457  1.108421
4412.912264  1.123016
4413.535071  1.048564
4414.157878  0.8804538
4414.780685  0.7258406
4415.403492  0.711687
4416.026299  0.8208595
4416.649106  0.9202581
4417.271913  0.9640286
4417.89472  0.9956408
4418.517527  1.05698
4419.140334  1.104826
4419.763141  1.128487
4420.385948  1.118468
4421.008755  1.057493
4421.631562  0.9471514
4422.254369  0.8616737
4422.877176  0.8714619
4423.499983  0.9346944
4424.12279  0.9871694
4424.745597  0.9958619
4425.368404  0.9805384
4425.991211  0.958276
4426.614018  0.9470759
4427.236825  0.9662651
4427.859632  1.033308
4428.482439  1.09048
4429.105246  1.061141
4429.728053  0.9306098
4430.35086  0.8584135
4430.973667  0.9186816
4431.596474  1.022988
4432.219281  1.064744
4432.842088  1.027554
4433.464895  0.9540322
4434.087702  0.8733305
4434.710509  0.8064216
4435.333316  0.7869964
4435.956123  0.8514223
4436.57893  0.9501483
4437.201737  1.034674
4437.824544  1.091589
4438.447351  1.142384
4439.070158  1.157936
4439.692965  1.113995
4440.315772  1.039703
4440.938579  0.9629388
4441.561386  0.904132
4442.184193  0.8733193
4442.807  0.8747572
4443.429807  0.9120196
4444.052614  0.9828729
4444.675421  1.075688
4445.298228  1.162711
4445.921035  1.186614
4446.543842  1.105465
4447.166649  1.040854
4447.789456  1.059173
4448.412263  1.126765
4449.03507  1.145003
4449.657877  1.099407
4450.280684  1.047311
4450.903491  1.057177
4451.526298  1.089494
4452.149105  1.096509
4452.771912  1.066311
4453.394719  1.018197
4454.017526  0.9296657
4454.640333  0.8218905
4455.26314  0.8057466
4455.885947  0.8674073
4456.508754  0.9343041
4457.131561  0.9465567
4457.754368  0.9229782
4458.377175  0.8853466
4458.999982  0.857757
4459.622789  0.8797435
4460.245596  0.8916208
4460.868403  0.8437657
4461.49121  0.7695985
4462.114017  0.7888848
4462.736824  0.9205552
4463.359631  1.063776
4463.982438  1.085624
4464.605245  1.04271
4465.228052  1.022441
4465.850859  1.007092
4466.473666  1.009922
4467.096473  1.040155
4467.71928  1.07449
4468.342087  1.034693
4468.964894  0.9662097
4469.587701  0.9489129
4470.210508  0.9753345
4470.833315  1.029974
4471.456122  1.076821
4472.078929  1.085753
4472.701736  1.116913
4473.324543  1.161815
4473.94735  1.169592
4474.570157  1.139849
4475.192964  1.105536
4475.815771  1.109432
4476.438578  1.172189
4477.061385  1.232961
4477.684192  1.255194
4478.306999  1.235657
4478.929806  1.147844
4479.552613  1.037124
4480.17542  0.9636937
4480.798227  0.9374866
4481.421034  0.915292
4482.043841  0.9148459
4482.666648  0.9965041
4483.289455  1.092731
4483.912262  1.157398
4484.535069  1.190159
4485.157876  1.218331
4485.780683  1.238293
4486.40349  1.233161
4487.026297  1.192287
4487.649104  1.125837
4488.271911  1.050469
4488.894718  0.9870896
4489.517525  0.9612296
4490.140332  0.9832056
4490.763139  1.039448
4491.385946  1.095687
4492.008753  1.154104
4492.63156  1.176698
4493.254367  1.110988
4493.877174  0.9911201
4494.499981  0.9155161
4495.122788  0.9372122
4495.745595  0.9807696
4496.368402  1.027986
4496.991209  1.08773
4497.614016  1.158583
4498.236823  1.174557
4498.85963  1.170361
4499.482437  1.197273
4500.105244  1.176141
4500.728051  1.097307
4501.350858  1.033666
4501.973665  1.082507
4502.596472  1.193663
4503.219279  1.280983
4503.842086  1.298058
4504.464893  1.284664
4505.0877  1.270556
4505.710507  1.258622
4506.333314  1.233562
4506.956121  1.209093
4507.578928  1.199357
4508.201735  1.202948
4508.824542  1.209688
