3820.  0.671291
3820.622807  0.6028672
3821.245614  0.6525247
3821.868421  0.7589032
3822.491228  0.8415086
3823.114035  0.8461265
3823.736842  0.7602565
3824.359649  0.6662564
3824.982456  0.6242453
3825.605263  0.6096197
3826.22807  0.6184404
3826.850877  0.6315889
3827.473684  0.6293553
3828.096491  0.6252205
3828.719298  0.614951
3829.342105  0.6051834
3829.964912  0.6260458
3830.587719  0.6561614
3831.210526  0.6405709
3831.833333  0.5525296
3832.45614  0.4819755
3833.078947  0.4632151
3833.701754  0.4662254
3834.324561  0.439607
3834.947368  0.4047428
3835.570175  0.3994033
3836.192982  0.4380403
3836.815789  0.4983736
3837.438596  0.5200276
3838.061403  0.4861058
3838.68421  0.4873619
3839.307017  0.5311495
3839.929824  0.5713025
3840.552631  0.571624
3841.175438  0.6151462
3841.798245  0.7011634
3842.421052  0.7601875
3843.043859  0.7553452
3843.666666  0.7482213
3844.289473  0.7753561
3844.91228  0.786257
3845.535087  0.7673917
3846.157894  0.7515754
3846.780701  0.7833098
3847.403508  0.8529944
3848.026315  0.8992869
3848.649122  0.8810833
3849.271929  0.8293444
3849.894736  0.7818536
3850.517543  0.783595
3851.14035  0.8493001
3851.763157  0.9103433
3852.385964  0.9177792
3853.008771  0.8816994
3853.631578  0.863782
3854.254385  0.8696682
3854.877192  0.8581096
3855.499999  0.796423
3856.122806  0.7636117
3856.745613  0.8048961
3857.36842  0.8775692
3857.991227  0.8569611
3858.614034  0.7678915
3859.236841  0.6874066
3859.859648  0.6663259
3860.482455  0.7192838
3861.105262  0.8061466
3861.728069  0.874886
3862.350876  0.9220135
3862.973683  0.9261606
3863.59649  0.9013548
3864.219297  0.9034836
3864.842104  0.8981299
3865.464911  0.879479
3866.087718  0.8739489
3866.710525  0.8769897
3867.333332  0.8829269
3867.956139  0.8938713
3868.578946  0.9146652
3869.201753  0.9088052
3869.82456  0.8782875
3870.447367  0.8530919
3871.070174  0.810652
3871.692981  0.7463703
3872.315788  0.6862832
3872.938595  0.6742608
3873.561402  0.7192252
3874.184209  0.798305
3874.807016  0.8701164
3875.429823  0.8893437
3876.05263  0.8808414
3876.675437  0.8728707
3877.298244  0.816265
3877.921051  0.7088256
3878.543858  0.6429172
3879.166665  0.7337145
3879.789472  0.8463867
3880.412279  0.8898678
3881.035086  0.8623548
3881.657893  0.791622
3882.2807  0.7221684
3882.903507  0.6981786
3883.526314  0.7357287
3884.149121  0.7593037
3884.771928  0.7301551
3885.394735  0.6673784
3886.017542  0.5997549
3886.640349  0.5667987
3887.263156  0.5682255
3887.885963  0.54537
3888.50877  0.4713525
3889.131577  0.4119887
3889.754384  0.4568413
3890.377191  0.5443116
3890.999998  0.6228295
3891.622805  0.674319
3892.245612  0.7043399
3892.868419  0.7070373
3893.491226  0.7010545
3894.114033  0.7169296
3894.73684  0.723043
3895.359647  0.7195674
3895.982454  0.7370267
3896.605261  0.7997171
3897.228068  0.8262541
3897.850875  0.7941535
3898.473682  0.7820646
3899.096489  0.7729866
3899.719296  0.7679098
3900.342103  0.7905542
3900.96491  0.8490892
3901.587717  0.8869768
3902.210524  0.8589989
3902.833331  0.7906293
3903.456138  0.7714968
3904.078945  0.7980561
3904.701752  0.7930686
3905.324559  0.7359394
3905.947366  0.7002736
3906.570173  0.7395283
3907.19298  0.8044087
3907.815787  0.8493381
3908.438594  0.869306
3909.061401  0.8836017
3909.684208  0.8696638
3910.307015  0.8564122
3910.929822  0.876869
3911.552629  0.9100618
3912.175436  0.9323894
3912.798243  0.9127637
3913.42105  0.8439152
3914.043857  0.8205009
3914.666664  0.8517919
3915.289471  0.8764744
3915.912278  0.8455385
3916.535085  0.8236492
3917.157892  0.8405308
3917.780699  0.8387231
3918.403506  0.8145042
3919.026313  0.8007402
3919.64912  0.8101663
3920.271927  0.77772
3920.894734  0.7522901
3921.517541  0.7751675
3922.140348  0.8016722
3922.763155  0.8143722
3923.385962  0.8289159
3924.008769  0.854444
3924.631576  0.8302683
3925.254383  0.769808
3925.87719  0.7235855
3926.499997  0.7168983
3927.122804  0.6839029
3927.745611  0.6061503
3928.368418  0.5331725
3928.991225  0.4879472
3929.614032  0.4427825
3930.236839  0.3747343
3930.859646  0.3161744
3931.482453  0.2684694
3932.10526  0.2204212
3932.728067  0.1674487
3933.350874  0.1297307
3933.973681  0.12373
3934.596488  0.151802
3935.219295  0.2006093
3935.842102  0.257252
3936.464909  0.3173773
3937.087716  0.3834468
3937.710523  0.4427974
3938.33333  0.5041867
3938.956137  0.5826433
3939.578944  0.6624042
3940.201751  0.6983751
3940.824558  0.6878681
3941.447365  0.6934459
3942.070172  0.7162268
3942.692979  0.7260145
3943.315786  0.7013578
3943.938593  0.6711932
3944.5614  0.6775309
3945.184207  0.7402815
3945.807014  0.8345006
3946.429821  0.8768854
3947.052628  0.8421233
3947.675435  0.7821242
3948.298242  0.7526718
3948.921049  0.7709085
3949.543856  0.8154283
3950.166663  0.8513254
3950.78947  0.872184
3951.412277  0.8641559
3952.035084  0.8129747
3952.657891  0.7678432
3953.280698  0.7836335
3953.903505  0.8608342
3954.526312  0.907758
3955.149119  0.8827173
3955.771926  0.8086998
3956.394733  0.7505425
3957.01754  0.7575018
3957.640347  0.8068028
3958.263154  0.846191
3958.885961  0.8809538
3959.508768  0.8915263
3960.131575  0.8550441
3960.754382  0.7733325
3961.377189  0.6869262
3961.999996  0.6362907
3962.622803  0.6295972
3963.24561  0.6240531
3963.868417  0.6013665
3964.491224  0.5620943
3965.114031  0.506308
3965.736838  0.4300022
3966.359645  0.3427598
3966.982452  0.2645168
3967.605259  0.1985951
3968.228066  0.1547384
3968.850873  0.145465
3969.47368  0.1762171
3970.096487  0.233898
3970.719294  0.3043846
3971.342101  0.3796928
3971.964908  0.4488626
3972.587715  0.503749
3973.210522  0.5416583
3973.833329  0.5671499
3974.456136  0.6157852
3975.078943  0.6840264
3975.70175  0.7168663
3976.324557  0.7262257
3976.947364  0.7405891
3977.570171  0.7751992
3978.192978  0.814115
3978.815785  0.8517869
3979.438592  0.8904546
3980.061399  0.927431
3980.684206  0.9231054
3981.307013  0.8798632
3981.92982  0.8429394
3982.552627  0.8434005
3983.175434  0.8572553
3983.798241  0.8585185
3984.421048  0.8661551
3985.043855  0.8907524
3985.666662  0.9021409
3986.289469  0.86655
3986.912276  0.8564045
3987.535083  0.8991545
3988.15789  0.9558235
3988.780697  0.9538047
3989.403504  0.9187027
3990.026311  0.9027612
3990.649118  0.9264017
3991.271925  0.9552878
3991.894732  0.975184
3992.517539  0.9910046
3993.140346  0.9973498
3993.763153  0.9847481
3994.38596  0.9570343
3995.008767  0.9339811
3995.631574  0.9248746
3996.254381  0.913999
3996.877188  0.8822737
3997.499995  0.8422149
3998.122802  0.8479639
3998.745609  0.9185497
3999.368416  0.994974
3999.991223  1.026117
4000.61403  1.008718
4001.236837  0.9822407
4001.859644  0.9794643
4002.482451  1.004496
4003.105258  1.033738
4003.728065  1.027996
4004.350872  0.9522198
4004.973679  0.8434775
4005.596486  0.7919958
4006.219293  0.8275247
4006.8421  0.9072262
4007.464907  0.9727218
4008.087714  1.013667
4008.710521  1.015673
4009.333328  0.993764
4009.956135  0.9897385
4010.578942  1.005264
4011.201749  1.012884
4011.824556  0.9969917
4012.447363  0.9941881
4013.07017  0.9936081
4013.692977  0.9813134
4014.315784  0.9740121
4014.938591  0.9977821
4015.561398  1.030926
4016.184205  1.026849
4016.807012  0.9815574
4017.429819  0.9412418
4018.052626  0.9524104
4018.675433  1.014051
4019.29824  1.065904
4019.921047  1.07354
4020.543854  1.048885
4021.166661  1.01887
4021.789468  1.00373
4022.412275  1.007087
4023.035082  1.01746
4023.657889  0.9986675
4024.280696  0.9556311
4024.903503  0.9398521
4025.52631  0.9833617
4026.149117  1.049318
4026.771924  1.080768
4027.394731  1.076099
4028.017538  1.061849
4028.640345  1.049962
4029.263152  1.017956
4029.885959  0.9396576
4030.508766  0.8688149
4031.131573  0.8694882
4031.75438  0.8905565
4032.377187  0.888674
4032.999994  0.8774768
4033.622801  0.9168208
4034.245608  0.9498333
4034.868415  0.955577
4035.491222  0.965982
4036.114029  1.005185
4036.736836  1.054364
4037.359643  1.084749
4037.98245  1.092907
4038.605257  1.082882
4039.228064  1.06127
4039.850871  1.028741
4040.473678  0.9741697
4041.096485  0.9515541
4041.719292  0.9991423
4042.342099  1.061558
4042.964906  1.074869
4043.587713  1.023735
4044.21052  0.9422418
4044.833327  0.8316606
4045.456134  0.7507917
4046.078941  0.7761954
4046.701748  0.9215679
4047.324555  1.048758
4047.947362  1.066884
4048.570169  1.029171
4049.192976  1.013594
4049.815783  1.034869
4050.43859  1.054593
4051.061397  1.049163
4051.684204  1.011288
4052.307011  0.9661206
4052.929818  0.9551887
4053.552625  0.9506624
4054.175432  0.9324239
4054.798239  0.9139145
4055.421046  0.925625
4056.043853  0.9541614
4056.66666  0.9590035
4057.289467  0.9132438
4057.912274  0.8815289
4058.535081  0.9006181
4059.157888  0.9487349
4059.780695  1.007442
4060.403502  1.047089
4061.026309  1.047144
4061.649116  1.011504
4062.271923  0.9466929
4062.89473  0.8682083
4063.517537  0.8118227
4064.140344  0.8575665
4064.763151  0.9577716
4065.385958  1.005748
4066.008765  0.9781218
4066.631572  0.9164162
4067.254379  0.8902387
4067.877186  0.9422041
4068.499993  1.010719
4069.1228  1.049794
4069.745607  1.04779
4070.368414  0.9954029
4070.991221  0.9150668
4071.614028  0.863688
4072.236835  0.9015981
4072.859642  0.9743726
4073.482449  1.014342
4074.105256  1.000693
4074.728063  0.9783457
4075.35087  0.9483259
4075.973677  0.8919168
4076.596484  0.8146774
4077.219291  0.761449
4077.842098  0.7674111
4078.464905  0.824624
4079.087712  0.8717163
4079.710519  0.9108214
4080.333326  0.9661217
4080.956133  1.012601
4081.57894  1.024678
4082.201747  0.9987844
4082.824554  0.9563403
4083.447361  0.9181457
4084.070168  0.8952218
4084.692975  0.8905523
4085.315782  0.9052433
4085.938589  0.9262674
4086.561396  0.9498262
4087.184203  0.9841214
4087.80701  1.010437
4088.429817  1.01575
4089.052624  1.003916
4089.675431  0.9937643
4090.298238  0.9867762
4090.921045  0.9742212
4091.543852  0.9489095
4092.166659  0.92328
4092.789466  0.9255661
4093.412273  0.9642733
4094.03508  0.9727675
4094.657887  0.9385576
4095.280694  0.8912327
4095.903501  0.858175
4096.526308  0.8490574
4097.149115  0.8459726
4097.771922  0.8217556
4098.394729  0.7941554
4099.017536  0.7716474
4099.640343  0.7380128
4100.26315  0.6565537
4100.885957  0.540598
4101.508764  0.4570878
4102.131571  0.4807784
4102.754378  0.5764424
4103.377185  0.6778938
4103.999992  0.7444915
4104.622799  0.7958718
4105.245606  0.8387883
4105.868413  0.867212
4106.49122  0.8745111
4107.114027  0.8803398
4107.736834  0.8908417
4108.359641  0.894335
4108.982448  0.8850462
4109.605255  0.8802194
4110.228062  0.8923748
4110.850869  0.9076241
4111.473676  0.9234227
4112.096483  0.9374686
4112.71929  0.9485902
4113.342097  0.9654101
4113.964904  0.9776717
4114.587711  0.979888
4115.210518  0.9976128
4115.833325  1.02838
4116.456132  1.051116
4117.078939  1.041218
4117.701746  0.9924274
4118.324553  0.9289464
4118.94736  0.8953528
4119.570167  0.9336562
4120.192974  0.9818828
4120.815781  0.986716
4121.438588  0.9638597
4122.061395  0.9395108
4122.684202  0.93336
4123.307009  0.9513605
4123.929816  0.9846472
4124.552623  1.00715
4125.17543  1.001257
4125.798237  0.9751825
4126.421044  0.9607791
4127.043851  0.9484024
4127.666658  0.9164956
4128.289465  0.9166434
4128.912272  0.946207
4129.535079  0.976172
4130.157886  0.9926857
4130.780693  0.9825846
4131.4035  0.9410537
4132.026307  0.8881716
4132.649114  0.8882232
4133.271921  0.9140931
4133.894728  0.9206497
4134.517535  0.9394751
4135.140342  0.9980648
4135.763149  1.057006
4136.385956  1.041003
4137.008763  1.009176
4137.63157  1.015956
4138.254377  1.059846
4138.877184  1.081132
4139.499991  1.080021
4140.122798  1.076954
4140.745605  1.075914
4141.368412  1.055882
4141.991219  1.007915
4142.614026  0.9435878
4143.236833  0.8833842
4143.85964  0.8881313
4144.482447  0.9650275
4145.105254  1.028612
4145.728061  1.046133
4146.350868  1.034305
4146.973675  1.028218
4147.596482  1.032732
4148.219289  1.029209
4148.842096  1.003848
4149.464903  0.9750527
4150.08771  0.9869397
4150.710517  1.020692
4151.333324  1.013298
4151.956131  1.000196
4152.578938  1.000945
4153.201745  0.9953993
4153.824552  0.9375957
4154.447359  0.9163861
4155.070166  0.9554399
4155.692973  0.9610637
4156.31578  0.9376186
4156.938587  0.9334973
4157.561394  0.975107
4158.184201  1.002807
4158.807008  1.008523
4159.429815  1.011865
4160.052622  1.023224
4160.675429  1.004192
4161.298236  0.9867072
4161.921043  1.026282
4162.54385  1.065834
4163.166657  1.070302
4163.789464  1.052596
4164.412271  1.059065
4165.035078  1.070085
4165.657885  1.066128
4166.280692  1.044594
4166.903499  0.9898778
4167.526306  0.9568436
4168.149113  0.9884685
4168.77192  1.034729
4169.394727  1.058948
4170.017534  1.042905
4170.640341  0.9895102
4171.263148  0.9209059
4171.885955  0.860459
4172.508762  0.8256453
4173.131569  0.8249829
4173.754376  0.86133
4174.377183  0.9148174
4174.99999  0.9502464
4175.622797  0.975814
4176.245604  0.9787563
4176.868411  0.9458693
4177.491218  0.9132872
4178.114025  0.9055812
4178.736832  0.9296222
4179.359639  0.9765809
4179.982446  1.03221
4180.605253  1.050388
4181.22806  0.9973902
4181.850867  0.9389235
4182.473674  0.9262505
4183.096481  0.9504168
4183.719288  0.9489259
4184.342095  0.9598503
4184.964902  1.003601
4185.587709  1.039961
4186.210516  1.007075
4186.833323  0.9311348
4187.45613  0.8849359
4188.078937  0.9101325
4188.701744  0.9655259
4189.324551  1.011404
4189.947358  1.041247
4190.570165  1.022914
4191.192972  0.9860003
4191.815779  0.988734
4192.438586  1.044142
4193.061393  1.099315
4193.6842  1.10615
4194.307007  1.064987
4194.929814  0.9958078
4195.552621  0.9475694
4196.175428  0.9568313
4196.798235  0.9870049
4197.421042  0.9585603
4198.043849  0.8726772
4198.666656  0.8536118
4199.289463  0.9094632
4199.91227  0.9772668
4200.535077  0.9886942
4201.157884  0.949261
4201.780691  0.9141591
4202.403498  0.9261585
4203.026305  0.964189
4203.649112  0.9755426
4204.271919  0.9568124
4204.894726  0.9537333
4205.517533  0.9734907
4206.14034  0.9907712
4206.763147  0.9930239
4207.385954  1.016891
4208.008761  1.032448
4208.631568  1.021452
4209.254375  1.006409
4209.877182  0.992988
4210.499989  0.9960197
4211.122796  1.024161
4211.745603  1.049538
4212.36841  1.063457
4212.991217  1.065807
4213.614024  1.056767
4214.236831  1.035706
4214.859638  0.9813561
4215.482445  0.8996072
4216.105252  0.9060249
4216.728059  0.9646308
4217.350866  0.9998125
4217.973673  1.014798
4218.59648  1.007313
4219.219287  0.9950387
4219.842094  1.003199
4220.464901  1.032917
4221.087708  1.053566
4221.710515  1.040713
4222.333322  1.012382
4222.956129  0.9901966
4223.578936  0.9718619
4224.201743  0.9354659
4224.82455  0.895776
4225.447357  0.8311326
4226.070164  0.7362092
4226.692971  0.6935456
4227.315778  0.7668544
4227.938585  0.9168143
4228.561392  1.015688
4229.184199  1.035548
4229.807006  1.02788
4230.429813  1.04818
4231.05262  1.062972
4231.675427  1.043156
4232.298234  0.9877329
4232.921041  0.9295923
4233.543848  0.9350361
4234.166655  0.9805961
4234.789462  0.9826123
4235.412269  0.9319188
4236.035076  0.8986152
4236.657883  0.9260162
4237.28069  0.9554117
4237.903497  0.9557151
4238.526304  0.92814
4239.149111  0.9015478
4239.771918  0.9107599
4240.394725  0.95926
4241.017532  1.012912
4241.640339  1.015196
4242.263146  0.9825675
4242.885953  0.9626166
4243.50876  0.987779
4244.131567  1.023181
4244.754374  1.029112
4245.377181  0.9950365
4245.999988  0.9552225
4246.622795  0.9194185
4247.245602  0.9015015
4247.868409  0.9246851
4248.491216  0.9569722
4249.114023  0.9586752
4249.73683  0.9229836
4250.359637  0.900719
4250.982444  0.9371525
4251.605251  1.01405
4252.228058  1.047588
4252.850865  1.039713
4253.473672  1.00611
4254.096479  0.9613896
4254.719286  0.9507073
4255.342093  0.9688461
4255.9649  0.9969059
4256.587707  1.039893
4257.210514  1.036694
4257.833321  0.9828898
4258.456128  0.9437418
4259.078935  0.924311
4259.701742  0.8912081
4260.324549  0.8434234
4260.947356  0.8707747
4261.570163  0.9387323
4262.19297  0.9957213
4262.815777  1.035823
4263.438584  1.043063
4264.061391  1.029978
4264.684198  1.024616
4265.307005  1.040074
4265.929812  1.049097
4266.552619  1.028275
4267.175426  0.9913063
4267.798233  0.9662899
4268.42104  0.9638831
4269.043847  0.9715923
4269.666654  0.9743462
4270.289461  0.9348235
4270.912268  0.8551164
4271.535075  0.8115771
4272.157882  0.8541695
4272.780689  0.9313611
4273.403496  0.9421321
4274.026303  0.915818
4274.64911  0.8991208
4275.271917  0.9197543
4275.894724  0.9734206
4276.517531  1.01725
4277.140338  1.030124
4277.763145  1.029378
4278.385952  1.021757
4279.008759  0.9957733
4279.631566  0.9535587
4280.254373  0.9411471
4280.87718  0.961363
4281.499987  0.9774387
4282.122794  0.9520114
4282.745601  0.9431608
4283.368408  0.9672006
4283.991215  0.9860979
4284.614022  0.9671164
4285.236829  0.9327603
4285.859636  0.9155185
4286.482443  0.9170643
4287.10525  0.9188734
4287.728057  0.9070894
4288.350864  0.8776
4288.973671  0.818987
4289.596478  0.7696342
4290.219285  0.7726143
4290.842092  0.8235308
4291.464899  0.8909927
4292.087706  0.9494116
4292.710513  0.9860635
4293.33332  0.9689443
4293.956127  0.9247078
4294.578934  0.9030262
4295.201741  0.9170503
4295.824548  0.9173591
4296.447355  0.8873193
4297.070162  0.8697704
4297.692969  0.8568398
4298.315776  0.8155432
4298.938583  0.737529
4299.56139  0.691718
4300.184197  0.7090383
4300.807004  0.7595915
4301.429811  0.7738687
4302.052618  0.7497262
4302.675425  0.7351395
4303.298232  0.7728074
4303.921039  0.8188317
4304.543846  0.8320031
4305.166653  0.8126139
4305.78946  0.8073261
4306.412267  0.8115649
4307.035074  0.7882324
4307.657881  0.7200069
4308.280688  0.6976277
4308.903495  0.7250419
4309.526302  0.7621554
4310.149109  0.8047369
4310.771916  0.8414429
4311.394723  0.8614392
4312.01753  0.8629172
4312.640337  0.8737507
4313.263144  0.8785126
4313.885951  0.8561871
4314.508758  0.8437613
4315.131565  0.8930765
4315.754372  0.9868511
4316.377179  1.037724
4316.999986  1.049342
4317.622793  1.036093
4318.2456  1.01307
4318.868407  1.01952
4319.491214  1.020041
4320.114021  0.9843804
4320.736828  0.9480164
4321.359635  0.956278
4321.982442  0.9834543
4322.605249  0.9645774
4323.228056  0.9141571
4323.850863  0.8670706
4324.47367  0.8298174
4325.096477  0.768539
4325.719284  0.7532777
4326.342091  0.8146026
4326.964898  0.9012988
4327.587705  0.9641642
4328.210512  0.9948438
4328.833319  1.003976
4329.456126  0.9866243
4330.078933  0.9462598
4330.70174  0.9153922
4331.324547  0.934327
4331.947354  0.9584063
4332.570161  0.9599754
4333.192968  0.9451663
4333.815775  0.9335321
4334.438582  0.9363914
4335.061389  0.941379
4335.684196  0.9164434
4336.307003  0.8536596
4336.92981  0.7693938
4337.552617  0.6964415
4338.175424  0.6681688
4338.798231  0.6358436
4339.421038  0.5538478
4340.043845  0.459539
4340.666652  0.454179
4341.289459  0.554808
4341.912266  0.6773604
4342.535073  0.7499022
4343.15788  0.7683544
4343.780687  0.7738625
4344.403494  0.8030733
4345.026301  0.8604127
4345.649108  0.911943
4346.271915  0.9187433
4346.894722  0.9200003
4347.517529  0.9303885
4348.140336  0.9444323
4348.763143  0.9709558
4349.38595  0.9888033
4350.008757  0.9673736
4350.631564  0.8940048
4351.254371  0.8091034
4351.877178  0.7780133
4352.499985  0.8343894
4353.122792  0.9214383
4353.745599  0.968788
4354.368406  0.9606769
4354.991213  0.9566435
4355.61402  0.9755552
4356.236827  1.007487
4356.859634  1.027373
4357.482441  1.012859
4358.105248  0.9740547
4358.728055  0.9405413
4359.350862  0.9392418
4359.973669  0.9770287
4360.596476  1.027375
4361.219283  1.0508
4361.84209  1.043709
4362.464897  1.031428
4363.087704  1.035139
4363.710511  1.042449
4364.333318  1.05802
4364.956125  1.075425
4365.578932  1.071121
4366.201739  1.045178
4366.824546  1.000813
4367.447353  0.9556847
4368.07016  0.9600482
4368.692967  0.9825491
4369.315774  0.9850208
4369.938581  0.97768
4370.561388  0.9786242
4371.184195  0.9964346
4371.807002  1.021223
4372.429809  1.029907
4373.052616  1.001332
4373.675423  0.9384463
4374.29823  0.8767181
4374.921037  0.8616537
4375.543844  0.9027246
4376.166651  0.966941
4376.789458  1.01481
4377.412265  1.042347
4378.035072  1.055899
4378.657879  1.041252
4379.280686  1.021109
4379.903493  1.01723
4380.5263  1.02943
4381.149107  1.044305
4381.771914  1.021637
4382.394721  0.9334794
4383.017528  0.8159742
4383.640335  0.7511494
4384.263142  0.7667716
4384.885949  0.8127479
4385.508756  0.8971191
4386.131563  0.9753478
4386.75437  0.9901897
4387.377177  0.9733571
4387.999984  0.9615159
4388.622791  0.9692953
4389.245598  0.9833869
4389.868405  0.972943
4390.491212  0.9487893
4391.114019  0.9516151
4391.736826  0.9875179
4392.359633  1.02107
4392.98244  1.01764
4393.605247  0.9858467
4394.228054  0.9383292
4394.850861  0.9047971
4395.473668  0.9183021
4396.096475  0.9823495
4396.719282  1.044454
4397.342089  1.055787
4397.964896  1.041142
4398.587703  1.014691
4399.21051  0.9765412
4399.833317  0.9227624
4400.456124  0.8852723
4401.078931  0.89749
4401.701738  0.9621678
4402.324545  1.030012
4402.947352  1.041588
4403.570159  0.9828857
4404.192966  0.9057744
4404.815773  0.8925628
4405.43858  0.9535393
4406.061387  1.022793
4406.684194  1.029883
4407.307001  0.9836745
4407.929808  0.9382187
4408.552615  0.9375553
4409.175422  0.971127
4409.798229  1.007165
4410.421036  1.024085
4411.043843  1.033277
4411.66665  1.048312
4412.289457  1.067503
4412.912264  1.070024
4413.535071  1.044209
4414.157878  0.9831995
4414.780685  0.9035159
4415.403492  0.8973034
4416.026299  0.9435985
4416.649106  0.9640324
4417.271913  0.9569674
4417.89472  0.9660404
4418.517527  1.010359
4419.140334  1.055558
4419.763141  1.077926
4420.385948  1.072994
4421.008755  1.048275
4421.631562  1.007286
4422.254369  0.9738099
4422.877176  0.9724791
4423.499983  1.007318
4424.12279  1.028689
4424.745597  1.021667
4425.368404  1.012668
4425.991211  1.01416
4426.614018  1.010021
4427.236825  1.000003
4427.859632  1.025278
4428.482439  1.054463
4429.105246  1.046044
4429.728053  0.9958265
4430.35086  0.9655045
4430.973667  0.9756763
4431.596474  1.001483
4432.219281  1.005547
4432.842088  0.9928415
4433.464895  0.9728867
4434.087702  0.9427997
4434.710509  0.9048485
4435.333316  0.8945047
4435.956123  0.9404269
4436.57893  1.00267
4437.201737  1.043883
4437.824544  1.058357
4438.447351  1.071948
4439.070158  1.071965
4439.692965  1.056385
4440.315772  1.035636
4440.938579  1.007265
4441.561386  0.9682679
4442.184193  0.9248028
4442.807  0.8950763
4443.429807  0.8955943
4444.052614  0.9337591
4444.675421  0.9983785
4445.298228  1.050922
4445.921035  1.058012
4446.543842  1.020006
4447.166649  0.9838101
4447.789456  0.9927741
4448.412263  1.030326
4449.03507  1.032781
4449.657877  1.003364
4450.280684  0.9775525
4450.903491  0.9840855
4451.526298  1.006817
4452.149105  1.024013
4452.771912  1.0204
4453.394719  0.9909251
4454.017526  0.9240716
4454.640333  0.8627635
4455.26314  0.8616679
4455.885947  0.8954523
4456.508754  0.932223
4457.131561  0.9486204
4457.754368  0.9394163
4458.377175  0.9190003
4458.999982  0.9170144
4459.622789  0.9475054
4460.245596  0.9617227
4460.868403  0.9293101
4461.49121  0.8797477
4462.114017  0.8994828
4462.736824  0.9639463
4463.359631  1.005365
4463.982438  0.9841741
4464.605245  0.9684668
4465.228052  0.9771774
4465.850859  0.9841675
4466.473666  0.9768189
4467.096473  0.9738445
4467.71928  0.970437
4468.342087  0.9350078
4468.964894  0.9140318
4469.587701  0.9231601
4470.210508  0.9450252
4470.833315  0.9734744
4471.456122  1.000477
4472.078929  1.015546
4472.701736  1.012666
4473.324543  1.027371
4473.94735  1.05394
4474.570157  1.053411
4475.192964  1.024269
4475.815771  1.002076
4476.438578  1.014972
4477.061385  1.047693
4477.684192  1.063507
4478.306999  1.047255
4478.929806  1.013583
4479.552613  0.9706535
4480.17542  0.9200826
4480.798227  0.8688166
4481.421034  0.8428393
4482.043841  0.8738395
4482.666648  0.9441527
4483.289455  0.9908214
4483.912262  1.010701
4484.535069  1.017742
4485.157876  1.027261
4485.780683  1.03964
4486.40349  1.04633
4487.026297  1.036561
4487.649104  1.008623
4488.271911  0.9668099
4488.894718  0.930859
4489.517525  0.9180676
4490.140332  0.4241135
4490.763139  0.
4491.385946  0.
4492.008753  0.
4492.63156  0.
4493.254367  0.
4493.877174  0.
4494.499981  0.
4495.122788  0.
4495.745595  0.
4496.368402  0.
4496.991209  0.
4497.614016  0.
4498.236823  0.
4498.85963  0.
4499.482437  0.
4500.105244  0.
4500.728051  0.
4501.350858  0.
4501.973665  0.
4502.596472  0.
4503.219279  0.
4503.842086  0.
4504.464893  0.
4505.0877  0.
4505.710507  0.
4506.333314  0.
4506.956121  0.
4507.578928  0.
4508.201735  0.
4508.824542  0.
