3820.  0.3789273
3820.622807  0.3697537
3821.245614  0.4684094
3821.868421  0.5766054
3822.491228  0.6307056
3823.114035  0.5963144
3823.736842  0.4975128
3824.359649  0.4307988
3824.982456  0.3936606
3825.605263  0.3729054
3826.22807  0.3890217
3826.850877  0.4079763
3827.473684  0.4115206
3828.096491  0.4074178
3828.719298  0.4083051
3829.342105  0.4266608
3829.964912  0.4599012
3830.587719  0.4827155
3831.210526  0.4382993
3831.833333  0.3529952
3832.45614  0.3127214
3833.078947  0.3223526
3833.701754  0.3351513
3834.324561  0.327525
3834.947368  0.350054
3835.570175  0.3856217
3836.192982  0.4082852
3836.815789  0.4095764
3837.438596  0.3669157
3838.061403  0.3223473
3838.68421  0.329012
3839.307017  0.3658845
3839.929824  0.3743766
3840.552631  0.3655336
3841.175438  0.4304653
3841.798245  0.5363596
3842.421052  0.6007549
3843.043859  0.5843028
3843.666666  0.5829205
3844.289473  0.602544
3844.91228  0.6036254
3845.535087  0.574184
3846.157894  0.5682393
3846.780701  0.6088896
3847.403508  0.6623607
3848.026315  0.6806809
3848.649122  0.6426898
3849.271929  0.5676038
3849.894736  0.510455
3850.517543  0.5380376
3851.14035  0.6293436
3851.763157  0.6815989
3852.385964  0.6675503
3853.008771  0.617803
3853.631578  0.5825989
3854.254385  0.5837854
3854.877192  0.579478
3855.499999  0.5452961
3856.122806  0.5215333
3856.745613  0.5677233
3857.36842  0.6135336
3857.991227  0.5495217
3858.614034  0.453465
3859.236841  0.3871287
3859.859648  0.3790353
3860.482455  0.4298238
3861.105262  0.5127199
3861.728069  0.6060049
3862.350876  0.6893507
3862.973683  0.7042754
3863.59649  0.6814233
3864.219297  0.6672308
3864.842104  0.6353974
3865.464911  0.6132259
3866.087718  0.6174241
3866.710525  0.6288277
3867.333332  0.6264551
3867.956139  0.6178474
3868.578946  0.6140804
3869.201753  0.5899853
3869.82456  0.5428346
3870.447367  0.4881644
3871.070174  0.4469787
3871.692981  0.4308566
3872.315788  0.4390135
3872.938595  0.4709093
3873.561402  0.5463763
3874.184209  0.6340046
3874.807016  0.6876849
3875.429823  0.6914704
3876.05263  0.6769802
3876.675437  0.643584
3877.298244  0.563352
3877.921051  0.464114
3878.543858  0.4429192
3879.166665  0.535162
3879.789472  0.6072521
3880.412279  0.6142364
3881.035086  0.5655696
3881.657893  0.4920065
3882.2807  0.4320853
3882.903507  0.4516935
3883.526314  0.5607344
3884.149121  0.6224905
3884.771928  0.5973771
3885.394735  0.5196573
3886.017542  0.4498324
3886.640349  0.4481599
3887.263156  0.4866427
3887.885963  0.4855768
3888.50877  0.4238657
3889.131577  0.3906074
3889.754384  0.446501
3890.377191  0.5231574
3890.999998  0.5835704
3891.622805  0.6206443
3892.245612  0.6398968
3892.868419  0.6236159
3893.491226  0.6152507
3894.114033  0.6387409
3894.73684  0.6205363
3895.359647  0.5953774
3895.982454  0.6215099
3896.605261  0.702833
3897.228068  0.7264923
3897.850875  0.6896892
3898.473682  0.6622302
3899.096489  0.6460702
3899.719296  0.643872
3900.342103  0.667814
3900.96491  0.7244273
3901.587717  0.7301653
3902.210524  0.668217
3902.833331  0.6056497
3903.456138  0.6162879
3904.078945  0.6475369
3904.701752  0.6195075
3905.324559  0.5393005
3905.947366  0.5234753
3906.570173  0.5963047
3907.19298  0.6693463
3907.815787  0.715566
3908.438594  0.7360376
3909.061401  0.7364337
3909.684208  0.7088314
3910.307015  0.6945878
3910.929822  0.7208205
3911.552629  0.767998
3912.175436  0.7895939
3912.798243  0.7655016
3913.42105  0.7194387
3914.043857  0.7062601
3914.666664  0.7309775
3915.289471  0.7471599
3915.912278  0.7013481
3916.535085  0.6846836
3917.157892  0.7122381
3917.780699  0.7167272
3918.403506  0.6857015
3919.026313  0.6593406
3919.64912  0.6477779
3920.271927  0.5880167
3920.894734  0.5570915
3921.517541  0.583813
3922.140348  0.6120983
3922.763155  0.6158054
3923.385962  0.6285961
3924.008769  0.6646402
3924.631576  0.6474455
3925.254383  0.5950667
3925.87719  0.5550737
3926.499997  0.544403
3927.122804  0.5037727
3927.745611  0.4291281
3928.368418  0.3631482
3928.991225  0.3294811
3929.614032  0.3043932
3930.236839  0.2686907
3930.859646  0.237407
3931.482453  0.2089088
3932.10526  0.1749914
3932.728067  0.1341614
3933.350874  0.1072852
3933.973681  0.1083261
3934.596488  0.1353931
3935.219295  0.1720453
3935.842102  0.209594
3936.464909  0.2490214
3937.087716  0.2939754
3937.710523  0.3337047
3938.33333  0.3810411
3938.956137  0.4454823
3939.578944  0.5010203
3940.201751  0.52661
3940.824558  0.5263869
3941.447365  0.5278234
3942.070172  0.5487812
3942.692979  0.5531687
3943.315786  0.5099155
3943.938593  0.4764715
3944.5614  0.5001566
3945.184207  0.5870455
3945.807014  0.6920151
3946.429821  0.7267657
3947.052628  0.6823015
3947.675435  0.6270487
3948.298242  0.6168116
3948.921049  0.6525422
3949.543856  0.705431
3950.166663  0.7515487
3950.78947  0.7712879
3951.412277  0.7475117
3952.035084  0.6819913
3952.657891  0.6210787
3953.280698  0.6417984
3953.903505  0.7436386
3954.526312  0.7788159
3955.149119  0.7407225
3955.771926  0.6798348
3956.394733  0.6396409
3957.01754  0.6478443
3957.640347  0.6850815
3958.263154  0.7214499
3958.885961  0.7669235
3959.508768  0.777302
3960.131575  0.714886
3960.754382  0.5978549
3961.377189  0.4904839
3961.999996  0.4466755
3962.622803  0.4675694
3963.24561  0.4793115
3963.868417  0.4643395
3964.491224  0.4331813
3965.114031  0.3849707
3965.736838  0.3239389
3966.359645  0.2625307
3966.982452  0.2125647
3967.605259  0.1633409
3968.228066  0.1289072
3968.850873  0.1287357
3969.47368  0.1588755
3970.096487  0.2078579
3970.719294  0.2642651
3971.342101  0.3206305
3971.964908  0.3703308
3972.587715  0.4108897
3973.210522  0.442136
3973.833329  0.4645665
3974.456136  0.5070786
3975.078943  0.5697162
3975.70175  0.6070324
3976.324557  0.6162277
3976.947364  0.6330329
3977.570171  0.6843315
3978.192978  0.7213662
3978.815785  0.7466862
3979.438592  0.780689
3980.061399  0.8182914
3980.684206  0.8200643
3981.307013  0.7848988
3981.92982  0.7526059
3982.552627  0.7478078
3983.175434  0.7513988
3983.798241  0.744122
3984.421048  0.7479685
3985.043855  0.7785624
3985.666662  0.7967508
3986.289469  0.7495847
3986.912276  0.7355271
3987.535083  0.7936454
3988.15789  0.8708401
3988.780697  0.8704487
3989.403504  0.8250148
3990.026311  0.8039785
3990.649118  0.8291044
3991.271925  0.8596362
3991.894732  0.8762569
3992.517539  0.8871582
3993.140346  0.8922189
3993.763153  0.878318
3994.38596  0.8476243
3995.008767  0.829918
3995.631574  0.8291343
3996.254381  0.8209845
3996.877188  0.7819409
3997.499995  0.7413361
3998.122802  0.7562751
3998.745609  0.8408452
3999.368416  0.9202182
3999.991223  0.9400865
4000.61403  0.9076812
4001.236837  0.8797436
4001.859644  0.8841704
4002.482451  0.9222398
4003.105258  0.9641817
4003.728065  0.954498
4004.350872  0.8554147
4004.973679  0.7179859
4005.596486  0.6659492
4006.219293  0.7096796
4006.8421  0.7975945
4007.464907  0.8700445
4008.087714  0.9156415
4008.710521  0.9164882
4009.333328  0.8857836
4009.956135  0.8782672
4010.578942  0.891022
4011.201749  0.900508
4011.824556  0.8962634
4012.447363  0.9130762
4013.07017  0.9224617
4013.692977  0.9012358
4014.315784  0.8948037
4014.938591  0.917119
4015.561398  0.9469105
4016.184205  0.9439455
4016.807012  0.8856373
4017.429819  0.8305305
4018.052626  0.8491783
4018.675433  0.9268981
4019.29824  0.9805691
4019.921047  0.9669395
4020.543854  0.9276428
4021.166661  0.909921
4021.789468  0.9161792
4022.412275  0.923623
4023.035082  0.9391553
4023.657889  0.9242482
4024.280696  0.8751054
4024.903503  0.859873
4025.52631  0.884878
4026.149117  0.9311008
4026.771924  0.9718844
4027.394731  0.9787837
4028.017538  0.9757751
4028.640345  0.9817498
4029.263152  0.9598473
4029.885959  0.8698133
4030.508766  0.7684002
4031.131573  0.7605888
4031.75438  0.7860211
4032.377187  0.7851402
4032.999994  0.761454
4033.622801  0.7882574
4034.245608  0.8229001
4034.868415  0.8361816
4035.491222  0.8637753
4036.114029  0.9044493
4036.736836  0.9500006
4037.359643  0.989378
4037.98245  1.008243
4038.605257  1.003981
4039.228064  0.9791551
4039.850871  0.9388189
4040.473678  0.8924659
4041.096485  0.8755187
4041.719292  0.9214131
4042.342099  1.002311
4042.964906  1.021633
4043.587713  0.9346167
4044.21052  0.8239437
4044.833327  0.6899161
4045.456134  0.5821739
4046.078941  0.5982862
4046.701748  0.7619516
4047.324555  0.9325327
4047.947362  0.9757805
4048.570169  0.9448624
4049.192976  0.9254888
4049.815783  0.9523048
4050.43859  0.9853435
4051.061397  0.9820682
4051.684204  0.9341895
4052.307011  0.8761348
4052.929818  0.8653253
4053.552625  0.8712762
4054.175432  0.8525912
4054.798239  0.8195288
4055.421046  0.8286763
4056.043853  0.8645141
4056.66666  0.8603011
4057.289467  0.7992776
4057.912274  0.7522511
4058.535081  0.7733662
4059.157888  0.8258223
4059.780695  0.8966471
4060.403502  0.9522724
4061.026309  0.9542342
4061.649116  0.9254168
4062.271923  0.8540668
4062.89473  0.7408438
4063.517537  0.653855
4064.140344  0.6916903
4064.763151  0.8252606
4065.385958  0.9033471
4066.008765  0.873056
4066.631572  0.8004683
4067.254379  0.7868415
4067.877186  0.8513744
4068.499993  0.9369553
4069.1228  0.9874069
4069.745607  0.9905575
4070.368414  0.9299613
4070.991221  0.8167746
4071.614028  0.7164258
4072.236835  0.7592322
4072.859642  0.8862844
4073.482449  0.968178
4074.105256  0.9486162
4074.728063  0.9066979
4075.35087  0.878585
4075.973677  0.8283659
4076.596484  0.7495873
4077.219291  0.6925892
4077.842098  0.701952
4078.464905  0.7541864
4079.087712  0.8139764
4079.710519  0.8675134
4080.333326  0.923382
4080.956133  0.978024
4081.57894  0.9918432
4082.201747  0.9440256
4082.824554  0.8923635
4083.447361  0.8558667
4084.070168  0.835613
4084.692975  0.8328552
4085.315782  0.8441116
4085.938589  0.8670654
4086.561396  0.9024471
4087.184203  0.9531133
4087.80701  0.986329
4088.429817  0.9874229
4089.052624  0.9840425
4089.675431  0.9683708
4090.298238  0.9506697
4090.921045  0.9450409
4091.543852  0.915426
4092.166659  0.8757679
4092.789466  0.8726155
4093.412273  0.9347566
4094.03508  0.962913
4094.657887  0.9166505
4095.280694  0.8532743
4095.903501  0.8086364
4096.526308  0.8006226
4097.149115  0.815702
4097.771922  0.8096762
4098.394729  0.7952409
4099.017536  0.7866377
4099.640343  0.7656354
4100.26315  0.6908456
4100.885957  0.5734888
4101.508764  0.4823211
4102.131571  0.5039256
4102.754378  0.6001201
4103.377185  0.6941162
4103.999992  0.7500629
4104.622799  0.7905707
4105.245606  0.8308329
4105.868413  0.8636413
4106.49122  0.8791263
4107.114027  0.8842538
4107.736834  0.887603
4108.359641  0.8831808
4108.982448  0.8721231
4109.605255  0.8606216
4110.228062  0.8564017
4110.850869  0.8699099
4111.473676  0.8849171
4112.096483  0.8908955
4112.71929  0.9113743
4113.342097  0.9474841
4113.964904  0.9730735
4114.587711  0.9629644
4115.210518  0.9735432
4115.833325  1.002545
4116.456132  1.017008
4117.078939  1.022922
4117.701746  0.9792759
4118.324553  0.8935471
4118.94736  0.8483702
4119.570167  0.8857704
4120.192974  0.95046
4120.815781  0.9625231
4121.438588  0.9434264
4122.061395  0.9206296
4122.684202  0.9087068
4123.307009  0.9084349
4123.929816  0.9411154
4124.552623  0.9789082
4125.17543  0.9707136
4125.798237  0.9392815
4126.421044  0.9144561
4127.043851  0.901632
4127.666658  0.8765401
4128.289465  0.8789467
4128.912272  0.9081585
4129.535079  0.9206272
4130.157886  0.9429763
4130.780693  0.9439898
4131.4035  0.884266
4132.026307  0.8001519
4132.649114  0.7983118
4133.271921  0.8588065
4133.894728  0.8417811
4134.517535  0.8451719
4135.140342  0.9202845
4135.763149  1.013435
4136.385956  1.013429
4137.008763  0.9703515
4137.63157  0.966338
4138.254377  1.008633
4138.877184  1.047935
4139.499991  1.049278
4140.122798  1.023181
4140.745605  1.027744
4141.368412  1.018191
4141.991219  0.946902
4142.614026  0.8531292
4143.236833  0.7702024
4143.85964  0.7622398
4144.482447  0.8671367
4145.105254  0.9618082
4145.728061  0.99519
4146.350868  0.9884112
4146.973675  0.9790367
4147.596482  0.988458
4148.219289  0.9965627
4148.842096  0.9632325
4149.464903  0.9104752
4150.08771  0.9047063
4150.710517  0.962002
4151.333324  0.9651663
4151.956131  0.946584
4152.578938  0.9515556
4153.201745  0.949401
4153.824552  0.8861742
4154.447359  0.843074
4155.070166  0.9062322
4155.692973  0.9186518
4156.31578  0.8812402
4156.938587  0.8695828
4157.561394  0.9151872
4158.184201  0.9468741
4158.807008  0.9567795
4159.429815  0.9883258
4160.052622  0.9907456
4160.675429  0.9566308
4161.298236  0.9344298
4161.921043  0.9896443
4162.54385  1.045941
4163.166657  1.046662
4163.789464  1.017149
4164.412271  1.008996
4165.035078  1.021741
4165.657885  1.024199
4166.280692  1.004248
4166.903499  0.9329979
4167.526306  0.8675106
4168.149113  0.917589
4168.77192  0.9852564
4169.394727  1.014791
4170.017534  1.011464
4170.640341  0.9752917
4171.263148  0.9011722
4171.885955  0.8099907
4172.508762  0.7561414
4173.131569  0.7637199
4173.754376  0.8124385
4174.377183  0.8606155
4174.99999  0.8905236
4175.622797  0.9160549
4176.245604  0.9340312
4176.868411  0.9033326
4177.491218  0.8651071
4178.114025  0.8566726
4178.736832  0.8807681
4179.359639  0.9265651
4179.982446  0.9780224
4180.605253  0.9986795
4181.22806  0.9342416
4181.850867  0.870958
4182.473674  0.8665678
4183.096481  0.8868321
4183.719288  0.8928796
4184.342095  0.9143726
4184.964902  0.9774984
4185.587709  1.007586
4186.210516  0.956924
4186.833323  0.8558128
4187.45613  0.7986524
4188.078937  0.8242279
4188.701744  0.8972066
4189.324551  0.9573016
4189.947358  1.001191
4190.570165  0.9837443
4191.192972  0.9166738
4191.815779  0.9056362
4192.438586  0.9792834
4193.061393  1.070546
4193.6842  1.084907
4194.307007  1.031749
4194.929814  0.9435361
4195.552621  0.8726146
4196.175428  0.8769429
4196.798235  0.9144568
4197.421042  0.9039834
4198.043849  0.8148854
4198.666656  0.7803141
4199.289463  0.830424
4199.91227  0.8997235
4200.535077  0.9131763
4201.157884  0.8646907
4201.780691  0.8125287
4202.403498  0.8299273
4203.026305  0.8936546
4203.649112  0.9368668
4204.271919  0.9263766
4204.894726  0.9269737
4205.517533  0.9452599
4206.14034  0.9601195
4206.763147  0.9619499
4207.385954  0.9837409
4208.008761  1.014143
4208.631568  1.012911
4209.254375  0.9808068
4209.877182  0.9460299
4210.499989  0.9434357
4211.122796  0.9881272
4211.745603  1.030284
4212.36841  1.041222
4212.991217  1.034914
4213.614024  1.036922
4214.236831  1.016034
4214.859638  0.9402684
4215.482445  0.8431173
4216.105252  0.8269441
4216.728059  0.8945028
4217.350866  0.944001
4217.973673  0.9699836
4218.59648  0.9694894
4219.219287  0.9550434
4219.842094  0.973923
4220.464901  1.017561
4221.087708  1.044745
4221.710515  1.022136
4222.333322  0.9836573
4222.956129  0.9488047
4223.578936  0.9120613
4224.201743  0.8692505
4224.82455  0.8282856
4225.447357  0.7648388
4226.070164  0.6334409
4226.692971  0.5462044
4227.315778  0.6107305
4227.938585  0.8158572
4228.561392  0.9713433
4229.184199  1.00967
4229.807006  0.984427
4230.429813  0.9914337
4231.05262  1.01796
4231.675427  1.018119
4232.298234  0.9671006
4232.921041  0.8905699
4233.543848  0.8777699
4234.166655  0.9488802
4234.789462  0.96121
4235.412269  0.8856172
4236.035076  0.8050563
4236.657883  0.8242267
4237.28069  0.8840902
4237.903497  0.9148737
4238.526304  0.895409
4239.149111  0.8651361
4239.771918  0.8509192
4240.394725  0.8835559
4241.017532  0.9765601
4241.640339  1.00005
4242.263146  0.9355662
4242.885953  0.8790607
4243.50876  0.9141585
4244.131567  0.989535
4244.754374  1.02152
4245.377181  0.9921569
4245.999988  0.9518519
4246.622795  0.9114152
4247.245602  0.8565021
4247.868409  0.8515531
4248.491216  0.8822657
4249.114023  0.8874062
4249.73683  0.8302926
4250.359637  0.8007926
4250.982444  0.8591266
4251.605251  0.9693495
4252.228058  1.031623
4252.850865  1.016835
4253.473672  0.9547553
4254.096479  0.8827784
4254.719286  0.8452895
4255.342093  0.861487
4255.9649  0.9172046
4256.587707  1.000447
4257.210514  1.031914
4257.833321  0.9621711
4258.456128  0.8911904
4259.078935  0.849035
4259.701742  0.8048978
4260.324549  0.7282934
4260.947356  0.7359815
4261.570163  0.8333541
4262.19297  0.9322649
4262.815777  1.007159
4263.438584  1.024357
4264.061391  0.9896069
4264.684198  0.9672125
4265.307005  0.9948829
4265.929812  1.032497
4266.552619  1.010311
4267.175426  0.9449359
4267.798233  0.9045299
4268.42104  0.9163278
4269.043847  0.9093841
4269.666654  0.9020851
4270.289461  0.8644418
4270.912268  0.7434862
4271.535075  0.6643657
4272.157882  0.7131929
4272.780689  0.8422484
4273.403496  0.8685473
4274.026303  0.8205423
4274.64911  0.787388
4275.271917  0.8099738
4275.894724  0.8922842
4276.517531  0.9688959
4277.140338  0.9835867
4277.763145  0.9889234
4278.385952  0.9911175
4279.008759  0.9590435
4279.631566  0.8716599
4280.254373  0.8255784
4280.87718  0.8593285
4281.499987  0.9189618
4282.122794  0.9101374
4282.745601  0.9019117
4283.368408  0.9473537
4283.991215  0.9558146
4284.614022  0.9061641
4285.236829  0.8360035
4285.859636  0.8056051
4286.482443  0.8323627
4287.10525  0.8708917
4287.728057  0.8737769
4288.350864  0.8472372
4288.973671  0.7795377
4289.596478  0.7109489
4290.219285  0.7116064
4290.842092  0.7516371
4291.464899  0.8103292
4292.087706  0.8798199
4292.710513  0.9387543
4293.33332  0.9343238
4293.956127  0.874155
4294.578934  0.8383704
4295.201741  0.8539293
4295.824548  0.8679119
4296.447355  0.8249286
4297.070162  0.7771412
4297.692969  0.7515796
4298.315776  0.7196702
4298.938583  0.6275358
4299.56139  0.5580981
4300.184197  0.5679148
4300.807004  0.6339256
4301.429811  0.6769294
4302.052618  0.6580527
4302.675425  0.6170701
4303.298232  0.6454384
4303.921039  0.6943642
4304.543846  0.7028354
4305.166653  0.6718706
4305.78946  0.6846313
4306.412267  0.7058867
4307.035074  0.6638707
4307.657881  0.5723651
4308.280688  0.5310265
4308.903495  0.5633456
4309.526302  0.5975758
4310.149109  0.6340086
4310.771916  0.6671653
4311.394723  0.6889055
4312.01753  0.707664
4312.640337  0.753711
4313.263144  0.8096107
4313.885951  0.8154445
4314.508758  0.8118216
4315.131565  0.8761124
4315.754372  1.015695
4316.377179  1.078401
4316.999986  1.076002
4317.622793  1.061478
4318.2456  1.03297
4318.868407  1.035616
4319.491214  1.047568
4320.114021  1.014202
4320.736828  0.9635058
4321.359635  0.9611808
4321.982442  0.9919356
4322.605249  0.9238485
4323.228056  0.8141103
4323.850863  0.741313
4324.47367  0.7131441
4325.096477  0.6497915
4325.719284  0.6311694
4326.342091  0.7357134
4326.964898  0.8642261
4327.587705  0.9574675
4328.210512  1.006936
4328.833319  1.030137
4329.456126  1.011123
4330.078933  0.9647596
4330.70174  0.9332207
4331.324547  0.954359
4331.947354  0.9836358
4332.570161  0.9843144
4333.192968  0.9721073
4333.815775  0.9696825
4334.438582  0.978494
4335.061389  0.9848662
4335.684196  0.9814849
4336.307003  0.917816
4336.92981  0.7997324
4337.552617  0.7181389
4338.175424  0.6987459
4338.798231  0.6801488
4339.421038  0.593473
4340.043845  0.4980244
4340.666652  0.4915144
4341.289459  0.6037604
4341.912266  0.7434888
4342.535073  0.8198073
4343.15788  0.815424
4343.780687  0.790562
4344.403494  0.826417
4345.026301  0.9015278
4345.649108  0.9491438
4346.271915  0.9470207
4346.894722  0.9298076
4347.517529  0.9314315
4348.140336  0.9566621
4348.763143  1.002582
4349.38595  1.033299
4350.008757  1.005461
4350.631564  0.9025424
4351.254371  0.7776999
4351.877178  0.7193398
4352.499985  0.7839412
4353.122792  0.8906839
4353.745599  0.9525077
4354.368406  0.9455061
4354.991213  0.9321604
4355.61402  0.9406957
4356.236827  0.9753179
4356.859634  1.023571
4357.482441  1.022143
4358.105248  0.963773
4358.728055  0.9018567
4359.350862  0.8897169
4359.973669  0.9392036
4360.596476  1.01661
4361.219283  1.063476
4361.84209  1.057601
4362.464897  1.019718
4363.087704  0.9945025
4363.710511  1.015848
4364.333318  1.06767
4364.956125  1.102685
4365.578932  1.080902
4366.201739  1.022056
4366.824546  0.959511
4367.447353  0.9209843
4368.07016  0.948934
4368.692967  0.9869568
4369.315774  0.9720758
4369.938581  0.9563466
4370.561388  0.9538155
4371.184195  0.9684965
4371.807002  1.001124
4372.429809  1.002822
4373.052616  0.9556298
4373.675423  0.8838807
4374.29823  0.83187
4374.921037  0.8259006
4375.543844  0.8669589
4376.166651  0.9312877
4376.789458  0.9775724
4377.412265  1.002455
4378.035072  1.022631
4378.657879  1.014286
4379.280686  0.9904115
4379.903493  0.9754714
4380.5263  0.9774691
4381.149107  1.006704
4381.771914  0.990442
4382.394721  0.8451856
4383.017528  0.664445
4383.640335  0.5751185
4384.263142  0.6243797
4384.885949  0.7248544
4385.508756  0.8513795
4386.131563  0.9499726
4386.75437  0.9548626
4387.377177  0.9232203
4387.999984  0.9086126
4388.622791  0.917869
4389.245598  0.9122624
4389.868405  0.895404
4390.491212  0.8869407
4391.114019  0.8998413
4391.736826  0.9386404
4392.359633  0.9742279
4392.98244  0.9744127
4393.605247  0.9497157
4394.228054  0.9065631
4394.850861  0.8704008
4395.473668  0.8854085
4396.096475  0.9609365
4396.719282  1.035738
4397.342089  1.04521
4397.964896  1.030705
4398.587703  1.008977
4399.21051  0.9689965
4399.833317  0.897813
4400.456124  0.8439488
4401.078931  0.8646525
4401.701738  0.9644992
4402.324545  1.037222
4402.947352  1.020152
4403.570159  0.9156203
4404.192966  0.7817394
4404.815773  0.7642134
4405.43858  0.876933
4406.061387  0.9837005
4406.684194  0.9997355
4407.307001  0.938572
4407.929808  0.8783006
4408.552615  0.8917075
4409.175422  0.9565081
4409.798229  1.01462
4410.421036  1.030775
4411.043843  1.037132
4411.66665  1.059906
4412.289457  1.092645
4412.912264  1.098271
4413.535071  1.048141
4414.157878  0.9438618
4414.780685  0.8348162
4415.403492  0.8475543
4416.026299  0.9377462
4416.649106  0.9702388
4417.271913  0.9604535
4417.89472  0.9689508
4418.517527  1.023633
4419.140334  1.079581
4419.763141  1.103582
4420.385948  1.092639
4421.008755  1.058927
4421.631562  0.984835
4422.254369  0.9308503
4422.877176  0.9450962
4423.499983  0.9848812
4424.12279  1.012379
4424.745597  1.015018
4425.368404  1.007238
4425.991211  1.009184
4426.614018  1.004079
4427.236825  0.9927207
4427.859632  1.037631
4428.482439  1.079337
4429.105246  1.055543
4429.728053  0.9771479
4430.35086  0.9375148
4430.973667  0.9630098
4431.596474  1.009447
4432.219281  1.02129
4432.842088  1.002508
4433.464895  0.9701551
4434.087702  0.9255872
4434.710509  0.8771986
4435.333316  0.8669451
4435.956123  0.9237092
4436.57893  0.9967878
4437.201737  1.049596
4437.824544  1.075363
4438.447351  1.090304
4439.070158  1.089196
4439.692965  1.06355
4440.315772  1.019106
4440.938579  0.9858479
4441.561386  0.9482924
4442.184193  0.8995647
4442.807  0.8838187
4443.429807  0.9064654
4444.052614  0.9628326
4444.675421  1.03868
4445.298228  1.090103
4445.921035  1.079727
4446.543842  1.020693
4447.166649  0.9849261
4447.789456  1.012534
4448.412263  1.064818
4449.03507  1.064758
4449.657877  1.018545
4450.280684  0.9798477
4450.903491  0.9896732
4451.526298  1.027492
4452.149105  1.045924
4452.771912  1.024547
4453.394719  0.9823617
4454.017526  0.8961601
4454.640333  0.8230327
4455.26314  0.8326417
4455.885947  0.8813541
4456.508754  0.9233975
4457.131561  0.9334148
4457.754368  0.9139941
4458.377175  0.8873432
4458.999982  0.8902401
4459.622789  0.9325744
4460.245596  0.9460788
4460.868403  0.8991241
4461.49121  0.8438693
4462.114017  0.8891293
4462.736824  0.9847642
4463.359631  1.032562
4463.982438  0.9927121
4464.605245  0.9782395
4465.228052  0.9907954
4465.850859  0.9886615
4466.473666  0.9867798
4467.096473  1.003974
4467.71928  1.006232
4468.342087  0.9477651
4468.964894  0.9124722
4469.587701  0.9203797
4470.210508  0.9485079
4470.833315  0.9957501
4471.456122  1.027731
4472.078929  1.035475
4472.701736  1.047258
4473.324543  1.074634
4473.94735  1.093033
4474.570157  1.074416
4475.192964  1.035795
4475.815771  1.026104
4476.438578  1.061501
4477.061385  1.100917
4477.684192  1.10816
4478.306999  1.074872
4478.929806  1.016563
4479.552613  0.944075
4480.17542  0.8882105
4480.798227  0.8618314
4481.421034  0.851359
4482.043841  0.8895848
4482.666648  0.9645537
4483.289455  1.025683
4483.912262  1.055079
4484.535069  1.060444
4485.157876  1.062773
4485.780683  1.076028
4486.40349  1.083322
4487.026297  1.064464
4487.649104  1.017194
4488.271911  0.963998
4488.894718  0.8579739
4489.517525  0.
4490.140332  0.
4490.763139  0.
4491.385946  0.
4492.008753  0.
4492.63156  0.
4493.254367  0.
4493.877174  0.
4494.499981  0.
4495.122788  0.
4495.745595  0.
4496.368402  0.
4496.991209  0.
4497.614016  0.
4498.236823  0.
4498.85963  0.
4499.482437  0.
4500.105244  0.
4500.728051  0.
4501.350858  0.
4501.973665  0.
4502.596472  0.
4503.219279  0.
4503.842086  0.
4504.464893  0.
4505.0877  0.
4505.710507  0.
4506.333314  0.
4506.956121  0.
4507.578928  0.
4508.201735  0.
4508.824542  0.
