3820.  0.2783761
3820.622807  0.2221522
3821.245614  0.2496863
3821.868421  0.3230113
3822.491228  0.3840412
3823.114035  0.4041508
3823.736842  0.3676289
3824.359649  0.3082426
3824.982456  0.2662936
3825.605263  0.2445703
3826.22807  0.2533153
3826.850877  0.2826864
3827.473684  0.3060254
3828.096491  0.3128645
3828.719298  0.3141988
3829.342105  0.3242248
3829.964912  0.3422347
3830.587719  0.3576381
3831.210526  0.3512005
3831.833333  0.314959
3832.45614  0.2773682
3833.078947  0.2623886
3833.701754  0.267565
3834.324561  0.2677606
3834.947368  0.2736934
3835.570175  0.2902807
3836.192982  0.3117097
3836.815789  0.3359473
3837.438596  0.3344377
3838.061403  0.3060498
3838.68421  0.2923442
3839.307017  0.3005916
3839.929824  0.2994558
3840.552631  0.2736561
3841.175438  0.285262
3841.798245  0.3328708
3842.421052  0.3761105
3843.043859  0.3830767
3843.666666  0.3897836
3844.289473  0.3975562
3844.91228  0.3875435
3845.535087  0.3761317
3846.157894  0.3735238
3846.780701  0.380715
3847.403508  0.3894627
3848.026315  0.3852974
3848.649122  0.3637822
3849.271929  0.3339017
3849.894736  0.3131771
3850.517543  0.3167521
3851.14035  0.3408991
3851.763157  0.3643508
3852.385964  0.3749338
3853.008771  0.3793452
3853.631578  0.3861404
3854.254385  0.3865298
3854.877192  0.378639
3855.499999  0.3604127
3856.122806  0.3375601
3856.745613  0.3556263
3857.36842  0.3787428
3857.991227  0.3533424
3858.614034  0.3063611
3859.236841  0.2653339
3859.859648  0.2519102
3860.482455  0.2766188
3861.105262  0.3373792
3861.728069  0.3975721
3862.350876  0.4215809
3862.973683  0.4167406
3863.59649  0.4043927
3864.219297  0.3947516
3864.842104  0.3831822
3865.464911  0.3790587
3866.087718  0.3874732
3866.710525  0.4005041
3867.333332  0.3996155
3867.956139  0.3938842
3868.578946  0.3893642
3869.201753  0.3773979
3869.82456  0.361849
3870.447367  0.3395609
3871.070174  0.3073427
3871.692981  0.2755472
3872.315788  0.2635632
3872.938595  0.2820416
3873.561402  0.3236389
3874.184209  0.3689782
3874.807016  0.3947214
3875.429823  0.3911576
3876.05263  0.3778689
3876.675437  0.3533927
3877.298244  0.3152381
3877.921051  0.2792783
3878.543858  0.2974502
3879.166665  0.3499579
3879.789472  0.3757673
3880.412279  0.3596658
3881.035086  0.320874
3881.657893  0.2893454
3882.2807  0.2865845
3882.903507  0.3273763
3883.526314  0.3844809
3884.149121  0.4083396
3884.771928  0.3759376
3885.394735  0.3193014
3886.017542  0.2912546
3886.640349  0.3187864
3887.263156  0.3512369
3887.885963  0.342643
3888.50877  0.2988286
3889.131577  0.2916223
3889.754384  0.3219111
3890.377191  0.36307
3890.999998  0.4096878
3891.622805  0.4358149
3892.245612  0.4315643
3892.868419  0.4094102
3893.491226  0.3873073
3894.114033  0.3645993
3894.73684  0.3436021
3895.359647  0.3488203
3895.982454  0.3857126
3896.605261  0.4187993
3897.228068  0.4047971
3897.850875  0.3825469
3898.473682  0.371188
3899.096489  0.3675392
3899.719296  0.3692966
3900.342103  0.3905652
3900.96491  0.4186288
3901.587717  0.4168317
3902.210524  0.3946311
3902.833331  0.3886075
3903.456138  0.4152958
3904.078945  0.4281887
3904.701752  0.39365
3905.324559  0.3323495
3905.947366  0.3085203
3906.570173  0.3272833
3907.19298  0.365951
3907.815787  0.3983247
3908.438594  0.4170929
3909.061401  0.4165899
3909.684208  0.4039357
3910.307015  0.4015224
3910.929822  0.4327659
3911.552629  0.4666984
3912.175436  0.4529521
3912.798243  0.4154773
3913.42105  0.3922834
3914.043857  0.3979324
3914.666664  0.405894
3915.289471  0.3887058
3915.912278  0.3652562
3916.535085  0.3769841
3917.157892  0.3907026
3917.780699  0.3900523
3918.403506  0.3783031
3919.026313  0.3597935
3919.64912  0.3360887
3920.271927  0.3201816
3920.894734  0.3295953
3921.517541  0.3426453
3922.140348  0.3466327
3922.763155  0.3470615
3923.385962  0.3604091
3924.008769  0.3612594
3924.631576  0.3366289
3925.254383  0.3126422
3925.87719  0.2972223
3926.499997  0.2792549
3927.122804  0.2452566
3927.745611  0.2061419
3928.368418  0.1781697
3928.991225  0.1621674
3929.614032  0.1382097
3930.236839  0.1154268
3930.859646  0.09976553
3931.482453  0.08584729
3932.10526  0.07160068
3932.728067  0.06201742
3933.350874  0.06051674
3933.973681  0.06081312
3934.596488  0.06565379
3935.219295  0.08035141
3935.842102  0.1055102
3936.464909  0.1287014
3937.087716  0.1503189
3937.710523  0.1784673
3938.33333  0.2122142
3938.956137  0.2422523
3939.578944  0.2602579
3940.201751  0.2657625
3940.824558  0.2626237
3941.447365  0.268417
3942.070172  0.2954405
3942.692979  0.3158216
3943.315786  0.3151163
3943.938593  0.3062901
3944.5614  0.3237748
3945.184207  0.3758817
3945.807014  0.423878
3946.429821  0.4160371
3947.052628  0.383029
3947.675435  0.3596484
3948.298242  0.3602893
3948.921049  0.3735126
3949.543856  0.4011328
3950.166663  0.4317682
3950.78947  0.4366349
3951.412277  0.404788
3952.035084  0.3634503
3952.657891  0.3586505
3953.280698  0.4127831
3953.903505  0.4762502
3954.526312  0.4911594
3955.149119  0.4516137
3955.771926  0.3989511
3956.394733  0.3721386
3957.01754  0.3805369
3957.640347  0.4027029
3958.263154  0.4315419
3958.885961  0.4591333
3959.508768  0.456447
3960.131575  0.422016
3960.754382  0.3711362
3961.377189  0.3238652
3961.999996  0.3001888
3962.622803  0.2892286
3963.24561  0.2706909
3963.868417  0.2519508
3964.491224  0.226792
3965.114031  0.1898129
3965.736838  0.148341
3966.359645  0.1138479
3966.982452  0.0912737
3967.605259  0.07814366
3968.228066  0.07223392
3968.850873  0.07152013
3969.47368  0.07996446
3970.096487  0.1081707
3970.719294  0.142569
3971.342101  0.1757126
3971.964908  0.2131808
3972.587715  0.245738
3973.210522  0.2731764
3973.833329  0.3038906
3974.456136  0.3444705
3975.078943  0.3826768
3975.70175  0.402782
3976.324557  0.4029719
3976.947364  0.4139555
3977.570171  0.4359871
3978.192978  0.4493528
3978.815785  0.4705595
3979.438592  0.4991751
3980.061399  0.5173429
3980.684206  0.5039051
3981.307013  0.4649645
3981.92982  0.4298288
3982.552627  0.4291191
3983.175434  0.4549783
3983.798241  0.491779
3984.421048  0.5247289
3985.043855  0.5402899
3985.666662  0.5300668
3986.289469  0.505963
3986.912276  0.497913
3987.535083  0.5160881
3988.15789  0.5390279
3988.780697  0.535684
3989.403504  0.5045345
3990.026311  0.4921183
3990.649118  0.5226545
3991.271925  0.5500341
3991.894732  0.5684032
3992.517539  0.5807176
3993.140346  0.5811989
3993.763153  0.5520369
3994.38596  0.512216
3995.008767  0.494323
3995.631574  0.5003834
3996.254381  0.5047745
3996.877188  0.4879191
3997.499995  0.4600533
3998.122802  0.4660675
3998.745609  0.5086636
3999.368416  0.5506449
3999.991223  0.5691933
4000.61403  0.5673971
4001.236837  0.5664988
4001.859644  0.5869167
4002.482451  0.6100913
4003.105258  0.6126695
4003.728065  0.5848159
4004.350872  0.5278639
4004.973679  0.4741803
4005.596486  0.4612995
4006.219293  0.4951161
4006.8421  0.5439978
4007.464907  0.5785682
4008.087714  0.5943275
4008.710521  0.5801966
4009.333328  0.5678124
4009.956135  0.5935094
4010.578942  0.6155189
4011.201749  0.6031522
4011.824556  0.5686014
4012.447363  0.5639386
4013.07017  0.5731444
4013.692977  0.5768774
4014.315784  0.5818279
4014.938591  0.6072305
4015.561398  0.634706
4016.184205  0.6340764
4016.807012  0.610959
4017.429819  0.5869163
4018.052626  0.58292
4018.675433  0.6027036
4019.29824  0.6142616
4019.921047  0.6048435
4020.543854  0.5862364
4021.166661  0.5694715
4021.789468  0.5699691
4022.412275  0.5855299
4023.035082  0.5878743
4023.657889  0.5664741
4024.280696  0.5431059
4024.903503  0.5556332
4025.52631  0.6049142
4026.149117  0.6516964
4026.771924  0.6622127
4027.394731  0.6590257
4028.017538  0.6584964
4028.640345  0.6586426
4029.263152  0.6408051
4029.885959  0.5818692
4030.508766  0.5183381
4031.131573  0.5058152
4031.75438  0.5174929
4032.377187  0.5297314
4032.999994  0.5380335
4033.622801  0.5553238
4034.245608  0.5711045
4034.868415  0.5865149
4035.491222  0.615415
4036.114029  0.6460176
4036.736836  0.6688815
4037.359643  0.6813449
4037.98245  0.683224
4038.605257  0.6913426
4039.228064  0.6937354
4039.850871  0.6511771
4040.473678  0.6053509
4041.096485  0.5929909
4041.719292  0.6145216
4042.342099  0.6390508
4042.964906  0.6445772
4043.587713  0.6256869
4044.21052  0.5887265
4044.833327  0.5168069
4045.456134  0.4494548
4046.078941  0.464685
4046.701748  0.5566083
4047.324555  0.6472321
4047.947362  0.6688146
4048.570169  0.6498646
4049.192976  0.6307839
4049.815783  0.6345477
4050.43859  0.6532581
4051.061397  0.6667299
4051.684204  0.6657178
4052.307011  0.6547322
4052.929818  0.6433676
4053.552625  0.629198
4054.175432  0.6111135
4054.798239  0.5998016
4055.421046  0.6061264
4056.043853  0.6226739
4056.66666  0.6288019
4057.289467  0.6115147
4057.912274  0.5949464
4058.535081  0.6041975
4059.157888  0.6253035
4059.780695  0.6508717
4060.403502  0.6759583
4061.026309  0.6931162
4061.649116  0.6865674
4062.271923  0.6387697
4062.89473  0.5577122
4063.517537  0.5061595
4064.140344  0.5261148
4064.763151  0.5985058
4065.385958  0.644884
4066.008765  0.6348695
4066.631572  0.5942869
4067.254379  0.5766171
4067.877186  0.6060465
4068.499993  0.6583358
4069.1228  0.6963759
4069.745607  0.707786
4070.368414  0.6846491
4070.991221  0.6387635
4071.614028  0.6023393
4072.236835  0.6079292
4072.859642  0.6415901
4073.482449  0.6644561
4074.105256  0.6616517
4074.728063  0.6356342
4075.35087  0.6011332
4075.973677  0.5720134
4076.596484  0.5308059
4077.219291  0.4862446
4077.842098  0.4736902
4078.464905  0.5158558
4079.087712  0.5762554
4079.710519  0.6171028
4080.333326  0.6498397
4080.956133  0.6839415
4081.57894  0.705037
4082.201747  0.6889351
4082.824554  0.6522072
4083.447361  0.6241463
4084.070168  0.6192844
4084.692975  0.6183747
4085.315782  0.6171219
4085.938589  0.6224024
4086.561396  0.6437733
4087.184203  0.6765661
4087.80701  0.7134188
4088.429817  0.7445951
4089.052624  0.7539147
4089.675431  0.7465707
4090.298238  0.7374852
4090.921045  0.7356426
4091.543852  0.7199022
4092.166659  0.695532
4092.789466  0.6934209
4093.412273  0.7219015
4094.03508  0.7531783
4094.657887  0.7515388
4095.280694  0.707846
4095.903501  0.6563433
4096.526308  0.6369216
4097.149115  0.6612982
4097.771922  0.687278
4098.394729  0.6935675
4099.017536  0.6872473
4099.640343  0.679094
4100.26315  0.6275166
4100.885957  0.5273558
4101.508764  0.4501706
4102.131571  0.4527926
4102.754378  0.5236867
4103.377185  0.6017377
4103.999992  0.6455322
4104.622799  0.6660063
4105.245606  0.6880507
4105.868413  0.7095647
4106.49122  0.7087418
4107.114027  0.6957325
4107.736834  0.7015493
4108.359641  0.7005439
4108.982448  0.6733419
4109.605255  0.6327215
4110.228062  0.6274953
4110.850869  0.6428422
4111.473676  0.6568478
4112.096483  0.6713753
4112.71929  0.6857898
4113.342097  0.7005247
4113.964904  0.7122179
4114.587711  0.7077137
4115.210518  0.7122989
4115.833325  0.7360572
4116.456132  0.7477578
4117.078939  0.7448304
4117.701746  0.7122612
4118.324553  0.6463326
4118.94736  0.6162754
4119.570167  0.6428596
4120.192974  0.6896645
4120.815781  0.6966883
4121.438588  0.6852345
4122.061395  0.678342
4122.684202  0.6715785
4123.307009  0.6634943
4123.929816  0.6797732
4124.552623  0.7274293
4125.17543  0.7480037
4125.798237  0.7435062
4126.421044  0.7327736
4127.043851  0.7194348
4127.666658  0.6905602
4128.289465  0.66462
4128.912272  0.6625108
4129.535079  0.651046
4130.157886  0.6561616
4130.780693  0.6838154
4131.4035  0.6812043
4132.026307  0.6431007
4132.649114  0.6109171
4133.271921  0.6183923
4133.894728  0.6034555
4134.517535  0.5934955
4135.140342  0.6354316
4135.763149  0.7054499
4136.385956  0.7403728
4137.008763  0.7297351
4137.63157  0.724326
4138.254377  0.7490283
4138.877184  0.7761216
4139.499991  0.7739161
4140.122798  0.7635512
4140.745605  0.7543393
4141.368412  0.7340239
4141.991219  0.680645
4142.614026  0.606635
4143.236833  0.5443469
4143.85964  0.5336212
4144.482447  0.6040877
4145.105254  0.689882
4145.728061  0.7332305
4146.350868  0.7522026
4146.973675  0.7550537
4147.596482  0.7517702
4148.219289  0.7461907
4148.842096  0.7162158
4149.464903  0.6763539
4150.08771  0.664753
4150.710517  0.7087404
4151.333324  0.7320159
4151.956131  0.7123206
4152.578938  0.7054008
4153.201745  0.7155049
4153.824552  0.7124535
4154.447359  0.6868412
4155.070166  0.6916316
4155.692973  0.6945944
4156.31578  0.6838793
4156.938587  0.7025634
4157.561394  0.742681
4158.184201  0.7761503
4158.807008  0.7855891
4159.429815  0.7955769
4160.052622  0.7978022
4160.675429  0.7820693
4161.298236  0.7614492
4161.921043  0.7649465
4162.54385  0.7897356
4163.166657  0.8044645
4163.789464  0.7821608
4164.412271  0.7529531
4165.035078  0.7519669
4165.657885  0.7700732
4166.280692  0.7842302
4166.903499  0.7754631
4167.526306  0.7491689
4168.149113  0.7566847
4168.77192  0.779164
4169.394727  0.7834423
4170.017534  0.7935
4170.640341  0.7805994
4171.263148  0.7258005
4171.885955  0.6525424
4172.508762  0.6007379
4173.131569  0.5928981
4173.754376  0.622611
4174.377183  0.6600586
4174.99999  0.6863987
4175.622797  0.7051569
4176.245604  0.7291012
4176.868411  0.7164521
4177.491218  0.6782891
4178.114025  0.6666502
4178.736832  0.6907987
4179.359639  0.7341324
4179.982446  0.7734829
4180.605253  0.7934685
4181.22806  0.7724065
4181.850867  0.736701
4182.473674  0.7361014
4183.096481  0.7520754
4183.719288  0.7522171
4184.342095  0.7373161
4184.964902  0.757644
4185.587709  0.7880193
4186.210516  0.7738904
4186.833323  0.696473
4187.45613  0.6659038
4188.078937  0.7015492
4188.701744  0.7509237
4189.324551  0.7817382
4189.947358  0.7761247
4190.570165  0.7386377
4191.192972  0.6994466
4191.815779  0.715849
4192.438586  0.7801656
4193.061393  0.8373231
4193.6842  0.8596797
4194.307007  0.83721
4194.929814  0.7858598
4195.552621  0.7403992
4196.175428  0.7222556
4196.798235  0.724677
4197.421042  0.7187539
4198.043849  0.6730481
4198.666656  0.6386716
4199.289463  0.6613626
4199.91227  0.7032521
4200.535077  0.7240076
4201.157884  0.7124485
4201.780691  0.6923872
4202.403498  0.6955977
4203.026305  0.7171137
4203.649112  0.7235612
4204.271919  0.6849391
4204.894726  0.6569259
4205.517533  0.6749492
4206.14034  0.7099105
4206.763147  0.736192
4207.385954  0.7706231
4208.008761  0.8236725
4208.631568  0.8293784
4209.254375  0.8038911
4209.877182  0.7828966
4210.499989  0.774377
4211.122796  0.7803602
4211.745603  0.7959768
4212.36841  0.8106005
4212.991217  0.8117494
4213.614024  0.8137504
4214.236831  0.8116699
4214.859638  0.7654738
4215.482445  0.6981552
4216.105252  0.6711529
4216.728059  0.7223014
4217.350866  0.7812891
4217.973673  0.818054
4218.59648  0.8301349
4219.219287  0.8124139
4219.842094  0.8093997
4220.464901  0.8400134
4221.087708  0.8693754
4221.710515  0.8455814
4222.333322  0.7848224
4222.956129  0.7398692
4223.578936  0.7308396
4224.201743  0.7226502
4224.82455  0.6933943
4225.447357  0.6545758
4226.070164  0.566316
4226.692971  0.488912
4227.315778  0.5241992
4227.938585  0.6752929
4228.561392  0.8104992
4229.184199  0.838907
4229.807006  0.8128303
4230.429813  0.8140647
4231.05262  0.8406368
4231.675427  0.8307145
4232.298234  0.7744195
4232.921041  0.7166043
4233.543848  0.7146166
4234.166655  0.785275
4234.789462  0.819194
4235.412269  0.7711662
4236.035076  0.703238
4236.657883  0.6957912
4237.28069  0.7290119
4237.903497  0.7503841
4238.526304  0.7630952
4239.149111  0.7589099
4239.771918  0.7548714
4240.394725  0.7851717
4241.017532  0.8451349
4241.640339  0.8668625
4242.263146  0.8117051
4242.885953  0.765555
4243.50876  0.7867738
4244.131567  0.8506174
4244.754374  0.870295
4245.377181  0.846454
4245.999988  0.7965304
4246.622795  0.7397806
4247.245602  0.7025973
4247.868409  0.6991224
4248.491216  0.7207901
4249.114023  0.7384865
4249.73683  0.7258469
4250.359637  0.7119589
4250.982444  0.7445132
4251.605251  0.7965388
4252.228058  0.8300281
4252.850865  0.8288686
4253.473672  0.8101694
4254.096479  0.7758576
4254.719286  0.7429631
4255.342093  0.7399224
4255.9649  0.7749703
4256.587707  0.8332416
4257.210514  0.86689
4257.833321  0.8138794
4258.456128  0.7612731
4259.078935  0.7558295
4259.701742  0.7450915
4260.324549  0.7202966
4260.947356  0.7161211
4261.570163  0.7605711
4262.19297  0.814449
4262.815777  0.860005
4263.438584  0.8801398
4264.061391  0.8639624
4264.684198  0.8710335
4265.307005  0.9044816
4265.929812  0.9172363
4266.552619  0.8821801
4267.175426  0.8192143
4267.798233  0.7824627
4268.42104  0.8176935
4269.043847  0.8572739
4269.666654  0.8509619
4270.289461  0.7975314
4270.912268  0.7032978
4271.535075  0.6520113
4272.157882  0.6926203
4272.780689  0.7546743
4273.403496  0.7585517
4274.026303  0.7088375
4274.64911  0.6855372
4275.271917  0.7338961
4275.894724  0.8192592
4276.517531  0.8791991
4277.140338  0.8925384
4277.763145  0.8942211
4278.385952  0.889001
4279.008759  0.8396029
4279.631566  0.7551807
4280.254373  0.7079249
4280.87718  0.7436852
4281.499987  0.782747
4282.122794  0.7874017
4282.745601  0.7862557
4283.368408  0.8331407
4283.991215  0.8519886
4284.614022  0.8073715
4285.236829  0.7353007
4285.859636  0.6953353
4286.482443  0.7061009
4287.10525  0.742766
4287.728057  0.7597778
4288.350864  0.7364535
4288.973671  0.6739117
4289.596478  0.6015121
4290.219285  0.5927203
4290.842092  0.6248469
4291.464899  0.6639417
4292.087706  0.7407485
4292.710513  0.8057262
4293.33332  0.8096939
4293.956127  0.757858
4294.578934  0.7302237
4295.201741  0.743264
4295.824548  0.7573199
4296.447355  0.7284443
4297.070162  0.7003394
4297.692969  0.687241
4298.315776  0.6450979
4298.938583  0.5710902
4299.56139  0.5209866
4300.184197  0.5427024
4300.807004  0.5957233
4301.429811  0.6190689
4302.052618  0.5954792
4302.675425  0.5710211
4303.298232  0.584142
4303.921039  0.6228098
4304.543846  0.6447605
4305.166653  0.6352009
4305.78946  0.6392986
4306.412267  0.6609589
4307.035074  0.6219335
4307.657881  0.5565267
4308.280688  0.5202429
4308.903495  0.5356709
4309.526302  0.566142
4310.149109  0.5922933
4310.771916  0.6096576
4311.394723  0.6156556
4312.01753  0.6309543
4312.640337  0.6642202
4313.263144  0.6959513
4313.885951  0.6814401
4314.508758  0.6812782
4315.131565  0.7655879
4315.754372  0.8904066
4316.377179  0.9705236
4316.999986  0.9809575
4317.622793  0.9723781
4318.2456  0.9530493
4318.868407  0.9478312
4319.491214  0.9630139
4320.114021  0.9350441
4320.736828  0.8986825
4321.359635  0.8966922
4321.982442  0.9084033
4322.605249  0.8593885
4323.228056  0.7827822
4323.850863  0.758586
4324.47367  0.7338955
4325.096477  0.6983367
4325.719284  0.6929047
4326.342091  0.7701367
4326.964898  0.8623241
4327.587705  0.9250883
4328.210512  0.9647037
4328.833319  0.9664074
4329.456126  0.9343383
4330.078933  0.8948745
4330.70174  0.8876194
4331.324547  0.9216794
4331.947354  0.9630427
4332.570161  0.9636275
4333.192968  0.9404558
4333.815775  0.9281449
4334.438582  0.9502383
4335.061389  0.9967219
4335.684196  1.011852
4336.307003  0.9513148
4336.92981  0.8310144
4337.552617  0.7551987
4338.175424  0.7614763
4338.798231  0.7821136
4339.421038  0.6852575
4340.043845  0.5529193
4340.666652  0.5380726
4341.289459  0.6961398
4341.912266  0.8715338
4342.535073  0.9464856
4343.15788  0.9194522
4343.780687  0.8610128
4344.403494  0.864235
4345.026301  0.9403767
4345.649108  0.98295
4346.271915  0.9621269
4346.894722  0.9149449
4347.517529  0.9029301
4348.140336  0.9393288
4348.763143  0.9955441
4349.38595  1.02121
4350.008757  0.975237
4350.631564  0.8667562
4351.254371  0.7547401
4351.877178  0.7163029
4352.499985  0.7850741
4353.122792  0.8950185
4353.745599  0.9498317
4354.368406  0.9334153
4354.991213  0.9057331
4355.61402  0.9188304
4356.236827  0.962367
4356.859634  0.9946868
4357.482441  0.9763882
4358.105248  0.9072219
4358.728055  0.8495005
4359.350862  0.843742
4359.973669  0.8895501
4360.596476  0.9515697
4361.219283  0.9968492
4361.84209  1.004862
4362.464897  0.9806465
4363.087704  0.9628572
4363.710511  0.9707079
4364.333318  0.9966754
4364.956125  1.013973
4365.578932  1.002913
4366.201739  0.9609243
4366.824546  0.9041494
4367.447353  0.8579466
4368.07016  0.8640236
4368.692967  0.9209428
4369.315774  0.9380157
4369.938581  0.9263143
4370.561388  0.9196908
4371.184195  0.9227626
4371.807002  0.9518768
4372.429809  0.9696307
4373.052616  0.9301156
4373.675423  0.8600525
4374.29823  0.7932593
4374.921037  0.7660584
4375.543844  0.8053291
4376.166651  0.8834735
4376.789458  0.956274
4377.412265  0.9911961
4378.035072  0.9891122
4378.657879  0.9673662
4379.280686  0.9510074
4379.903493  0.961228
4380.5263  0.9848905
4381.149107  0.9968741
4381.771914  0.9714851
4382.394721  0.8651626
4383.017528  0.7440683
4383.640335  0.6955688
4384.263142  0.7064899
4384.885949  0.7622954
4385.508756  0.8448036
4386.131563  0.9258683
4386.75437  0.9498907
4387.377177  0.9344386
4387.999984  0.9281273
4388.622791  0.9093049
4389.245598  0.886299
4389.868405  0.8691891
4390.491212  0.8559916
4391.114019  0.8797047
4391.736826  0.9445525
4392.359633  1.009177
4392.98244  1.012136
4393.605247  0.9605189
4394.228054  0.8952886
4394.850861  0.842574
4395.473668  0.8662339
4396.096475  0.9558186
4396.719282  1.022298
4397.342089  1.020062
4397.964896  0.9879431
4398.587703  0.9682611
4399.21051  0.9144586
4399.833317  0.8510986
4400.456124  0.8299247
4401.078931  0.881988
4401.701738  0.9703736
4402.324545  1.043826
4402.947352  1.056119
4403.570159  0.9709622
4404.192966  0.8561536
4404.815773  0.8165333
4405.43858  0.9021293
4406.061387  0.9798405
4406.684194  0.9696221
4407.307001  0.9006473
4407.929808  0.8216502
4408.552615  0.8017309
4409.175422  0.8666515
4409.798229  0.9590818
4410.421036  1.013132
4411.043843  1.021071
4411.66665  1.030799
4412.289457  1.05601
4412.912264  1.080026
4413.535071  1.065517
4414.157878  0.9791725
4414.780685  0.8903508
4415.403492  0.8736658
4416.026299  0.9297619
4416.649106  0.9577911
4417.271913  0.94208
4417.89472  0.9465343
4418.517527  0.9986896
4419.140334  1.054986
4419.763141  1.06602
4420.385948  1.036226
4421.008755  1.007796
4421.631562  0.9934781
4422.254369  0.9786399
4422.877176  0.9936096
4423.499983  1.027866
4424.12279  1.04822
4424.745597  1.04028
4425.368404  1.02643
4425.991211  1.007261
4426.614018  0.9595767
4427.236825  0.9387848
4427.859632  0.9685407
4428.482439  1.013877
4429.105246  1.000009
4429.728053  0.9550987
4430.35086  0.9421178
4430.973667  0.9830192
4431.596474  1.03578
4432.219281  1.058134
4432.842088  1.037395
4433.464895  0.9964814
4434.087702  0.9303833
4434.710509  0.8551104
4435.333316  0.8425347
4435.956123  0.9196495
4436.57893  1.031018
4437.201737  1.085519
4437.824544  1.104341
4438.447351  1.109415
4439.070158  1.106421
4439.692965  1.100042
4440.315772  1.085397
4440.938579  1.049934
4441.561386  0.9881207
4442.184193  0.92812
4442.807  0.886517
4443.429807  0.8674289
4444.052614  0.8880147
4444.675421  0.9524596
4445.298228  1.02912
4445.921035  1.054361
4446.543842  1.033631
4447.166649  1.011487
4447.789456  1.027309
4448.412263  1.058658
4449.03507  1.053697
4449.657877  0.9977479
4450.280684  0.9656915
4450.903491  0.9788241
4451.526298  1.017297
4452.149105  1.048366
4452.771912  1.059298
4453.394719  1.036726
4454.017526  0.97835
4454.640333  0.9179251
4455.26314  0.9121336
4455.885947  0.9691769
4456.508754  1.016973
4457.131561  1.040012
4457.754368  1.035598
4458.377175  1.00395
4458.999982  0.969861
4459.622789  0.970142
4460.245596  0.9958468
4460.868403  0.9583021
4461.49121  0.9121819
4462.114017  0.9274924
4462.736824  0.9984689
4463.359631  1.053293
4463.982438  1.058031
4464.605245  1.036065
4465.228052  1.03944
4465.850859  1.04369
4466.473666  1.029583
4467.096473  1.035909
4467.71928  1.01868
4468.342087  0.9721161
4468.964894  0.9491583
4469.587701  0.9786543
4470.210508  1.014667
4470.833315  1.014858
4471.456122  1.027381
4472.078929  1.056696
4472.701736  1.094502
4473.324543  1.139516
4473.94735  1.176518
4474.570157  1.178598
4475.192964  1.1355
4475.815771  1.093569
4476.438578  1.101569
4477.061385  1.152382
4477.684192  1.170616
4478.306999  1.159633
4478.929806  1.132974
4479.552613  1.099383
4480.17542  1.103015
4480.798227  1.100908
4481.421034  1.04407
4482.043841  0.9923607
4482.666648  1.009999
4483.289455  1.083211
4483.912262  1.117774
4484.535069  1.127846
4485.157876  1.136639
4485.780683  1.14854
4486.40349  1.156647
4487.026297  1.16363
4487.649104  1.160346
4488.271911  1.117144
4488.894718  1.05073
4489.517525  1.002931
4490.140332  1.01085
4490.763139  1.067696
4491.385946  1.133556
4492.008753  1.1692
4492.63156  1.173366
4493.254367  1.138747
4493.877174  1.084312
4494.499981  1.060143
4495.122788  1.071389
4495.745595  1.076043
4496.368402  1.04195
4496.991209  1.042294
4497.614016  1.09311
4498.236823  1.157178
4498.85963  1.187611
4499.482437  1.192208
4500.105244  1.170091
4500.728051  1.104113
4501.350858  1.050439
4501.973665  1.065287
4502.596472  1.148951
4503.219279  1.209457
4503.842086  1.225354
4504.464893  1.218316
4505.0877  1.206819
4505.710507  1.194213
4506.333314  1.182189
4506.956121  1.176019
4507.578928  1.168269
4508.201735  1.163094
4508.824542  1.169011
