3820.  0.4038412
3820.622807  0.3818738
3821.245614  0.47817
3821.868421  0.5988659
3822.491228  0.6672227
3823.114035  0.6427627
3823.736842  0.54371
3824.359649  0.4607951
3824.982456  0.4092971
3825.605263  0.3793679
3826.22807  0.3964368
3826.850877  0.4200274
3827.473684  0.4264302
3828.096491  0.4287969
3828.719298  0.4215841
3829.342105  0.4332419
3829.964912  0.4785657
3830.587719  0.5031048
3831.210526  0.4599571
3831.833333  0.3737186
3832.45614  0.3290534
3833.078947  0.3322358
3833.701754  0.3459561
3834.324561  0.3439406
3834.947368  0.3661053
3835.570175  0.4054809
3836.192982  0.4347642
3836.815789  0.4356514
3837.438596  0.3877794
3838.061403  0.3350192
3838.68421  0.3412149
3839.307017  0.3756049
3839.929824  0.3856701
3840.552631  0.3790549
3841.175438  0.448393
3841.798245  0.5594954
3842.421052  0.6310793
3843.043859  0.6221178
3843.666666  0.6208019
3844.289473  0.6387579
3844.91228  0.640113
3845.535087  0.6266288
3846.157894  0.6211569
3846.780701  0.6484942
3847.403508  0.7081442
3848.026315  0.7352847
3848.649122  0.6968111
3849.271929  0.6154844
3849.894736  0.5510166
3850.517543  0.567724
3851.14035  0.6548717
3851.763157  0.7155613
3852.385964  0.7173148
3853.008771  0.6798283
3853.631578  0.6444451
3854.254385  0.632092
3854.877192  0.6145567
3855.499999  0.5745112
3856.122806  0.5502907
3856.745613  0.5923229
3857.36842  0.6407713
3857.991227  0.5826918
3858.614034  0.4863043
3859.236841  0.4123345
3859.859648  0.3925379
3860.482455  0.4423132
3861.105262  0.5349398
3861.728069  0.6381024
3862.350876  0.7262927
3862.973683  0.7510028
3863.59649  0.732262
3864.219297  0.7133061
3864.842104  0.6758735
3865.464911  0.6508287
3866.087718  0.659171
3866.710525  0.6753802
3867.333332  0.6731841
3867.956139  0.6644732
3868.578946  0.6683124
3869.201753  0.6453632
3869.82456  0.5965512
3870.447367  0.5425093
3871.070174  0.4927831
3871.692981  0.4567598
3872.315788  0.4518982
3872.938595  0.495333
3873.561402  0.5763387
3874.184209  0.6614285
3874.807016  0.7159528
3875.429823  0.7260247
3876.05263  0.7166527
3876.675437  0.6859238
3877.298244  0.6040514
3877.921051  0.4978566
3878.543858  0.4693457
3879.166665  0.5673443
3879.789472  0.6485614
3880.412279  0.6611513
3881.035086  0.6143473
3881.657893  0.5385174
3882.2807  0.4775451
3882.903507  0.4942133
3883.526314  0.599931
3884.149121  0.6621638
3884.771928  0.6359406
3885.394735  0.5507182
3886.017542  0.4646528
3886.640349  0.4537879
3887.263156  0.4990173
3887.885963  0.5084146
3888.50877  0.4517766
3889.131577  0.4148485
3889.754384  0.4684603
3890.377191  0.5492609
3890.999998  0.6176434
3891.622805  0.6593699
3892.245612  0.6765859
3892.868419  0.6629512
3893.491226  0.6516977
3894.114033  0.6631184
3894.73684  0.6422319
3895.359647  0.6209787
3895.982454  0.6509523
3896.605261  0.7327151
3897.228068  0.7529372
3897.850875  0.7138066
3898.473682  0.6922338
3899.096489  0.6698883
3899.719296  0.6626899
3900.342103  0.6946595
3900.96491  0.7585731
3901.587717  0.7662811
3902.210524  0.6955127
3902.833331  0.6169851
3903.456138  0.6255622
3904.078945  0.6619439
3904.701752  0.6316388
3905.324559  0.5510969
3905.947366  0.5350163
3906.570173  0.6123881
3907.19298  0.6966529
3907.815787  0.7462392
3908.438594  0.7659739
3909.061401  0.7702886
3909.684208  0.7442401
3910.307015  0.7257909
3910.929822  0.7456011
3911.552629  0.7905592
3912.175436  0.8195651
3912.798243  0.8009552
3913.42105  0.7470676
3914.043857  0.7343469
3914.666664  0.7599109
3915.289471  0.7703735
3915.912278  0.7242281
3916.535085  0.7081928
3917.157892  0.7356768
3917.780699  0.7416168
3918.403506  0.7113203
3919.026313  0.6830201
3919.64912  0.6671085
3920.271927  0.604631
3920.894734  0.5676079
3921.517541  0.5877122
3922.140348  0.6173841
3922.763155  0.6333384
3923.385962  0.656329
3924.008769  0.6913956
3924.631576  0.6710986
3925.254383  0.6082293
3925.87719  0.5558593
3926.499997  0.5470558
3927.122804  0.5085762
3927.745611  0.4338071
3928.368418  0.3728385
3928.991225  0.3446675
3929.614032  0.318553
3930.236839  0.2773486
3930.859646  0.2478595
3931.482453  0.2189905
3932.10526  0.184303
3932.728067  0.1499171
3933.350874  0.1235357
3933.973681  0.1211637
3934.596488  0.1467141
3935.219295  0.1809002
3935.842102  0.2194509
3936.464909  0.2607982
3937.087716  0.301452
3937.710523  0.3369586
3938.33333  0.3822627
3938.956137  0.4466603
3939.578944  0.5066737
3940.201751  0.5326323
3940.824558  0.5305437
3941.447365  0.5383047
3942.070172  0.560899
3942.692979  0.5618904
3943.315786  0.5173329
3943.938593  0.480688
3944.5614  0.505156
3945.184207  0.5972022
3945.807014  0.7014924
3946.429821  0.7415702
3947.052628  0.7067553
3947.675435  0.6506615
3948.298242  0.6305071
3948.921049  0.661083
3949.543856  0.7194864
3950.166663  0.7675982
3950.78947  0.7924513
3951.412277  0.7756265
3952.035084  0.7097139
3952.657891  0.6474388
3953.280698  0.6652423
3953.903505  0.7615946
3954.526312  0.8051823
3955.149119  0.7711441
3955.771926  0.7018583
3956.394733  0.657374
3957.01754  0.6686361
3957.640347  0.7105349
3958.263154  0.7457113
3958.885961  0.7801669
3959.508768  0.7869184
3960.131575  0.7318378
3960.754382  0.6098081
3961.377189  0.4920002
3961.999996  0.4431832
3962.622803  0.4673173
3963.24561  0.482641
3963.868417  0.4722416
3964.491224  0.4460068
3965.114031  0.3994225
3965.736838  0.3372356
3966.359645  0.2732207
3966.982452  0.2203642
3967.605259  0.1734643
3968.228066  0.1415171
3968.850873  0.1384131
3969.47368  0.1677396
3970.096487  0.2160989
3970.719294  0.2706804
3971.342101  0.3261062
3971.964908  0.3778861
3972.587715  0.4199683
3973.210522  0.450104
3973.833329  0.4753544
3974.456136  0.523767
3975.078943  0.5895393
3975.70175  0.6273877
3976.324557  0.6352727
3976.947364  0.6508349
3977.570171  0.7014605
3978.192978  0.7424042
3978.815785  0.7737887
3979.438592  0.8110895
3980.061399  0.851207
3980.684206  0.8526846
3981.307013  0.8156091
3981.92982  0.7807314
3982.552627  0.7757152
3983.175434  0.7768989
3983.798241  0.768519
3984.421048  0.7853465
3985.043855  0.8184415
3985.666662  0.8245689
3986.289469  0.7795119
3986.912276  0.7662798
3987.535083  0.824774
3988.15789  0.9091615
3988.780697  0.9074197
3989.403504  0.8576882
3990.026311  0.8341635
3990.649118  0.8618811
3991.271925  0.8879797
3991.894732  0.8983955
3992.517539  0.9105909
3993.140346  0.9236635
3993.763153  0.9106885
3994.38596  0.8742011
3995.008767  0.8572942
3995.631574  0.8565264
3996.254381  0.8447602
3996.877188  0.8062039
3997.499995  0.7697193
3998.122802  0.7835448
3998.745609  0.8611583
3999.368416  0.9495677
3999.991223  0.9736363
4000.61403  0.9324693
4001.236837  0.8968129
4001.859644  0.9117436
4002.482451  0.9591701
4003.105258  0.9936491
4003.728065  0.9885196
4004.350872  0.887377
4004.973679  0.7421442
4005.596486  0.691956
4006.219293  0.7338299
4006.8421  0.8153107
4007.464907  0.8879901
4008.087714  0.942348
4008.710521  0.9519306
4009.333328  0.9264736
4009.956135  0.9201607
4010.578942  0.9353256
4011.201749  0.9460185
4011.824556  0.9363202
4012.447363  0.9443671
4013.07017  0.948511
4013.692977  0.9288021
4014.315784  0.9155552
4014.938591  0.9462382
4015.561398  0.9887432
4016.184205  0.9723475
4016.807012  0.904338
4017.429819  0.8528637
4018.052626  0.8764157
4018.675433  0.9586556
4019.29824  1.004723
4019.921047  0.9844748
4020.543854  0.9551745
4021.166661  0.9388554
4021.789468  0.9430978
4022.412275  0.9601185
4023.035082  0.9680017
4023.657889  0.9435763
4024.280696  0.9010349
4024.903503  0.8897955
4025.52631  0.9242963
4026.149117  0.9753667
4026.771924  1.002618
4027.394731  1.003455
4028.017538  1.007714
4028.640345  1.018561
4029.263152  0.9893055
4029.885959  0.89047
4030.508766  0.7893283
4031.131573  0.7792056
4031.75438  0.8129512
4032.377187  0.8226572
4032.999994  0.8083743
4033.622801  0.8563
4034.245608  0.8811085
4034.868415  0.8634384
4035.491222  0.881617
4036.114029  0.9374901
4036.736836  1.000071
4037.359643  1.036276
4037.98245  1.040958
4038.605257  1.026862
4039.228064  1.003231
4039.850871  0.96752
4040.473678  0.9176109
4041.096485  0.9012546
4041.719292  0.9554049
4042.342099  1.020992
4042.964906  1.027606
4043.587713  0.9550424
4044.21052  0.8455436
4044.833327  0.7006319
4045.456134  0.5884363
4046.078941  0.6073344
4046.701748  0.7741542
4047.324555  0.9465258
4047.947362  1.002849
4048.570169  0.9781753
4049.192976  0.9567323
4049.815783  0.9756618
4050.43859  1.005769
4051.061397  1.001894
4051.684204  0.9547437
4052.307011  0.8998564
4052.929818  0.8918484
4053.552625  0.8960143
4054.175432  0.8756683
4054.798239  0.8441824
4055.421046  0.8574057
4056.043853  0.8903544
4056.66666  0.8808767
4057.289467  0.8226313
4057.912274  0.7838833
4058.535081  0.8077199
4059.157888  0.8675932
4059.780695  0.9331177
4060.403502  0.9768588
4061.026309  0.9833716
4061.649116  0.9519754
4062.271923  0.8709788
4062.89473  0.7529864
4063.517537  0.6584951
4064.140344  0.6976507
4064.763151  0.8340373
4065.385958  0.9188558
4066.008765  0.8939142
4066.631572  0.8307515
4067.254379  0.8219514
4067.877186  0.8750892
4068.499993  0.9525126
4069.1228  1.009219
4069.745607  1.012767
4070.368414  0.9424523
4070.991221  0.819508
4071.614028  0.7246051
4072.236835  0.776993
4072.859642  0.9012366
4073.482449  0.9795516
4074.105256  0.9695068
4074.728063  0.9361606
4075.35087  0.900296
4075.973677  0.8397083
4076.596484  0.7589489
4077.219291  0.70581
4077.842098  0.7171609
4078.464905  0.7786887
4079.087712  0.8325111
4079.710519  0.8750252
4080.333326  0.9382389
4080.956133  0.999378
4081.57894  1.01744
4082.201747  0.979398
4082.824554  0.9250869
4083.447361  0.8799106
4084.070168  0.8545023
4084.692975  0.8476811
4085.315782  0.8610755
4085.938589  0.8885844
4086.561396  0.9265868
4087.184203  0.9802848
4087.80701  1.018936
4088.429817  1.024413
4089.052624  1.008526
4089.675431  0.9867148
4090.298238  0.9726506
4090.921045  0.9647113
4091.543852  0.9380571
4092.166659  0.902576
4092.789466  0.8995771
4093.412273  0.960297
4094.03508  0.977739
4094.657887  0.9285844
4095.280694  0.8718722
4095.903501  0.8348883
4096.526308  0.8271761
4097.149115  0.83544
4097.771922  0.8322945
4098.394729  0.8225667
4099.017536  0.8121926
4099.640343  0.7881077
4100.26315  0.7057059
4100.885957  0.5876305
4101.508764  0.506438
4102.131571  0.5316282
4102.754378  0.6265124
4103.377185  0.7204488
4103.999992  0.7725259
4104.622799  0.8146408
4105.245606  0.8581435
4105.868413  0.8913295
4106.49122  0.902948
4107.114027  0.9030306
4107.736834  0.9025977
4108.359641  0.9011708
4108.982448  0.8934561
4109.605255  0.8844534
4110.228062  0.8828356
4110.850869  0.8899489
4111.473676  0.9016815
4112.096483  0.9181134
4112.71929  0.9432872
4113.342097  0.9764606
4113.964904  0.9925044
4114.587711  0.9768202
4115.210518  0.9834572
4115.833325  1.009688
4116.456132  1.028777
4117.078939  1.033829
4117.701746  0.9847908
4118.324553  0.9033155
4118.94736  0.8645411
4119.570167  0.9006392
4120.192974  0.9598616
4120.815781  0.9785491
4121.438588  0.9614615
4122.061395  0.9409586
4122.684202  0.9322199
4123.307009  0.9269502
4123.929816  0.9594461
4124.552623  0.9970405
4125.17543  0.9884322
4125.798237  0.9550139
4126.421044  0.9295665
4127.043851  0.9164383
4127.666658  0.8931838
4128.289465  0.8981894
4128.912272  0.9245883
4129.535079  0.9385263
4130.157886  0.9581398
4130.780693  0.9525875
4131.4035  0.8951463
4132.026307  0.8129595
4132.649114  0.8061566
4133.271921  0.8528548
4133.894728  0.8542532
4134.517535  0.8645542
4135.140342  0.9300948
4135.763149  1.018783
4136.385956  1.01793
4137.008763  0.9822022
4137.63157  0.9819558
4138.254377  1.020993
4138.877184  1.046798
4139.499991  1.047327
4140.122798  1.041698
4140.745605  1.040613
4141.368412  1.01745
4141.991219  0.9525775
4142.614026  0.8606763
4143.236833  0.7787162
4143.85964  0.7749873
4144.482447  0.8720585
4145.105254  0.9589182
4145.728061  0.9968804
4146.350868  0.9980192
4146.973675  0.9870812
4147.596482  0.9916971
4148.219289  0.9979123
4148.842096  0.9729075
4149.464903  0.9261835
4150.08771  0.9197852
4150.710517  0.9647809
4151.333324  0.9719356
4151.956131  0.9604024
4152.578938  0.9565618
4153.201745  0.9465597
4153.824552  0.8780105
4154.447359  0.841312
4155.070166  0.8990423
4155.692973  0.9158441
4156.31578  0.8860862
4156.938587  0.8713015
4157.561394  0.9173408
4158.184201  0.9515648
4158.807008  0.9655166
4159.429815  0.9877867
4160.052622  0.9919235
4160.675429  0.9672191
4161.298236  0.9504706
4161.921043  1.000356
4162.54385  1.046843
4163.166657  1.048921
4163.789464  1.02533
4164.412271  1.015927
4165.035078  1.022341
4165.657885  1.024141
4166.280692  1.003567
4166.903499  0.935546
4167.526306  0.8799264
4168.149113  0.9196283
4168.77192  0.9821139
4169.394727  1.017461
4170.017534  1.012588
4170.640341  0.9740433
4171.263148  0.9010022
4171.885955  0.8183445
4172.508762  0.7728697
4173.131569  0.7791104
4173.754376  0.8230383
4174.377183  0.8729903
4174.99999  0.9014348
4175.622797  0.9201546
4176.245604  0.9292746
4176.868411  0.9052603
4177.491218  0.874716
4178.114025  0.8688043
4178.736832  0.9008037
4179.359639  0.9511836
4179.982446  0.9903684
4180.605253  0.9865555
4181.22806  0.9272932
4181.850867  0.8743286
4182.473674  0.865811
4183.096481  0.88912
4183.719288  0.8979881
4184.342095  0.9198915
4184.964902  0.9726455
4185.587709  0.9961235
4186.210516  0.945408
4186.833323  0.8521543
4187.45613  0.8006774
4188.078937  0.8297706
4188.701744  0.9032875
4189.324551  0.9635627
4189.947358  0.994561
4190.570165  0.9698234
4191.192972  0.9193541
4191.815779  0.9193332
4192.438586  0.9871081
4193.061393  1.059884
4193.6842  1.067225
4194.307007  1.019144
4194.929814  0.939756
4195.552621  0.8782609
4196.175428  0.8850374
4196.798235  0.9107176
4197.421042  0.8871971
4198.043849  0.8060731
4198.666656  0.7802072
4199.289463  0.8306093
4199.91227  0.8969105
4200.535077  0.8996812
4201.157884  0.8565528
4201.780691  0.8218966
4202.403498  0.8371825
4203.026305  0.8949396
4203.649112  0.9334658
4204.271919  0.9238567
4204.894726  0.9261899
4205.517533  0.9488389
4206.14034  0.9678655
4206.763147  0.9653797
4207.385954  0.9898887
4208.008761  1.018693
4208.631568  1.00829
4209.254375  0.978523
4209.877182  0.9467641
4210.499989  0.9396308
4211.122796  0.9789423
4211.745603  1.024052
4212.36841  1.042338
4212.991217  1.034124
4213.614024  1.030371
4214.236831  1.008029
4214.859638  0.9406413
4215.482445  0.8506008
4216.105252  0.8421018
4216.728059  0.9036339
4217.350866  0.9451951
4217.973673  0.9725236
4218.59648  0.9739186
4219.219287  0.9598286
4219.842094  0.9796448
4220.464901  1.018932
4221.087708  1.037278
4221.710515  1.012142
4222.333322  0.9795052
4222.956129  0.9478717
4223.578936  0.9087672
4224.201743  0.8646796
4224.82455  0.8199578
4225.447357  0.7458566
4226.070164  0.6174693
4226.692971  0.536523
4227.315778  0.6032164
4227.938585  0.8042143
4228.561392  0.9572178
4229.184199  0.9964319
4229.807006  0.9767246
4230.429813  0.9967712
4231.05262  1.021814
4231.675427  1.012651
4232.298234  0.9612806
4232.921041  0.8872943
4233.543848  0.8787422
4234.166655  0.9419959
4234.789462  0.9464633
4235.412269  0.8696452
4236.035076  0.7993415
4236.657883  0.8278367
4237.28069  0.8793479
4237.903497  0.9011093
4238.526304  0.885474
4239.149111  0.8579782
4239.771918  0.8555277
4240.394725  0.9007524
4241.017532  0.9730744
4241.640339  0.9836043
4242.263146  0.9321201
4242.885953  0.8889026
4243.50876  0.9190083
4244.131567  0.9793984
4244.754374  1.009088
4245.377181  0.9888059
4245.999988  0.9484231
4246.622795  0.9022616
4247.245602  0.8578327
4247.868409  0.8468484
4248.491216  0.8625159
4249.114023  0.8634301
4249.73683  0.814316
4250.359637  0.7924175
4250.982444  0.8500597
4251.605251  0.9584447
4252.228058  1.01172
4252.850865  0.9957761
4253.473672  0.941606
4254.096479  0.8710443
4254.719286  0.837734
4255.342093  0.8605223
4255.9649  0.9184923
4256.587707  0.9948095
4257.210514  1.017479
4257.833321  0.9554073
4258.456128  0.8885835
4259.078935  0.8377547
4259.701742  0.7828582
4260.324549  0.7165236
4260.947356  0.7392667
4261.570163  0.835992
4262.19297  0.9295557
4262.815777  0.9984022
4263.438584  1.008669
4264.061391  0.9777068
4264.684198  0.9723101
4265.307005  1.001302
4265.929812  1.02242
4266.552619  0.9934933
4267.175426  0.9351696
4267.798233  0.8980826
4268.42104  0.9017548
4269.043847  0.9102632
4269.666654  0.900498
4270.289461  0.8382697
4270.912268  0.7226537
4271.535075  0.656866
4272.157882  0.7057882
4272.780689  0.8191013
4273.403496  0.8458458
4274.026303  0.8099163
4274.64911  0.7825702
4275.271917  0.8083506
4275.894724  0.8914431
4276.517531  0.9629564
4277.140338  0.9772736
4277.763145  0.9911259
4278.385952  0.991476
4279.008759  0.9484178
4279.631566  0.8648134
4280.254373  0.824935
4280.87718  0.8586261
4281.499987  0.9157308
4282.122794  0.9040487
4282.745601  0.8994989
4283.368408  0.9417224
4283.991215  0.9477897
4284.614022  0.8976335
4285.236829  0.8319207
4285.859636  0.8052347
4286.482443  0.819747
4287.10525  0.8533334
4287.728057  0.8700582
4288.350864  0.8395186
4288.973671  0.76643
4289.596478  0.7050247
4290.219285  0.7113467
4290.842092  0.7553722
4291.464899  0.8146452
4292.087706  0.8769974
4292.710513  0.9250301
4293.33332  0.9143285
4293.956127  0.8591171
4294.578934  0.8289695
4295.201741  0.8493847
4295.824548  0.856895
4296.447355  0.8058833
4297.070162  0.7664502
4297.692969  0.7491059
4298.315776  0.7100859
4298.938583  0.6118104
4299.56139  0.5481232
4300.184197  0.5657642
4300.807004  0.6311041
4301.429811  0.6681095
4302.052618  0.6515976
4302.675425  0.6207259
4303.298232  0.6421201
4303.921039  0.6814767
4304.543846  0.6946974
4305.166653  0.6776748
4305.78946  0.6842691
4306.412267  0.6906117
4307.035074  0.6494855
4307.657881  0.5625166
4308.280688  0.5274082
4308.903495  0.5626287
4309.526302  0.6029123
4310.149109  0.6324513
4310.771916  0.6554267
4311.394723  0.6778436
4312.01753  0.6951684
4312.640337  0.7420412
4313.263144  0.8013459
4313.885951  0.8175259
4314.508758  0.8216015
4315.131565  0.8807153
4315.754372  1.003554
4316.377179  1.075632
4316.999986  1.083844
4317.622793  1.060354
4318.2456  1.036237
4318.868407  1.040873
4319.491214  1.04387
4320.114021  1.007998
4320.736828  0.9678835
4321.359635  0.9722139
4321.982442  0.9921697
4322.605249  0.9246604
4323.228056  0.8181791
4323.850863  0.7400188
4324.47367  0.7061487
4325.096477  0.6506459
4325.719284  0.6418892
4326.342091  0.7349945
4326.964898  0.8544344
4327.587705  0.9509974
4328.210512  1.007219
4328.833319  1.027493
4329.456126  1.007526
4330.078933  0.9660598
4330.70174  0.9396555
4331.324547  0.9603884
4331.947354  0.9887175
4332.570161  0.9934776
4333.192968  0.9842591
4333.815775  0.9823733
4334.438582  0.9904986
4335.061389  0.9968566
4335.684196  0.9908009
4336.307003  0.9276281
4336.92981  0.817215
4337.552617  0.7376665
4338.175424  0.7143093
4338.798231  0.6890349
4339.421038  0.6031181
4340.043845  0.5140558
4340.666652  0.5130438
4341.289459  0.6214981
4341.912266  0.7516768
4342.535073  0.8179702
4343.15788  0.8134051
4343.780687  0.8018419
4344.403494  0.8489464
4345.026301  0.9202204
4345.649108  0.9548754
4346.271915  0.9454629
4346.894722  0.9327886
4347.517529  0.9417135
4348.140336  0.9674777
4348.763143  1.013248
4349.38595  1.041722
4350.008757  1.008254
4350.631564  0.9081501
4351.254371  0.7905887
4351.877178  0.7339743
4352.499985  0.7901626
4353.122792  0.8924489
4353.745599  0.9569216
4354.368406  0.9514567
4354.991213  0.9326928
4355.61402  0.9405552
4356.236827  0.978194
4356.859634  1.016383
4357.482441  1.015758
4358.105248  0.9715756
4358.728055  0.9172528
4359.350862  0.9046386
4359.973669  0.9428351
4360.596476  1.008152
4361.219283  1.061786
4361.84209  1.059835
4362.464897  1.019018
4363.087704  0.9985216
4363.710511  1.019709
4364.333318  1.06501
4364.956125  1.094566
4365.578932  1.072116
4366.201739  1.025364
4366.824546  0.9744969
4367.447353  0.9264544
4368.07016  0.9478877
4368.692967  0.9887528
4369.315774  0.9814532
4369.938581  0.9647284
4370.561388  0.9552807
4371.184195  0.9653646
4371.807002  0.9961718
4372.429809  1.000823
4373.052616  0.9612979
4373.675423  0.8977299
4374.29823  0.8419379
4374.921037  0.8283545
4375.543844  0.8635286
4376.166651  0.9213437
4376.789458  0.971029
4377.412265  1.004286
4378.035072  1.02362
4378.657879  1.015589
4379.280686  0.9927492
4379.903493  0.97731
4380.5263  0.9808425
4381.149107  1.001677
4381.771914  0.9719221
4382.394721  0.8263589
4383.017528  0.6541483
4383.640335  0.5730968
4384.263142  0.6244203
4384.885949  0.7258075
4385.508756  0.847782
4386.131563  0.9419851
4386.75437  0.9536684
4387.377177  0.9289111
4387.999984  0.9134557
4388.622791  0.918762
4389.245598  0.9160186
4389.868405  0.9002751
4390.491212  0.8875203
4391.114019  0.90018
4391.736826  0.9433355
4392.359633  0.980573
4392.98244  0.9757088
4393.605247  0.9471433
4394.228054  0.9052047
4394.850861  0.8752886
4395.473668  0.8989317
4396.096475  0.9716811
4396.719282  1.040951
4397.342089  1.055637
4397.964896  1.038791
4398.587703  1.008535
4399.21051  0.9658522
4399.833317  0.9019567
4400.456124  0.8523725
4401.078931  0.8671415
4401.701738  0.9568703
4402.324545  1.022841
4402.947352  1.00376
4403.570159  0.9023117
4404.192966  0.776933
4404.815773  0.7638255
4405.43858  0.8718193
4406.061387  0.968009
4406.684194  0.9853324
4407.307001  0.9372244
4407.929808  0.8882316
4408.552615  0.8979831
4409.175422  0.9529245
4409.798229  1.008404
4410.421036  1.033338
4411.043843  1.046219
4411.66665  1.064991
4412.289457  1.087645
4412.912264  1.092411
4413.535071  1.048541
4414.157878  0.9519694
4414.780685  0.8474063
4415.403492  0.849341
4416.026299  0.9269184
4416.649106  0.9624089
4417.271913  0.9674466
4417.89472  0.9862119
4418.517527  1.037719
4419.140334  1.085101
4419.763141  1.105938
4420.385948  1.093585
4421.008755  1.054861
4421.631562  0.9931026
4422.254369  0.9455796
4422.877176  0.9448977
4423.499983  0.9818767
4424.12279  1.010511
4424.745597  1.011013
4425.368404  1.003704
4425.991211  0.9993163
4426.614018  0.9982647
4427.236825  1.004831
4427.859632  1.0406
4428.482439  1.073212
4429.105246  1.055621
4429.728053  0.9789416
4430.35086  0.9411214
4430.973667  0.9668073
4431.596474  1.007113
4432.219281  1.017746
4432.842088  0.9979846
4433.464895  0.9624629
4434.087702  0.9179983
4434.710509  0.8735928
4435.333316  0.8666884
4435.956123  0.9250821
4436.57893  0.9972387
4437.201737  1.04683
4437.824544  1.069698
4438.447351  1.087356
4439.070158  1.086632
4439.692965  1.062177
4440.315772  1.027353
4440.938579  0.9910989
4441.561386  0.9500369
4442.184193  0.907808
4442.807  0.8912357
4443.429807  0.9124429
4444.052614  0.9670168
4444.675421  1.033882
4445.298228  1.080291
4445.921035  1.077103
4446.543842  1.028946
4447.166649  0.9890873
4447.789456  1.00474
4448.412263  1.053976
4449.03507  1.05821
4449.657877  1.022376
4450.280684  0.9900544
4450.903491  0.9967383
4451.526298  1.025327
4452.149105  1.040909
4452.771912  1.022767
4453.394719  0.977205
4454.017526  0.8945324
4454.640333  0.8260518
4455.26314  0.8349736
4455.885947  0.8808069
4456.508754  0.9234157
4457.131561  0.9387403
4457.754368  0.9222398
4458.377175  0.8988938
4458.999982  0.9002069
4459.622789  0.9327997
4460.245596  0.9410375
4460.868403  0.9031454
4461.49121  0.8594247
4462.114017  0.8943338
4462.736824  0.9737284
4463.359631  1.019317
4463.982438  0.9918015
4464.605245  0.974767
4465.228052  0.9849753
4465.850859  0.9899397
4466.473666  0.9848137
4467.096473  0.9883713
4467.71928  0.9903927
4468.342087  0.9528075
4468.964894  0.9212527
4469.587701  0.9207931
4470.210508  0.9454139
4470.833315  0.9864923
4471.456122  1.019372
4472.078929  1.033181
4472.701736  1.045725
4473.324543  1.069387
4473.94735  1.088726
4474.570157  1.078426
4475.192964  1.040273
4475.815771  1.021295
4476.438578  1.049227
4477.061385  1.088718
4477.684192  1.10772
4478.306999  1.086107
4478.929806  1.027943
4479.552613  0.9629931
4480.17542  0.9108077
4480.798227  0.8765674
4481.421034  0.8607124
4482.043841  0.8944451
4482.666648  0.9645481
4483.289455  1.01258
4483.912262  1.044522
4484.535069  1.060394
4485.157876  1.062297
4485.780683  1.07054
4486.40349  1.078695
4487.026297  1.06614
4487.649104  1.018859
4488.271911  0.9703023
4488.894718  0.9413469
4489.517525  0.9312173
4490.140332  0.3922049
4490.763139  0.
4491.385946  0.
4492.008753  0.
4492.63156  0.
4493.254367  0.
4493.877174  0.
4494.499981  0.
4495.122788  0.
4495.745595  0.
4496.368402  0.
4496.991209  0.
4497.614016  0.
4498.236823  0.
4498.85963  0.
4499.482437  0.
4500.105244  0.
4500.728051  0.
4501.350858  0.
4501.973665  0.
4502.596472  0.
4503.219279  0.
4503.842086  0.
4504.464893  0.
4505.0877  0.
4505.710507  0.
4506.333314  0.
4506.956121  0.
4507.578928  0.
4508.201735  0.
4508.824542  0.
