3820.  0.1285471
3820.622807  0.1020791
3821.245614  0.1126779
3821.868421  0.1521981
3822.491228  0.1905991
3823.114035  0.2041385
3823.736842  0.1877116
3824.359649  0.1541559
3824.982456  0.1239467
3825.605263  0.1096581
3826.22807  0.1088353
3826.850877  0.1216573
3827.473684  0.1386647
3828.096491  0.1475039
3828.719298  0.1572467
3829.342105  0.1686954
3829.964912  0.1795673
3830.587719  0.1941614
3831.210526  0.1977027
3831.833333  0.1806784
3832.45614  0.1532142
3833.078947  0.1351579
3833.701754  0.1282924
3834.324561  0.1279738
3834.947368  0.1467232
3835.570175  0.1785731
3836.192982  0.2073204
3836.815789  0.2177769
3837.438596  0.2021066
3838.061403  0.1705344
3838.68421  0.145004
3839.307017  0.1409731
3839.929824  0.1390547
3840.552631  0.1260369
3841.175438  0.1252907
3841.798245  0.1576859
3842.421052  0.2095855
3843.043859  0.243776
3843.666666  0.2490163
3844.289473  0.2422349
3844.91228  0.237228
3845.535087  0.2236837
3846.157894  0.2097322
3846.780701  0.2071681
3847.403508  0.2163987
3848.026315  0.2227707
3848.649122  0.2131445
3849.271929  0.1866487
3849.894736  0.1586119
3850.517543  0.1492358
3851.14035  0.1703613
3851.763157  0.2109846
3852.385964  0.2305674
3853.008771  0.2160568
3853.631578  0.1885052
3854.254385  0.1785043
3854.877192  0.1883647
3855.499999  0.1961826
3856.122806  0.1822836
3856.745613  0.1703856
3857.36842  0.1722561
3857.991227  0.172615
3858.614034  0.1552104
3859.236841  0.1309922
3859.859648  0.1164878
3860.482455  0.1139668
3861.105262  0.1317538
3861.728069  0.1688942
3862.350876  0.2103274
3862.973683  0.2363257
3863.59649  0.2399071
3864.219297  0.2293994
3864.842104  0.2162819
3865.464911  0.2017087
3866.087718  0.1940898
3866.710525  0.2015317
3867.333332  0.2041289
3867.956139  0.1964773
3868.578946  0.1878614
3869.201753  0.1817143
3869.82456  0.1701507
3870.447367  0.152542
3871.070174  0.1406121
3871.692981  0.1385893
3872.315788  0.1419275
3872.938595  0.151249
3873.561402  0.1832441
3874.184209  0.2334311
3874.807016  0.2775669
3875.429823  0.2927167
3876.05263  0.2857022
3876.675437  0.2660947
3877.298244  0.2324796
3877.921051  0.1824497
3878.543858  0.1535216
3879.166665  0.1737214
3879.789472  0.2132887
3880.412279  0.227878
3881.035086  0.2046446
3881.657893  0.1667283
3882.2807  0.1385799
3882.903507  0.1639549
3883.526314  0.2578312
3884.149121  0.3537903
3884.771928  0.3728219
3885.394735  0.3051382
3886.017542  0.2179767
3886.640349  0.1741601
3887.263156  0.198886
3887.885963  0.2563908
3888.50877  0.2753046
3889.131577  0.2730093
3889.754384  0.2907845
3890.377191  0.3296793
3890.999998  0.366481
3891.622805  0.4052594
3892.245612  0.4480472
3892.868419  0.4582934
3893.491226  0.4458909
3894.114033  0.4314485
3894.73684  0.4007939
3895.359647  0.3441941
3895.982454  0.3145603
3896.605261  0.3612732
3897.228068  0.4146453
3897.850875  0.4163157
3898.473682  0.3781244
3899.096489  0.3490827
3899.719296  0.3224324
3900.342103  0.3199807
3900.96491  0.3771469
3901.587717  0.4327379
3902.210524  0.4203209
3902.833331  0.3558139
3903.456138  0.3375065
3904.078945  0.3703828
3904.701752  0.3845454
3905.324559  0.3326963
3905.947366  0.2766884
3906.570173  0.2696926
3907.19298  0.3070609
3907.815787  0.3489447
3908.438594  0.3876305
3909.061401  0.4203746
3909.684208  0.4314865
3910.307015  0.4237648
3910.929822  0.4187298
3911.552629  0.4306401
3912.175436  0.4480249
3912.798243  0.4524677
3913.42105  0.4392864
3914.043857  0.4263148
3914.666664  0.4316432
3915.289471  0.4348031
3915.912278  0.4070081
3916.535085  0.3700254
3917.157892  0.3627407
3917.780699  0.380931
3918.403506  0.3785078
3919.026313  0.3596564
3919.64912  0.3330094
3920.271927  0.2935554
3920.894734  0.253545
3921.517541  0.245501
3922.140348  0.2662373
3922.763155  0.2721283
3923.385962  0.2843355
3924.008769  0.3152474
3924.631576  0.3332349
3925.254383  0.3159654
3925.87719  0.2849424
3926.499997  0.2671597
3927.122804  0.248821
3927.745611  0.2154245
3928.368418  0.1790186
3928.991225  0.1611616
3929.614032  0.14869
3930.236839  0.1312438
3930.859646  0.1136331
3931.482453  0.1015047
3932.10526  0.08823063
3932.728067  0.07251514
3933.350874  0.06448469
3933.973681  0.06373915
3934.596488  0.06599019
3935.219295  0.07112016
3935.842102  0.08635271
3936.464909  0.1080273
3937.087716  0.130208
3937.710523  0.1541113
3938.33333  0.1766005
3938.956137  0.2036104
3939.578944  0.2377982
3940.201751  0.2529624
3940.824558  0.2474131
3941.447365  0.2421315
3942.070172  0.2522118
3942.692979  0.263827
3943.315786  0.2561189
3943.938593  0.2312738
3944.5614  0.2261044
3945.184207  0.2666072
3945.807014  0.3400075
3946.429821  0.3966265
3947.052628  0.4004361
3947.675435  0.3643498
3948.298242  0.3338341
3948.921049  0.3330539
3949.543856  0.3657995
3950.166663  0.4187191
3950.78947  0.4642172
3951.412277  0.4690501
3952.035084  0.420213
3952.657891  0.3536237
3953.280698  0.3456225
3953.903505  0.4143539
3954.526312  0.4970627
3955.149119  0.5130348
3955.771926  0.4575678
3956.394733  0.3910771
3957.01754  0.3721957
3957.640347  0.3871445
3958.263154  0.4094001
3958.885961  0.4325975
3959.508768  0.4568292
3960.131575  0.4458057
3960.754382  0.3745155
3961.377189  0.2826141
3961.999996  0.2237609
3962.622803  0.2145802
3963.24561  0.2298768
3963.868417  0.2355774
3964.491224  0.2248946
3965.114031  0.2040664
3965.736838  0.1725197
3966.359645  0.1382851
3966.982452  0.1099882
3967.605259  0.08908044
3968.228066  0.07492747
3968.850873  0.06913854
3969.47368  0.07581043
3970.096487  0.09559561
3970.719294  0.1231482
3971.342101  0.1512206
3971.964908  0.1760671
3972.587715  0.1993442
3973.210522  0.2205011
3973.833329  0.2412877
3974.456136  0.2723096
3975.078943  0.3152859
3975.70175  0.3508274
3976.324557  0.3608172
3976.947364  0.3739381
3977.570171  0.4062783
3978.192978  0.4426222
3978.815785  0.4686364
3979.438592  0.4974811
3980.061399  0.5353376
3980.684206  0.5502624
3981.307013  0.5242088
3981.92982  0.484078
3982.552627  0.4693283
3983.175434  0.4718192
3983.798241  0.4751475
3984.421048  0.4856867
3985.043855  0.5241758
3985.666662  0.5631073
3986.289469  0.5667672
3986.912276  0.5477067
3987.535083  0.5676283
3988.15789  0.6193777
3988.780697  0.6377671
3989.403504  0.5831929
3990.026311  0.5256222
3990.649118  0.5282202
3991.271925  0.5693025
3991.894732  0.5894553
3992.517539  0.5929791
3993.140346  0.6085648
3993.763153  0.6053275
3994.38596  0.5866661
3995.008767  0.5741794
3995.631574  0.5694644
3996.254381  0.5604806
3996.877188  0.540279
3997.499995  0.5169104
3998.122802  0.5120091
3998.745609  0.554702
3999.368416  0.6387355
3999.991223  0.700448
4000.61403  0.6962597
4001.236837  0.6561105
4001.859644  0.6470608
4002.482451  0.6785021
4003.105258  0.7218703
4003.728065  0.7317609
4004.350872  0.6646609
4004.973679  0.5373686
4005.596486  0.4407076
4006.219293  0.4513977
4006.8421  0.5186654
4007.464907  0.5889468
4008.087714  0.6386487
4008.710521  0.659094
4009.333328  0.6648263
4009.956135  0.6720101
4010.578942  0.6799632
4011.201749  0.6726847
4011.824556  0.6544096
4012.447363  0.6508722
4013.07017  0.672693
4013.692977  0.6828072
4014.315784  0.6758095
4014.938591  0.6938155
4015.561398  0.7354229
4016.184205  0.7562437
4016.807012  0.7173641
4017.429819  0.6533374
4018.052626  0.6328524
4018.675433  0.6793439
4019.29824  0.7324042
4019.921047  0.7340755
4020.543854  0.6990474
4021.166661  0.6788133
4021.789468  0.6664701
4022.412275  0.6696393
4023.035082  0.6886334
4023.657889  0.6869052
4024.280696  0.6455437
4024.903503  0.6101542
4025.52631  0.6419625
4026.149117  0.694447
4026.771924  0.7250913
4027.394731  0.7375333
4028.017538  0.7698287
4028.640345  0.8106974
4029.263152  0.8069136
4029.885959  0.7129456
4030.508766  0.5741277
4031.131573  0.4953306
4031.75438  0.5185115
4032.377187  0.530147
4032.999994  0.5081601
4033.622801  0.4917457
4034.245608  0.506786
4034.868415  0.5388852
4035.491222  0.5810176
4036.114029  0.641252
4036.736836  0.7117903
4037.359643  0.7661679
4037.98245  0.7840557
4038.605257  0.7689341
4039.228064  0.7475582
4039.850871  0.7202523
4040.473678  0.6708701
4041.096485  0.6457127
4041.719292  0.6765001
4042.342099  0.7381134
4042.964906  0.7506411
4043.587713  0.6884849
4044.21052  0.5759685
4044.833327  0.4503929
4045.456134  0.3321619
4046.078941  0.2926125
4046.701748  0.3837318
4047.324555  0.5445515
4047.947362  0.6699712
4048.570169  0.7056575
4049.192976  0.6896583
4049.815783  0.692889
4050.43859  0.7258113
4051.061397  0.7474759
4051.684204  0.7283468
4052.307011  0.6901551
4052.929818  0.6710064
4053.552625  0.6711017
4054.175432  0.6408508
4054.798239  0.5889478
4055.421046  0.5745604
4056.043853  0.6062524
4056.66666  0.6217034
4057.289467  0.5775517
4057.912274  0.5238732
4058.535081  0.5151193
4059.157888  0.5608103
4059.780695  0.6255673
4060.403502  0.6869802
4061.026309  0.7175808
4061.649116  0.6939295
4062.271923  0.6111215
4062.89473  0.4800075
4063.517537  0.364292
4064.140344  0.357141
4064.763151  0.4735264
4065.385958  0.612585
4066.008765  0.6551234
4066.631572  0.6010918
4067.254379  0.5489163
4067.877186  0.5727611
4068.499993  0.6495522
4069.1228  0.730015
4069.745607  0.7678113
4070.368414  0.7303636
4070.991221  0.6007255
4071.614028  0.4725376
4072.236835  0.4579663
4072.859642  0.5731379
4073.482449  0.6971548
4074.105256  0.7425675
4074.728063  0.7126349
4075.35087  0.6480821
4075.973677  0.5658699
4076.596484  0.4762888
4077.219291  0.412145
4077.842098  0.4179764
4078.464905  0.4898964
4079.087712  0.5725152
4079.710519  0.6349187
4080.333326  0.6968722
4080.956133  0.7736168
4081.57894  0.8152863
4082.201747  0.7855271
4082.824554  0.7103081
4083.447361  0.6659386
4084.070168  0.6633337
4084.692975  0.6691602
4085.315782  0.6549057
4085.938589  0.6518372
4086.561396  0.6786938
4087.184203  0.734576
4087.80701  0.7986493
4088.429817  0.8401529
4089.052624  0.8425672
4089.675431  0.8116008
4090.298238  0.7714938
4090.921045  0.7654929
4091.543852  0.7799853
4092.166659  0.7268263
4092.789466  0.7054123
4093.412273  0.7628059
4094.03508  0.8176171
4094.657887  0.7826111
4095.280694  0.6894686
4095.903501  0.6202933
4096.526308  0.597761
4097.149115  0.618435
4097.771922  0.6534529
4098.394729  0.6727214
4099.017536  0.6918216
4099.640343  0.6882699
4100.26315  0.6295407
4100.885957  0.534124
4101.508764  0.4802543
4102.131571  0.5132877
4102.754378  0.5931687
4103.377185  0.653842
4103.999992  0.6638878
4104.622799  0.6492693
4105.245606  0.6835812
4105.868413  0.7431314
4106.49122  0.7727334
4107.114027  0.7605547
4107.736834  0.7429929
4108.359641  0.7337183
4108.982448  0.7123783
4109.605255  0.6685663
4110.228062  0.6350898
4110.850869  0.6338429
4111.473676  0.6317196
4112.096483  0.6346627
4112.71929  0.6599197
4113.342097  0.7076899
4113.964904  0.7331985
4114.587711  0.7370233
4115.210518  0.7412708
4115.833325  0.7390823
4116.456132  0.7425526
4117.078939  0.7460002
4117.701746  0.7165236
4118.324553  0.6346664
4118.94736  0.5669708
4119.570167  0.5876424
4120.192974  0.6514258
4120.815781  0.6902514
4121.438588  0.6805975
4122.061395  0.6627071
4122.684202  0.6384136
4123.307009  0.6203002
4123.929816  0.6347471
4124.552623  0.6961911
4125.17543  0.7370875
4125.798237  0.7166223
4126.421044  0.6951903
4127.043851  0.6666484
4127.666658  0.6375002
4128.289465  0.6331788
4128.912272  0.6344512
4129.535079  0.6239544
4130.157886  0.6115127
4130.780693  0.6333584
4131.4035  0.6056626
4132.026307  0.5254892
4132.649114  0.5015965
4133.271921  0.5293679
4133.894728  0.5458763
4134.517535  0.5323166
4135.140342  0.5993266
4135.763149  0.6978163
4136.385956  0.7364007
4137.008763  0.694455
4137.63157  0.66697
4138.254377  0.6870357
4138.877184  0.7142063
4139.499991  0.7163146
4140.122798  0.7120005
4140.745605  0.7142309
4141.368412  0.6890283
4141.991219  0.6080021
4142.614026  0.4877368
4143.236833  0.3881164
4143.85964  0.3729237
4144.482447  0.450447
4145.105254  0.5665297
4145.728061  0.6344823
4146.350868  0.6515592
4146.973675  0.6493396
4147.596482  0.6526746
4148.219289  0.6568565
4148.842096  0.6309911
4149.464903  0.5707864
4150.08771  0.5398918
4150.710517  0.5526783
4151.333324  0.5713436
4151.956131  0.5529706
4152.578938  0.5655954
4153.201745  0.5944676
4153.824552  0.5858194
4154.447359  0.5718779
4155.070166  0.5750398
4155.692973  0.5760803
4156.31578  0.5335039
4156.938587  0.5235695
4157.561394  0.5699564
4158.184201  0.631865
4158.807008  0.6889747
4159.429815  0.7169331
4160.052622  0.7025751
4160.675429  0.6613806
4161.298236  0.643937
4161.921043  0.6802568
4162.54385  0.7454165
4163.166657  0.7461847
4163.789464  0.6923147
4164.412271  0.6475557
4165.035078  0.6382602
4165.657885  0.6524267
4166.280692  0.6440792
4166.903499  0.5810133
4167.526306  0.5477087
4168.149113  0.5839917
4168.77192  0.6540243
4169.394727  0.680626
4170.017534  0.6938691
4170.640341  0.7099676
4171.263148  0.6785774
4171.885955  0.5854499
4172.508762  0.4893929
4173.131569  0.4654385
4173.754376  0.5077844
4174.377183  0.5623582
4174.99999  0.5899523
4175.622797  0.5997159
4176.245604  0.597789
4176.868411  0.5754424
4177.491218  0.5325009
4178.114025  0.5230045
4178.736832  0.5520193
4179.359639  0.5869946
4179.982446  0.596384
4180.605253  0.5860034
4181.22806  0.5725505
4181.850867  0.5706651
4182.473674  0.5917784
4183.096481  0.6238379
4183.719288  0.6575949
4184.342095  0.7095095
4184.964902  0.7695007
4185.587709  0.7893219
4186.210516  0.7190568
4186.833323  0.604668
4187.45613  0.5440099
4188.078937  0.5906407
4188.701744  0.6709281
4189.324551  0.7179485
4189.947358  0.7122065
4190.570165  0.6811653
4191.192972  0.6361381
4191.815779  0.6242669
4192.438586  0.6779847
4193.061393  0.7288777
4193.6842  0.7371553
4194.307007  0.7009757
4194.929814  0.6387417
4195.552621  0.5703272
4196.175428  0.5215628
4196.798235  0.5118162
4197.421042  0.5366091
4198.043849  0.5475568
4198.666656  0.5389069
4199.289463  0.5870016
4199.91227  0.6459559
4200.535077  0.6535352
4201.157884  0.6027598
4201.780691  0.535322
4202.403498  0.5263267
4203.026305  0.5961394
4203.649112  0.6486349
4204.271919  0.6474636
4204.894726  0.6339083
4205.517533  0.6709666
4206.14034  0.7165367
4206.763147  0.7474942
4207.385954  0.7733837
4208.008761  0.7936296
4208.631568  0.7853401
4209.254375  0.7401745
4209.877182  0.6875767
4210.499989  0.6706092
4211.122796  0.6962443
4211.745603  0.7305833
4212.36841  0.7351024
4212.991217  0.7100538
4213.614024  0.6672326
4214.236831  0.604064
4214.859638  0.5023867
4215.482445  0.4362853
4216.105252  0.5136707
4216.728059  0.6891129
4217.350866  0.8426217
4217.973673  0.9005142
4218.59648  0.910207
4219.219287  0.8912154
4219.842094  0.8803533
4220.464901  0.916441
4221.087708  0.9440873
4221.710515  0.9118871
4222.333322  0.8223586
4222.956129  0.7444316
4223.578936  0.6972116
4224.201743  0.6599159
4224.82455  0.599938
4225.447357  0.4891028
4226.070164  0.3490081
4226.692971  0.2575725
4227.315778  0.3153529
4227.938585  0.5169604
4228.561392  0.7346003
4229.184199  0.8161218
4229.807006  0.8260743
4230.429813  0.8573813
4231.05262  0.9148421
4231.675427  0.8997799
4232.298234  0.8069819
4232.921041  0.7104844
4233.543848  0.690164
4234.166655  0.751581
4234.789462  0.7939709
4235.412269  0.7248048
4236.035076  0.6487921
4236.657883  0.648842
4237.28069  0.7081738
4237.903497  0.7369284
4238.526304  0.7338772
4239.149111  0.7219954
4239.771918  0.7184206
4240.394725  0.7601654
4241.017532  0.8327335
4241.640339  0.8738343
4242.263146  0.8340298
4242.885953  0.7922698
4243.50876  0.8299831
4244.131567  0.9277581
4244.754374  0.9761079
4245.377181  0.9500542
4245.999988  0.8975112
4246.622795  0.8325126
4247.245602  0.7717144
4247.868409  0.7370564
4248.491216  0.7353796
4249.114023  0.7206814
4249.73683  0.6627454
4250.359637  0.5986418
4250.982444  0.629824
4251.605251  0.7281924
4252.228058  0.8054901
4252.850865  0.8192218
4253.473672  0.7549984
4254.096479  0.6634578
4254.719286  0.6243516
4255.342093  0.6486026
4255.9649  0.7335891
4256.587707  0.8499911
4257.210514  0.9169199
4257.833321  0.8594245
4258.456128  0.7424416
4259.078935  0.6909072
4259.701742  0.635445
4260.324549  0.5731593
4260.947356  0.5727084
4261.570163  0.6573153
4262.19297  0.7867345
4262.815777  0.8951951
4263.438584  0.9340042
4264.061391  0.9181542
4264.684198  0.9105316
4265.307005  0.9490526
4265.929812  0.9853913
4266.552619  0.9611591
4267.175426  0.8796861
4267.798233  0.8083901
4268.42104  0.7854779
4269.043847  0.7848454
4269.666654  0.7525882
4270.289461  0.6712056
4270.912268  0.53897
4271.535075  0.4282382
4272.157882  0.4605689
4272.780689  0.5816406
4273.403496  0.6583689
4274.026303  0.6247857
4274.64911  0.5763642
4275.271917  0.6133705
4275.894724  0.7309034
4276.517531  0.81845
4277.140338  0.8647033
4277.763145  0.9081671
4278.385952  0.947836
4279.008759  0.9012244
4279.631566  0.7736265
4280.254373  0.6728988
4280.87718  0.7008647
4281.499987  0.768584
4282.122794  0.7884265
4282.745601  0.7951325
4283.368408  0.8288509
4283.991215  0.8399337
4284.614022  0.7775474
4285.236829  0.7090637
4285.859636  0.6895813
4286.482443  0.7238757
4287.10525  0.782035
4287.728057  0.8145613
4288.350864  0.7655616
4288.973671  0.6388537
4289.596478  0.5429163
4290.219285  0.5423164
4290.842092  0.604472
4291.464899  0.6564608
4292.087706  0.7379965
4292.710513  0.8243286
4293.33332  0.8223677
4293.956127  0.7397178
4294.578934  0.6901844
4295.201741  0.7266209
4295.824548  0.7535834
4296.447355  0.7223772
4297.070162  0.6744692
4297.692969  0.6568297
4298.315776  0.6010718
4298.938583  0.4958426
4299.56139  0.4100834
4300.184197  0.4188699
4300.807004  0.501605
4301.429811  0.5682958
4302.052618  0.5527485
4302.675425  0.5140681
4303.298232  0.5212911
4303.921039  0.5660459
4304.543846  0.5680058
4305.166653  0.5328022
4305.78946  0.513585
4306.412267  0.5231614
4307.035074  0.4810311
4307.657881  0.4020637
4308.280688  0.3719084
4308.903495  0.4002078
4309.526302  0.4461256
4310.149109  0.4860436
4310.771916  0.5302473
4311.394723  0.5642365
4312.01753  0.5975814
4312.640337  0.6552129
4313.263144  0.7170722
4313.885951  0.7258613
4314.508758  0.7168516
4315.131565  0.8246759
4315.754372  1.000699
4316.377179  1.120827
4316.999986  1.134285
4317.622793  1.103239
4318.2456  1.071195
4318.868407  1.052171
4319.491214  1.046284
4320.114021  1.002343
4320.736828  0.9425571
4321.359635  0.9462988
4321.982442  0.9723771
4322.605249  0.9136173
4323.228056  0.7610592
4323.850863  0.6492938
4324.47367  0.5642871
4325.096477  0.4743519
4325.719284  0.4450825
4326.342091  0.5526038
4326.964898  0.749702
4327.587705  0.9282343
4328.210512  1.045689
4328.833319  1.086707
4329.456126  1.046423
4330.078933  0.9558406
4330.70174  0.9134701
4331.324547  0.948137
4331.947354  1.001436
4332.570161  1.013668
4333.192968  1.000966
4333.815775  1.00761
4334.438582  1.050374
4335.061389  1.125684
4335.684196  1.159889
4336.307003  1.06403
4336.92981  0.873575
4337.552617  0.7324377
4338.175424  0.7194386
4338.798231  0.7424407
4339.421038  0.6963487
4340.043845  0.6091882
4340.666652  0.6050357
4341.289459  0.735047
4341.912266  0.9077688
4342.535073  0.9883913
4343.15788  0.9454115
4343.780687  0.8908553
4344.403494  0.9280469
4345.026301  1.031823
4345.649108  1.068853
4346.271915  1.014534
4346.894722  0.9512494
4347.517529  0.9502509
4348.140336  1.023447
4348.763143  1.123663
4349.38595  1.16781
4350.008757  1.083077
4350.631564  0.8983139
4351.254371  0.7203544
4351.877178  0.6523448
4352.499985  0.722818
4353.122792  0.8593957
4353.745599  0.9375768
4354.368406  0.9421014
4354.991213  0.9263048
4355.61402  0.9444732
4356.236827  1.007487
4356.859634  1.068107
4357.482441  1.059411
4358.105248  0.9605598
4358.728055  0.8575639
4359.350862  0.8303128
4359.973669  0.8878897
4360.596476  0.9912332
4361.219283  1.079346
4361.84209  1.09797
4362.464897  1.047145
4363.087704  1.00246
4363.710511  1.031879
4364.333318  1.124642
4364.956125  1.185067
4365.578932  1.163735
4366.201739  1.073227
4366.824546  0.9528764
4367.447353  0.8705271
4368.07016  0.8745224
4368.692967  0.9425516
4369.315774  0.9801873
4369.938581  0.9672736
4370.561388  0.9555802
4371.184195  0.9769177
4371.807002  1.004856
4372.429809  0.9909743
4373.052616  0.9122724
4373.675423  0.8205495
4374.29823  0.7454464
4374.921037  0.7013819
4375.543844  0.7452419
4376.166651  0.85676
4376.789458  0.9671285
4377.412265  1.031432
4378.035072  1.054803
4378.657879  1.046335
4379.280686  1.008946
4379.903493  0.9624302
4380.5263  0.9468758
4381.149107  0.9522958
4381.771914  0.8843143
4382.394721  0.6930739
4383.017528  0.4675408
4383.640335  0.3618982
4384.263142  0.4012994
4384.885949  0.5562641
4385.508756  0.7549272
4386.131563  0.8903489
4386.75437  0.9163749
4387.377177  0.8795174
4387.999984  0.8619553
4388.622791  0.8579755
4389.245598  0.8385926
4389.868405  0.8015231
4390.491212  0.7848625
4391.114019  0.8101082
4391.736826  0.8687396
4392.359633  0.9275667
4392.98244  0.9412603
4393.605247  0.9109359
4394.228054  0.8660623
4394.850861  0.8256734
4395.473668  0.8581197
4396.096475  0.9754298
4396.719282  1.080841
4397.342089  1.104824
4397.964896  1.06448
4398.587703  1.011625
4399.21051  0.9441946
4399.833317  0.8552989
4400.456124  0.7931717
4401.078931  0.8522321
4401.701738  0.9995019
4402.324545  1.098313
4402.947352  1.026997
4403.570159  0.8091896
4404.192966  0.6006078
4404.815773  0.5540794
4405.43858  0.6798259
4406.061387  0.839872
4406.684194  0.9011073
4407.307001  0.8407351
4407.929808  0.7580966
4408.552615  0.7609347
4409.175422  0.8715039
4409.798229  0.9948221
4410.421036  1.061792
4411.043843  1.074667
4411.66665  1.086389
4412.289457  1.126124
4412.912264  1.144724
4413.535071  1.065343
4414.157878  0.8801011
4414.780685  0.7377188
4415.403492  0.7492884
4416.026299  0.8587642
4416.649106  0.94262
4417.271913  0.9722568
4417.89472  1.004725
4418.517527  1.061198
4419.140334  1.112267
4419.763141  1.123485
4420.385948  1.092455
4421.008755  1.027686
4421.631562  0.9435304
4422.254369  0.8706528
4422.877176  0.872546
4423.499983  0.9416912
4424.12279  1.011455
4424.745597  1.021228
4425.368404  1.0058
4425.991211  0.9963632
4426.614018  0.9852067
4427.236825  0.9849924
4427.859632  1.024036
4428.482439  1.071018
4429.105246  1.005363
4429.728053  0.884388
4430.35086  0.8394622
4430.973667  0.9282293
4431.596474  1.037188
4432.219281  1.070466
4432.842088  1.020527
4433.464895  0.9449309
4434.087702  0.8646973
4434.710509  0.7990064
4435.333316  0.7906889
4435.956123  0.8678742
4436.57893  0.9805218
4437.201737  1.055245
4437.824544  1.109617
4438.447351  1.160267
4439.070158  1.184152
4439.692965  1.134543
4440.315772  1.042058
4440.938579  0.9546559
4441.561386  0.8986444
4442.184193  0.8680487
4442.807  0.860539
4443.429807  0.8857309
4444.052614  0.9563195
4444.675421  1.06653
4445.298228  1.160897
4445.921035  1.169282
4446.543842  1.096886
4447.166649  1.053248
4447.789456  1.108465
4448.412263  1.165062
4449.03507  1.133504
4449.657877  1.04144
4450.280684  1.009397
4450.903491  1.053137
4451.526298  1.101887
4452.149105  1.095731
4452.771912  1.066378
4453.394719  1.014754
4454.017526  0.9346597
4454.640333  0.850762
4455.26314  0.8401605
4455.885947  0.8960807
4456.508754  0.9458204
4457.131561  0.958801
4457.754368  0.9347505
4458.377175  0.8943874
4458.999982  0.870263
4459.622789  0.8907655
4460.245596  0.8987169
4460.868403  0.8226349
4461.49121  0.7550379
4462.114017  0.7935354
4462.736824  0.9356142
4463.359631  1.058301
4463.982438  1.073005
4464.605245  1.01945
4465.228052  1.008172
4465.850859  1.000761
4466.473666  1.003923
4467.096473  1.033042
4467.71928  1.03192
4468.342087  0.9810562
4468.964894  0.9281514
4469.587701  0.9443114
4470.210508  0.9833602
4470.833315  1.014236
4471.456122  1.041446
4472.078929  1.071065
4472.701736  1.123669
4473.324543  1.181384
4473.94735  1.186759
4474.570157  1.153897
4475.192964  1.130667
4475.815771  1.15632
4476.438578  1.228919
4477.061385  1.282205
4477.684192  1.268972
4478.306999  1.217086
4478.929806  1.114741
4479.552613  1.00388
4480.17542  0.952801
4480.798227  0.936309
4481.421034  0.927394
4482.043841  0.939945
4482.666648  1.024004
4483.289455  1.118862
4483.912262  1.17723
4484.535069  1.211166
4485.157876  1.234841
4485.780683  1.24687
4486.40349  1.231456
4487.026297  1.174837
4487.649104  1.09975
4488.271911  1.026717
4488.894718  0.9620481
4489.517525  0.6654602
4490.140332  0.2038613
4490.763139  0.2187572
4491.385946  0.2323673
4492.008753  0.2414344
4492.63156  0.2370393
4493.254367  0.2148049
4493.877174  0.1922031
4494.499981  0.1840951
4495.122788  0.1900801
4495.745595  0.1948417
4496.368402  0.2062858
4496.991209  0.2197446
4497.614016  0.01967102
4498.236823  0.
4498.85963  0.
4499.482437  0.
4500.105244  0.
4500.728051  0.
4501.350858  0.
4501.973665  0.
4502.596472  0.
4503.219279  0.
4503.842086  0.
4504.464893  0.
4505.0877  0.
4505.710507  0.
4506.333314  0.
4506.956121  0.
4507.578928  0.
4508.201735  0.
4508.824542  0.
