3820.  0.1537497
3820.622807  0.1275038
3821.245614  0.1597116
3821.868421  0.2168153
3822.491228  0.265585
3823.114035  0.2767963
3823.736842  0.2414609
3824.359649  0.1941379
3824.982456  0.1566093
3825.605263  0.1370911
3826.22807  0.140084
3826.850877  0.1590564
3827.473684  0.1798891
3828.096491  0.1912806
3828.719298  0.2012769
3829.342105  0.2121968
3829.964912  0.2240589
3830.587719  0.2420224
3831.210526  0.2382284
3831.833333  0.2034096
3832.45614  0.1664604
3833.078947  0.1533309
3833.701754  0.1567149
3834.324561  0.16156
3834.947368  0.1913919
3835.570175  0.2338154
3836.192982  0.262825
3836.815789  0.2633619
3837.438596  0.2274192
3838.061403  0.1788905
3838.68421  0.1554445
3839.307017  0.1634993
3839.929824  0.1688156
3840.552631  0.1556793
3841.175438  0.1655424
3841.798245  0.2175858
3842.421052  0.282762
3843.043859  0.3115697
3843.666666  0.3149874
3844.289473  0.3112246
3844.91228  0.3056486
3845.535087  0.2854677
3846.157894  0.2708435
3846.780701  0.2753681
3847.403508  0.2881755
3848.026315  0.2931374
3848.649122  0.2769106
3849.271929  0.2401221
3849.894736  0.2036127
3850.517543  0.1962184
3851.14035  0.2276471
3851.763157  0.2746088
3852.385964  0.2951421
3853.008771  0.2761694
3853.631578  0.2412279
3854.254385  0.2297873
3854.877192  0.2412963
3855.499999  0.2483847
3856.122806  0.2289274
3856.745613  0.222418
3857.36842  0.2332931
3857.991227  0.2252127
3858.614034  0.1939915
3859.236841  0.1583605
3859.859648  0.1394033
3860.482455  0.1420943
3861.105262  0.1715285
3861.728069  0.2250653
3862.350876  0.2852616
3862.973683  0.3117218
3863.59649  0.3071753
3864.219297  0.2952449
3864.842104  0.277006
3865.464911  0.2607485
3866.087718  0.2559474
3866.710525  0.2636518
3867.333332  0.2608511
3867.956139  0.2478868
3868.578946  0.2397542
3869.201753  0.2317271
3869.82456  0.2135188
3870.447367  0.1871194
3871.070174  0.1717028
3871.692981  0.1679004
3872.315788  0.173123
3872.938595  0.1909702
3873.561402  0.2361479
3874.184209  0.2972866
3874.807016  0.3458765
3875.429823  0.356856
3876.05263  0.3419288
3876.675437  0.3134131
3877.298244  0.271762
3877.921051  0.2181832
3878.543858  0.1938169
3879.166665  0.2256912
3879.789472  0.2698052
3880.412279  0.2805166
3881.035086  0.2494211
3881.657893  0.2087967
3882.2807  0.1804781
3882.903507  0.2115387
3883.526314  0.3175598
3884.149121  0.4132072
3884.771928  0.4197689
3885.394735  0.336409
3886.017542  0.2493766
3886.640349  0.2230719
3887.263156  0.2661591
3887.885963  0.3288597
3888.50877  0.3293964
3889.131577  0.3100618
3889.754384  0.3291922
3890.377191  0.3667053
3890.999998  0.4094234
3891.622805  0.4519508
3892.245612  0.4871971
3892.868419  0.4849755
3893.491226  0.4690618
3894.114033  0.4602867
3894.73684  0.4239111
3895.359647  0.3727959
3895.982454  0.362988
3896.605261  0.4340081
3897.228068  0.4806312
3897.850875  0.4665714
3898.473682  0.4264831
3899.096489  0.3985023
3899.719296  0.3794494
3900.342103  0.3841389
3900.96491  0.4455451
3901.587717  0.4839673
3902.210524  0.4522429
3902.833331  0.3859222
3903.456138  0.3921283
3904.078945  0.435615
3904.701752  0.432548
3905.324559  0.3591907
3905.947366  0.3037136
3906.570173  0.3136115
3907.19298  0.3626776
3907.815787  0.4080751
3908.438594  0.443433
3909.061401  0.4697787
3909.684208  0.4684886
3910.307015  0.4539072
3910.929822  0.454504
3911.552629  0.484257
3912.175436  0.5088822
3912.798243  0.5060882
3913.42105  0.4805411
3914.043857  0.4587281
3914.666664  0.4634437
3915.289471  0.4732286
3915.912278  0.4436252
3916.535085  0.4184385
3917.157892  0.4252628
3917.780699  0.4481518
3918.403506  0.4386537
3919.026313  0.4137979
3919.64912  0.3851193
3920.271927  0.329538
3920.894734  0.2892326
3921.517541  0.2897841
3922.140348  0.3161887
3922.763155  0.3238559
3923.385962  0.3377161
3924.008769  0.3724012
3924.631576  0.3783335
3925.254383  0.3509254
3925.87719  0.3160416
3926.499997  0.2977343
3927.122804  0.273012
3927.745611  0.2325393
3928.368418  0.1896604
3928.991225  0.1695347
3929.614032  0.154227
3930.236839  0.1318364
3930.859646  0.1123964
3931.482453  0.09887479
3932.10526  0.08512217
3932.728067  0.06723393
3933.350874  0.05558623
3933.973681  0.05246511
3934.596488  0.05740529
3935.219295  0.0705698
3935.842102  0.08951084
3936.464909  0.1129678
3937.087716  0.1395169
3937.710523  0.1646643
3938.33333  0.1914065
3938.956137  0.2233396
3939.578944  0.2569653
3940.201751  0.2757798
3940.824558  0.2774152
3941.447365  0.2760301
3942.070172  0.2884695
3942.692979  0.297466
3943.315786  0.2812191
3943.938593  0.2478466
3944.5614  0.2469297
3945.184207  0.3018625
3945.807014  0.3851845
3946.429821  0.4410996
3947.052628  0.4412012
3947.675435  0.4013236
3948.298242  0.3735463
3948.921049  0.3813223
3949.543856  0.4239857
3950.166663  0.4825972
3950.78947  0.5204092
3951.412277  0.5091215
3952.035084  0.4505483
3952.657891  0.3882
3953.280698  0.3954966
3953.903505  0.4776678
3954.526312  0.5466123
3955.149119  0.5464575
3955.771926  0.4885134
3956.394733  0.4302748
3957.01754  0.4163433
3957.640347  0.4311441
3958.263154  0.4513427
3958.885961  0.4819688
3959.508768  0.4991166
3960.131575  0.4702085
3960.754382  0.3838763
3961.377189  0.2856073
3961.999996  0.2320454
3962.622803  0.2379578
3963.24561  0.2529895
3963.868417  0.2553058
3964.491224  0.2405459
3965.114031  0.2125904
3965.736838  0.1762106
3966.359645  0.139574
3966.982452  0.1088861
3967.605259  0.0835438
3968.228066  0.0655957
3968.850873  0.06020364
3969.47368  0.07225062
3970.096487  0.09847387
3970.719294  0.1301757
3971.342101  0.1595553
3971.964908  0.1871707
3972.587715  0.2169148
3973.210522  0.2454502
3973.833329  0.265368
3974.456136  0.3010666
3975.078943  0.3515321
3975.70175  0.3904335
3976.324557  0.4026255
3976.947364  0.4180659
3977.570171  0.4564914
3978.192978  0.4910199
3978.815785  0.5160559
3979.438592  0.5429195
3980.061399  0.5795143
3980.684206  0.5969366
3981.307013  0.5710883
3981.92982  0.51947
3982.552627  0.5090058
3983.175434  0.5171522
3983.798241  0.5215582
3984.421048  0.536287
3985.043855  0.5748543
3985.666662  0.6060489
3986.289469  0.5972698
3986.912276  0.5748784
3987.535083  0.5973021
3988.15789  0.6569402
3988.780697  0.6685519
3989.403504  0.6172974
3990.026311  0.5660839
3990.649118  0.580744
3991.271925  0.6232134
3991.894732  0.6508391
3992.517539  0.655454
3993.140346  0.6642529
3993.763153  0.6526506
3994.38596  0.6231859
3995.008767  0.6053409
3995.631574  0.6035481
3996.254381  0.5985273
3996.877188  0.5761978
3997.499995  0.5524467
3998.122802  0.5526955
3998.745609  0.5974228
3999.368416  0.6788676
3999.991223  0.7271847
4000.61403  0.716259
4001.236837  0.6799979
4001.859644  0.684659
4002.482451  0.724408
4003.105258  0.7646757
4003.728065  0.7695711
4004.350872  0.6934012
4004.973679  0.566822
4005.596486  0.4769892
4006.219293  0.501043
4006.8421  0.5773904
4007.464907  0.6401172
4008.087714  0.6930121
4008.710521  0.7062815
4009.333328  0.6958734
4009.956135  0.7002242
4010.578942  0.7145051
4011.201749  0.7137041
4011.824556  0.6960824
4012.447363  0.6998357
4013.07017  0.7126547
4013.692977  0.7113038
4014.315784  0.6960726
4014.938591  0.7190356
4015.561398  0.7638679
4016.184205  0.7774071
4016.807012  0.729678
4017.429819  0.6669028
4018.052626  0.6524517
4018.675433  0.705351
4019.29824  0.7494804
4019.921047  0.743624
4020.543854  0.7063605
4021.166661  0.6924098
4021.789468  0.6934304
4022.412275  0.6995155
4023.035082  0.7208064
4023.657889  0.7115751
4024.280696  0.6709718
4024.903503  0.6444975
4025.52631  0.6770533
4026.149117  0.7288445
4026.771924  0.7577664
4027.394731  0.7761306
4028.017538  0.8049672
4028.640345  0.8383092
4029.263152  0.8356936
4029.885959  0.7440757
4030.508766  0.6233444
4031.131573  0.564446
4031.75438  0.5892197
4032.377187  0.6020939
4032.999994  0.579578
4033.622801  0.5815315
4034.245608  0.6000637
4034.868415  0.6234648
4035.491222  0.6532176
4036.114029  0.7031215
4036.736836  0.7620845
4037.359643  0.8088536
4037.98245  0.8277656
4038.605257  0.8233363
4039.228064  0.8007021
4039.850871  0.7614388
4040.473678  0.7087826
4041.096485  0.6909327
4041.719292  0.7317954
4042.342099  0.791851
4042.964906  0.7986463
4043.587713  0.7355068
4044.21052  0.6321991
4044.833327  0.5087
4045.456134  0.398435
4046.078941  0.3698434
4046.701748  0.4917426
4047.324555  0.6502664
4047.947362  0.7441591
4048.570169  0.7573437
4049.192976  0.7374965
4049.815783  0.7370552
4050.43859  0.768391
4051.061397  0.7880073
4051.684204  0.7693909
4052.307011  0.7280615
4052.929818  0.7021124
4053.552625  0.6968995
4054.175432  0.6781646
4054.798239  0.637136
4055.421046  0.6397945
4056.043853  0.6745625
4056.66666  0.6861247
4057.289467  0.63529
4057.912274  0.5854532
4058.535081  0.5828364
4059.157888  0.6294215
4059.780695  0.6954556
4060.403502  0.7579624
4061.026309  0.7923629
4061.649116  0.7722071
4062.271923  0.6929991
4062.89473  0.5652493
4063.517537  0.441893
4064.140344  0.4407126
4064.763151  0.5595357
4065.385958  0.689601
4066.008765  0.7014449
4066.631572  0.6444148
4067.254379  0.6119882
4067.877186  0.6530393
4068.499993  0.7285184
4069.1228  0.7961712
4069.745607  0.8229426
4070.368414  0.7862905
4070.991221  0.6715525
4071.614028  0.5550918
4072.236835  0.5575427
4072.859642  0.6701072
4073.482449  0.7807816
4074.105256  0.7973518
4074.728063  0.7571862
4075.35087  0.695513
4075.973677  0.6235143
4076.596484  0.5425444
4077.219291  0.4923126
4077.842098  0.503597
4078.464905  0.570865
4079.087712  0.643002
4079.710519  0.7007391
4080.333326  0.7565694
4080.956133  0.8257973
4081.57894  0.8512056
4082.201747  0.8126773
4082.824554  0.7457856
4083.447361  0.7100003
4084.070168  0.7025052
4084.692975  0.6978362
4085.315782  0.6946208
4085.938589  0.7072602
4086.561396  0.7443321
4087.184203  0.8023047
4087.80701  0.8658487
4088.429817  0.903851
4089.052624  0.8989187
4089.675431  0.8712244
4090.298238  0.8404429
4090.921045  0.8241341
4091.543852  0.8211223
4092.166659  0.7776356
4092.789466  0.7581402
4093.412273  0.8238235
4094.03508  0.87516
4094.657887  0.8446181
4095.280694  0.7497349
4095.903501  0.67496
4096.526308  0.6557758
4097.149115  0.6814703
4097.771922  0.716494
4098.394729  0.7341698
4099.017536  0.7452336
4099.640343  0.7376834
4100.26315  0.6663223
4100.885957  0.5725961
4101.508764  0.5215985
4102.131571  0.5509815
4102.754378  0.6318007
4103.377185  0.6948169
4103.999992  0.7048541
4104.622799  0.7040776
4105.245606  0.7374115
4105.868413  0.7913094
4106.49122  0.8130023
4107.114027  0.8052835
4107.736834  0.7933081
4108.359641  0.7872133
4108.982448  0.7628025
4109.605255  0.7220388
4110.228062  0.691811
4110.850869  0.6959257
4111.473676  0.6961689
4112.096483  0.6988948
4112.71929  0.7316526
4113.342097  0.7815158
4113.964904  0.812012
4114.587711  0.8096727
4115.210518  0.7993345
4115.833325  0.7973436
4116.456132  0.8063098
4117.078939  0.811489
4117.701746  0.7822496
4118.324553  0.7079052
4118.94736  0.6400641
4119.570167  0.6668494
4120.192974  0.7339939
4120.815781  0.7728814
4121.438588  0.7629862
4122.061395  0.7392538
4122.684202  0.7161525
4123.307009  0.7010073
4123.929816  0.7166656
4124.552623  0.7709807
4125.17543  0.8134161
4125.798237  0.7890523
4126.421044  0.767965
4127.043851  0.7481797
4127.666658  0.7126129
4128.289465  0.7062108
4128.912272  0.7026388
4129.535079  0.6876934
4130.157886  0.687795
4130.780693  0.7129412
4131.4035  0.6960474
4132.026307  0.6099432
4132.649114  0.5857161
4133.271921  0.6080437
4133.894728  0.616945
4134.517535  0.6071295
4135.140342  0.6740274
4135.763149  0.7782333
4136.385956  0.8090887
4137.008763  0.7752905
4137.63157  0.7533743
4138.254377  0.7829314
4138.877184  0.8144206
4139.499991  0.8156779
4140.122798  0.8035048
4140.745605  0.803708
4141.368412  0.7707357
4141.991219  0.6814352
4142.614026  0.5593257
4143.236833  0.4674287
4143.85964  0.4630753
4144.482447  0.5475087
4145.105254  0.6606276
4145.728061  0.725983
4146.350868  0.7419753
4146.973675  0.7456275
4147.596482  0.7542613
4148.219289  0.759159
4148.842096  0.7345505
4149.464903  0.6727574
4150.08771  0.6474438
4150.710517  0.6709223
4151.333324  0.69664
4151.956131  0.6838963
4152.578938  0.6807577
4153.201745  0.6981316
4153.824552  0.6764793
4154.447359  0.665253
4155.070166  0.680747
4155.692973  0.6872665
4156.31578  0.6513315
4156.938587  0.6435136
4157.561394  0.698973
4158.184201  0.7462698
4158.807008  0.7806474
4159.429815  0.7994159
4160.052622  0.7897767
4160.675429  0.7539981
4161.298236  0.7378954
4161.921043  0.7744445
4162.54385  0.8327694
4163.166657  0.8382986
4163.789464  0.7852928
4164.412271  0.7392947
4165.035078  0.7291718
4165.657885  0.7502072
4166.280692  0.7581356
4166.903499  0.6942356
4167.526306  0.6501614
4168.149113  0.6817389
4168.77192  0.7378666
4169.394727  0.7679219
4170.017534  0.7835703
4170.640341  0.7974766
4171.263148  0.7462383
4171.885955  0.6419296
4172.508762  0.5529609
4173.131569  0.5452136
4173.754376  0.5907903
4174.377183  0.6439617
4174.99999  0.6791126
4175.622797  0.7029765
4176.245604  0.7093397
4176.868411  0.6864834
4177.491218  0.6378871
4178.114025  0.6239803
4178.736832  0.6572756
4179.359639  0.6960053
4179.982446  0.7175027
4180.605253  0.7133153
4181.22806  0.6907948
4181.850867  0.668532
4182.473674  0.6733549
4183.096481  0.7012153
4183.719288  0.7260166
4184.342095  0.7687109
4184.964902  0.822513
4185.587709  0.8445092
4186.210516  0.782446
4186.833323  0.6837192
4187.45613  0.634846
4188.078937  0.6818695
4188.701744  0.7484079
4189.324551  0.7820559
4189.947358  0.7743076
4190.570165  0.7344477
4191.192972  0.6966428
4191.815779  0.7013781
4192.438586  0.7675942
4193.061393  0.8282095
4193.6842  0.8366761
4194.307007  0.7935972
4194.929814  0.7195142
4195.552621  0.6484732
4196.175428  0.6116515
4196.798235  0.6175374
4197.421042  0.6326894
4198.043849  0.6308805
4198.666656  0.6229699
4199.289463  0.6677191
4199.91227  0.718911
4200.535077  0.7142717
4201.157884  0.6706535
4201.780691  0.6226867
4202.403498  0.6209717
4203.026305  0.6858873
4203.649112  0.7282676
4204.271919  0.7175562
4204.894726  0.6953795
4205.517533  0.7310423
4206.14034  0.7820063
4206.763147  0.8109805
4207.385954  0.8392134
4208.008761  0.869815
4208.631568  0.8694184
4209.254375  0.8183482
4209.877182  0.7666569
4210.499989  0.7571725
4211.122796  0.7864133
4211.745603  0.8113275
4212.36841  0.8167932
4212.991217  0.80124
4213.614024  0.7693713
4214.236831  0.7252849
4214.859638  0.6396864
4215.482445  0.5532964
4216.105252  0.5975441
4216.728059  0.7342424
4217.350866  0.8582546
4217.973673  0.8993027
4218.59648  0.9030237
4219.219287  0.9002745
4219.842094  0.9087241
4220.464901  0.9459938
4221.087708  0.9717645
4221.710515  0.9460164
4222.333322  0.8711981
4222.956129  0.79883
4223.578936  0.7516978
4224.201743  0.715609
4224.82455  0.6584457
4225.447357  0.5506896
4226.070164  0.4093453
4226.692971  0.3141465
4227.315778  0.3847084
4227.938585  0.5959888
4228.561392  0.8036537
4229.184199  0.8690935
4229.807006  0.8595051
4230.429813  0.8760954
4231.05262  0.9205092
4231.675427  0.9219322
4232.298234  0.8556708
4232.921041  0.7716858
4233.543848  0.7585878
4234.166655  0.8115507
4234.789462  0.8450657
4235.412269  0.7736986
4236.035076  0.6929346
4236.657883  0.6839058
4237.28069  0.7376611
4237.903497  0.7748793
4238.526304  0.7781047
4239.149111  0.7677317
4239.771918  0.7570726
4240.394725  0.7945836
4241.017532  0.8666159
4241.640339  0.8954497
4242.263146  0.8456749
4242.885953  0.7947863
4243.50876  0.8276826
4244.131567  0.915783
4244.754374  0.9636046
4245.377181  0.9402355
4245.999988  0.8984648
4246.622795  0.8365601
4247.245602  0.7735109
4247.868409  0.7401404
4248.491216  0.7423832
4249.114023  0.7435742
4249.73683  0.7156853
4250.359637  0.6790491
4250.982444  0.711853
4251.605251  0.7968467
4252.228058  0.8526691
4252.850865  0.8595416
4253.473672  0.807904
4254.096479  0.7281468
4254.719286  0.6947075
4255.342093  0.7086909
4255.9649  0.7742898
4256.587707  0.8839647
4257.210514  0.9406539
4257.833321  0.8849431
4258.456128  0.7671849
4259.078935  0.7243651
4259.701742  0.6819813
4260.324549  0.6200449
4260.947356  0.6221532
4261.570163  0.6971558
4262.19297  0.8095714
4262.815777  0.9034134
4263.438584  0.9299591
4264.061391  0.9126952
4264.684198  0.904595
4265.307005  0.9391788
4265.929812  0.9713695
4266.552619  0.9490757
4267.175426  0.8739623
4267.798233  0.8185375
4268.42104  0.8108791
4269.043847  0.8223552
4269.666654  0.7979912
4270.289461  0.7270121
4270.912268  0.6109123
4271.535075  0.5025689
4272.157882  0.5431154
4272.780689  0.6598349
4273.403496  0.7154015
4274.026303  0.6716124
4274.64911  0.627202
4275.271917  0.6616188
4275.894724  0.764434
4276.517531  0.8395191
4277.140338  0.8790845
4277.763145  0.9162962
4278.385952  0.9442939
4279.008759  0.8904225
4279.631566  0.76277
4280.254373  0.6681356
4280.87718  0.7060217
4281.499987  0.7864735
4282.122794  0.8021861
4282.745601  0.8187773
4283.368408  0.8581818
4283.991215  0.869176
4284.614022  0.7899415
4285.236829  0.7062968
4285.859636  0.6771255
4286.482443  0.7060733
4287.10525  0.7628939
4287.728057  0.7967237
4288.350864  0.7652032
4288.973671  0.6660674
4289.596478  0.5897593
4290.219285  0.585913
4290.842092  0.6352865
4291.464899  0.6873807
4292.087706  0.7647087
4292.710513  0.8503737
4293.33332  0.8500957
4293.956127  0.7790062
4294.578934  0.7238725
4295.201741  0.7471406
4295.824548  0.7640159
4296.447355  0.7313243
4297.070162  0.6769146
4297.692969  0.655929
4298.315776  0.6073821
4298.938583  0.5115817
4299.56139  0.4317297
4300.184197  0.4377235
4300.807004  0.5144054
4301.429811  0.5796915
4302.052618  0.5566944
4302.675425  0.5160273
4303.298232  0.5240217
4303.921039  0.5636677
4304.543846  0.5695029
4305.166653  0.5480622
4305.78946  0.544582
4306.412267  0.5607866
4307.035074  0.5231383
4307.657881  0.4342886
4308.280688  0.3997864
4308.903495  0.4223616
4309.526302  0.4637629
4310.149109  0.4934993
4310.771916  0.5199752
4311.394723  0.5444013
4312.01753  0.5774151
4312.640337  0.6359241
4313.263144  0.6932905
4313.885951  0.7126804
4314.508758  0.7133262
4315.131565  0.8316858
4315.754372  1.004669
4316.377179  1.108368
4316.999986  1.124313
4317.622793  1.094355
4318.2456  1.06439
4318.868407  1.054683
4319.491214  1.060254
4320.114021  1.0247
4320.736828  0.9497866
4321.359635  0.953242
4321.982442  0.9660333
4322.605249  0.8954437
4323.228056  0.7463274
4323.850863  0.6516741
4324.47367  0.6007833
4325.096477  0.5342266
4325.719284  0.5183915
4326.342091  0.6166479
4326.964898  0.7966749
4327.587705  0.9425536
4328.210512  1.029647
4328.833319  1.050829
4329.456126  1.008095
4330.078933  0.9362437
4330.70174  0.9125972
4331.324547  0.9590905
4331.947354  1.007828
4332.570161  1.013988
4333.192968  0.993282
4333.815775  0.9934855
4334.438582  1.027442
4335.061389  1.090512
4335.684196  1.126524
4336.307003  1.048321
4336.92981  0.8864802
4337.552617  0.7577987
4338.175424  0.74924
4338.798231  0.75504
4339.421038  0.7055508
4340.043845  0.6282522
4340.666652  0.6301343
4341.289459  0.7485976
4341.912266  0.9068527
4342.535073  0.9755974
4343.15788  0.93344
4343.780687  0.8859683
4344.403494  0.9310324
4345.026301  1.024261
4345.649108  1.055894
4346.271915  1.000619
4346.894722  0.9462535
4347.517529  0.940611
4348.140336  0.9988117
4348.763143  1.091375
4349.38595  1.137097
4350.008757  1.066321
4350.631564  0.8957871
4351.254371  0.7330038
4351.877178  0.6643451
4352.499985  0.7249449
4353.122792  0.8647858
4353.745599  0.9418536
4354.368406  0.9350909
4354.991213  0.9050587
4355.61402  0.9131896
4356.236827  0.9697118
4356.859634  1.032718
4357.482441  1.038757
4358.105248  0.9558524
4358.728055  0.8632119
4359.350862  0.8446469
4359.973669  0.8912598
4360.596476  0.9817344
4361.219283  1.06284
4361.84209  1.075007
4362.464897  1.017818
4363.087704  0.9698022
4363.710511  1.001377
4364.333318  1.086806
4364.956125  1.142321
4365.578932  1.117957
4366.201739  1.033156
4366.824546  0.9300634
4367.447353  0.8713061
4368.07016  0.8924106
4368.692967  0.9546435
4369.315774  0.9817093
4369.938581  0.9570488
4370.561388  0.9407303
4371.184195  0.9513989
4371.807002  0.9708359
4372.429809  0.9608161
4373.052616  0.896428
4373.675423  0.8161011
4374.29823  0.7595471
4374.921037  0.7357722
4375.543844  0.7783502
4376.166651  0.8689475
4376.789458  0.9558507
4377.412265  1.012802
4378.035072  1.033066
4378.657879  1.020907
4379.280686  0.9846156
4379.903493  0.9538275
4380.5263  0.9591799
4381.149107  0.9861273
4381.771914  0.9322544
4382.394721  0.7543882
4383.017528  0.5299404
4383.640335  0.4355316
4384.263142  0.4779782
4384.885949  0.6127646
4385.508756  0.7957352
4386.131563  0.9161775
4386.75437  0.9349981
4387.377177  0.8998152
4387.999984  0.8953168
4388.622791  0.8915543
4389.245598  0.8546485
4389.868405  0.813057
4390.491212  0.8020728
4391.114019  0.834581
4391.736826  0.8974746
4392.359633  0.9557398
4392.98244  0.9652786
4393.605247  0.9211913
4394.228054  0.8704039
4394.850861  0.8345662
4395.473668  0.8627861
4396.096475  0.9752775
4396.719282  1.065428
4397.342089  1.080392
4397.964896  1.039959
4398.587703  0.9985274
4399.21051  0.9370514
4399.833317  0.8516999
4400.456124  0.7917996
4401.078931  0.8491365
4401.701738  0.9898141
4402.324545  1.088291
4402.947352  1.029691
4403.570159  0.8472968
4404.192966  0.6726228
4404.815773  0.6398591
4405.43858  0.7670885
4406.061387  0.9138086
4406.684194  0.9400331
4407.307001  0.8740889
4407.929808  0.7966758
4408.552615  0.7920682
4409.175422  0.8865862
4409.798229  0.9943892
4410.421036  1.05618
4411.043843  1.071376
4411.66665  1.077888
4412.289457  1.108113
4412.912264  1.134612
4413.535071  1.081079
4414.157878  0.929486
4414.780685  0.7950721
4415.403492  0.8030324
4416.026299  0.8874943
4416.649106  0.9454135
4417.271913  0.9511855
4417.89472  0.9864012
4418.517527  1.057925
4419.140334  1.115422
4419.763141  1.111375
4420.385948  1.069428
4421.008755  1.002936
4421.631562  0.9308558
4422.254369  0.8932301
4422.877176  0.9140348
4423.499983  0.9729968
4424.12279  1.022025
4424.745597  1.022981
4425.368404  0.9993981
4425.991211  0.9899248
4426.614018  0.9808366
4427.236825  0.994144
4427.859632  1.038547
4428.482439  1.07423
4429.105246  1.012823
4429.728053  0.907851
4430.35086  0.8800005
4430.973667  0.9554557
4431.596474  1.045431
4432.219281  1.068443
4432.842088  1.02166
4433.464895  0.9509458
4434.087702  0.8797104
4434.710509  0.8170831
4435.333316  0.8088036
4435.956123  0.8754992
4436.57893  0.9804024
4437.201737  1.05161
4437.824544  1.100347
4438.447351  1.140676
4439.070158  1.15616
4439.692965  1.110916
4440.315772  1.03689
4440.938579  0.9761573
4441.561386  0.925006
4442.184193  0.8930947
4442.807  0.883095
4443.429807  0.8961375
4444.052614  0.9567122
4444.675421  1.052902
4445.298228  1.132622
4445.921035  1.129712
4446.543842  1.069805
4447.166649  1.036365
4447.789456  1.085306
4448.412263  1.126588
4449.03507  1.101234
4449.657877  1.030054
4450.280684  1.000177
4450.903491  1.034232
4451.526298  1.082578
4452.149105  1.079109
4452.771912  1.047619
4453.394719  0.9994826
4454.017526  0.9289675
4454.640333  0.8628026
4455.26314  0.8608696
4455.885947  0.9179332
4456.508754  0.9548502
4457.131561  0.9632441
4457.754368  0.9458604
4458.377175  0.9105227
4458.999982  0.8923016
4459.622789  0.908948
4460.245596  0.9200966
4460.868403  0.8530147
4461.49121  0.7983867
4462.114017  0.8401381
4462.736824  0.9610244
4463.359631  1.043669
4463.982438  1.048934
4464.605245  1.019094
4465.228052  1.022601
4465.850859  1.022522
4466.473666  1.017835
4467.096473  1.045698
4467.71928  1.034975
4468.342087  0.9782372
4468.964894  0.9297401
4469.587701  0.9470608
4470.210508  0.9874365
4470.833315  1.015809
4471.456122  1.046611
4472.078929  1.068693
4472.701736  1.103054
4473.324543  1.158113
4473.94735  1.17498
4474.570157  1.150278
4475.192964  1.124802
4475.815771  1.143863
4476.438578  1.197072
4477.061385  1.239045
4477.684192  1.230541
4478.306999  1.184262
4478.929806  1.099094
4479.552613  1.003975
4480.17542  0.9623644
4480.798227  0.9483093
4481.421034  0.9410864
4482.043841  0.9580793
4482.666648  1.033066
4483.289455  1.114699
4483.912262  1.155532
4484.535069  1.185496
4485.157876  1.19947
4485.780683  1.200838
4486.40349  1.201007
4487.026297  1.163327
4487.649104  1.089447
4488.271911  1.021748
4488.894718  0.3093051
4489.517525  0.
4490.140332  0.
4490.763139  0.
4491.385946  0.
4492.008753  0.
4492.63156  0.
4493.254367  0.
4493.877174  0.
4494.499981  0.
4495.122788  0.
4495.745595  0.
4496.368402  0.
4496.991209  0.
4497.614016  0.
4498.236823  0.
4498.85963  0.
4499.482437  0.
4500.105244  0.
4500.728051  0.
4501.350858  0.
4501.973665  0.
4502.596472  0.
4503.219279  0.
4503.842086  0.
4504.464893  0.
4505.0877  0.
4505.710507  0.
4506.333314  0.
4506.956121  0.
4507.578928  0.
4508.201735  0.
4508.824542  0.
