3820.  0.6960304
3820.622807  0.7071998
3821.245614  0.7130775
3821.868421  0.7138648
3822.491228  0.6920086
3823.114035  0.6547216
3823.736842  0.6089154
3824.359649  0.5742702
3824.982456  0.578626
3825.605263  0.581292
3826.22807  0.5680794
3826.850877  0.5758068
3827.473684  0.5856153
3828.096491  0.5987857
3828.719298  0.638368
3829.342105  0.6393671
3829.964912  0.5929647
3830.587719  0.5449385
3831.210526  0.5289157
3831.833333  0.5101851
3832.45614  0.4712391
3833.078947  0.4658889
3833.701754  0.4865547
3834.324561  0.5119402
3834.947368  0.5472076
3835.570175  0.5582464
3836.192982  0.5303956
3836.815789  0.4922739
3837.438596  0.4908838
3838.061403  0.5153246
3838.68421  0.5148121
3839.307017  0.5365091
3839.929824  0.5849699
3840.552631  0.6567996
3841.175438  0.7179299
3841.798245  0.770431
3842.421052  0.8173123
3843.043859  0.8389309
3843.666666  0.8442085
3844.289473  0.8342707
3844.91228  0.8250194
3845.535087  0.8242275
3846.157894  0.8437485
3846.780701  0.8744203
3847.403508  0.8856241
3848.026315  0.8629977
3848.649122  0.8126612
3849.271929  0.7791601
3849.894736  0.7826017
3850.517543  0.8157992
3851.14035  0.848898
3851.763157  0.8706677
3852.385964  0.885002
3853.008771  0.8861876
3853.631578  0.8814884
3854.254385  0.8579412
3854.877192  0.7916287
3855.499999  0.7412523
3856.122806  0.7372837
3856.745613  0.7640578
3857.36842  0.7706494
3857.991227  0.7096986
3858.614034  0.6014324
3859.236841  0.5438798
3859.859648  0.5810519
3860.482455  0.6909195
3861.105262  0.8032399
3861.728069  0.8822091
3862.350876  0.9102523
3862.973683  0.9081479
3863.59649  0.8874232
3864.219297  0.8543801
3864.842104  0.8221372
3865.464911  0.8248502
3866.087718  0.8524465
3866.710525  0.8753191
3867.333332  0.8941079
3867.956139  0.9023659
3868.578946  0.9023607
3869.201753  0.9007213
3869.82456  0.8930181
3870.447367  0.8583761
3871.070174  0.7773819
3871.692981  0.6955765
3872.315788  0.6586567
3872.938595  0.6849532
3873.561402  0.7481609
3874.184209  0.8111767
3874.807016  0.8484837
3875.429823  0.8567161
3876.05263  0.8508212
3876.675437  0.8126111
3877.298244  0.7087573
3877.921051  0.6282289
3878.543858  0.6474229
3879.166665  0.7567643
3879.789472  0.8537478
3880.412279  0.8892058
3881.035086  0.8791046
3881.657893  0.8584923
3882.2807  0.8478172
3882.903507  0.8470033
3883.526314  0.8376412
3884.149121  0.8138378
3884.771928  0.7554704
3885.394735  0.6530871
3886.017542  0.564189
3886.640349  0.5494155
3887.263156  0.5857903
3887.885963  0.5689875
3888.50877  0.5168287
3889.131577  0.517176
3889.754384  0.6018074
3890.377191  0.6997604
3890.999998  0.7663728
3891.622805  0.8001992
3892.245612  0.7971886
3892.868419  0.7772509
3893.491226  0.7695599
3894.114033  0.7621773
3894.73684  0.7322927
3895.359647  0.7100003
3895.982454  0.7521735
3896.605261  0.8098521
3897.228068  0.8211924
3897.850875  0.7925265
3898.473682  0.7635084
3899.096489  0.7437014
3899.719296  0.7323165
3900.342103  0.7571322
3900.96491  0.79965
3901.587717  0.8035237
3902.210524  0.7553698
3902.833331  0.7256025
3903.456138  0.7540978
3904.078945  0.7868206
3904.701752  0.7413287
3905.324559  0.6528119
3905.947366  0.6293045
3906.570173  0.7015188
3907.19298  0.7951026
3907.815787  0.8460309
3908.438594  0.8666732
3909.061401  0.8652192
3909.684208  0.8432113
3910.307015  0.8219834
3910.929822  0.8404388
3911.552629  0.8852128
3912.175436  0.9048031
3912.798243  0.881109
3913.42105  0.8392527
3914.043857  0.822785
3914.666664  0.843409
3915.289471  0.8501304
3915.912278  0.8332523
3916.535085  0.8258225
3917.157892  0.8257756
3917.780699  0.819904
3918.403506  0.8037776
3919.026313  0.7809988
3919.64912  0.7495136
3920.271927  0.7171164
3920.894734  0.7080572
3921.517541  0.7275527
3922.140348  0.7338575
3922.763155  0.716256
3923.385962  0.7324658
3924.008769  0.771854
3924.631576  0.782688
3925.254383  0.7572983
3925.87719  0.7280845
3926.499997  0.705215
3927.122804  0.6523981
3927.745611  0.5641449
3928.368418  0.4946885
3928.991225  0.4709247
3929.614032  0.436868
3930.236839  0.3718168
3930.859646  0.3027023
3931.482453  0.2487392
3932.10526  0.2004767
3932.728067  0.1550741
3933.350874  0.1273085
3933.973681  0.1213649
3934.596488  0.1385146
3935.219295  0.1776214
3935.842102  0.2336335
3936.464909  0.305641
3937.087716  0.3782733
3937.710523  0.4440131
3938.33333  0.510977
3938.956137  0.5806251
3939.578944  0.6401202
3940.201751  0.6739458
3940.824558  0.6872368
3941.447365  0.7013962
3942.070172  0.7275377
3942.692979  0.735065
3943.315786  0.7091391
3943.938593  0.67941
3944.5614  0.6976207
3945.184207  0.7631868
3945.807014  0.8262247
3946.429821  0.8462929
3947.052628  0.825369
3947.675435  0.7933958
3948.298242  0.7810459
3948.921049  0.7977215
3949.543856  0.8268786
3950.166663  0.8483088
3950.78947  0.8629546
3951.412277  0.8616121
3952.035084  0.8317081
3952.657891  0.7933966
3953.280698  0.7958109
3953.903505  0.8454126
3954.526312  0.8929388
3955.149119  0.8851341
3955.771926  0.8299357
3956.394733  0.7801899
3957.01754  0.7735882
3957.640347  0.8024952
3958.263154  0.836952
3958.885961  0.8621422
3959.508768  0.8720074
3960.131575  0.8426767
3960.754382  0.7688084
3961.377189  0.6876863
3961.999996  0.6502776
3962.622803  0.6532508
3963.24561  0.6582193
3963.868417  0.644503
3964.491224  0.6110387
3965.114031  0.5564501
3965.736838  0.4720231
3966.359645  0.3742434
3966.982452  0.2787068
3967.605259  0.1937552
3968.228066  0.1452302
3968.850873  0.1408121
3969.47368  0.1713234
3970.096487  0.2281253
3970.719294  0.3079656
3971.342101  0.4017829
3971.964908  0.4895627
3972.587715  0.5603245
3973.210522  0.6124336
3973.833329  0.6540546
3974.456136  0.7026063
3975.078943  0.7554377
3975.70175  0.7923616
3976.324557  0.805654
3976.947364  0.8121176
3977.570171  0.8269793
3978.192978  0.8494422
3978.815785  0.8783772
3979.438592  0.9047787
3980.061399  0.920339
3980.684206  0.9202645
3981.307013  0.9017729
3981.92982  0.8807788
3982.552627  0.8708839
3983.175434  0.8738966
3983.798241  0.8823766
3984.421048  0.8974468
3985.043855  0.9171836
3985.666662  0.9141662
3986.289469  0.8890103
3986.912276  0.8789708
3987.535083  0.9064736
3988.15789  0.9419793
3988.780697  0.9494529
3989.403504  0.9294737
3990.026311  0.9159155
3990.649118  0.9265316
3991.271925  0.9443673
3991.894732  0.9588914
3992.517539  0.9674845
3993.140346  0.9687937
3993.763153  0.9567593
3994.38596  0.9294856
3995.008767  0.9078454
3995.631574  0.9120648
3996.254381  0.9225442
3996.877188  0.9075887
3997.499995  0.8744058
3998.122802  0.8656195
3998.745609  0.8954298
3999.368416  0.9365313
3999.991223  0.953654
4000.61403  0.9449444
4001.236837  0.9374702
4001.859644  0.948741
4002.482451  0.9720641
4003.105258  0.9862416
4003.728065  0.9694214
4004.350872  0.9151807
4004.973679  0.8538202
4005.596486  0.8325068
4006.219293  0.8602582
4006.8421  0.8922504
4007.464907  0.9266999
4008.087714  0.9600441
4008.710521  0.966876
4009.333328  0.9552273
4009.956135  0.9535429
4010.578942  0.9718522
4011.201749  0.9815176
4011.824556  0.9747057
4012.447363  0.9637915
4013.07017  0.9611374
4013.692977  0.9550607
4014.315784  0.94966
4014.938591  0.9590278
4015.561398  0.9718142
4016.184205  0.9675635
4016.807012  0.947059
4017.429819  0.933101
4018.052626  0.9436359
4018.675433  0.9679443
4019.29824  0.9783735
4019.921047  0.9760502
4020.543854  0.9687696
4021.166661  0.9614784
4021.789468  0.9633638
4022.412275  0.9739899
4023.035082  0.9802304
4023.657889  0.9687811
4024.280696  0.9445327
4024.903503  0.9335678
4025.52631  0.9507803
4026.149117  0.9768547
4026.771924  0.9915667
4027.394731  0.9928221
4028.017538  0.9913988
4028.640345  0.9881131
4029.263152  0.9636008
4029.885959  0.9137844
4030.508766  0.8726397
4031.131573  0.8769718
4031.75438  0.9036238
4032.377187  0.8968502
4032.999994  0.8863202
4033.622801  0.8852414
4034.245608  0.8875703
4034.868415  0.9097691
4035.491222  0.9434378
4036.114029  0.9719599
4036.736836  0.9913724
4037.359643  1.005238
4037.98245  1.011332
4038.605257  1.006041
4039.228064  0.9976382
4039.850871  0.9801888
4040.473678  0.9560714
4041.096485  0.9454843
4041.719292  0.962142
4042.342099  0.9867728
4042.964906  0.9825567
4043.587713  0.9602332
4044.21052  0.8967215
4044.833327  0.7857969
4045.456134  0.6879901
4046.078941  0.6991367
4046.701748  0.8128611
4047.324555  0.9182926
4047.947362  0.9652362
4048.570169  0.9680404
4049.192976  0.9656481
4049.815783  0.977498
4050.43859  0.9908774
4051.061397  0.9922202
4051.684204  0.9832198
4052.307011  0.9726118
4052.929818  0.9667094
4053.552625  0.9633151
4054.175432  0.952809
4054.798239  0.9406577
4055.421046  0.942046
4056.043853  0.9640996
4056.66666  0.9583446
4057.289467  0.9293938
4057.912274  0.9203276
4058.535081  0.9295183
4059.157888  0.9507758
4059.780695  0.9752151
4060.403502  0.9900461
4061.026309  0.9936126
4061.649116  0.9730111
4062.271923  0.9088802
4062.89473  0.8025034
4063.517537  0.7476541
4064.140344  0.805666
4064.763151  0.8987578
4065.385958  0.9468468
4066.008765  0.931752
4066.631572  0.9004691
4067.254379  0.8936289
4067.877186  0.921526
4068.499993  0.9644561
4069.1228  0.9901773
4069.745607  0.9838938
4070.368414  0.93331
4070.991221  0.839214
4071.614028  0.7938177
4072.236835  0.8348722
4072.859642  0.9174491
4073.482449  0.9606499
4074.105256  0.9633966
4074.728063  0.9568242
4075.35087  0.9524564
4075.973677  0.937739
4076.596484  0.9048736
4077.219291  0.8685873
4077.842098  0.8715878
4078.464905  0.9027377
4079.087712  0.9296895
4079.710519  0.9473467
4080.333326  0.9655756
4080.956133  0.984206
4081.57894  0.9902685
4082.201747  0.9835941
4082.824554  0.9674155
4083.447361  0.9440162
4084.070168  0.9119694
4084.692975  0.8998017
4085.315782  0.9216525
4085.938589  0.9574921
4086.561396  0.9850488
4087.184203  0.99969
4087.80701  1.007864
4088.429817  1.005806
4089.052624  1.002247
4089.675431  1.002686
4090.298238  1.000116
4090.921045  0.9928939
4091.543852  0.9808698
4092.166659  0.9675577
4092.789466  0.9692156
4093.412273  0.9796424
4094.03508  0.9811697
4094.657887  0.9645081
4095.280694  0.9403328
4095.903501  0.9261114
4096.526308  0.9305379
4097.149115  0.9271967
4097.771922  0.9137837
4098.394729  0.9036922
4099.017536  0.8936414
4099.640343  0.8598677
4100.26315  0.7795517
4100.885957  0.6608737
4101.508764  0.5882602
4102.131571  0.6120546
4102.754378  0.7119803
4103.377185  0.8068504
4103.999992  0.8667395
4104.622799  0.9000924
4105.245606  0.9224405
4105.868413  0.9367618
4106.49122  0.9388748
4107.114027  0.9311613
4107.736834  0.9385357
4108.359641  0.9519487
4108.982448  0.9523562
4109.605255  0.9460976
4110.228062  0.9492647
4110.850869  0.9615459
4111.473676  0.9662049
4112.096483  0.9709524
4112.71929  0.9809795
4113.342097  0.9908852
4113.964904  0.9847617
4114.587711  0.9776849
4115.210518  0.9847782
4115.833325  0.9999411
4116.456132  1.013619
4117.078939  1.006533
4117.701746  0.9686872
4118.324553  0.9288396
4118.94736  0.9232891
4119.570167  0.9525036
4120.192974  0.9673043
4120.815781  0.9607602
4121.438588  0.9503638
4122.061395  0.9555774
4122.684202  0.9680642
4123.307009  0.9833673
4123.929816  0.9981611
4124.552623  1.004543
4125.17543  0.9965526
4125.798237  0.980818
4126.421044  0.9726757
4127.043851  0.9628677
4127.666658  0.9586267
4128.289465  0.9719703
4128.912272  0.9824677
4129.535079  0.9909009
4130.157886  0.9949627
4130.780693  0.9739894
4131.4035  0.9172933
4132.026307  0.8702165
4132.649114  0.8870376
4133.271921  0.9126906
4133.894728  0.9191103
4134.517535  0.9209182
4135.140342  0.9554666
4135.763149  0.9853209
4136.385956  0.9857314
4137.008763  0.9800773
4137.63157  0.9880583
4138.254377  1.003945
4138.877184  1.009022
4139.499991  1.002072
4140.122798  1.000321
4140.745605  1.005405
4141.368412  0.9950308
4141.991219  0.9659934
4142.614026  0.9069864
4143.236833  0.8293552
4143.85964  0.8211847
4144.482447  0.8844485
4145.105254  0.9618242
4145.728061  0.9943897
4146.350868  0.9934764
4146.973675  0.9843317
4147.596482  0.9773982
4148.219289  0.9774725
4148.842096  0.9699075
4149.464903  0.954071
4150.08771  0.9692959
4150.710517  0.992712
4151.333324  0.9968066
4151.956131  0.9839774
4152.578938  0.975669
4153.201745  0.9563763
4153.824552  0.9120479
4154.447359  0.8997628
4155.070166  0.9314209
4155.692973  0.9698132
4156.31578  0.9627526
4156.938587  0.9516331
4157.561394  0.9589388
4158.184201  0.9678714
4158.807008  0.9780647
4159.429815  0.9914975
4160.052622  1.004768
4160.675429  1.007208
4161.298236  1.004992
4161.921043  1.007141
4162.54385  1.012727
4163.166657  1.007531
4163.789464  0.9989083
4164.412271  1.001264
4165.035078  1.009026
4165.657885  1.010895
4166.280692  0.99469
4166.903499  0.9582036
4167.526306  0.9487864
4168.149113  0.972697
4168.77192  0.9958
4169.394727  1.004358
4170.017534  0.9994819
4170.640341  0.9841635
4171.263148  0.9525793
4171.885955  0.9166785
4172.508762  0.8960854
4173.131569  0.9023514
4173.754376  0.9236633
4174.377183  0.9364327
4174.99999  0.9331739
4175.622797  0.9396756
4176.245604  0.9510383
4176.868411  0.953958
4177.491218  0.9486143
4178.114025  0.9552125
4178.736832  0.9773936
4179.359639  1.000582
4179.982446  1.009822
4180.605253  0.9894173
4181.22806  0.9487499
4181.850867  0.9311298
4182.473674  0.9452221
4183.096481  0.9673965
4183.719288  0.970133
4184.342095  0.9738667
4184.964902  0.9841098
4185.587709  0.9815709
4186.210516  0.9386598
4186.833323  0.8814909
4187.45613  0.8558567
4188.078937  0.8864437
4188.701744  0.9344893
4189.324551  0.9771801
4189.947358  1.003119
4190.570165  0.9808769
4191.192972  0.9404277
4191.815779  0.9307293
4192.438586  0.9696263
4193.061393  1.011486
4193.6842  1.018662
4194.307007  0.9892872
4194.929814  0.9516276
4195.552621  0.9403341
4196.175428  0.9631107
4196.798235  0.9832813
4197.421042  0.9436128
4198.043849  0.8650232
4198.666656  0.8407995
4199.289463  0.886425
4199.91227  0.9445286
4200.535077  0.9501299
4201.157884  0.9127638
4201.780691  0.8836312
4202.403498  0.8988888
4203.026305  0.9433908
4203.649112  0.964589
4204.271919  0.9594762
4204.894726  0.9615854
4205.517533  0.9664143
4206.14034  0.9586831
4206.763147  0.9460192
4207.385954  0.9653623
4208.008761  0.9904992
4208.631568  0.995663
4209.254375  0.9804924
4209.877182  0.9516281
4210.499989  0.9396228
4211.122796  0.960921
4211.745603  0.9809721
4212.36841  0.9843526
4212.991217  0.979323
4213.614024  0.98428
4214.236831  0.9843541
4214.859638  0.9581865
4215.482445  0.9098986
4216.105252  0.8965082
4216.728059  0.9163051
4217.350866  0.9389806
4217.973673  0.947051
4218.59648  0.9461548
4219.219287  0.9532849
4219.842094  0.9780266
4220.464901  0.9968147
4221.087708  0.9903334
4221.710515  0.9638812
4222.333322  0.9484193
4222.956129  0.9401408
4223.578936  0.9278874
4224.201743  0.9083254
4224.82455  0.8841071
4225.447357  0.8105094
4226.070164  0.6720931
4226.692971  0.5777643
4227.315778  0.6349952
4227.938585  0.8151278
4228.561392  0.942977
4229.184199  0.9740418
4229.807006  0.9548815
4230.429813  0.9523817
4231.05262  0.9640626
4231.675427  0.9721326
4232.298234  0.9577416
4232.921041  0.916617
4233.543848  0.9122757
4234.166655  0.9502885
4234.789462  0.9642053
4235.412269  0.9141597
4236.035076  0.8579033
4236.657883  0.8636011
4237.28069  0.9020816
4237.903497  0.9328713
4238.526304  0.938292
4239.149111  0.934256
4239.771918  0.9400945
4240.394725  0.9633959
4241.017532  0.987874
4241.640339  0.9720886
4242.263146  0.9306161
4242.885953  0.9066942
4243.50876  0.9301699
4244.131567  0.9656174
4244.754374  0.9830511
4245.377181  0.9796001
4245.999988  0.9576484
4246.622795  0.9233943
4247.245602  0.8923562
4247.868409  0.8865699
4248.491216  0.8899029
4249.114023  0.8736984
4249.73683  0.8315696
4250.359637  0.8173593
4250.982444  0.8629365
4251.605251  0.9445774
4252.228058  0.9879206
4252.850865  0.9741417
4253.473672  0.92063
4254.096479  0.8611724
4254.719286  0.8452742
4255.342093  0.8808587
4255.9649  0.9393847
4256.587707  0.9904649
4257.210514  1.004496
4257.833321  0.9805606
4258.456128  0.9503906
4259.078935  0.9180633
4259.701742  0.8738925
4260.324549  0.8229824
4260.947356  0.826349
4261.570163  0.8790148
4262.19297  0.9376635
4262.815777  0.9763985
4263.438584  0.9792825
4264.061391  0.9629321
4264.684198  0.9638989
4265.307005  0.9833198
4265.929812  0.9923705
4266.552619  0.9652196
4267.175426  0.9203473
4267.798233  0.9042807
4268.42104  0.9274879
4269.043847  0.945025
4269.666654  0.9390772
4270.289461  0.8860843
4270.912268  0.7887442
4271.535075  0.7270691
4272.157882  0.7670856
4272.780689  0.8699798
4273.403496  0.8863211
4274.026303  0.8425174
4274.64911  0.8142993
4275.271917  0.8449301
4275.894724  0.9096589
4276.517531  0.9608042
4277.140338  0.9770855
4277.763145  0.9897938
4278.385952  0.9829924
4279.008759  0.9425637
4279.631566  0.8881501
4280.254373  0.8698939
4280.87718  0.8916438
4281.499987  0.9134407
4282.122794  0.8975882
4282.745601  0.8940175
4283.368408  0.9284485
4283.991215  0.9480804
4284.614022  0.9250932
4285.236829  0.8768964
4285.859636  0.8473626
4286.482443  0.8631483
4287.10525  0.9047109
4287.728057  0.9282453
4288.350864  0.8994504
4288.973671  0.832567
4289.596478  0.7823915
4290.219285  0.7891285
4290.842092  0.8101147
4291.464899  0.8400313
4292.087706  0.8827391
4292.710513  0.9091024
4293.33332  0.9014304
4293.956127  0.8713431
4294.578934  0.8570907
4295.201741  0.8808399
4295.824548  0.8970889
4296.447355  0.8639807
4297.070162  0.8241307
4297.692969  0.7990413
4298.315776  0.7707633
4298.938583  0.7099387
4299.56139  0.6773273
4300.184197  0.6946865
4300.807004  0.729643
4301.429811  0.7457869
4302.052618  0.7290359
4302.675425  0.7080714
4303.298232  0.7248825
4303.921039  0.7510144
4304.543846  0.7640939
4305.166653  0.7681373
4305.78946  0.7744132
4306.412267  0.7595518
4307.035074  0.6999385
4307.657881  0.6197178
4308.280688  0.602771
4308.903495  0.6545916
4309.526302  0.6960372
4310.149109  0.7138301
4310.771916  0.7149729
4311.394723  0.7149029
4312.01753  0.7293396
4312.640337  0.7706201
4313.263144  0.8237602
4313.885951  0.8543977
4314.508758  0.8648866
4315.131565  0.8946882
4315.754372  0.9628232
4316.377179  1.014503
4316.999986  1.025304
4317.622793  1.006688
4318.2456  0.9885889
4318.868407  0.9912288
4319.491214  1.001093
4320.114021  0.9922177
4320.736828  0.9799681
4321.359635  0.9815757
4321.982442  0.974306
4322.605249  0.9127077
4323.228056  0.8375446
4323.850863  0.801735
4324.47367  0.7985101
4325.096477  0.7630645
4325.719284  0.7509599
4326.342091  0.8215809
4326.964898  0.9143074
4327.587705  0.9740535
4328.210512  0.9917815
4328.833319  0.996267
4329.456126  0.9894348
4330.078933  0.9815946
4330.70174  0.9848128
4331.324547  0.9944862
4331.947354  0.9973565
4332.570161  0.9944239
4333.192968  0.9949714
4333.815775  0.9880853
4334.438582  0.9803345
4335.061389  0.979475
4335.684196  0.975558
4336.307003  0.9398168
4336.92981  0.878822
4337.552617  0.8377114
4338.175424  0.8221787
4338.798231  0.7868667
4339.421038  0.6890738
4340.043845  0.5858607
4340.666652  0.578604
4341.289459  0.6884575
4341.912266  0.8109959
4342.535073  0.8821605
4343.15788  0.8981898
4343.780687  0.9000885
4344.403494  0.9196844
4345.026301  0.9518843
4345.649108  0.9764886
4346.271915  0.982646
4346.894722  0.9746335
4347.517529  0.9689342
4348.140336  0.9783348
4348.763143  0.9986634
4349.38595  1.011906
4350.008757  1.000386
4350.631564  0.9518789
4351.254371  0.8758689
4351.877178  0.8268867
4352.499985  0.8572139
4353.122792  0.9253104
4353.745599  0.9710984
4354.368406  0.971845
4354.991213  0.9585474
4355.61402  0.9556816
4356.236827  0.9676355
4356.859634  0.9847269
4357.482441  0.9945252
4358.105248  0.9845403
4358.728055  0.9581958
4359.350862  0.9423739
4359.973669  0.9531074
4360.596476  0.9856203
4361.219283  1.012852
4361.84209  1.008493
4362.464897  0.9826812
4363.087704  0.9684049
4363.710511  0.9753595
4364.333318  0.9963388
4364.956125  1.013449
4365.578932  1.00798
4366.201739  0.9793963
4366.824546  0.949062
4367.447353  0.9424893
4368.07016  0.9678004
4368.692967  0.987177
4369.315774  0.9767387
4369.938581  0.9612526
4370.561388  0.9547441
4371.184195  0.9596428
4371.807002  0.9711959
4372.429809  0.9780366
4373.052616  0.9703642
4373.675423  0.9493164
4374.29823  0.9268928
4374.921037  0.9111305
4375.543844  0.9105653
4376.166651  0.9313238
4376.789458  0.9583367
4377.412265  0.9753691
4378.035072  0.9800767
4378.657879  0.982241
4379.280686  0.9785767
4379.903493  0.9723268
4380.5263  0.9811587
4381.149107  0.9924176
4381.771914  0.9598742
4382.394721  0.8492472
4383.017528  0.7285742
4383.640335  0.7027278
4384.263142  0.7841444
4384.885949  0.875203
4385.508756  0.9377423
4386.131563  0.9681101
4386.75437  0.964411
4387.377177  0.9558955
4387.999984  0.9545187
4388.622791  0.9523121
4389.245598  0.9477392
4389.868405  0.9472506
4390.491212  0.9537355
4391.114019  0.9662734
4391.736826  0.9840718
4392.359633  0.9932988
4392.98244  0.9855503
4393.605247  0.9687808
4394.228054  0.9431728
4394.850861  0.9256238
4395.473668  0.9454161
4396.096475  0.9764584
4396.719282  0.9959866
4397.342089  1.004977
4397.964896  1.004149
4398.587703  0.9921525
4399.21051  0.9713006
4399.833317  0.9542721
4400.456124  0.9488725
4401.078931  0.9592068
4401.701738  0.9858986
4402.324545  1.008415
4402.947352  0.9953984
4403.570159  0.9254072
4404.192966  0.8314887
4404.815773  0.8127282
4405.43858  0.8909239
4406.061387  0.9729978
4406.684194  0.9932045
4407.307001  0.9672156
4407.929808  0.9506593
4408.552615  0.9676009
4409.175422  0.9936915
4409.798229  1.00904
4410.421036  1.020446
4411.043843  1.028822
4411.66665  1.033506
4412.289457  1.036262
4412.912264  1.035707
4413.535071  1.012159
4414.157878  0.9543614
4414.780685  0.8989344
4415.403492  0.9003333
4416.026299  0.9493033
4416.649106  0.9828919
4417.271913  0.9868877
4417.89472  0.9893885
4418.517527  1.011249
4419.140334  1.035611
4419.763141  1.047318
4420.385948  1.044213
4421.008755  1.029061
4421.631562  1.006534
4422.254369  0.9920019
4422.877176  1.001566
4423.499983  1.021931
4424.12279  1.021389
4424.745597  0.9984744
4425.368404  0.9867094
4425.991211  0.9817742
4426.614018  0.9706556
4427.236825  0.966488
4427.859632  0.9927261
4428.482439  1.027186
4429.105246  1.03041
4429.728053  1.003725
4430.35086  0.9903933
4430.973667  1.006645
4431.596474  1.025296
4432.219281  1.025848
4432.842088  1.016024
4433.464895  1.001633
4434.087702  0.9626081
4434.710509  0.9159608
4435.333316  0.9090869
4435.956123  0.9555284
4436.57893  1.008989
4437.201737  1.033695
4437.824544  1.037554
4438.447351  1.039579
4439.070158  1.04037
4439.692965  1.034748
4440.315772  1.031183
4440.938579  1.016887
4441.561386  0.9866884
4442.184193  0.9552815
4442.807  0.9360763
4443.429807  0.9405255
4444.052614  0.9677646
4444.675421  1.004714
4445.298228  1.030279
4445.921035  1.030414
4446.543842  1.010306
4447.166649  0.9878643
4447.789456  0.985649
4448.412263  1.005446
4449.03507  1.016196
4449.657877  1.009544
4450.280684  1.002063
4450.903491  1.006491
4451.526298  1.016708
4452.149105  1.023429
4452.771912  1.021246
4453.394719  0.9927223
4454.017526  0.9413459
4454.640333  0.8993376
4455.26314  0.9025626
4455.885947  0.9389133
4456.508754  0.9757566
4457.131561  0.9971541
4457.754368  0.9948586
4458.377175  0.9759412
4458.999982  0.9646218
4459.622789  0.9808413
4460.245596  0.9982313
4460.868403  0.9823363
4461.49121  0.9574195
4462.114017  0.9634622
4462.736824  0.9981613
4463.359631  1.016183
4463.982438  1.014683
4464.605245  1.010254
4465.228052  1.00833
4465.850859  0.9945588
4466.473666  0.9826051
4467.096473  0.9874575
4467.71928  0.9879419
4468.342087  0.9727822
4468.964894  0.9585202
4469.587701  0.9684448
4470.210508  0.9886401
4470.833315  1.004791
4471.456122  1.017134
4472.078929  1.024096
4472.701736  1.025726
4473.324543  1.025085
4473.94735  1.028344
4474.570157  1.024288
4475.192964  1.003044
4475.815771  0.9787104
4476.438578  0.9812425
4477.061385  1.007364
4477.684192  1.026244
4478.306999  1.032992
4478.929806  1.028165
4479.552613  1.016871
4480.17542  1.009291
4480.798227  0.9970364
4481.421034  0.9691784
4482.043841  0.9396062
4482.666648  0.9459994
4483.289455  0.9793535
4483.912262  0.9975129
4484.535069  1.0059
4485.157876  1.010393
4485.780683  1.012452
4486.40349  1.018108
4487.026297  1.021574
4487.649104  1.018148
4488.271911  1.007523
4488.894718  0.9912618
4489.517525  0.9767774
4490.140332  0.9738762
4490.763139  0.9867694
4491.385946  1.005135
4492.008753  1.018384
4492.63156  1.02222
4493.254367  1.015065
4493.877174  0.9948955
4494.499981  0.9681022
4495.122788  0.9664462
4495.745595  0.9837096
4496.368402  0.9889513
4496.991209  0.9922701
4497.614016  1.001193
4498.236823  1.013449
4498.85963  1.017079
4499.482437  1.015309
4500.105244  1.01036
4500.728051  0.6922923
4501.350858  0.5919206
4501.973665  0.5882704
4502.596472  0.6055061
4503.219279  0.6170399
4503.842086  0.6200398
4504.464893  0.6234923
4505.0877  0.6237162
4505.710507  0.6214951
4506.333314  0.6207907
4506.956121  0.6231886
4507.578928  0.6207417
4508.201735  0.6133984
4508.824542  0.6103311
