3820.  0.0895594
3820.622807  0.08092254
3821.245614  0.09137293
3821.868421  0.1123008
3822.491228  0.1306762
3823.114035  0.1365295
3823.736842  0.1267756
3824.359649  0.1066978
3824.982456  0.08849789
3825.605263  0.07982322
3826.22807  0.08359262
3826.850877  0.09671158
3827.473684  0.1074405
3828.096491  0.1130993
3828.719298  0.1192601
3829.342105  0.1320716
3829.964912  0.1429521
3830.587719  0.1462348
3831.210526  0.1448085
3831.833333  0.1296383
3832.45614  0.1088888
3833.078947  0.09903686
3833.701754  0.1011067
3834.324561  0.1098994
3834.947368  0.1235816
3835.570175  0.1456114
3836.192982  0.1642358
3836.815789  0.1678813
3837.438596  0.153405
3838.061403  0.1280881
3838.68421  0.1125733
3839.307017  0.1126054
3839.929824  0.104968
3840.552631  0.09621526
3841.175438  0.1045142
3841.798245  0.1375772
3842.421052  0.1679657
3843.043859  0.1837042
3843.666666  0.1887077
3844.289473  0.1893628
3844.91228  0.1861959
3845.535087  0.1789406
3846.157894  0.1711797
3846.780701  0.172262
3847.403508  0.1798075
3848.026315  0.1816056
3848.649122  0.1673623
3849.271929  0.142896
3849.894736  0.1240084
3850.517543  0.1257846
3851.14035  0.149623
3851.763157  0.1779142
3852.385964  0.1874929
3853.008771  0.1734054
3853.631578  0.1567292
3854.254385  0.1539814
3854.877192  0.1549319
3855.499999  0.1463971
3856.122806  0.1339083
3856.745613  0.1334491
3857.36842  0.1353894
3857.991227  0.1327323
3858.614034  0.1230387
3859.236841  0.1061374
3859.859648  0.09438065
3860.482455  0.09761801
3861.105262  0.1161001
3861.728069  0.1465571
3862.350876  0.1721164
3862.973683  0.179852
3863.59649  0.1811905
3864.219297  0.1756901
3864.842104  0.1625044
3865.464911  0.1488427
3866.087718  0.1470751
3866.710525  0.1567014
3867.333332  0.1653409
3867.956139  0.160933
3868.578946  0.1532755
3869.201753  0.1487512
3869.82456  0.1359276
3870.447367  0.1262656
3871.070174  0.124797
3871.692981  0.1247131
3872.315788  0.1200088
3872.938595  0.1259059
3873.561402  0.1541374
3874.184209  0.1894489
3874.807016  0.2158892
3875.429823  0.2215446
3876.05263  0.204883
3876.675437  0.183253
3877.298244  0.1575781
3877.921051  0.1297828
3878.543858  0.1266708
3879.166665  0.1487269
3879.789472  0.1759795
3880.412279  0.1828122
3881.035086  0.1602689
3881.657893  0.130347
3882.2807  0.1266458
3882.903507  0.1602129
3883.526314  0.2247352
3884.149121  0.2776343
3884.771928  0.2572916
3885.394735  0.1968165
3886.017542  0.1420371
3886.640349  0.1195659
3887.263156  0.1397096
3887.885963  0.1754606
3888.50877  0.1999138
3889.131577  0.2187349
3889.754384  0.2461788
3890.377191  0.2770739
3890.999998  0.2959241
3891.622805  0.326401
3892.245612  0.3562458
3892.868419  0.361583
3893.491226  0.3478521
3894.114033  0.3235208
3894.73684  0.2886099
3895.359647  0.2445672
3895.982454  0.2450988
3896.605261  0.2815466
3897.228068  0.303414
3897.850875  0.2888071
3898.473682  0.2643544
3899.096489  0.244695
3899.719296  0.2145352
3900.342103  0.2374142
3900.96491  0.300605
3901.587717  0.3295619
3902.210524  0.2976258
3902.833331  0.2576371
3903.456138  0.2595395
3904.078945  0.2824432
3904.701752  0.2794668
3905.324559  0.2421281
3905.947366  0.2072587
3906.570173  0.2105159
3907.19298  0.2471972
3907.815787  0.2900024
3908.438594  0.3207836
3909.061401  0.3408788
3909.684208  0.3480033
3910.307015  0.3370534
3910.929822  0.334482
3911.552629  0.3444924
3912.175436  0.3542207
3912.798243  0.3577999
3913.42105  0.3512148
3914.043857  0.3431802
3914.666664  0.3486447
3915.289471  0.3417943
3915.912278  0.3147513
3916.535085  0.2868399
3917.157892  0.2879796
3917.780699  0.2991322
3918.403506  0.2928976
3919.026313  0.2683484
3919.64912  0.2351209
3920.271927  0.2037384
3920.894734  0.1835041
3921.517541  0.1860314
3922.140348  0.1954576
3922.763155  0.1982094
3923.385962  0.2095015
3924.008769  0.2352465
3924.631576  0.2550603
3925.254383  0.2405455
3925.87719  0.2146725
3926.499997  0.1986309
3927.122804  0.1895564
3927.745611  0.1591021
3928.368418  0.1327085
3928.991225  0.1248771
3929.614032  0.114542
3930.236839  0.09978156
3930.859646  0.08705036
3931.482453  0.07989566
3932.10526  0.06884302
3932.728067  0.05978486
3933.350874  0.05614701
3933.973681  0.05061081
3934.596488  0.0518859
3935.219295  0.06177173
3935.842102  0.07447178
3936.464909  0.08911943
3937.087716  0.108552
3937.710523  0.1302359
3938.33333  0.1440512
3938.956137  0.1650648
3939.578944  0.1901338
3940.201751  0.1982906
3940.824558  0.1930295
3941.447365  0.1926081
3942.070172  0.2045775
3942.692979  0.2065009
3943.315786  0.1823904
3943.938593  0.1508082
3944.5614  0.1556869
3945.184207  0.2065166
3945.807014  0.271481
3946.429821  0.3085009
3947.052628  0.3083455
3947.675435  0.2850209
3948.298242  0.2646699
3948.921049  0.2705283
3949.543856  0.3047856
3950.166663  0.3513091
3950.78947  0.3829678
3951.412277  0.3737783
3952.035084  0.3310344
3952.657891  0.2932512
3953.280698  0.3070877
3953.903505  0.3651049
3954.526312  0.4150713
3955.149119  0.4056775
3955.771926  0.35744
3956.394733  0.3148416
3957.01754  0.3041945
3957.640347  0.308898
3958.263154  0.3189474
3958.885961  0.3344072
3959.508768  0.3497085
3960.131575  0.3138486
3960.754382  0.237487
3961.377189  0.1710215
3961.999996  0.1446395
3962.622803  0.1547941
3963.24561  0.1748976
3963.868417  0.1770399
3964.491224  0.1652746
3965.114031  0.1473798
3965.736838  0.1264946
3966.359645  0.1025026
3966.982452  0.08187767
3967.605259  0.06829031
3968.228066  0.0583295
3968.850873  0.0562386
3969.47368  0.06537912
3970.096487  0.0839519
3970.719294  0.1038442
3971.342101  0.1245338
3971.964908  0.1457053
3972.587715  0.1615695
3973.210522  0.1777492
3973.833329  0.2005552
3974.456136  0.2316374
3975.078943  0.2700141
3975.70175  0.2945369
3976.324557  0.2962599
3976.947364  0.3070857
3977.570171  0.3359829
3978.192978  0.3686961
3978.815785  0.3866882
3979.438592  0.4139147
3980.061399  0.4424399
3980.684206  0.444171
3981.307013  0.4124193
3981.92982  0.3849438
3982.552627  0.3853909
3983.175434  0.393857
3983.798241  0.3939333
3984.421048  0.4011583
3985.043855  0.4354475
3985.666662  0.466794
3986.289469  0.4706454
3986.912276  0.4631927
3987.535083  0.497304
3988.15789  0.540198
3988.780697  0.5312861
3989.403504  0.4537584
3990.026311  0.4138767
3990.649118  0.4355032
3991.271925  0.4754258
3991.894732  0.4898877
3992.517539  0.5003529
3993.140346  0.5130011
3993.763153  0.504204
3994.38596  0.4963485
3995.008767  0.492186
3995.631574  0.4823374
3996.254381  0.4713493
3996.877188  0.457534
3997.499995  0.4443135
3998.122802  0.4464349
3998.745609  0.4874188
3999.368416  0.5529832
3999.991223  0.5996442
4000.61403  0.5935252
4001.236837  0.5702361
4001.859644  0.5756972
4002.482451  0.6125738
4003.105258  0.6391091
4003.728065  0.6203684
4004.350872  0.5476289
4004.973679  0.4269028
4005.596486  0.3529455
4006.219293  0.3854733
4006.8421  0.4554709
4007.464907  0.5215186
4008.087714  0.560772
4008.710521  0.571265
4009.333328  0.5797687
4009.956135  0.5900804
4010.578942  0.5873178
4011.201749  0.5634363
4011.824556  0.5503852
4012.447363  0.5666828
4013.07017  0.5928154
4013.692977  0.5996546
4014.315784  0.5968977
4014.938591  0.6153018
4015.561398  0.6638294
4016.184205  0.6725096
4016.807012  0.6131191
4017.429819  0.5582263
4018.052626  0.5645366
4018.675433  0.6177736
4019.29824  0.6556097
4019.921047  0.6448471
4020.543854  0.6162952
4021.166661  0.6025761
4021.789468  0.5898231
4022.412275  0.5946667
4023.035082  0.6063972
4023.657889  0.5903198
4024.280696  0.5426403
4024.903503  0.5188786
4025.52631  0.5552136
4026.149117  0.6002627
4026.771924  0.6201653
4027.394731  0.633031
4028.017538  0.6802345
4028.640345  0.7190144
4029.263152  0.6877614
4029.885959  0.5690806
4030.508766  0.436902
4031.131573  0.3844027
4031.75438  0.4078785
4032.377187  0.4027828
4032.999994  0.3670208
4033.622801  0.3465523
4034.245608  0.3740648
4034.868415  0.4112084
4035.491222  0.4656445
4036.114029  0.5471344
4036.736836  0.6302578
4037.359643  0.6782401
4037.98245  0.6861461
4038.605257  0.674346
4039.228064  0.6484814
4039.850871  0.6114765
4040.473678  0.5754352
4041.096485  0.5644971
4041.719292  0.596678
4042.342099  0.6389006
4042.964906  0.6273794
4043.587713  0.5561922
4044.21052  0.4429315
4044.833327  0.3208926
4045.456134  0.2322885
4046.078941  0.2240828
4046.701748  0.3082902
4047.324555  0.4434189
4047.947362  0.5439352
4048.570169  0.5805002
4049.192976  0.5858342
4049.815783  0.6122597
4050.43859  0.6440823
4051.061397  0.654521
4051.684204  0.6482257
4052.307011  0.6273732
4052.929818  0.6101295
4053.552625  0.6036847
4054.175432  0.5595654
4054.798239  0.5034156
4055.421046  0.4880796
4056.043853  0.5260271
4056.66666  0.5327162
4057.289467  0.4806514
4057.912274  0.4281382
4058.535081  0.4327697
4059.157888  0.4815759
4059.780695  0.5388294
4060.403502  0.6023249
4061.026309  0.6221571
4061.649116  0.5770704
4062.271923  0.4915564
4062.89473  0.3668826
4063.517537  0.2690725
4064.140344  0.2783372
4064.763151  0.4007649
4065.385958  0.5205483
4066.008765  0.548255
4066.631572  0.5073435
4067.254379  0.4797785
4067.877186  0.5058459
4068.499993  0.5703384
4069.1228  0.6391936
4069.745607  0.6704432
4070.368414  0.6192808
4070.991221  0.4688817
4071.614028  0.3555225
4072.236835  0.3706043
4072.859642  0.4912197
4073.482449  0.6137815
4074.105256  0.6581081
4074.728063  0.6157157
4075.35087  0.5501201
4075.973677  0.472277
4076.596484  0.3976008
4077.219291  0.3610502
4077.842098  0.3840518
4078.464905  0.4506659
4079.087712  0.5247653
4079.710519  0.5810063
4080.333326  0.650862
4080.956133  0.7261585
4081.57894  0.7418954
4082.201747  0.6933442
4082.824554  0.6265792
4083.447361  0.5953757
4084.070168  0.6079518
4084.692975  0.6122128
4085.315782  0.5920727
4085.938589  0.6004788
4086.561396  0.6270096
4087.184203  0.6720999
4087.80701  0.7382547
4088.429817  0.7796264
4089.052624  0.7782228
4089.675431  0.7419275
4090.298238  0.693457
4090.921045  0.6876103
4091.543852  0.6919663
4092.166659  0.640129
4092.789466  0.6275582
4093.412273  0.6826655
4094.03508  0.7379714
4094.657887  0.6812407
4095.280694  0.5761616
4095.903501  0.5058752
4096.526308  0.4900768
4097.149115  0.513308
4097.771922  0.5443054
4098.394729  0.5666397
4099.017536  0.5957471
4099.640343  0.586086
4100.26315  0.5193603
4100.885957  0.4456942
4101.508764  0.4302771
4102.131571  0.4825946
4102.754378  0.5543799
4103.377185  0.5809314
4103.999992  0.5617952
4104.622799  0.5459437
4105.245606  0.585007
4105.868413  0.6555997
4106.49122  0.7001981
4107.114027  0.6841682
4107.736834  0.6529701
4108.359641  0.6415927
4108.982448  0.6370546
4109.605255  0.5839179
4110.228062  0.541712
4110.850869  0.5304822
4111.473676  0.5109105
4112.096483  0.5038952
4112.71929  0.5319477
4113.342097  0.5873768
4113.964904  0.6211539
4114.587711  0.6310049
4115.210518  0.6268511
4115.833325  0.6162034
4116.456132  0.6263815
4117.078939  0.6398708
4117.701746  0.6120477
4118.324553  0.5257351
4118.94736  0.4685184
4119.570167  0.4974854
4120.192974  0.5635508
4120.815781  0.5919836
4121.438588  0.5790607
4122.061395  0.56575
4122.684202  0.5400938
4123.307009  0.5223387
4123.929816  0.5462977
4124.552623  0.6215303
4125.17543  0.6593792
4125.798237  0.6451358
4126.421044  0.6346077
4127.043851  0.6032544
4127.666658  0.5710942
4128.289465  0.5633079
4128.912272  0.5605862
4129.535079  0.5371962
4130.157886  0.5108094
4130.780693  0.5168232
4131.4035  0.4796598
4132.026307  0.4212404
4132.649114  0.4093407
4133.271921  0.4418948
4133.894728  0.4579841
4134.517535  0.4609897
4135.140342  0.5298666
4135.763149  0.6109502
4136.385956  0.6345831
4137.008763  0.5920401
4137.63157  0.5767499
4138.254377  0.5934829
4138.877184  0.6057851
4139.499991  0.5974833
4140.122798  0.6010528
4140.745605  0.6125758
4141.368412  0.5867149
4141.991219  0.4868699
4142.614026  0.3599523
4143.236833  0.2784981
4143.85964  0.2742758
4144.482447  0.3528876
4145.105254  0.4579377
4145.728061  0.5128668
4146.350868  0.5358563
4146.973675  0.5421181
4147.596482  0.5398003
4148.219289  0.5411184
4148.842096  0.5160637
4149.464903  0.4702286
4150.08771  0.4523883
4150.710517  0.4582537
4151.333324  0.4606104
4151.956131  0.4505948
4152.578938  0.4702413
4153.201745  0.4933654
4153.824552  0.4939781
4154.447359  0.487539
4155.070166  0.4860926
4155.692973  0.4774504
4156.31578  0.4530139
4156.938587  0.4568949
4157.561394  0.4959647
4158.184201  0.5535269
4158.807008  0.6093438
4159.429815  0.6284094
4160.052622  0.6058024
4160.675429  0.5712503
4161.298236  0.5598758
4161.921043  0.5915991
4162.54385  0.6437875
4163.166657  0.6506513
4163.789464  0.6086439
4164.412271  0.5527663
4165.035078  0.524949
4165.657885  0.5422347
4166.280692  0.5428348
4166.903499  0.4863107
4167.526306  0.4595495
4168.149113  0.4927909
4168.77192  0.5507296
4169.394727  0.5740838
4170.017534  0.5939558
4170.640341  0.6107523
4171.263148  0.58611
4171.885955  0.4891016
4172.508762  0.4011935
4173.131569  0.3910058
4173.754376  0.4307793
4174.377183  0.4721321
4174.99999  0.4939522
4175.622797  0.5064858
4176.245604  0.5200166
4176.868411  0.5068856
4177.491218  0.4693381
4178.114025  0.4738487
4178.736832  0.5056499
4179.359639  0.5283195
4179.982446  0.5229122
4180.605253  0.5051743
4181.22806  0.4904299
4181.850867  0.4922236
4182.473674  0.5244929
4183.096481  0.5592172
4183.719288  0.5908849
4184.342095  0.6431547
4184.964902  0.6991189
4185.587709  0.7020642
4186.210516  0.6187641
4186.833323  0.5059163
4187.45613  0.4628974
4188.078937  0.5184154
4188.701744  0.5952265
4189.324551  0.6339441
4189.947358  0.6184578
4190.570165  0.5750344
4191.192972  0.5488428
4191.815779  0.5669906
4192.438586  0.6205364
4193.061393  0.6671213
4193.6842  0.66651
4194.307007  0.6241305
4194.929814  0.5746236
4195.552621  0.5170159
4196.175428  0.4707295
4196.798235  0.4572006
4197.421042  0.4727054
4198.043849  0.4740295
4198.666656  0.4704834
4199.289463  0.5091314
4199.91227  0.5433567
4200.535077  0.5408217
4201.157884  0.4993328
4201.780691  0.4379772
4202.403498  0.4426233
4203.026305  0.5190906
4203.649112  0.5707927
4204.271919  0.5705601
4204.894726  0.5649328
4205.517533  0.6013772
4206.14034  0.6402574
4206.763147  0.6647665
4207.385954  0.6830412
4208.008761  0.7073195
4208.631568  0.7074693
4209.254375  0.6662675
4209.877182  0.6045129
4210.499989  0.578555
4211.122796  0.6041225
4211.745603  0.6482826
4212.36841  0.6551501
4212.991217  0.6258811
4213.614024  0.5776032
4214.236831  0.517612
4214.859638  0.4258495
4215.482445  0.3861217
4216.105252  0.4789804
4216.728059  0.6594945
4217.350866  0.7941167
4217.973673  0.8347874
4218.59648  0.8462107
4219.219287  0.8354423
4219.842094  0.828519
4220.464901  0.844996
4221.087708  0.8560736
4221.710515  0.8211046
4222.333322  0.7378162
4222.956129  0.6509771
4223.578936  0.5952899
4224.201743  0.5419672
4224.82455  0.4447886
4225.447357  0.325419
4226.070164  0.2089688
4226.692971  0.1432414
4227.315778  0.1921637
4227.938585  0.3565648
4228.561392  0.5434739
4229.184199  0.6467259
4229.807006  0.6930246
4230.429813  0.748656
4231.05262  0.8210694
4231.675427  0.8194719
4232.298234  0.730898
4232.921041  0.6299365
4233.543848  0.6133131
4234.166655  0.6644698
4234.789462  0.6904029
4235.412269  0.6378331
4236.035076  0.5832299
4236.657883  0.5861956
4237.28069  0.6362503
4237.903497  0.669741
4238.526304  0.68213
4239.149111  0.6747904
4239.771918  0.6654852
4240.394725  0.7034272
4241.017532  0.7668594
4241.640339  0.7996385
4242.263146  0.7701123
4242.885953  0.7552897
4243.50876  0.8170882
4244.131567  0.9324346
4244.754374  0.9714062
4245.377181  0.9404757
4245.999988  0.8873239
4246.622795  0.8145211
4247.245602  0.7419019
4247.868409  0.6999705
4248.491216  0.6974645
4249.114023  0.6745472
4249.73683  0.5933692
4250.359637  0.4982869
4250.982444  0.5124449
4251.605251  0.6064016
4252.228058  0.6980411
4252.850865  0.7188596
4253.473672  0.6276433
4254.096479  0.5176901
4254.719286  0.4996629
4255.342093  0.5560324
4255.9649  0.6706309
4256.587707  0.7972995
4257.210514  0.861189
4257.833321  0.8040296
4258.456128  0.701022
4259.078935  0.6466951
4259.701742  0.5790518
4260.324549  0.5156754
4260.947356  0.5097732
4261.570163  0.5912792
4262.19297  0.7257812
4262.815777  0.8417967
4263.438584  0.8873329
4264.061391  0.8926686
4264.684198  0.8961223
4265.307005  0.9188327
4265.929812  0.949679
4266.552619  0.9204156
4267.175426  0.8341815
4267.798233  0.7609248
4268.42104  0.7229024
4269.043847  0.7073089
4269.666654  0.6743207
4270.289461  0.5794644
4270.912268  0.4399912
4271.535075  0.3414147
4272.157882  0.3733314
4272.780689  0.4860591
4273.403496  0.5499791
4274.026303  0.4984923
4274.64911  0.4498299
4275.271917  0.5028841
4275.894724  0.6369934
4276.517531  0.7330893
4277.140338  0.7935753
4277.763145  0.8550465
4278.385952  0.9118179
4279.008759  0.8644488
4279.631566  0.7401304
4280.254373  0.6438366
4280.87718  0.6604122
4281.499987  0.7079244
4282.122794  0.7243927
4282.745601  0.7240549
4283.368408  0.7625241
4283.991215  0.782028
4284.614022  0.7307246
4285.236829  0.670755
4285.859636  0.661465
4286.482443  0.7051945
4287.10525  0.7521834
4287.728057  0.7671137
4288.350864  0.6985115
4288.973671  0.5564291
4289.596478  0.4622065
4290.219285  0.4646092
4290.842092  0.5228672
4291.464899  0.5674415
4292.087706  0.6680501
4292.710513  0.7707602
4293.33332  0.7680232
4293.956127  0.6664355
4294.578934  0.6189038
4295.201741  0.6830776
4295.824548  0.7314546
4296.447355  0.7120824
4297.070162  0.6627377
4297.692969  0.6341372
4298.315776  0.5670617
4298.938583  0.4635217
4299.56139  0.3849985
4300.184197  0.4053037
4300.807004  0.4886326
4301.429811  0.5490392
4302.052618  0.5305334
4302.675425  0.4965861
4303.298232  0.5057905
4303.921039  0.5508456
4304.543846  0.5497539
4305.166653  0.5018343
4305.78946  0.4544332
4306.412267  0.4422757
4307.035074  0.3932538
4307.657881  0.3282364
4308.280688  0.3123146
4308.903495  0.3518402
4309.526302  0.4085832
4310.149109  0.4604335
4310.771916  0.5186123
4311.394723  0.559697
4312.01753  0.5946035
4312.640337  0.6485988
4313.263144  0.7124836
4313.885951  0.7152147
4314.508758  0.6952211
4315.131565  0.8169897
4315.754372  1.007756
4316.377179  1.139067
4316.999986  1.145647
4317.622793  1.10355
4318.2456  1.061959
4318.868407  1.038487
4319.491214  1.032694
4320.114021  0.984715
4320.736828  0.9187994
4321.359635  0.9154827
4321.982442  0.9416251
4322.605249  0.8943107
4323.228056  0.7457567
4323.850863  0.6275815
4324.47367  0.5153658
4325.096477  0.4018063
4325.719284  0.3594665
4326.342091  0.4579664
4326.964898  0.6656877
4327.587705  0.8845111
4328.210512  1.029607
4328.833319  1.078075
4329.456126  1.037451
4330.078933  0.9398249
4330.70174  0.9014916
4331.324547  0.9408825
4331.947354  0.9929163
4332.570161  1.008969
4333.192968  1.004526
4333.815775  1.01539
4334.438582  1.05814
4335.061389  1.137567
4335.684196  1.174392
4336.307003  1.071343
4336.92981  0.8576769
4337.552617  0.7069145
4338.175424  0.7095585
4338.798231  0.7331401
4339.421038  0.7064587
4340.043845  0.6483333
4340.666652  0.6420826
4341.289459  0.7519798
4341.912266  0.9130287
4342.535073  0.9999895
4343.15788  0.9475992
4343.780687  0.8815759
4344.403494  0.9152686
4345.026301  1.027885
4345.649108  1.068829
4346.271915  1.009421
4346.894722  0.936268
4347.517529  0.9404088
4348.140336  1.033215
4348.763143  1.156992
4349.38595  1.216753
4350.008757  1.115399
4350.631564  0.8962427
4351.254371  0.6998735
4351.877178  0.6264999
4352.499985  0.6954906
4353.122792  0.8287577
4353.745599  0.8972714
4354.368406  0.899324
4354.991213  0.8922934
4355.61402  0.9280366
4356.236827  0.9967745
4356.859634  1.062159
4357.482441  1.067176
4358.105248  0.9640967
4358.728055  0.8563196
4359.350862  0.8264305
4359.973669  0.8730869
4360.596476  0.9686133
4361.219283  1.061932
4361.84209  1.097712
4362.464897  1.043805
4363.087704  0.9945213
4363.710511  1.029016
4364.333318  1.129945
4364.956125  1.201294
4365.578932  1.186248
4366.201739  1.089346
4366.824546  0.9585057
4367.447353  0.861286
4368.07016  0.8477837
4368.692967  0.9150927
4369.315774  0.9705376
4369.938581  0.9732974
4370.561388  0.953793
4371.184195  0.9650179
4371.807002  0.998885
4372.429809  0.9973158
4373.052616  0.9022793
4373.675423  0.8002579
4374.29823  0.729318
4374.921037  0.6728696
4375.543844  0.6911265
4376.166651  0.795395
4376.789458  0.9348636
4377.412265  1.024219
4378.035072  1.054566
4378.657879  1.037675
4379.280686  0.9842174
4379.903493  0.9186898
4380.5263  0.8845762
4381.149107  0.8774796
4381.771914  0.7960035
4382.394721  0.609167
4383.017528  0.3938312
4383.640335  0.2861436
4384.263142  0.3174164
4384.885949  0.4815171
4385.508756  0.7153029
4386.131563  0.8738711
4386.75437  0.8995521
4387.377177  0.8481462
4387.999984  0.835924
4388.622791  0.8390115
4389.245598  0.8198485
4389.868405  0.7790105
4390.491212  0.7634493
4391.114019  0.7862937
4391.736826  0.8336287
4392.359633  0.8830209
4392.98244  0.9039496
4393.605247  0.8864316
4394.228054  0.8439581
4394.850861  0.7978148
4395.473668  0.8360754
4396.096475  0.9829527
4396.719282  1.102752
4397.342089  1.132705
4397.964896  1.088135
4398.587703  1.026604
4399.21051  0.9596499
4399.833317  0.8711842
4400.456124  0.7898664
4401.078931  0.8375134
4401.701738  0.9849426
4402.324545  1.084615
4402.947352  0.985613
4403.570159  0.739165
4404.192966  0.5054556
4404.815773  0.4353943
4405.43858  0.553147
4406.061387  0.7226183
4406.684194  0.803612
4407.307001  0.7736955
4407.929808  0.7039874
4408.552615  0.7146985
4409.175422  0.8615658
4409.798229  1.00561
4410.421036  1.077295
4411.043843  1.085664
4411.66665  1.075687
4412.289457  1.102171
4412.912264  1.127582
4413.535071  1.050554
4414.157878  0.8457482
4414.780685  0.6692437
4415.403492  0.6700755
4416.026299  0.7963609
4416.649106  0.9112455
4417.271913  0.9641886
4417.89472  1.016993
4418.517527  1.076017
4419.140334  1.125647
4419.763141  1.140339
4420.385948  1.10131
4421.008755  1.017936
4421.631562  0.91702
4422.254369  0.8359035
4422.877176  0.8340962
4423.499983  0.9178624
4424.12279  1.019277
4424.745597  1.02206
4425.368404  0.9811608
4425.991211  0.968845
4426.614018  0.9622911
4427.236825  0.9688076
4427.859632  1.019189
4428.482439  1.096447
4429.105246  1.025487
4429.728053  0.8721738
4430.35086  0.8063896
4430.973667  0.9027845
4431.596474  1.042915
4432.219281  1.098784
4432.842088  1.038185
4433.464895  0.9411159
4434.087702  0.8410804
4434.710509  0.7537374
4435.333316  0.7316564
4435.956123  0.813585
4436.57893  0.9486004
4437.201737  1.033465
4437.824544  1.098298
4438.447351  1.170846
4439.070158  1.224187
4439.692965  1.175029
4440.315772  1.063734
4440.938579  0.9530751
4441.561386  0.8656517
4442.184193  0.8328155
4442.807  0.8504249
4443.429807  0.8968126
4444.052614  0.9773247
4444.675421  1.097618
4445.298228  1.215302
4445.921035  1.24125
4446.543842  1.157922
4447.166649  1.075295
4447.789456  1.114812
4448.412263  1.19323
4449.03507  1.182598
4449.657877  1.073419
4450.280684  1.031662
4450.903491  1.083588
4451.526298  1.142669
4452.149105  1.113015
4452.771912  1.065319
4453.394719  1.017136
4454.017526  0.9441894
4454.640333  0.8450975
4455.26314  0.8227608
4455.885947  0.8927541
4456.508754  0.9471617
4457.131561  0.9568903
4457.754368  0.9255038
4458.377175  0.8777546
4458.999982  0.8456166
4459.622789  0.860247
4460.245596  0.8753565
4460.868403  0.7947701
4461.49121  0.7117814
4462.114017  0.7432734
4462.736824  0.9115156
4463.359631  1.076883
4463.982438  1.115169
4464.605245  1.041083
4465.228052  1.00973
4465.850859  1.001689
4466.473666  1.009055
4467.096473  1.050838
4467.71928  1.064132
4468.342087  1.018407
4468.964894  0.9532585
4469.587701  0.9614534
4470.210508  1.006971
4470.833315  1.042069
4471.456122  1.06278
4472.078929  1.09697
4472.701736  1.154922
4473.324543  1.206463
4473.94735  1.187265
4474.570157  1.136222
4475.192964  1.122389
4475.815771  1.179171
4476.438578  1.274394
4477.061385  1.341313
4477.684192  1.336857
4478.306999  1.292618
4478.929806  1.191055
4479.552613  1.05555
4480.17542  0.9779631
4480.798227  0.9582837
4481.421034  0.9506323
4482.043841  0.942517
4482.666648  1.031476
4483.289455  1.152678
4483.912262  1.224803
4484.535069  1.272343
4485.157876  1.312282
4485.780683  1.331568
4486.40349  1.304779
4487.026297  1.23856
4487.649104  1.146064
4488.271911  1.062101
4488.894718  0.3243071
4489.517525  0.
4490.140332  0.
4490.763139  0.
4491.385946  0.
4492.008753  0.
4492.63156  0.
4493.254367  0.
4493.877174  0.
4494.499981  0.
4495.122788  0.
4495.745595  0.
4496.368402  0.
4496.991209  0.
4497.614016  0.
4498.236823  0.
4498.85963  0.
4499.482437  0.
4500.105244  0.
4500.728051  0.
4501.350858  0.
4501.973665  0.
4502.596472  0.
4503.219279  0.
4503.842086  0.
4504.464893  0.
4505.0877  0.
4505.710507  0.
4506.333314  0.
4506.956121  0.
4507.578928  0.
4508.201735  0.
4508.824542  0.
