3820.  0.09187142
3820.622807  0.06871795
3821.245614  0.0758966
3821.868421  0.1061227
3822.491228  0.136803
3823.114035  0.1489688
3823.736842  0.1373273
3824.359649  0.112058
3824.982456  0.08947004
3825.605263  0.07734036
3826.22807  0.07639576
3826.850877  0.08790253
3827.473684  0.1011914
3828.096491  0.1097429
3828.719298  0.1183726
3829.342105  0.1262115
3829.964912  0.137991
3830.587719  0.154962
3831.210526  0.1582779
3831.833333  0.1418582
3832.45614  0.1168612
3833.078947  0.1033209
3833.701754  0.09423437
3834.324561  0.09246436
3834.947368  0.1108515
3835.570175  0.1440028
3836.192982  0.1723104
3836.815789  0.1778565
3837.438596  0.1594476
3838.061403  0.1299834
3838.68421  0.1092023
3839.307017  0.1078194
3839.929824  0.1031188
3840.552631  0.09046979
3841.175438  0.08841843
3841.798245  0.1227006
3842.421052  0.1672124
3843.043859  0.1931087
3843.666666  0.1987439
3844.289473  0.2009781
3844.91228  0.1994733
3845.535087  0.1864427
3846.157894  0.1728151
3846.780701  0.1700925
3847.403508  0.1796985
3848.026315  0.1890557
3848.649122  0.1793712
3849.271929  0.150918
3849.894736  0.122471
3850.517543  0.1135805
3851.14035  0.1363155
3851.763157  0.1769317
3852.385964  0.1960706
3853.008771  0.1814442
3853.631578  0.1543017
3854.254385  0.1464741
3854.877192  0.1539863
3855.499999  0.1528093
3856.122806  0.1343112
3856.745613  0.1268966
3857.36842  0.1346643
3857.991227  0.1397913
3858.614034  0.1223549
3859.236841  0.09966519
3859.859648  0.08520529
3860.482455  0.08447098
3861.105262  0.1006114
3861.728069  0.1337958
3862.350876  0.1718267
3862.973683  0.1936342
3863.59649  0.1940315
3864.219297  0.1830676
3864.842104  0.1716429
3865.464911  0.154675
3866.087718  0.1487703
3866.710525  0.1592753
3867.333332  0.1649903
3867.956139  0.1588753
3868.578946  0.1507002
3869.201753  0.1505946
3869.82456  0.1427012
3870.447367  0.1279108
3871.070174  0.1161478
3871.692981  0.1130262
3872.315788  0.113023
3872.938595  0.1207601
3873.561402  0.1486361
3874.184209  0.1932206
3874.807016  0.2294882
3875.429823  0.2381764
3876.05263  0.229844
3876.675437  0.2120496
3877.298244  0.1813782
3877.921051  0.1357899
3878.543858  0.1139535
3879.166665  0.1349715
3879.789472  0.178024
3880.412279  0.1886876
3881.035086  0.1696002
3881.657893  0.1398372
3882.2807  0.1138747
3882.903507  0.1379182
3883.526314  0.2184087
3884.149121  0.3036761
3884.771928  0.3030312
3885.394735  0.2340671
3886.017542  0.1586468
3886.640349  0.1176334
3887.263156  0.1389178
3887.885963  0.1880148
3888.50877  0.2092633
3889.131577  0.2205345
3889.754384  0.245462
3890.377191  0.2856
3890.999998  0.3157836
3891.622805  0.3530333
3892.245612  0.389886
3892.868419  0.3957268
3893.491226  0.3815334
3894.114033  0.3632261
3894.73684  0.3370841
3895.359647  0.2770741
3895.982454  0.2535246
3896.605261  0.2961165
3897.228068  0.3460341
3897.850875  0.3383606
3898.473682  0.2988274
3899.096489  0.2768601
3899.719296  0.2408749
3900.342103  0.2433393
3900.96491  0.3068164
3901.587717  0.3672343
3902.210524  0.349467
3902.833331  0.2849897
3903.456138  0.2637391
3904.078945  0.3034471
3904.701752  0.3207355
3905.324559  0.2689947
3905.947366  0.2175403
3906.570173  0.2171056
3907.19298  0.2617256
3907.815787  0.3087827
3908.438594  0.3448034
3909.061401  0.3689323
3909.684208  0.3789407
3910.307015  0.3655182
3910.929822  0.3561869
3911.552629  0.3661561
3912.175436  0.3832771
3912.798243  0.3911688
3913.42105  0.3826584
3914.043857  0.3687887
3914.666664  0.3757016
3915.289471  0.3780464
3915.912278  0.3526182
3916.535085  0.3124481
3917.157892  0.3063378
3917.780699  0.3225034
3918.403506  0.3203127
3919.026313  0.3023714
3919.64912  0.2693388
3920.271927  0.2268072
3920.894734  0.1902464
3921.517541  0.1931378
3922.140348  0.2127266
3922.763155  0.2101977
3923.385962  0.2227256
3924.008769  0.2531915
3924.631576  0.2743304
3925.254383  0.257875
3925.87719  0.2356377
3926.499997  0.2234578
3927.122804  0.2063886
3927.745611  0.1718132
3928.368418  0.1412469
3928.991225  0.1306857
3929.614032  0.1179322
3930.236839  0.09975724
3930.859646  0.08421764
3931.482453  0.07791991
3932.10526  0.06781447
3932.728067  0.05453228
3933.350874  0.04595144
3933.973681  0.04273475
3934.596488  0.04550342
3935.219295  0.05487303
3935.842102  0.07070781
3936.464909  0.09006821
3937.087716  0.1091597
3937.710523  0.1271645
3938.33333  0.149653
3938.956137  0.1765716
3939.578944  0.2017366
3940.201751  0.215607
3940.824558  0.2122252
3941.447365  0.2062124
3942.070172  0.2142084
3942.692979  0.220488
3943.315786  0.2032984
3943.938593  0.170573
3944.5614  0.1686763
3945.184207  0.213883
3945.807014  0.2846926
3946.429821  0.3372457
3947.052628  0.3380744
3947.675435  0.3076249
3948.298242  0.2847726
3948.921049  0.285178
3949.543856  0.3176206
3950.166663  0.3705336
3950.78947  0.4129924
3951.412277  0.4146338
3952.035084  0.364463
3952.657891  0.2985129
3953.280698  0.3024105
3953.903505  0.3755926
3954.526312  0.4493724
3955.149119  0.4473168
3955.771926  0.3897927
3956.394733  0.3348641
3957.01754  0.3230011
3957.640347  0.3352128
3958.263154  0.3527041
3958.885961  0.370953
3959.508768  0.3921721
3960.131575  0.3668787
3960.754382  0.287092
3961.377189  0.1978079
3961.999996  0.1568401
3962.622803  0.1650681
3963.24561  0.1883292
3963.868417  0.1950736
3964.491224  0.1874617
3965.114031  0.1701672
3965.736838  0.142128
3966.359645  0.1114035
3966.982452  0.08550394
3967.605259  0.0670293
3968.228066  0.05266568
3968.850873  0.04713511
3969.47368  0.05565802
3970.096487  0.07765295
3970.719294  0.1031276
3971.342101  0.1278104
3971.964908  0.1515615
3972.587715  0.1723907
3973.210522  0.1883981
3973.833329  0.2062262
3974.456136  0.2382513
3975.078943  0.2822013
3975.70175  0.3153238
3976.324557  0.3209161
3976.947364  0.324504
3977.570171  0.3509427
3978.192978  0.3934277
3978.815785  0.4166138
3979.438592  0.443496
3980.061399  0.4778852
3980.684206  0.4917344
3981.307013  0.4571874
3981.92982  0.4208028
3982.552627  0.4231431
3983.175434  0.4328968
3983.798241  0.4280607
3984.421048  0.4271252
3985.043855  0.4632905
3985.666662  0.5049281
3986.289469  0.5095797
3986.912276  0.4856666
3987.535083  0.5169281
3988.15789  0.5745819
3988.780697  0.5829513
3989.403504  0.5056662
3990.026311  0.4446253
3990.649118  0.4585787
3991.271925  0.5176498
3991.894732  0.5294111
3992.517539  0.5302592
3993.140346  0.5527406
3993.763153  0.5570759
3994.38596  0.5425349
3995.008767  0.5273359
3995.631574  0.5230647
3996.254381  0.5095077
3996.877188  0.4874276
3997.499995  0.4687883
3998.122802  0.4657218
3998.745609  0.5078174
3999.368416  0.5879209
3999.991223  0.6543841
4000.61403  0.6406914
4001.236837  0.5997231
4001.859644  0.60397
4002.482451  0.6392306
4003.105258  0.6758817
4003.728065  0.6736999
4004.350872  0.6016224
4004.973679  0.4646062
4005.596486  0.3736673
4006.219293  0.4080878
4006.8421  0.4789296
4007.464907  0.5464135
4008.087714  0.5935079
4008.710521  0.6119097
4009.333328  0.6145372
4009.956135  0.619225
4010.578942  0.6279058
4011.201749  0.614926
4011.824556  0.5910868
4012.447363  0.5886938
4013.07017  0.6262314
4013.692977  0.6345196
4014.315784  0.6211796
4014.938591  0.6459334
4015.561398  0.6999727
4016.184205  0.7160463
4016.807012  0.660758
4017.429819  0.591102
4018.052626  0.5870595
4018.675433  0.6500171
4019.29824  0.7063597
4019.921047  0.6987134
4020.543854  0.6588297
4021.166661  0.6336532
4021.789468  0.6118743
4022.412275  0.6198198
4023.035082  0.6462486
4023.657889  0.6397983
4024.280696  0.5886136
4024.903503  0.5574757
4025.52631  0.5961816
4026.149117  0.6426952
4026.771924  0.6639911
4027.394731  0.6749871
4028.017538  0.7145647
4028.640345  0.7608088
4029.263152  0.7483113
4029.885959  0.6347091
4030.508766  0.4767452
4031.131573  0.4071699
4031.75438  0.4460047
4032.377187  0.4506549
4032.999994  0.4128529
4033.622801  0.3857625
4034.245608  0.4113389
4034.868415  0.4477748
4035.491222  0.4984642
4036.114029  0.5737852
4036.736836  0.651707
4037.359643  0.7070534
4037.98245  0.726993
4038.605257  0.7166373
4039.228064  0.6944483
4039.850871  0.6586989
4040.473678  0.6151325
4041.096485  0.599659
4041.719292  0.6307336
4042.342099  0.6799211
4042.964906  0.6846969
4043.587713  0.610343
4044.21052  0.4847094
4044.833327  0.3572432
4045.456134  0.2455133
4046.078941  0.2187281
4046.701748  0.3086394
4047.324555  0.4627612
4047.947362  0.5826922
4048.570169  0.6249071
4049.192976  0.6213918
4049.815783  0.6466576
4050.43859  0.688069
4051.061397  0.7038339
4051.684204  0.6827111
4052.307011  0.6484329
4052.929818  0.6329396
4053.552625  0.6364195
4054.175432  0.5877884
4054.798239  0.5210165
4055.421046  0.5066811
4056.043853  0.5561335
4056.66666  0.5646983
4057.289467  0.5039459
4057.912274  0.4504958
4058.535081  0.4513923
4059.157888  0.50252
4059.780695  0.5723574
4060.403502  0.6360717
4061.026309  0.6569834
4061.649116  0.6175268
4062.271923  0.5268754
4062.89473  0.3907875
4063.517537  0.2820602
4064.140344  0.2877661
4064.763151  0.4196868
4065.385958  0.5577832
4066.008765  0.5952008
4066.631572  0.5383108
4067.254379  0.4963183
4067.877186  0.5254533
4068.499993  0.6038454
4069.1228  0.6824296
4069.745607  0.7182221
4070.368414  0.6676028
4070.991221  0.5083634
4071.614028  0.3716974
4072.236835  0.3741381
4072.859642  0.5172659
4073.482449  0.6513869
4074.105256  0.6942447
4074.728063  0.6548675
4075.35087  0.5956485
4075.973677  0.5170466
4076.596484  0.4276526
4077.219291  0.368743
4077.842098  0.3900186
4078.464905  0.4685997
4079.087712  0.5484145
4079.710519  0.6070104
4080.333326  0.6786987
4080.956133  0.7614926
4081.57894  0.7943634
4082.201747  0.7411243
4082.824554  0.658838
4083.447361  0.6273755
4084.070168  0.6377087
4084.692975  0.6421889
4085.315782  0.6237626
4085.938589  0.6204327
4086.561396  0.6515539
4087.184203  0.7098776
4087.80701  0.7697602
4088.429817  0.8068447
4089.052624  0.8127927
4089.675431  0.7842373
4090.298238  0.7245849
4090.921045  0.7240797
4091.543852  0.7373821
4092.166659  0.6621739
4092.789466  0.6439478
4093.412273  0.7146462
4094.03508  0.7826955
4094.657887  0.724636
4095.280694  0.6178414
4095.903501  0.5469632
4096.526308  0.5237319
4097.149115  0.5494539
4097.771922  0.5850909
4098.394729  0.6027232
4099.017536  0.6321604
4099.640343  0.632375
4100.26315  0.5712323
4100.885957  0.478258
4101.508764  0.449277
4102.131571  0.5041736
4102.754378  0.584865
4103.377185  0.6217278
4103.999992  0.6017577
4104.622799  0.5774676
4105.245606  0.6239417
4105.868413  0.6959328
4106.49122  0.7380852
4107.114027  0.7324454
4107.736834  0.7036032
4108.359641  0.6862849
4108.982448  0.6762395
4109.605255  0.6231156
4110.228062  0.5857707
4110.850869  0.580831
4111.473676  0.5689136
4112.096483  0.5598292
4112.71929  0.5863684
4113.342097  0.6474504
4113.964904  0.6772158
4114.587711  0.6855249
4115.210518  0.6880319
4115.833325  0.6818482
4116.456132  0.6873381
4117.078939  0.6951509
4117.701746  0.6684805
4118.324553  0.5725523
4118.94736  0.5069526
4119.570167  0.5356259
4120.192974  0.6039491
4120.815781  0.642203
4121.438588  0.6353456
4122.061395  0.6124254
4122.684202  0.5930753
4123.307009  0.5734512
4123.929816  0.582458
4124.552623  0.674807
4125.17543  0.7147775
4125.798237  0.6807517
4126.421044  0.6571264
4127.043851  0.6281323
4127.666658  0.6013225
4128.289465  0.5936571
4128.912272  0.6030264
4129.535079  0.5830904
4130.157886  0.5574936
4130.780693  0.5776854
4131.4035  0.5294445
4132.026307  0.4494442
4132.649114  0.4354977
4133.271921  0.486421
4133.894728  0.4949923
4134.517535  0.4738741
4135.140342  0.5551504
4135.763149  0.6627277
4136.385956  0.6973594
4137.008763  0.6430349
4137.63157  0.616079
4138.254377  0.6343647
4138.877184  0.6594245
4139.499991  0.6575167
4140.122798  0.6586481
4140.745605  0.6679829
4141.368412  0.6479729
4141.991219  0.5445997
4142.614026  0.4072922
4143.236833  0.3148084
4143.85964  0.3031214
4144.482447  0.3909467
4145.105254  0.5121853
4145.728061  0.5729374
4146.350868  0.5911156
4146.973675  0.5930558
4147.596482  0.5948422
4148.219289  0.5984293
4148.842096  0.5694225
4149.464903  0.5167052
4150.08771  0.4922424
4150.710517  0.5041068
4151.333324  0.5110097
4151.956131  0.4933596
4152.578938  0.5110246
4153.201745  0.5347589
4153.824552  0.5324731
4154.447359  0.5167039
4155.070166  0.527009
4155.692973  0.5271641
4156.31578  0.483969
4156.938587  0.4876302
4157.561394  0.5364981
4158.184201  0.5981492
4158.807008  0.6557401
4159.429815  0.677071
4160.052622  0.6557166
4160.675429  0.6172275
4161.298236  0.6058292
4161.921043  0.6489455
4162.54385  0.7142421
4163.166657  0.7150471
4163.789464  0.6589171
4164.412271  0.5986488
4165.035078  0.5817341
4165.657885  0.6068296
4166.280692  0.6027219
4166.903499  0.5383312
4167.526306  0.5020353
4168.149113  0.5407286
4168.77192  0.6100225
4169.394727  0.6270274
4170.017534  0.6522195
4170.640341  0.6754358
4171.263148  0.6398
4171.885955  0.5285578
4172.508762  0.43369
4173.131569  0.4236059
4173.754376  0.4735926
4174.377183  0.5225098
4174.99999  0.5451852
4175.622797  0.5535249
4176.245604  0.5575488
4176.868411  0.5371975
4177.491218  0.4997383
4178.114025  0.4992409
4178.736832  0.5347906
4179.359639  0.5695759
4179.982446  0.5679989
4180.605253  0.5466576
4181.22806  0.5260799
4181.850867  0.523807
4182.473674  0.5478769
4183.096481  0.5825574
4183.719288  0.6224976
4184.342095  0.6775351
4184.964902  0.7468988
4185.587709  0.760203
4186.210516  0.6682207
4186.833323  0.5380892
4187.45613  0.4844417
4188.078937  0.5440481
4188.701744  0.6421872
4189.324551  0.6881294
4189.947358  0.6759306
4190.570165  0.6409162
4191.192972  0.5794362
4191.815779  0.5775539
4192.438586  0.6544628
4193.061393  0.7109843
4193.6842  0.7081456
4194.307007  0.6631664
4194.929814  0.6106986
4195.552621  0.5428436
4196.175428  0.4880481
4196.798235  0.4760047
4197.421042  0.5003552
4198.043849  0.4939285
4198.666656  0.4834893
4199.289463  0.5408788
4199.91227  0.5957252
4200.535077  0.5960375
4201.157884  0.5371702
4201.780691  0.4623196
4202.403498  0.4710847
4203.026305  0.5588621
4203.649112  0.6195114
4204.271919  0.6098276
4204.894726  0.5991858
4205.517533  0.6502479
4206.14034  0.6968629
4206.763147  0.7197917
4207.385954  0.7366872
4208.008761  0.765639
4208.631568  0.7643136
4209.254375  0.7105801
4209.877182  0.6353138
4210.499989  0.6191983
4211.122796  0.6547558
4211.745603  0.694918
4212.36841  0.7032986
4212.991217  0.6729957
4213.614024  0.6215805
4214.236831  0.5593984
4214.859638  0.452913
4215.482445  0.399206
4216.105252  0.4895326
4216.728059  0.6854948
4217.350866  0.8300592
4217.973673  0.8753282
4218.59648  0.8864768
4219.219287  0.8620536
4219.842094  0.8465126
4220.464901  0.8704461
4221.087708  0.893753
4221.710515  0.8556688
4222.333322  0.7651221
4222.956129  0.6928166
4223.578936  0.6461377
4224.201743  0.594232
4224.82455  0.5036345
4225.447357  0.3756125
4226.070164  0.2383426
4226.692971  0.1605452
4227.315778  0.2204701
4227.938585  0.4190181
4228.561392  0.6275755
4229.184199  0.7193347
4229.807006  0.7473609
4230.429813  0.8023372
4231.05262  0.8809721
4231.675427  0.8654932
4232.298234  0.7603042
4232.921041  0.6520787
4233.543848  0.6326857
4234.166655  0.7063065
4234.789462  0.7403456
4235.412269  0.6646951
4236.035076  0.5966341
4236.657883  0.6152183
4237.28069  0.6819066
4237.903497  0.699578
4238.526304  0.6944672
4239.149111  0.6854411
4239.771918  0.688359
4240.394725  0.7335831
4241.017532  0.8079543
4241.640339  0.8496053
4242.263146  0.8063348
4242.885953  0.7750785
4243.50876  0.8308488
4244.131567  0.9495788
4244.754374  0.9953655
4245.377181  0.9605516
4245.999988  0.8912649
4246.622795  0.82155
4247.245602  0.7589096
4247.868409  0.7237965
4248.491216  0.7226586
4249.114023  0.6982001
4249.73683  0.6093454
4250.359637  0.5130113
4250.982444  0.5449865
4251.605251  0.6520129
4252.228058  0.7463739
4252.850865  0.7673578
4253.473672  0.6785213
4254.096479  0.5667549
4254.719286  0.5342432
4255.342093  0.5913003
4255.9649  0.7077002
4256.587707  0.8346032
4257.210514  0.9098281
4257.833321  0.8351154
4258.456128  0.7154045
4259.078935  0.6641793
4259.701742  0.5899972
4260.324549  0.5183029
4260.947356  0.5169652
4261.570163  0.6192586
4262.19297  0.755917
4262.815777  0.8680689
4263.438584  0.9275165
4264.061391  0.9245258
4264.684198  0.9189108
4265.307005  0.9485416
4265.929812  0.9778488
4266.552619  0.9446227
4267.175426  0.8563051
4267.798233  0.777972
4268.42104  0.753012
4269.043847  0.741762
4269.666654  0.6955392
4270.289461  0.613888
4270.912268  0.4661052
4271.535075  0.3451257
4272.157882  0.3854705
4272.780689  0.5189132
4273.403496  0.5975116
4274.026303  0.5509017
4274.64911  0.485136
4275.271917  0.5333785
4275.894724  0.6762619
4276.517531  0.7736317
4277.140338  0.8320485
4277.763145  0.8896187
4278.385952  0.9389031
4279.008759  0.8925472
4279.631566  0.755953
4280.254373  0.6438166
4280.87718  0.68344
4281.499987  0.7483648
4282.122794  0.7563589
4282.745601  0.7384956
4283.368408  0.7924064
4283.991215  0.8153996
4284.614022  0.7449118
4285.236829  0.6878223
4285.859636  0.6758313
4286.482443  0.7125823
4287.10525  0.7742939
4287.728057  0.8006225
4288.350864  0.7310726
4288.973671  0.584004
4289.596478  0.478877
4290.219285  0.4935489
4290.842092  0.5691318
4291.464899  0.6021709
4292.087706  0.6964207
4292.710513  0.8005835
4293.33332  0.7997368
4293.956127  0.6844798
4294.578934  0.635179
4295.201741  0.7030589
4295.824548  0.7484111
4296.447355  0.719925
4297.070162  0.6716518
4297.692969  0.6520366
4298.315776  0.5816427
4298.938583  0.4675822
4299.56139  0.3818544
4300.184197  0.3993719
4300.807004  0.496703
4301.429811  0.5683353
4302.052618  0.5399478
4302.675425  0.5002996
4303.298232  0.5138077
4303.921039  0.5636047
4304.543846  0.5656798
4305.166653  0.5162247
4305.78946  0.4745751
4306.412267  0.4777962
4307.035074  0.4179763
4307.657881  0.3385109
4308.280688  0.3228729
4308.903495  0.3629547
4309.526302  0.4203716
4310.149109  0.4760835
4310.771916  0.5336512
4311.394723  0.5686319
4312.01753  0.5982326
4312.640337  0.6532954
4313.263144  0.7311298
4313.885951  0.7317839
4314.508758  0.7028168
4315.131565  0.8257591
4315.754372  1.025985
4316.377179  1.153731
4316.999986  1.139743
4317.622793  1.106231
4318.2456  1.06782
4318.868407  1.034454
4319.491214  1.047131
4320.114021  0.9938253
4320.736828  0.9178333
4321.359635  0.9369497
4321.982442  0.9790806
4322.605249  0.9172065
4323.228056  0.7464812
4323.850863  0.6311213
4324.47367  0.5305857
4325.096477  0.4189838
4325.719284  0.3609932
4326.342091  0.4774407
4326.964898  0.7020602
4327.587705  0.9066237
4328.210512  1.053965
4328.833319  1.102024
4329.456126  1.048347
4330.078933  0.9475278
4330.70174  0.9055784
4331.324547  0.945685
4331.947354  1.009943
4332.570161  1.01897
4333.192968  1.00981
4333.815775  1.028998
4334.438582  1.074698
4335.061389  1.154703
4335.684196  1.189162
4336.307003  1.083668
4336.92981  0.8574995
4337.552617  0.7070909
4338.175424  0.7193543
4338.798231  0.7456253
4339.421038  0.710567
4340.043845  0.643213
4340.666652  0.63707
4341.289459  0.7516739
4341.912266  0.9207153
4342.535073  1.014575
4343.15788  0.9509548
4343.780687  0.877393
4344.403494  0.9185531
4345.026301  1.047865
4345.649108  1.084986
4346.271915  1.018363
4346.894722  0.947725
4347.517529  0.9490006
4348.140336  1.035031
4348.763143  1.156086
4349.38595  1.218544
4350.008757  1.120142
4350.631564  0.9015514
4351.254371  0.6993102
4351.877178  0.624158
4352.499985  0.7004163
4353.122792  0.8435768
4353.745599  0.9184255
4354.368406  0.9178751
4354.991213  0.9049075
4355.61402  0.9402555
4356.236827  1.007349
4356.859634  1.074152
4357.482441  1.079343
4358.105248  0.9645354
4358.728055  0.8485992
4359.350862  0.817811
4359.973669  0.8730829
4360.596476  0.9881552
4361.219283  1.093863
4361.84209  1.122405
4362.464897  1.05971
4363.087704  1.003387
4363.710511  1.036888
4364.333318  1.150654
4364.956125  1.222894
4365.578932  1.195273
4366.201739  1.087853
4366.824546  0.962109
4367.447353  0.8658852
4368.07016  0.8532241
4368.692967  0.9465333
4369.315774  0.9946839
4369.938581  0.9758543
4370.561388  0.9649849
4371.184195  0.9844736
4371.807002  1.014705
4372.429809  1.002303
4373.052616  0.9068594
4373.675423  0.8121053
4374.29823  0.7416186
4374.921037  0.6827014
4375.543844  0.70916
4376.166651  0.8212361
4376.789458  0.954055
4377.412265  1.028139
4378.035072  1.060437
4378.657879  1.054808
4379.280686  0.997686
4379.903493  0.9356356
4380.5263  0.9096799
4381.149107  0.9041871
4381.771914  0.8339438
4382.394721  0.6347921
4383.017528  0.3915022
4383.640335  0.2847508
4384.263142  0.3293382
4384.885949  0.4983134
4385.508756  0.7230121
4386.131563  0.8831207
4386.75437  0.9114606
4387.377177  0.856612
4387.999984  0.8386203
4388.622791  0.8421109
4389.245598  0.8261451
4389.868405  0.7834795
4390.491212  0.7706332
4391.114019  0.7959405
4391.736826  0.8458744
4392.359633  0.9052316
4392.98244  0.9152208
4393.605247  0.8849402
4394.228054  0.8580595
4394.850861  0.8037844
4395.473668  0.8324045
4396.096475  0.9877871
4396.719282  1.108789
4397.342089  1.132821
4397.964896  1.088402
4398.587703  1.035721
4399.21051  0.9700049
4399.833317  0.8763276
4400.456124  0.7958818
4401.078931  0.8419549
4401.701738  1.000978
4402.324545  1.115463
4402.947352  1.004915
4403.570159  0.7557464
4404.192966  0.5225111
4404.815773  0.4443707
4405.43858  0.5839506
4406.061387  0.7692473
4406.684194  0.839824
4407.307001  0.7993716
4407.929808  0.7203597
4408.552615  0.7259269
4409.175422  0.869907
4409.798229  1.011519
4410.421036  1.081448
4411.043843  1.089014
4411.66665  1.084988
4412.289457  1.124867
4412.912264  1.15642
4413.535071  1.066751
4414.157878  0.8463138
4414.780685  0.6695561
4415.403492  0.6837154
4416.026299  0.8223625
4416.649106  0.9280189
4417.271913  0.9636056
4417.89472  1.015503
4418.517527  1.080245
4419.140334  1.128801
4419.763141  1.13808
4420.385948  1.10937
4421.008755  1.037819
4421.631562  0.9319702
4422.254369  0.8339412
4422.877176  0.8343635
4423.499983  0.9241126
4424.12279  1.011233
4424.745597  1.015079
4425.368404  0.9862319
4425.991211  0.9770923
4426.614018  0.968235
4427.236825  0.9708892
4427.859632  1.021518
4428.482439  1.099831
4429.105246  1.030893
4429.728053  0.8738836
4430.35086  0.8004521
4430.973667  0.9068757
4431.596474  1.048007
4432.219281  1.097542
4432.842088  1.0439
4433.464895  0.9414866
4434.087702  0.8378026
4434.710509  0.7649483
4435.333316  0.749848
4435.956123  0.8243077
4436.57893  0.9490042
4437.201737  1.037472
4437.824544  1.100564
4438.447351  1.168302
4439.070158  1.222566
4439.692965  1.169148
4440.315772  1.057068
4440.938579  0.9547414
4441.561386  0.8784677
4442.184193  0.8434228
4442.807  0.8493963
4443.429807  0.8906847
4444.052614  0.9673879
4444.675421  1.08207
4445.298228  1.195403
4445.921035  1.224445
4446.543842  1.141447
4447.166649  1.060611
4447.789456  1.110103
4448.412263  1.187258
4449.03507  1.170306
4449.657877  1.062996
4450.280684  1.028416
4450.903491  1.080312
4451.526298  1.135048
4452.149105  1.110992
4452.771912  1.069183
4453.394719  1.022887
4454.017526  0.946902
4454.640333  0.8358148
4455.26314  0.805292
4455.885947  0.8803867
4456.508754  0.9476874
4457.131561  0.9609941
4457.754368  0.9246765
4458.377175  0.8723805
4458.999982  0.8373101
4459.622789  0.856198
4460.245596  0.8820833
4460.868403  0.8079403
4461.49121  0.7157899
4462.114017  0.7372128
4462.736824  0.913079
4463.359631  1.082572
4463.982438  1.111956
4464.605245  1.027106
4465.228052  1.00479
4465.850859  1.00311
4466.473666  1.004976
4467.096473  1.041312
4467.71928  1.060752
4468.342087  1.017424
4468.964894  0.9432562
4469.587701  0.9523132
4470.210508  1.000278
4470.833315  1.035925
4471.456122  1.061502
4472.078929  1.086279
4472.701736  1.138531
4473.324543  1.205964
4473.94735  1.196402
4474.570157  1.146884
4475.192964  1.124994
4475.815771  1.159162
4476.438578  1.24702
4477.061385  1.321177
4477.684192  1.319618
4478.306999  1.275369
4478.929806  1.170777
4479.552613  1.031182
4480.17542  0.9549309
4480.798227  0.9412511
4481.421034  0.9358191
4482.043841  0.9199702
4482.666648  1.013109
4483.289455  1.138634
4483.912262  1.202795
4484.535069  1.250095
4485.157876  1.286273
4485.780683  1.303458
4486.40349  1.288352
4487.026297  1.222378
4487.649104  1.132978
4488.271911  1.052556
4488.894718  0.9714659
4489.517525  0.9457662
4490.140332  0.9705604
4490.763139  0.14747
4491.385946  0.
4492.008753  0.
4492.63156  0.
4493.254367  0.
4493.877174  0.
4494.499981  0.
4495.122788  0.
4495.745595  0.
4496.368402  0.
4496.991209  0.
4497.614016  0.
4498.236823  0.
4498.85963  0.
4499.482437  0.
4500.105244  0.
4500.728051  0.
4501.350858  0.
4501.973665  0.
4502.596472  0.
4503.219279  0.
4503.842086  0.
4504.464893  0.
4505.0877  0.
4505.710507  0.
4506.333314  0.
4506.956121  0.
4507.578928  0.
4508.201735  0.
4508.824542  0.
