3820.  0.5381305
3820.622807  0.4911077
3821.245614  0.5742195
3821.868421  0.7034977
3822.491228  0.7835482
3823.114035  0.7643257
3823.736842  0.6670293
3824.359649  0.5726999
3824.982456  0.525882
3825.605263  0.5043465
3826.22807  0.5164227
3826.850877  0.5365553
3827.473684  0.5309449
3828.096491  0.5199321
3828.719298  0.5101909
3829.342105  0.5136859
3829.964912  0.5531735
3830.587719  0.584687
3831.210526  0.5534277
3831.833333  0.4552422
3832.45614  0.4043654
3833.078947  0.4066776
3833.701754  0.4090803
3834.324561  0.3977809
3834.947368  0.3929815
3835.570175  0.4138423
3836.192982  0.4535734
3836.815789  0.4805862
3837.438596  0.4591667
3838.061403  0.4030946
3838.68421  0.4125265
3839.307017  0.4559449
3839.929824  0.4732904
3840.552631  0.4701997
3841.175438  0.5339782
3841.798245  0.6458094
3842.421052  0.7067295
3843.043859  0.701473
3843.666666  0.6959546
3844.289473  0.7287358
3844.91228  0.7368174
3845.535087  0.7096558
3846.157894  0.6932679
3846.780701  0.7423718
3847.403508  0.8103109
3848.026315  0.8482212
3848.649122  0.8270243
3849.271929  0.7460229
3849.894736  0.6826605
3850.517543  0.6997601
3851.14035  0.7822727
3851.763157  0.8421197
3852.385964  0.8420999
3853.008771  0.8108745
3853.631578  0.7922393
3854.254385  0.7874023
3854.877192  0.7628865
3855.499999  0.6926416
3856.122806  0.6645017
3856.745613  0.7129403
3857.36842  0.7743187
3857.991227  0.7437339
3858.614034  0.6355462
3859.236841  0.5392368
3859.859648  0.5294954
3860.482455  0.5976248
3861.105262  0.6999215
3861.728069  0.7924318
3862.350876  0.8409041
3862.973683  0.8445284
3863.59649  0.8264791
3864.219297  0.8135546
3864.842104  0.7936436
3865.464911  0.7693501
3866.087718  0.7729238
3866.710525  0.7873493
3867.333332  0.7994488
3867.956139  0.8099234
3868.578946  0.822661
3869.201753  0.8178892
3869.82456  0.7865573
3870.447367  0.7496828
3871.070174  0.7033194
3871.692981  0.6440069
3872.315788  0.588482
3872.938595  0.5916673
3873.561402  0.65587
3874.184209  0.7389532
3874.807016  0.7931545
3875.429823  0.807254
3876.05263  0.8020723
3876.675437  0.7955396
3877.298244  0.7115678
3877.921051  0.5949201
3878.543858  0.5645074
3879.166665  0.6583526
3879.789472  0.7761862
3880.412279  0.8192593
3881.035086  0.7918321
3881.657893  0.7140685
3882.2807  0.6432161
3882.903507  0.6361485
3883.526314  0.6729429
3884.149121  0.695367
3884.771928  0.660831
3885.394735  0.5834785
3886.017542  0.5085669
3886.640349  0.4828068
3887.263156  0.511361
3887.885963  0.4968978
3888.50877  0.4379144
3889.131577  0.4070305
3889.754384  0.4539225
3890.377191  0.5342342
3890.999998  0.5997742
3891.622805  0.6502762
3892.245612  0.6677908
3892.868419  0.6577662
3893.491226  0.6478274
3894.114033  0.6638944
3894.73684  0.6641636
3895.359647  0.6425468
3895.982454  0.6801964
3896.605261  0.7334744
3897.228068  0.7519775
3897.850875  0.7321226
3898.473682  0.7143952
3899.096489  0.6994654
3899.719296  0.68555
3900.342103  0.7132318
3900.96491  0.7721882
3901.587717  0.8011823
3902.210524  0.7415309
3902.833331  0.6713371
3903.456138  0.6563564
3904.078945  0.6854041
3904.701752  0.662967
3905.324559  0.6027346
3905.947366  0.5792291
3906.570173  0.6442022
3907.19298  0.7226387
3907.815787  0.7669429
3908.438594  0.7865798
3909.061401  0.7866657
3909.684208  0.7740259
3910.307015  0.7630231
3910.929822  0.7743325
3911.552629  0.8121324
3912.175436  0.8409927
3912.798243  0.8156393
3913.42105  0.765463
3914.043857  0.7480412
3914.666664  0.7797218
3915.289471  0.7879346
3915.912278  0.7581362
3916.535085  0.7289438
3917.157892  0.7460353
3917.780699  0.7460229
3918.403506  0.7210672
3919.026313  0.7077461
3919.64912  0.6933135
3920.271927  0.658786
3920.894734  0.6262737
3921.517541  0.6573657
3922.140348  0.6813108
3922.763155  0.6775485
3923.385962  0.6927469
3924.008769  0.7194108
3924.631576  0.7091541
3925.254383  0.6483731
3925.87719  0.6101589
3926.499997  0.593857
3927.122804  0.5626847
3927.745611  0.4931148
3928.368418  0.4360839
3928.991225  0.403351
3929.614032  0.3718457
3930.236839  0.33126
3930.859646  0.2927732
3931.482453  0.2622791
3932.10526  0.2297378
3932.728067  0.2107682
3933.350874  0.2063146
3933.973681  0.2042267
3934.596488  0.2067918
3935.219295  0.2215961
3935.842102  0.2538056
3936.464909  0.2995584
3937.087716  0.3448738
3937.710523  0.3837894
3938.33333  0.424189
3938.956137  0.4805632
3939.578944  0.5378976
3940.201751  0.5698975
3940.824558  0.5725886
3941.447365  0.5781626
3942.070172  0.5974801
3942.692979  0.6015859
3943.315786  0.5777461
3943.938593  0.5489112
3944.5614  0.5570647
3945.184207  0.6275182
3945.807014  0.7151113
3946.429821  0.7559695
3947.052628  0.7251751
3947.675435  0.6679464
3948.298242  0.6422401
3948.921049  0.6724911
3949.543856  0.7189882
3950.166663  0.7566368
3950.78947  0.7754773
3951.412277  0.7659509
3952.035084  0.7207201
3952.657891  0.6759763
3953.280698  0.6924066
3953.903505  0.7582128
3954.526312  0.8031017
3955.149119  0.7713251
3955.771926  0.7001302
3956.394733  0.6555966
3957.01754  0.6671274
3957.640347  0.7038983
3958.263154  0.7437906
3958.885961  0.773443
3959.508768  0.780625
3960.131575  0.7408114
3960.754382  0.6528786
3961.377189  0.5552803
3961.999996  0.5129895
3962.622803  0.5183638
3963.24561  0.5297482
3963.868417  0.5133191
3964.491224  0.4841599
3965.114031  0.4420435
3965.736838  0.3814565
3966.359645  0.3161877
3966.982452  0.2632919
3967.605259  0.2313312
3968.228066  0.2162369
3968.850873  0.208936
3969.47368  0.2146239
3970.096487  0.2443097
3970.719294  0.2945485
3971.342101  0.3512455
3971.964908  0.401858
3972.587715  0.4438191
3973.210522  0.4775548
3973.833329  0.5084263
3974.456136  0.5448228
3975.078943  0.5949368
3975.70175  0.6288818
3976.324557  0.6318
3976.947364  0.6461765
3977.570171  0.6822402
3978.192978  0.7233576
3978.815785  0.7500152
3979.438592  0.788359
3980.061399  0.8257501
3980.684206  0.8300123
3981.307013  0.7990102
3981.92982  0.7688212
3982.552627  0.761791
3983.175434  0.7631218
3983.798241  0.7661775
3984.421048  0.7761905
3985.043855  0.7946706
3985.666662  0.7955557
3986.289469  0.7697816
3986.912276  0.7506037
3987.535083  0.7982082
3988.15789  0.8565022
3988.780697  0.8651439
3989.403504  0.8237424
3990.026311  0.8081356
3990.649118  0.8316118
3991.271925  0.8606634
3991.894732  0.8702798
3992.517539  0.8812205
3993.140346  0.8966956
3993.763153  0.8882067
3994.38596  0.8653136
3995.008767  0.8453826
3995.631574  0.8353527
3996.254381  0.8219819
3996.877188  0.7946229
3997.499995  0.763025
3998.122802  0.7595656
3998.745609  0.8182621
3999.368416  0.8987665
3999.991223  0.9268157
4000.61403  0.9117398
4001.236837  0.8877241
4001.859644  0.8860179
4002.482451  0.9133248
4003.105258  0.9457415
4003.728065  0.9386339
4004.350872  0.8616796
4004.973679  0.7612095
4005.596486  0.7076645
4006.219293  0.735835
4006.8421  0.800512
4007.464907  0.8676024
4008.087714  0.9102934
4008.710521  0.9117276
4009.333328  0.8893802
4009.956135  0.880954
4010.578942  0.9034513
4011.201749  0.9097269
4011.824556  0.9070401
4012.447363  0.9128397
4013.07017  0.9138395
4013.692977  0.8999379
4014.315784  0.8878073
4014.938591  0.9041823
4015.561398  0.9340292
4016.184205  0.9361889
4016.807012  0.892233
4017.429819  0.8459917
4018.052626  0.8546813
4018.675433  0.9168646
4019.29824  0.968455
4019.921047  0.9727107
4020.543854  0.9454355
4021.166661  0.923275
4021.789468  0.9146197
4022.412275  0.922085
4023.035082  0.9317995
4023.657889  0.9173397
4024.280696  0.8801638
4024.903503  0.8580212
4025.52631  0.8875481
4026.149117  0.9399095
4026.771924  0.9721836
4027.394731  0.9709644
4028.017538  0.9701366
4028.640345  0.9707665
4029.263152  0.9425651
4029.885959  0.8610639
4030.508766  0.7809799
4031.131573  0.7601054
4031.75438  0.7942737
4032.377187  0.7890952
4032.999994  0.7783637
4033.622801  0.8046309
4034.245608  0.8476024
4034.868415  0.863287
4035.491222  0.8668266
4036.114029  0.9016322
4036.736836  0.9567901
4037.359643  0.9905128
4037.98245  0.9888137
4038.605257  0.9859414
4039.228064  0.9711919
4039.850871  0.9367253
4040.473678  0.8964643
4041.096485  0.8778621
4041.719292  0.9073058
4042.342099  0.9670659
4042.964906  0.9789931
4043.587713  0.9341131
4044.21052  0.8442151
4044.833327  0.7269075
4045.456134  0.6311327
4046.078941  0.6357291
4046.701748  0.7657199
4047.324555  0.9133504
4047.947362  0.9740591
4048.570169  0.9441999
4049.192976  0.9232219
4049.815783  0.9377272
4050.43859  0.9651901
4051.061397  0.966134
4051.684204  0.9243209
4052.307011  0.877238
4052.929818  0.8619773
4053.552625  0.8661161
4054.175432  0.8523709
4054.798239  0.8273804
4055.421046  0.8338107
4056.043853  0.8668163
4056.66666  0.8696334
4057.289467  0.8148198
4057.912274  0.7765302
4058.535081  0.7889105
4059.157888  0.8415973
4059.780695  0.8972452
4060.403502  0.9350689
4061.026309  0.9441922
4061.649116  0.9200506
4062.271923  0.858254
4062.89473  0.757039
4063.517537  0.6731622
4064.140344  0.7101055
4064.763151  0.8178842
4065.385958  0.8976943
4066.008765  0.889125
4066.631572  0.8349316
4067.254379  0.8091018
4067.877186  0.8487024
4068.499993  0.9145294
4069.1228  0.9670672
4069.745607  0.9763486
4070.368414  0.9270837
4070.991221  0.8158184
4071.614028  0.7329804
4072.236835  0.7641061
4072.859642  0.8643627
4073.482449  0.9325565
4074.105256  0.9297057
4074.728063  0.9104408
4075.35087  0.8796459
4075.973677  0.8275656
4076.596484  0.7542925
4077.219291  0.6903526
4077.842098  0.6840035
4078.464905  0.7389392
4079.087712  0.7903574
4079.710519  0.8331782
4080.333326  0.880759
4080.956133  0.9337496
4081.57894  0.9577489
4082.201747  0.9382526
4082.824554  0.8905491
4083.447361  0.8540794
4084.070168  0.8322662
4084.692975  0.8219234
4085.315782  0.8289434
4085.938589  0.8547988
4086.561396  0.8900617
4087.184203  0.9224209
4087.80701  0.9477652
4088.429817  0.9616204
4089.052624  0.9588097
4089.675431  0.9379796
4090.298238  0.923765
4090.921045  0.9145569
4091.543852  0.8925119
4092.166659  0.863506
4092.789466  0.8630741
4093.412273  0.8990918
4094.03508  0.9177657
4094.657887  0.8881679
4095.280694  0.8321943
4095.903501  0.8022884
4096.526308  0.7925824
4097.149115  0.7879573
4097.771922  0.7782765
4098.394729  0.7648206
4099.017536  0.7492384
4099.640343  0.7187592
4100.26315  0.6511424
4100.885957  0.5426612
4101.508764  0.4557313
4102.131571  0.4616877
4102.754378  0.5443137
4103.377185  0.6377545
4103.999992  0.6995212
4104.622799  0.7504996
4105.245606  0.7967475
4105.868413  0.8276867
4106.49122  0.8319104
4107.114027  0.8363576
4107.736834  0.8424788
4108.359641  0.8418407
4108.982448  0.8369869
4109.605255  0.83574
4110.228062  0.8436515
4110.850869  0.860903
4111.473676  0.8746321
4112.096483  0.8823956
4112.71929  0.8923078
4113.342097  0.9180238
4113.964904  0.9356768
4114.587711  0.9356069
4115.210518  0.9420424
4115.833325  0.9680138
4116.456132  0.9947919
4117.078939  0.9892427
4117.701746  0.9367301
4118.324553  0.8703032
4118.94736  0.8383034
4119.570167  0.8665946
4120.192974  0.9119914
4120.815781  0.9347115
4121.438588  0.9279401
4122.061395  0.9113201
4122.684202  0.8986927
4123.307009  0.9002897
4123.929816  0.9246106
4124.552623  0.9533544
4125.17543  0.9572181
4125.798237  0.9250075
4126.421044  0.9026281
4127.043851  0.8904592
4127.666658  0.8690925
4128.289465  0.8720264
4128.912272  0.8916309
4129.535079  0.912743
4130.157886  0.9359113
4130.780693  0.9285119
4131.4035  0.8761938
4132.026307  0.8079184
4132.649114  0.8035886
4133.271921  0.8347008
4133.894728  0.8471333
4134.517535  0.8609351
4135.140342  0.9188269
4135.763149  0.98768
4136.385956  0.9830393
4137.008763  0.9542652
4137.63157  0.9550529
4138.254377  0.9942148
4138.877184  1.027086
4139.499991  1.027252
4140.122798  1.011441
4140.745605  1.01839
4141.368412  1.008706
4141.991219  0.9601749
4142.614026  0.8832309
4143.236833  0.7974769
4143.85964  0.7812034
4144.482447  0.8603798
4145.105254  0.9497489
4145.728061  0.992223
4146.350868  0.9859921
4146.973675  0.9712582
4147.596482  0.9779215
4148.219289  0.9849549
4148.842096  0.9613439
4149.464903  0.9216931
4150.08771  0.9248464
4150.710517  0.9626877
4151.333324  0.9613647
4151.956131  0.954152
4152.578938  0.956644
4153.201745  0.945976
4153.824552  0.8814573
4154.447359  0.8502762
4155.070166  0.8902183
4155.692973  0.9082878
4156.31578  0.8843454
4156.938587  0.8694356
4157.561394  0.9104156
4158.184201  0.9353471
4158.807008  0.9459842
4159.429815  0.9664503
4160.052622  0.9811661
4160.675429  0.9659362
4161.298236  0.9498304
4161.921043  0.9869435
4162.54385  1.028983
4163.166657  1.037757
4163.789464  1.017098
4164.412271  1.00779
4165.035078  1.013045
4165.657885  1.014095
4166.280692  0.9908867
4166.903499  0.9327844
4167.526306  0.8924121
4168.149113  0.9241233
4168.77192  0.9775072
4169.394727  1.009436
4170.017534  1.001653
4170.640341  0.9608689
4171.263148  0.8910288
4171.885955  0.8196452
4172.508762  0.7838402
4173.131569  0.7896154
4173.754376  0.8282442
4174.377183  0.8764263
4174.99999  0.9022521
4175.622797  0.9191366
4176.245604  0.9253662
4176.868411  0.9010123
4177.491218  0.8782429
4178.114025  0.8767314
4178.736832  0.8989426
4179.359639  0.9421213
4179.982446  0.992814
4180.605253  1.008115
4181.22806  0.9436734
4181.850867  0.8792556
4182.473674  0.8659233
4183.096481  0.8871301
4183.719288  0.8946502
4184.342095  0.9104128
4184.964902  0.9580452
4185.587709  0.9966196
4186.210516  0.9583898
4186.833323  0.8644599
4187.45613  0.8112801
4188.078937  0.8299986
4188.701744  0.8957227
4189.324551  0.9636135
4189.947358  1.009729
4190.570165  0.9914269
4191.192972  0.934694
4191.815779  0.9311497
4192.438586  0.9906663
4193.061393  1.059271
4193.6842  1.073958
4194.307007  1.030115
4194.929814  0.9594243
4195.552621  0.9102973
4196.175428  0.9162767
4196.798235  0.9399772
4197.421042  0.9155511
4198.043849  0.824204
4198.666656  0.7823064
4199.289463  0.8266406
4199.91227  0.9081244
4200.535077  0.9410853
4201.157884  0.9012426
4201.780691  0.8452573
4202.403498  0.8551738
4203.026305  0.9036707
4203.649112  0.9373547
4204.271919  0.9359409
4204.894726  0.9441844
4205.517533  0.9595452
4206.14034  0.9679756
4206.763147  0.9715061
4207.385954  0.9860936
4208.008761  1.00472
4208.631568  1.003654
4209.254375  0.9725329
4209.877182  0.9472469
4210.499989  0.9586041
4211.122796  0.9936359
4211.745603  1.028664
4212.36841  1.044999
4212.991217  1.040621
4213.614024  1.041537
4214.236831  1.019388
4214.859638  0.9460261
4215.482445  0.8604797
4216.105252  0.8493181
4216.728059  0.9140239
4217.350866  0.9622747
4217.973673  0.9772849
4218.59648  0.9683154
4219.219287  0.9563396
4219.842094  0.9649554
4220.464901  0.9978667
4221.087708  1.026207
4221.710515  1.007663
4222.333322  0.9815734
4222.956129  0.9620029
4223.578936  0.9299946
4224.201743  0.8845274
4224.82455  0.8410961
4225.447357  0.782734
4226.070164  0.6553597
4226.692971  0.5714494
4227.315778  0.6330742
4227.938585  0.8222123
4228.561392  0.9611623
4229.184199  0.9991399
4229.807006  0.9943988
4230.429813  1.005268
4231.05262  1.02526
4231.675427  1.01792
4232.298234  0.9618113
4232.921041  0.8952002
4233.543848  0.8825688
4234.166655  0.9350896
4234.789462  0.9347723
4235.412269  0.8773744
4236.035076  0.83369
4236.657883  0.8658837
4237.28069  0.9092053
4237.903497  0.9171668
4238.526304  0.8988686
4239.149111  0.8685122
4239.771918  0.8652886
4240.394725  0.9118117
4241.017532  0.9795675
4241.640339  0.9978499
4242.263146  0.9572788
4242.885953  0.9250891
4243.50876  0.9513834
4244.131567  0.9970869
4244.754374  1.000829
4245.377181  0.9784858
4245.999988  0.9355702
4246.622795  0.887162
4247.245602  0.8628001
4247.868409  0.8784301
4248.491216  0.9110602
4249.114023  0.9138547
4249.73683  0.8543597
4250.359637  0.8149963
4250.982444  0.8631062
4251.605251  0.9495981
4252.228058  1.012176
4252.850865  1.01359
4253.473672  0.9612963
4254.096479  0.902203
4254.719286  0.8778023
4255.342093  0.9023507
4255.9649  0.9565066
4256.587707  1.008368
4257.210514  1.016125
4257.833321  0.9585463
4258.456128  0.9150108
4259.078935  0.8784616
4259.701742  0.8073775
4260.324549  0.7556498
4260.947356  0.77956
4261.570163  0.8744729
4262.19297  0.9634167
4262.815777  1.011197
4263.438584  1.016726
4264.061391  1.002029
4264.684198  0.9935556
4265.307005  1.005624
4265.929812  1.022339
4266.552619  1.001606
4267.175426  0.9616715
4267.798233  0.9354692
4268.42104  0.9372725
4269.043847  0.9440846
4269.666654  0.934471
4270.289461  0.8856435
4270.912268  0.7696556
4271.535075  0.701263
4272.157882  0.7517235
4272.780689  0.8545811
4273.403496  0.8925955
4274.026303  0.8615496
4274.64911  0.8405693
4275.271917  0.8637186
4275.894724  0.9239607
4276.517531  0.9825493
4277.140338  0.999152
4277.763145  1.003934
4278.385952  1.005563
4279.008759  0.9794061
4279.631566  0.9261001
4280.254373  0.8988174
4280.87718  0.9241871
4281.499987  0.940066
4282.122794  0.9222298
4282.745601  0.9069051
4283.368408  0.9439858
4283.991215  0.9600703
4284.614022  0.933845
4285.236829  0.8965339
4285.859636  0.8724841
4286.482443  0.8742204
4287.10525  0.8918085
4287.728057  0.895732
4288.350864  0.8596284
4288.973671  0.7885451
4289.596478  0.7240234
4290.219285  0.7297871
4290.842092  0.7867587
4291.464899  0.8534262
4292.087706  0.922077
4292.710513  0.9529099
4293.33332  0.9308434
4293.956127  0.8858783
4294.578934  0.8745716
4295.201741  0.8919633
4295.824548  0.8967124
4296.447355  0.8671161
4297.070162  0.8456709
4297.692969  0.8329505
4298.315776  0.771957
4298.938583  0.6849997
4299.56139  0.6312296
4300.184197  0.6507821
4300.807004  0.7083707
4301.429811  0.7359444
4302.052618  0.7121555
4302.675425  0.693364
4303.298232  0.7231176
4303.921039  0.7747242
4304.543846  0.7881631
4305.166653  0.7706609
4305.78946  0.7665844
4306.412267  0.7765914
4307.035074  0.7206097
4307.657881  0.6523102
4308.280688  0.6316822
4308.903495  0.6620103
4309.526302  0.7051174
4310.149109  0.7468563
4310.771916  0.7872955
4311.394723  0.8098401
4312.01753  0.8211825
4312.640337  0.8355566
4313.263144  0.8566753
4313.885951  0.8405142
4314.508758  0.8264934
4315.131565  0.8822934
4315.754372  0.968399
4316.377179  1.031951
4316.999986  1.045419
4317.622793  1.023889
4318.2456  1.006645
4318.868407  1.008893
4319.491214  1.011226
4320.114021  0.9796857
4320.736828  0.9425402
4321.359635  0.9428748
4321.982442  0.9739949
4322.605249  0.9574858
4323.228056  0.8885168
4323.850863  0.8436065
4324.47367  0.788234
4325.096477  0.7210751
4325.719284  0.6899064
4326.342091  0.7562786
4326.964898  0.8594474
4327.587705  0.9337889
4328.210512  0.9817564
4328.833319  1.004993
4329.456126  0.9947501
4330.078933  0.9520591
4330.70174  0.9235706
4331.324547  0.9305567
4331.947354  0.9554484
4332.570161  0.9549956
4333.192968  0.9444796
4333.815775  0.9405974
4334.438582  0.9410066
4335.061389  0.9474221
4335.684196  0.9315585
4336.307003  0.8682239
4336.92981  0.775534
4337.552617  0.7058106
4338.175424  0.6786476
4338.798231  0.6549878
4339.421038  0.5716087
4340.043845  0.4745059
4340.666652  0.464198
4341.289459  0.5578197
4341.912266  0.6815102
4342.535073  0.7573031
4343.15788  0.7733786
4343.780687  0.773331
4344.403494  0.7995281
4345.026301  0.8553846
4345.649108  0.8933907
4346.271915  0.9066702
4346.894722  0.9116682
4347.517529  0.9191137
4348.140336  0.9401346
4348.763143  0.9720621
4349.38595  0.9937659
4350.008757  0.9753876
4350.631564  0.8994148
4351.254371  0.7946491
4351.877178  0.7480655
4352.499985  0.7955928
4353.122792  0.8941909
4353.745599  0.9518457
4354.368406  0.9605443
4354.991213  0.95017
4355.61402  0.956188
4356.236827  0.9916592
4356.859634  1.018168
4357.482441  1.005442
4358.105248  0.9712808
4358.728055  0.9302895
4359.350862  0.9132526
4359.973669  0.9458615
4360.596476  1.002174
4361.219283  1.043301
4361.84209  1.045669
4362.464897  1.02131
4363.087704  1.008953
4363.710511  1.027957
4364.333318  1.058947
4364.956125  1.075683
4365.578932  1.071551
4366.201739  1.047368
4366.824546  0.9892873
4367.447353  0.947011
4368.07016  0.9517422
4368.692967  0.9690187
4369.315774  0.9766862
4369.938581  0.9721615
4370.561388  0.9705995
4371.184195  0.9870749
4371.807002  1.011152
4372.429809  1.019295
4373.052616  0.9913328
4373.675423  0.9332685
4374.29823  0.8711718
4374.921037  0.841823
4375.543844  0.8747069
4376.166651  0.9402058
4376.789458  0.9908538
4377.412265  1.022846
4378.035072  1.029842
4378.657879  1.018787
4379.280686  1.008378
4379.903493  0.9999602
4380.5263  1.00706
4381.149107  1.025122
4381.771914  0.9937469
4382.394721  0.8793799
4383.017528  0.728896
4383.640335  0.6560715
4384.263142  0.6792721
4384.885949  0.768304
4385.508756  0.8763509
4386.131563  0.9572537
4386.75437  0.98075
4387.377177  0.955044
4387.999984  0.9337352
4388.622791  0.9337283
4389.245598  0.9423437
4389.868405  0.9372972
4390.491212  0.9269249
4391.114019  0.9353217
4391.736826  0.9694991
4392.359633  0.9949251
4392.98244  0.9985855
4393.605247  0.9776497
4394.228054  0.9325524
4394.850861  0.892819
4395.473668  0.9004962
4396.096475  0.9693674
4396.719282  1.032763
4397.342089  1.053721
4397.964896  1.037805
4398.587703  1.017607
4399.21051  0.9832933
4399.833317  0.9279491
4400.456124  0.8763674
4401.078931  0.8890106
4401.701738  0.9554553
4402.324545  1.016804
4402.947352  1.025067
4403.570159  0.9435899
4404.192966  0.8285755
4404.815773  0.803529
4405.43858  0.8821751
4406.061387  0.9820553
4406.684194  1.009358
4407.307001  0.9693828
4407.929808  0.9212189
4408.552615  0.9173769
4409.175422  0.9621683
4409.798229  1.007599
4410.421036  1.027816
4411.043843  1.033896
4411.66665  1.0512
4412.289457  1.074025
4412.912264  1.080436
4413.535071  1.05691
4414.157878  0.9701128
4414.780685  0.8729543
4415.403492  0.8688499
4416.026299  0.9224631
4416.649106  0.9627384
4417.271913  0.9607145
4417.89472  0.9740951
4418.517527  1.014052
4419.140334  1.060948
4419.763141  1.089895
4420.385948  1.089381
4421.008755  1.058911
4421.631562  1.009958
4422.254369  0.9626292
4422.877176  0.9502122
4423.499983  0.9792899
4424.12279  1.011894
4424.745597  1.011525
4425.368404  0.9959669
4425.991211  1.003938
4426.614018  1.00276
4427.236825  1.001805
4427.859632  1.023612
4428.482439  1.05926
4429.105246  1.048735
4429.728053  0.9904454
4430.35086  0.9546283
4430.973667  0.9680623
4431.596474  1.00134
4432.219281  1.010112
4432.842088  0.9901277
4433.464895  0.9621658
4434.087702  0.932588
4434.710509  0.8875485
4435.333316  0.8779475
4435.956123  0.9236065
4436.57893  0.9962358
4437.201737  1.045952
4437.824544  1.069146
4438.447351  1.082442
4439.070158  1.088069
4439.692965  1.072847
4440.315772  1.040198
4440.938579  1.006606
4441.561386  0.9665789
4442.184193  0.9215807
4442.807  0.8884085
4443.429807  0.8943387
4444.052614  0.9431872
4444.675421  1.015297
4445.298228  1.072967
4445.921035  1.072083
4446.543842  1.025359
4447.166649  0.9870802
4447.789456  0.9980916
4448.412263  1.038314
4449.03507  1.058045
4449.657877  1.026017
4450.280684  0.991578
4450.903491  0.9896468
4451.526298  1.013953
4452.149105  1.034322
4452.771912  1.03338
4453.394719  0.997579
4454.017526  0.9167061
4454.640333  0.8465706
4455.26314  0.8351761
4455.885947  0.8804773
4456.508754  0.9221632
4457.131561  0.937876
4457.754368  0.9327089
4458.377175  0.9051549
4458.999982  0.9004642
4459.622789  0.935871
4460.245596  0.9671153
4460.868403  0.9326152
4461.49121  0.880067
4462.114017  0.8996649
4462.736824  0.9729377
4463.359631  1.019361
4463.982438  1.00369
4464.605245  0.9859273
4465.228052  0.9872
4465.850859  0.9944046
4466.473666  0.9891107
4467.096473  1.000086
4467.71928  0.9967532
4468.342087  0.9571931
4468.964894  0.9324617
4469.587701  0.9322145
4470.210508  0.9534547
4470.833315  0.9912546
4471.456122  1.018346
4472.078929  1.031458
4472.701736  1.045008
4473.324543  1.067546
4473.94735  1.088409
4474.570157  1.084192
4475.192964  1.043359
4475.815771  1.016587
4476.438578  1.033462
4477.061385  1.07683
4477.684192  1.095229
4478.306999  1.079694
4478.929806  1.040938
4479.552613  0.9848071
4480.17542  0.9255937
4480.798227  0.8784676
4481.421034  0.8587788
4482.043841  0.8888811
4482.666648  0.9520991
4483.289455  1.012476
4483.912262  1.04662
4484.535069  1.055866
4485.157876  1.056666
4485.780683  1.065431
4486.40349  1.080724
4487.026297  1.077939
4487.649104  1.038667
4488.271911  0.9911429
4488.894718  0.9554999
4489.517525  0.9417556
4490.140332  0.9516806
4490.763139  0.9780468
4491.385946  1.016166
4492.008753  1.056779
4492.63156  1.068336
4493.254367  1.04002
4493.877174  0.99414
4494.499981  0.9788141
4495.122788  0.9904687
4495.745595  1.00728
4496.368402  1.01669
4496.991209  1.034708
4497.614016  1.057444
4498.236823  1.06947
4498.85963  1.066889
4499.482437  1.066652
4500.105244  1.057728
4500.728051  1.008828
4501.350858  0.9852581
4501.973665  1.013079
4502.596472  1.064571
4503.219279  1.105593
4503.842086  1.115493
4504.464893  1.102821
4505.0877  1.099315
4505.710507  1.103022
4506.333314  1.101524
4506.956121  1.086359
4507.578928  1.059717
4508.201735  1.046183
4508.824542  1.060134
