3820.  0.08633686
3820.622807  0.06879998
3821.245614  0.08186428
3821.868421  0.1149599
3822.491228  0.1441107
3823.114035  0.1491124
3823.736842  0.1305535
3824.359649  0.1059542
3824.982456  0.0883181
3825.605263  0.07611047
3826.22807  0.07710963
3826.850877  0.08877537
3827.473684  0.1007309
3828.096491  0.1098034
3828.719298  0.1168181
3829.342105  0.1244861
3829.964912  0.1345888
3830.587719  0.1462332
3831.210526  0.1475592
3831.833333  0.1283238
3832.45614  0.1089943
3833.078947  0.09751378
3833.701754  0.09211113
3834.324561  0.09330466
3834.947368  0.1152178
3835.570175  0.1497391
3836.192982  0.1676408
3836.815789  0.1680127
3837.438596  0.1487451
3838.061403  0.117087
3838.68421  0.1028408
3839.307017  0.1037292
3839.929824  0.1014209
3840.552631  0.08625759
3841.175438  0.09009594
3841.798245  0.1258312
3842.421052  0.1735626
3843.043859  0.1940388
3843.666666  0.1969229
3844.289473  0.197615
3844.91228  0.1876433
3845.535087  0.1751897
3846.157894  0.1673613
3846.780701  0.1666104
3847.403508  0.175692
3848.026315  0.1812406
3848.649122  0.1698859
3849.271929  0.1447801
3849.894736  0.1201438
3850.517543  0.1169209
3851.14035  0.1457667
3851.763157  0.1813792
3852.385964  0.192339
3853.008771  0.1709097
3853.631578  0.1483488
3854.254385  0.1412933
3854.877192  0.1469658
3855.499999  0.1489779
3856.122806  0.1336051
3856.745613  0.1221529
3857.36842  0.1327124
3857.991227  0.1302114
3858.614034  0.1126007
3859.236841  0.09329344
3859.859648  0.08320509
3860.482455  0.08537266
3861.105262  0.1033014
3861.728069  0.136378
3862.350876  0.1706732
3862.973683  0.1902806
3863.59649  0.1910406
3864.219297  0.1837552
3864.842104  0.1685829
3865.464911  0.1528984
3866.087718  0.1497554
3866.710525  0.1627966
3867.333332  0.1676394
3867.956139  0.1529302
3868.578946  0.1479425
3869.201753  0.1437527
3869.82456  0.1309937
3870.447367  0.115372
3871.070174  0.1090438
3871.692981  0.11182
3872.315788  0.1171188
3872.938595  0.1246097
3873.561402  0.1538583
3874.184209  0.2014427
3874.807016  0.2343937
3875.429823  0.2433808
3876.05263  0.2329351
3876.675437  0.2102203
3877.298244  0.173746
3877.921051  0.1311066
3878.543858  0.1097453
3879.166665  0.1401143
3879.789472  0.1759468
3880.412279  0.1836765
3881.035086  0.1638205
3881.657893  0.13174
3882.2807  0.1146722
3882.903507  0.1450939
3883.526314  0.2381156
3884.149121  0.3049047
3884.771928  0.2904234
3885.394735  0.2168545
3886.017542  0.144322
3886.640349  0.1216954
3887.263156  0.1534591
3887.885963  0.1939498
3888.50877  0.2118609
3889.131577  0.2226257
3889.754384  0.2633443
3890.377191  0.3010679
3890.999998  0.3301387
3891.622805  0.3620595
3892.245612  0.3904126
3892.868419  0.3923925
3893.491226  0.3733152
3894.114033  0.3644741
3894.73684  0.3297981
3895.359647  0.2758511
3895.982454  0.2532587
3896.605261  0.3078107
3897.228068  0.3527528
3897.850875  0.3303879
3898.473682  0.2998225
3899.096489  0.2684488
3899.719296  0.2455767
3900.342103  0.2536002
3900.96491  0.3167563
3901.587717  0.3637357
3902.210524  0.3350744
3902.833331  0.2740549
3903.456138  0.2699263
3904.078945  0.3125512
3904.701752  0.3110123
3905.324559  0.2620858
3905.947366  0.2190712
3906.570173  0.2291714
3907.19298  0.2774494
3907.815787  0.3260815
3908.438594  0.3579634
3909.061401  0.3811986
3909.684208  0.3769541
3910.307015  0.3611369
3910.929822  0.3614902
3911.552629  0.3746902
3912.175436  0.3932773
3912.798243  0.4048925
3913.42105  0.3989688
3914.043857  0.3908219
3914.666664  0.3917476
3915.289471  0.3920885
3915.912278  0.3580839
3916.535085  0.3253145
3917.157892  0.326577
3917.780699  0.3399163
3918.403506  0.3374671
3919.026313  0.3118048
3919.64912  0.273317
3920.271927  0.2230458
3920.894734  0.1960365
3921.517541  0.2077453
3922.140348  0.2176555
3922.763155  0.2181494
3923.385962  0.2314172
3924.008769  0.2743758
3924.631576  0.2917806
3925.254383  0.274463
3925.87719  0.2495814
3926.499997  0.2374247
3927.122804  0.2161616
3927.745611  0.1780487
3928.368418  0.1467969
3928.991225  0.1337349
3929.614032  0.1249815
3930.236839  0.1059545
3930.859646  0.09387904
3931.482453  0.08384967
3932.10526  0.06945901
3932.728067  0.055777
3933.350874  0.04581353
3933.973681  0.04252262
3934.596488  0.04789174
3935.219295  0.06141175
3935.842102  0.07895523
3936.464909  0.09871174
3937.087716  0.123287
3937.710523  0.1473685
3938.33333  0.171284
3938.956137  0.1993506
3939.578944  0.2271995
3940.201751  0.2381649
3940.824558  0.2289822
3941.447365  0.2251135
3942.070172  0.2324245
3942.692979  0.2332648
3943.315786  0.2062673
3943.938593  0.1715275
3944.5614  0.1711846
3945.184207  0.2275778
3945.807014  0.3080032
3946.429821  0.3574475
3947.052628  0.3540365
3947.675435  0.326128
3948.298242  0.3028315
3948.921049  0.3084543
3949.543856  0.3487962
3950.166663  0.4007953
3950.78947  0.4359689
3951.412277  0.4283785
3952.035084  0.371888
3952.657891  0.3202777
3953.280698  0.3330655
3953.903505  0.4164734
3954.526312  0.4745483
3955.149119  0.4622864
3955.771926  0.4004429
3956.394733  0.3481459
3957.01754  0.3377711
3957.640347  0.3549865
3958.263154  0.3673177
3958.885961  0.3945282
3959.508768  0.4078326
3960.131575  0.3678097
3960.754382  0.2794652
3961.377189  0.1937627
3961.999996  0.1566143
3962.622803  0.1733032
3963.24561  0.1990041
3963.868417  0.2078007
3964.491224  0.1987772
3965.114031  0.1786623
3965.736838  0.1500845
3966.359645  0.1181734
3966.982452  0.09122296
3967.605259  0.06922913
3968.228066  0.0537115
3968.850873  0.04946484
3969.47368  0.06216422
3970.096487  0.08669577
3970.719294  0.1144193
3971.342101  0.140218
3971.964908  0.1641772
3972.587715  0.1866396
3973.210522  0.2075256
3973.833329  0.2289297
3974.456136  0.2632393
3975.078943  0.3083616
3975.70175  0.335865
3976.324557  0.3390142
3976.947364  0.3463411
3977.570171  0.3874143
3978.192978  0.416595
3978.815785  0.4347421
3979.438592  0.4656825
3980.061399  0.5041987
3980.684206  0.5109324
3981.307013  0.4787721
3981.92982  0.4470036
3982.552627  0.4443092
3983.175434  0.4497057
3983.798241  0.4398073
3984.421048  0.4497556
3985.043855  0.4848775
3985.666662  0.5154809
3986.289469  0.5048248
3986.912276  0.4947388
3987.535083  0.52622
3988.15789  0.5863081
3988.780697  0.5810326
3989.403504  0.5163268
3990.026311  0.4641508
3990.649118  0.4882953
3991.271925  0.5252236
3991.894732  0.5397491
3992.517539  0.5519067
3993.140346  0.5672852
3993.763153  0.5665094
3994.38596  0.5434359
3995.008767  0.5322156
3995.631574  0.5279476
3996.254381  0.5168302
3996.877188  0.494186
3997.499995  0.4735147
3998.122802  0.4749209
3998.745609  0.5167853
3999.368416  0.6023952
3999.991223  0.6558226
4000.61403  0.6407356
4001.236837  0.6045135
4001.859644  0.6081682
4002.482451  0.649765
4003.105258  0.6845758
4003.728065  0.6816168
4004.350872  0.5926266
4004.973679  0.4507773
4005.596486  0.3820574
4006.219293  0.4125851
4006.8421  0.493487
4007.464907  0.5583728
4008.087714  0.6012611
4008.710521  0.620296
4009.333328  0.6235319
4009.956135  0.6278979
4010.578942  0.6282845
4011.201749  0.6156882
4011.824556  0.5967858
4012.447363  0.6112329
4013.07017  0.6350827
4013.692977  0.6340064
4014.315784  0.6248263
4014.938591  0.6566398
4015.561398  0.7092628
4016.184205  0.7037511
4016.807012  0.638115
4017.429819  0.5771607
4018.052626  0.5855749
4018.675433  0.6565272
4019.29824  0.7045968
4019.921047  0.6904131
4020.543854  0.6600994
4021.166661  0.6362724
4021.789468  0.627357
4022.412275  0.6354541
4023.035082  0.6615973
4023.657889  0.6504694
4024.280696  0.593209
4024.903503  0.5688952
4025.52631  0.5985292
4026.149117  0.6428301
4026.771924  0.6568427
4027.394731  0.6814384
4028.017538  0.7223799
4028.640345  0.7524072
4029.263152  0.7307411
4029.885959  0.6100842
4030.508766  0.4605247
4031.131573  0.4128081
4031.75438  0.4436836
4032.377187  0.4539454
4032.999994  0.4014353
4033.622801  0.3846461
4034.245608  0.4050576
4034.868415  0.4427102
4035.491222  0.4979128
4036.114029  0.5736757
4036.736836  0.6540565
4037.359643  0.7111865
4037.98245  0.7277777
4038.605257  0.7166265
4039.228064  0.6929943
4039.850871  0.6574243
4040.473678  0.6138949
4041.096485  0.599081
4041.719292  0.642315
4042.342099  0.6971844
4042.964906  0.6914446
4043.587713  0.6003873
4044.21052  0.4736266
4044.833327  0.3419968
4045.456134  0.244683
4046.078941  0.2288206
4046.701748  0.3290065
4047.324555  0.4792089
4047.947362  0.5868207
4048.570169  0.6212214
4049.192976  0.6284785
4049.815783  0.6527923
4050.43859  0.6934134
4051.061397  0.708699
4051.684204  0.6853749
4052.307011  0.6470854
4052.929818  0.636649
4053.552625  0.6296692
4054.175432  0.5924259
4054.798239  0.5296611
4055.421046  0.5215198
4056.043853  0.5611871
4056.66666  0.5742009
4057.289467  0.5111652
4057.912274  0.4491393
4058.535081  0.4559442
4059.157888  0.5087351
4059.780695  0.5804157
4060.403502  0.6401677
4061.026309  0.6600189
4061.649116  0.6170895
4062.271923  0.5155581
4062.89473  0.3866574
4063.517537  0.2842185
4064.140344  0.3061868
4064.763151  0.4376234
4065.385958  0.5581802
4066.008765  0.5786119
4066.631572  0.5301619
4067.254379  0.5017247
4067.877186  0.5440433
4068.499993  0.6238371
4069.1228  0.6917124
4069.745607  0.7131187
4070.368414  0.6411945
4070.991221  0.4937574
4071.614028  0.3661634
4072.236835  0.3915402
4072.859642  0.530996
4073.482449  0.6604508
4074.105256  0.6836494
4074.728063  0.6497492
4075.35087  0.5936794
4075.973677  0.5190346
4076.596484  0.4381197
4077.219291  0.3965777
4077.842098  0.4235418
4078.464905  0.4990976
4079.087712  0.567852
4079.710519  0.6238315
4080.333326  0.6947653
4080.956133  0.7652435
4081.57894  0.7847304
4082.201747  0.7344912
4082.824554  0.665365
4083.447361  0.6329509
4084.070168  0.6333222
4084.692975  0.6232483
4085.315782  0.6149547
4085.938589  0.6274546
4086.561396  0.6702934
4087.184203  0.7324999
4087.80701  0.7878802
4088.429817  0.8171993
4089.052624  0.8139719
4089.675431  0.7706224
4090.298238  0.7309063
4090.921045  0.7299948
4091.543852  0.7220283
4092.166659  0.6734985
4092.789466  0.6415533
4093.412273  0.7236004
4094.03508  0.7675842
4094.657887  0.7098299
4095.280694  0.6093117
4095.903501  0.5388221
4096.526308  0.5280511
4097.149115  0.5576332
4097.771922  0.5850046
4098.394729  0.6088184
4099.017536  0.6309437
4099.640343  0.6328371
4100.26315  0.5642633
4100.885957  0.4798574
4101.508764  0.4587246
4102.131571  0.5094658
4102.754378  0.5807123
4103.377185  0.6144602
4103.999992  0.5944669
4104.622799  0.5827219
4105.245606  0.6224941
4105.868413  0.6972255
4106.49122  0.7324178
4107.114027  0.7173414
4107.736834  0.6894647
4108.359641  0.686529
4108.982448  0.6673989
4109.605255  0.6245333
4110.228062  0.5860258
4110.850869  0.576174
4111.473676  0.5675555
4112.096483  0.5593398
4112.71929  0.5973197
4113.342097  0.6537042
4113.964904  0.685411
4114.587711  0.6787807
4115.210518  0.6801984
4115.833325  0.6811954
4116.456132  0.6771442
4117.078939  0.697463
4117.701746  0.6610186
4118.324553  0.5717323
4118.94736  0.5215985
4119.570167  0.5533835
4120.192974  0.6198704
4120.815781  0.6514792
4121.438588  0.6336417
4122.061395  0.609649
4122.684202  0.5909046
4123.307009  0.5620698
4123.929816  0.5979968
4124.552623  0.6741505
4125.17543  0.7113604
4125.798237  0.6797983
4126.421044  0.6463255
4127.043851  0.6354761
4127.666658  0.6021286
4128.289465  0.6055045
4128.912272  0.6139346
4129.535079  0.5760735
4130.157886  0.5659595
4130.780693  0.5618778
4131.4035  0.5184314
4132.026307  0.4411114
4132.649114  0.4362793
4133.271921  0.4797595
4133.894728  0.4772255
4134.517535  0.4846486
4135.140342  0.5595465
4135.763149  0.6685723
4136.385956  0.6838011
4137.008763  0.6418617
4137.63157  0.6185714
4138.254377  0.6432238
4138.877184  0.6546531
4139.499991  0.6491551
4140.122798  0.6534244
4140.745605  0.6653434
4141.368412  0.6312098
4141.991219  0.5281687
4142.614026  0.3971555
4143.236833  0.3071289
4143.85964  0.310231
4144.482447  0.4017878
4145.105254  0.504067
4145.728061  0.5650426
4146.350868  0.5805207
4146.973675  0.5834241
4147.596482  0.5919674
4148.219289  0.5931448
4148.842096  0.5648792
4149.464903  0.514923
4150.08771  0.4877366
4150.710517  0.4974193
4151.333324  0.5010176
4151.956131  0.4974297
4152.578938  0.5086414
4153.201745  0.538635
4153.824552  0.5214368
4154.447359  0.5023497
4155.070166  0.5203888
4155.692973  0.5121663
4156.31578  0.4831224
4156.938587  0.4758195
4157.561394  0.5238237
4158.184201  0.592515
4158.807008  0.6464685
4159.429815  0.6656082
4160.052622  0.6469743
4160.675429  0.61088
4161.298236  0.598869
4161.921043  0.6429822
4162.54385  0.6982943
4163.166657  0.7044881
4163.789464  0.6468233
4164.412271  0.5927443
4165.035078  0.5829483
4165.657885  0.5972121
4166.280692  0.5741568
4166.903499  0.5095419
4167.526306  0.4809275
4168.149113  0.5464572
4168.77192  0.6017602
4169.394727  0.6279623
4170.017534  0.6492397
4170.640341  0.668329
4171.263148  0.624635
4171.885955  0.522813
4172.508762  0.4386424
4173.131569  0.4325752
4173.754376  0.4802435
4174.377183  0.5253028
4174.99999  0.5444958
4175.622797  0.5549579
4176.245604  0.5589904
4176.868411  0.5387349
4177.491218  0.503247
4178.114025  0.5000917
4178.736832  0.5458655
4179.359639  0.5684377
4179.982446  0.5583861
4180.605253  0.5361788
4181.22806  0.5220796
4181.850867  0.5278398
4182.473674  0.5523491
4183.096481  0.5866069
4183.719288  0.621765
4184.342095  0.6747946
4184.964902  0.7328472
4185.587709  0.736053
4186.210516  0.6451632
4186.833323  0.5231913
4187.45613  0.4791742
4188.078937  0.5394292
4188.701744  0.6305512
4189.324551  0.6782898
4189.947358  0.6808839
4190.570165  0.6346059
4191.192972  0.5822411
4191.815779  0.5869347
4192.438586  0.6545314
4193.061393  0.7101482
4193.6842  0.695183
4194.307007  0.6485575
4194.929814  0.5901339
4195.552621  0.5298015
4196.175428  0.4812172
4196.798235  0.4847881
4197.421042  0.5026894
4198.043849  0.4908767
4198.666656  0.4961255
4199.289463  0.5413466
4199.91227  0.5965823
4200.535077  0.5985137
4201.157884  0.5361375
4201.780691  0.471694
4202.403498  0.4813618
4203.026305  0.56613
4203.649112  0.6257653
4204.271919  0.616096
4204.894726  0.6207215
4205.517533  0.6648875
4206.14034  0.7128271
4206.763147  0.7247569
4207.385954  0.7474375
4208.008761  0.7644612
4208.631568  0.7424831
4209.254375  0.6881477
4209.877182  0.6306662
4210.499989  0.6105437
4211.122796  0.6472586
4211.745603  0.689308
4212.36841  0.6970193
4212.991217  0.6660709
4213.614024  0.6211062
4214.236831  0.5490961
4214.859638  0.4561922
4215.482445  0.4005115
4216.105252  0.4988532
4216.728059  0.6859654
4217.350866  0.8167487
4217.973673  0.865939
4218.59648  0.865346
4219.219287  0.855464
4219.842094  0.8538322
4220.464901  0.884541
4221.087708  0.9044983
4221.710515  0.8562937
4222.333322  0.7710845
4222.956129  0.6963952
4223.578936  0.6483088
4224.201743  0.5939286
4224.82455  0.5057312
4225.447357  0.3768343
4226.070164  0.2389425
4226.692971  0.1727727
4227.315778  0.2446521
4227.938585  0.4386688
4228.561392  0.6355703
4229.184199  0.7283702
4229.807006  0.7484914
4230.429813  0.8098521
4231.05262  0.868499
4231.675427  0.8589025
4232.298234  0.7673455
4232.921041  0.6681706
4233.543848  0.6539884
4234.166655  0.7131413
4234.789462  0.7305161
4235.412269  0.6616113
4236.035076  0.5908198
4236.657883  0.6126484
4237.28069  0.6685097
4237.903497  0.7052897
4238.526304  0.7046392
4239.149111  0.6878597
4239.771918  0.6878073
4240.394725  0.7317359
4241.017532  0.8083567
4241.640339  0.8411514
4242.263146  0.8057703
4242.885953  0.7650377
4243.50876  0.8285307
4244.131567  0.9313431
4244.754374  0.9821287
4245.377181  0.9514513
4245.999988  0.8983543
4246.622795  0.8333868
4247.245602  0.7580319
4247.868409  0.7144509
4248.491216  0.7037533
4249.114023  0.6755084
4249.73683  0.5824733
4250.359637  0.513846
4250.982444  0.5442426
4251.605251  0.6627323
4252.228058  0.7556981
4252.850865  0.7602274
4253.473672  0.6708551
4254.096479  0.5428234
4254.719286  0.5203437
4255.342093  0.6027083
4255.9649  0.7066988
4256.587707  0.8430764
4257.210514  0.9046574
4257.833321  0.8342249
4258.456128  0.7185866
4259.078935  0.6424097
4259.701742  0.5856876
4260.324549  0.5030825
4260.947356  0.5090141
4261.570163  0.6102392
4262.19297  0.7474401
4262.815777  0.8679898
4263.438584  0.9148542
4264.061391  0.9025234
4264.684198  0.8991416
4265.307005  0.9270118
4265.929812  0.9544638
4266.552619  0.9320506
4267.175426  0.8429384
4267.798233  0.7673451
4268.42104  0.745532
4269.043847  0.7331051
4269.666654  0.6961177
4270.289461  0.6019055
4270.912268  0.4611963
4271.535075  0.3598123
4272.157882  0.3938835
4272.780689  0.5264509
4273.403496  0.58773
4274.026303  0.5366524
4274.64911  0.4769369
4275.271917  0.5327079
4275.894724  0.6671388
4276.517531  0.7749645
4277.140338  0.8215597
4277.763145  0.8854556
4278.385952  0.9273811
4279.008759  0.8786225
4279.631566  0.7360715
4280.254373  0.6511076
4280.87718  0.6794957
4281.499987  0.7517722
4282.122794  0.7411203
4282.745601  0.746079
4283.368408  0.79948
4283.991215  0.8102399
4284.614022  0.7536096
4285.236829  0.6814457
4285.859636  0.66265
4286.482443  0.7082357
4287.10525  0.7736674
4287.728057  0.7935426
4288.350864  0.7241806
4288.973671  0.5799618
4289.596478  0.478665
4290.219285  0.5074293
4290.842092  0.5634534
4291.464899  0.6228729
4292.087706  0.7049932
4292.710513  0.8038012
4293.33332  0.7850456
4293.956127  0.6809124
4294.578934  0.6405026
4295.201741  0.6938595
4295.824548  0.7439007
4296.447355  0.716883
4297.070162  0.6636171
4297.692969  0.6267226
4298.315776  0.5744731
4298.938583  0.4598937
4299.56139  0.3800391
4300.184197  0.397773
4300.807004  0.4886393
4301.429811  0.549131
4302.052618  0.5275732
4302.675425  0.4791155
4303.298232  0.5024034
4303.921039  0.5434616
4304.543846  0.543534
4305.166653  0.4999997
4305.78946  0.4793141
4306.412267  0.4662045
4307.035074  0.4201595
4307.657881  0.3380206
4308.280688  0.3156719
4308.903495  0.3569248
4309.526302  0.4032051
4310.149109  0.4520276
4310.771916  0.4992102
4311.394723  0.5369943
4312.01753  0.5633266
4312.640337  0.6291941
4313.263144  0.7042874
4313.885951  0.7204751
4314.508758  0.7168515
4315.131565  0.8192002
4315.754372  1.029088
4316.377179  1.134143
4316.999986  1.140298
4317.622793  1.101794
4318.2456  1.054494
4318.868407  1.046597
4319.491214  1.043425
4320.114021  0.9976438
4320.736828  0.9331086
4321.359635  0.9389482
4321.982442  0.9740355
4322.605249  0.8868712
4323.228056  0.7280908
4323.850863  0.5921389
4324.47367  0.5126675
4325.096477  0.4100306
4325.719284  0.3708958
4326.342091  0.476496
4326.964898  0.6875886
4327.587705  0.8924237
4328.210512  1.024333
4328.833319  1.071083
4329.456126  1.026288
4330.078933  0.9430553
4330.70174  0.9024273
4331.324547  0.956284
4331.947354  1.006602
4332.570161  1.010277
4333.192968  1.00767
4333.815775  1.020932
4334.438582  1.063652
4335.061389  1.125038
4335.684196  1.158235
4336.307003  1.055893
4336.92981  0.8538035
4337.552617  0.7182317
4338.175424  0.7127373
4338.798231  0.7431316
4339.421038  0.7038246
4340.043845  0.6407464
4340.666652  0.644362
4341.289459  0.7556307
4341.912266  0.9169484
4342.535073  0.9868515
4343.15788  0.9368564
4343.780687  0.8677247
4344.403494  0.9256559
4345.026301  1.035904
4345.649108  1.07262
4346.271915  1.009408
4346.894722  0.9423651
4347.517529  0.9448043
4348.140336  1.023089
4348.763143  1.139081
4349.38595  1.192515
4350.008757  1.106296
4350.631564  0.9007996
4351.254371  0.7035658
4351.877178  0.6232641
4352.499985  0.6823549
4353.122792  0.8123938
4353.745599  0.9015576
4354.368406  0.9008958
4354.991213  0.8866996
4355.61402  0.9018492
4356.236827  0.9619291
4356.859634  1.042962
4357.482441  1.041618
4358.105248  0.9504156
4358.728055  0.8488507
4359.350862  0.8224901
4359.973669  0.8775026
4360.596476  0.981753
4361.219283  1.089623
4361.84209  1.109225
4362.464897  1.03852
4363.087704  0.9659261
4363.710511  0.9996387
4364.333318  1.111548
4364.956125  1.196764
4365.578932  1.168075
4366.201739  1.06971
4366.824546  0.9474747
4367.447353  0.8434008
4368.07016  0.8620527
4368.692967  0.939877
4369.315774  0.9743221
4369.938581  0.9607072
4370.561388  0.9410465
4371.184195  0.9508792
4371.807002  0.9810553
4372.429809  0.9695281
4373.052616  0.902562
4373.675423  0.811695
4374.29823  0.7389544
4374.921037  0.6891803
4375.543844  0.6950743
4376.166651  0.7984558
4376.789458  0.9137188
4377.412265  0.9946439
4378.035072  1.035679
4378.657879  1.023526
4379.280686  0.9732128
4379.903493  0.9172125
4380.5263  0.8852524
4381.149107  0.8774561
4381.771914  0.8089872
4382.394721  0.6137523
4383.017528  0.4008476
4383.640335  0.2907372
4384.263142  0.3353235
4384.885949  0.4894894
4385.508756  0.7030246
4386.131563  0.8679611
4386.75437  0.8933062
4387.377177  0.8548393
4387.999984  0.8324109
4388.622791  0.8380766
4389.245598  0.8087277
4389.868405  0.7747157
4390.491212  0.7689179
4391.114019  0.7920991
4391.736826  0.8446166
4392.359633  0.8878193
4392.98244  0.8921455
4393.605247  0.8855457
4394.228054  0.849297
4394.850861  0.809494
4395.473668  0.8439936
4396.096475  0.9638841
4396.719282  1.080573
4397.342089  1.105606
4397.964896  1.075759
4398.587703  1.02671
4399.21051  0.9646897
4399.833317  0.8763423
4400.456124  0.8016213
4401.078931  0.8278363
4401.701738  0.9775445
4402.324545  1.067353
4402.947352  0.9821274
4403.570159  0.7477803
4404.192966  0.5189931
4404.815773  0.4580994
4405.43858  0.5806608
4406.061387  0.7559046
4406.684194  0.8426914
4407.307001  0.8093195
4407.929808  0.7375197
4408.552615  0.7572551
4409.175422  0.8755118
4409.798229  1.009387
4410.421036  1.068047
4411.043843  1.075446
4411.66665  1.081841
4412.289457  1.113073
4412.912264  1.140087
4413.535071  1.057407
4414.157878  0.8546458
4414.780685  0.6752158
4415.403492  0.6781618
4416.026299  0.809105
4416.649106  0.9086332
4417.271913  0.9585091
4417.89472  1.003518
4418.517527  1.071277
4419.140334  1.12921
4419.763141  1.141457
4420.385948  1.105336
4421.008755  1.038589
4421.631562  0.9311332
4422.254369  0.8444732
4422.877176  0.8436078
4423.499983  0.9228832
4424.12279  1.000268
4424.745597  1.012277
4425.368404  0.9675707
4425.991211  0.9561476
4426.614018  0.9625368
4427.236825  0.9623973
4427.859632  1.025803
4428.482439  1.086342
4429.105246  1.044358
4429.728053  0.8868073
4430.35086  0.8173403
4430.973667  0.9020966
4431.596474  1.043408
4432.219281  1.092084
4432.842088  1.039302
4433.464895  0.9400341
4434.087702  0.840756
4434.710509  0.7659489
4435.333316  0.7521511
4435.956123  0.8228109
4436.57893  0.9450384
4437.201737  1.044454
4437.824544  1.099829
4438.447351  1.169206
4439.070158  1.204795
4439.692965  1.164683
4440.315772  1.060069
4440.938579  0.9567264
4441.561386  0.8821032
4442.184193  0.8440927
4442.807  0.8575403
4443.429807  0.9027043
4444.052614  0.9764279
4444.675421  1.088474
4445.298228  1.195226
4445.921035  1.217658
4446.543842  1.136373
4447.166649  1.062849
4447.789456  1.096425
4448.412263  1.186471
4449.03507  1.171991
4449.657877  1.086468
4450.280684  1.037424
4450.903491  1.081937
4451.526298  1.127582
4452.149105  1.116274
4452.771912  1.062005
4453.394719  1.021648
4454.017526  0.9319739
4454.640333  0.828122
4455.26314  0.8102593
4455.885947  0.8765481
4456.508754  0.9449915
4457.131561  0.9537768
4457.754368  0.926011
4458.377175  0.8736822
4458.999982  0.8418384
4459.622789  0.8677738
4460.245596  0.8831551
4460.868403  0.8234211
4461.49121  0.7269992
4462.114017  0.7547846
4462.736824  0.9117811
4463.359631  1.072085
4463.982438  1.095853
4464.605245  1.045027
4465.228052  1.0052
4465.850859  1.008327
4466.473666  1.008779
4467.096473  1.036066
4467.71928  1.068993
4468.342087  1.02222
4468.964894  0.9579511
4469.587701  0.9447239
4470.210508  0.9930626
4470.833315  1.042211
4471.456122  1.069251
4472.078929  1.090383
4472.701736  1.131359
4473.324543  1.175658
4473.94735  1.179816
4474.570157  1.126358
4475.192964  1.094259
4475.815771  1.135243
4476.438578  1.23213
4477.061385  1.301135
4477.684192  1.313486
4478.306999  1.263022
4478.929806  1.15977
4479.552613  1.033581
4480.17542  0.957899
4480.798227  0.9528301
4481.421034  0.919873
4482.043841  0.9222671
4482.666648  1.004611
4483.289455  1.11591
4483.912262  1.188917
4484.535069  1.229845
4485.157876  1.271413
4485.780683  1.288792
4486.40349  1.262765
4487.026297  1.198623
4487.649104  1.123339
4488.271911  1.043718
4488.894718  0.9908436
4489.517525  0.02844751
4490.140332  0.
4490.763139  0.
4491.385946  0.
4492.008753  0.
4492.63156  0.
4493.254367  0.
4493.877174  0.
4494.499981  0.
4495.122788  0.
4495.745595  0.
4496.368402  0.
4496.991209  0.
4497.614016  0.
4498.236823  0.
4498.85963  0.
4499.482437  0.
4500.105244  0.
4500.728051  0.
4501.350858  0.
4501.973665  0.
4502.596472  0.
4503.219279  0.
4503.842086  0.
4504.464893  0.
4505.0877  0.
4505.710507  0.
4506.333314  0.
4506.956121  0.
4507.578928  0.
4508.201735  0.
4508.824542  0.
