3820.  1.100407
3820.622807  0.994853
3821.245614  0.9880095
3821.868421  1.084806
3822.491228  1.176029
3823.114035  1.218173
3823.736842  1.169367
3824.359649  1.025146
3824.982456  0.9692064
3825.605263  0.983652
3826.22807  0.9764134
3826.850877  0.9873384
3827.473684  0.9745389
3828.096491  0.9413042
3828.719298  0.9430619
3829.342105  0.9170715
3829.964912  0.9029006
3830.587719  0.9464262
3831.210526  0.9431322
3831.833333  0.8449094
3832.45614  0.7203179
3833.078947  0.6934273
3833.701754  0.6856407
3834.324561  0.6329082
3834.947368  0.5496168
3835.570175  0.5111526
3836.192982  0.5551267
3836.815789  0.6511588
3837.438596  0.7172146
3838.061403  0.6986617
3838.68421  0.6851743
3839.307017  0.782172
3839.929824  0.8622332
3840.552631  0.8714643
3841.175438  0.8735648
3841.798245  0.9846417
3842.421052  1.070451
3843.043859  1.073214
3843.666666  1.066117
3844.289473  1.090659
3844.91228  1.103863
3845.535087  1.080004
3846.157894  1.089363
3846.780701  1.137457
3847.403508  1.203745
3848.026315  1.257659
3848.649122  1.252979
3849.271929  1.204134
3849.894736  1.157569
3850.517543  1.145733
3851.14035  1.216367
3851.763157  1.311347
3852.385964  1.303763
3853.008771  1.275239
3853.631578  1.26016
3854.254385  1.248239
3854.877192  1.259744
3855.499999  1.216745
3856.122806  1.137528
3856.745613  1.164696
3857.36842  1.238473
3857.991227  1.246428
3858.614034  1.149234
3859.236841  1.073912
3859.859648  1.057427
3860.482455  1.101408
3861.105262  1.208505
3861.728069  1.264395
3862.350876  1.269704
3862.973683  1.299152
3863.59649  1.300442
3864.219297  1.288028
3864.842104  1.280724
3865.464911  1.249915
3866.087718  1.238613
3866.710525  1.251959
3867.333332  1.25689
3867.956139  1.26911
3868.578946  1.290255
3869.201753  1.301843
3869.82456  1.277829
3870.447367  1.267859
3871.070174  1.260395
3871.692981  1.187069
3872.315788  1.083689
3872.938595  1.025067
3873.561402  1.053461
3874.184209  1.126931
3874.807016  1.196845
3875.429823  1.229033
3876.05263  1.220666
3876.675437  1.226595
3877.298244  1.187807
3877.921051  1.050374
3878.543858  0.9462688
3879.166665  0.9826198
3879.789472  1.12604
3880.412279  1.21665
3881.035086  1.222524
3881.657893  1.154688
3882.2807  1.057963
3882.903507  1.017425
3883.526314  1.032037
3884.149121  1.047383
3884.771928  1.012259
3885.394735  0.9421972
3886.017542  0.8534955
3886.640349  0.7643651
3887.263156  0.7372481
3887.885963  0.7088621
3888.50877  0.6189277
3889.131577  0.5303238
3889.754384  0.5673426
3890.377191  0.7039176
3890.999998  0.8035355
3891.622805  0.8878791
3892.245612  0.9392083
3892.868419  0.9468148
3893.491226  0.9645006
3894.114033  0.9841313
3894.73684  0.98649
3895.359647  0.9767451
3895.982454  1.005759
3896.605261  1.056847
3897.228068  1.07689
3897.850875  1.049877
3898.473682  1.048116
3899.096489  1.080083
3899.719296  1.07096
3900.342103  1.079792
3900.96491  1.140228
3901.587717  1.207214
3902.210524  1.169688
3902.833331  1.092134
3903.456138  1.068704
3904.078945  1.103272
3904.701752  1.117495
3905.324559  1.0682
3905.947366  0.9977003
3906.570173  1.025548
3907.19298  1.112744
3907.815787  1.170005
3908.438594  1.175097
3909.061401  1.193057
3909.684208  1.217118
3910.307015  1.199095
3910.929822  1.209797
3911.552629  1.248004
3912.175436  1.264179
3912.798243  1.220328
3913.42105  1.153019
3914.043857  1.130931
3914.666664  1.183603
3915.289471  1.210904
3915.912278  1.183504
3916.535085  1.148475
3917.157892  1.165825
3917.780699  1.164046
3918.403506  1.12652
3919.026313  1.123761
3919.64912  1.125237
3920.271927  1.107466
3920.894734  1.090431
3921.517541  1.133104
3922.140348  1.169812
3922.763155  1.163718
3923.385962  1.165697
3924.008769  1.195309
3924.631576  1.200875
3925.254383  1.136628
3925.87719  1.066702
3926.499997  1.054569
3927.122804  1.061646
3927.745611  0.9695746
3928.368418  0.8724439
3928.991225  0.8130506
3929.614032  0.749551
3930.236839  0.6589524
3930.859646  0.5602134
3931.482453  0.4644871
3932.10526  0.3497569
3932.728067  0.2589695
3933.350874  0.2095663
3933.973681  0.1913904
3934.596488  0.2314512
3935.219295  0.3186552
3935.842102  0.4283578
3936.464909  0.5520389
3937.087716  0.6645492
3937.710523  0.7498077
3938.33333  0.8175067
3938.956137  0.9066233
3939.578944  1.010837
3940.201751  1.078927
3940.824558  1.054681
3941.447365  1.031133
3942.070172  1.059297
3942.692979  1.078074
3943.315786  1.037492
3943.938593  0.9844079
3944.5614  0.9969406
3945.184207  1.071661
3945.807014  1.147926
3946.429821  1.175523
3947.052628  1.15517
3947.675435  1.113278
3948.298242  1.074199
3948.921049  1.05946
3949.543856  1.102007
3950.166663  1.146542
3950.78947  1.149905
3951.412277  1.140579
3952.035084  1.100155
3952.657891  1.059704
3953.280698  1.077008
3953.903505  1.145263
3954.526312  1.20108
3955.149119  1.185389
3955.771926  1.100496
3956.394733  1.020778
3957.01754  1.008463
3957.640347  1.065866
3958.263154  1.130364
3958.885961  1.157621
3959.508768  1.146784
3960.131575  1.133889
3960.754382  1.052893
3961.377189  0.9396511
3961.999996  0.9178367
3962.622803  0.9164614
3963.24561  0.8949359
3963.868417  0.8618884
3964.491224  0.8294366
3965.114031  0.7699868
3965.736838  0.6699591
3966.359645  0.5497641
3966.982452  0.4251339
3967.605259  0.3090421
3968.228066  0.2250856
3968.850873  0.2175442
3969.47368  0.2581619
3970.096487  0.3239361
3970.719294  0.4333113
3971.342101  0.5473531
3971.964908  0.6449693
3972.587715  0.7226447
3973.210522  0.7582433
3973.833329  0.7883528
3974.456136  0.8499437
3975.078943  0.9278792
3975.70175  0.9699048
3976.324557  0.9746994
3976.947364  0.985761
3977.570171  1.00785
3978.192978  1.041478
3978.815785  1.084395
3979.438592  1.129387
3980.061399  1.158189
3980.684206  1.1566
3981.307013  1.127698
3981.92982  1.101118
3982.552627  1.101631
3983.175434  1.122866
3983.798241  1.124199
3984.421048  1.128401
3985.043855  1.146935
3985.666662  1.152616
3986.289469  1.129063
3986.912276  1.121465
3987.535083  1.170829
3988.15789  1.222041
3988.780697  1.223569
3989.403504  1.185629
3990.026311  1.175561
3990.649118  1.1885
3991.271925  1.205612
3991.894732  1.221566
3992.517539  1.259055
3993.140346  1.277169
3993.763153  1.253342
3994.38596  1.229147
3995.008767  1.207734
3995.631574  1.201863
3996.254381  1.211747
3996.877188  1.173228
3997.499995  1.116019
3998.122802  1.109466
3998.745609  1.175022
3999.368416  1.22903
3999.991223  1.249726
4000.61403  1.281713
4001.236837  1.274715
4001.859644  1.253001
4002.482451  1.26487
4003.105258  1.29871
4003.728065  1.29508
4004.350872  1.223258
4004.973679  1.117731
4005.596486  1.068613
4006.219293  1.103251
4006.8421  1.182324
4007.464907  1.241671
4008.087714  1.255442
4008.710521  1.247182
4009.333328  1.261087
4009.956135  1.278839
4010.578942  1.279507
4011.201749  1.26348
4011.824556  1.253229
4012.447363  1.253255
4013.07017  1.25142
4013.692977  1.235976
4014.315784  1.246484
4014.938591  1.270976
4015.561398  1.269263
4016.184205  1.267928
4016.807012  1.250416
4017.429819  1.213169
4018.052626  1.206324
4018.675433  1.267051
4019.29824  1.32779
4019.921047  1.30129
4020.543854  1.304936
4021.166661  1.306252
4021.789468  1.258254
4022.412275  1.252266
4023.035082  1.263562
4023.657889  1.250332
4024.280696  1.215995
4024.903503  1.216748
4025.52631  1.260338
4026.149117  1.313241
4026.771924  1.345289
4027.394731  1.331501
4028.017538  1.293169
4028.640345  1.279341
4029.263152  1.247408
4029.885959  1.179097
4030.508766  1.112751
4031.131573  1.12051
4031.75438  1.146737
4032.377187  1.1373
4032.999994  1.125806
4033.622801  1.164592
4034.245608  1.208662
4034.868415  1.192745
4035.491222  1.207656
4036.114029  1.249319
4036.736836  1.289637
4037.359643  1.337339
4037.98245  1.35636
4038.605257  1.331823
4039.228064  1.283042
4039.850871  1.240734
4040.473678  1.202495
4041.096485  1.180569
4041.719292  1.230087
4042.342099  1.29342
4042.964906  1.305386
4043.587713  1.25169
4044.21052  1.179625
4044.833327  1.091745
4045.456134  1.011382
4046.078941  1.048896
4046.701748  1.18508
4047.324555  1.305758
4047.947362  1.302918
4048.570169  1.254478
4049.192976  1.244815
4049.815783  1.286659
4050.43859  1.303478
4051.061397  1.287322
4051.684204  1.25196
4052.307011  1.204088
4052.929818  1.196723
4053.552625  1.192824
4054.175432  1.140963
4054.798239  1.134754
4055.421046  1.164682
4056.043853  1.191712
4056.66666  1.210269
4057.289467  1.17276
4057.912274  1.119359
4058.535081  1.132553
4059.157888  1.177298
4059.780695  1.227684
4060.403502  1.265398
4061.026309  1.265638
4061.649116  1.217604
4062.271923  1.139646
4062.89473  1.073456
4063.517537  1.052888
4064.140344  1.091339
4064.763151  1.16427
4065.385958  1.205658
4066.008765  1.19584
4066.631572  1.150416
4067.254379  1.110575
4067.877186  1.15688
4068.499993  1.236417
4069.1228  1.260283
4069.745607  1.256811
4070.368414  1.203409
4070.991221  1.12173
4071.614028  1.098382
4072.236835  1.134352
4072.859642  1.175245
4073.482449  1.178799
4074.105256  1.184958
4074.728063  1.184311
4075.35087  1.157369
4075.973677  1.107094
4076.596484  1.024163
4077.219291  0.9606571
4077.842098  0.98017
4078.464905  1.041144
4079.087712  1.088824
4079.710519  1.108891
4080.333326  1.139946
4080.956133  1.179799
4081.57894  1.200786
4082.201747  1.181235
4082.824554  1.151878
4083.447361  1.113649
4084.070168  1.070988
4084.692975  1.069725
4085.315782  1.101032
4085.938589  1.132708
4086.561396  1.142326
4087.184203  1.148419
4087.80701  1.153048
4088.429817  1.150878
4089.052624  1.154446
4089.675431  1.157608
4090.298238  1.151006
4090.921045  1.131846
4091.543852  1.105431
4092.166659  1.083039
4092.789466  1.076287
4093.412273  1.088887
4094.03508  1.090842
4094.657887  1.059496
4095.280694  1.010347
4095.903501  0.9834101
4096.526308  0.9788251
4097.149115  0.9628274
4097.771922  0.924143
4098.394729  0.884729
4099.017536  0.8583594
4099.640343  0.8202728
4100.26315  0.7236325
4100.885957  0.5889503
4101.508764  0.5003988
4102.131571  0.5125319
4102.754378  0.6193604
4103.377185  0.7577184
4103.999992  0.8406584
4104.622799  0.8921538
4105.245606  0.9340867
4105.868413  0.950933
4106.49122  0.952951
4107.114027  0.971617
4107.736834  1.011979
4108.359641  1.014169
4108.982448  1.004481
4109.605255  1.009085
4110.228062  1.018603
4110.850869  1.056989
4111.473676  1.103021
4112.096483  1.117354
4112.71929  1.104875
4113.342097  1.106979
4113.964904  1.128183
4114.587711  1.122432
4115.210518  1.134997
4115.833325  1.170708
4116.456132  1.187632
4117.078939  1.168705
4117.701746  1.11843
4118.324553  1.065189
4118.94736  1.049391
4119.570167  1.07947
4120.192974  1.109677
4120.815781  1.092294
4121.438588  1.088538
4122.061395  1.102366
4122.684202  1.108162
4123.307009  1.107905
4123.929816  1.13695
4124.552623  1.172516
4125.17543  1.152182
4125.798237  1.130467
4126.421044  1.131338
4127.043851  1.129832
4127.666658  1.085819
4128.289465  1.066601
4128.912272  1.107176
4129.535079  1.151975
4130.157886  1.164693
4130.780693  1.139489
4131.4035  1.094173
4132.026307  1.046235
4132.649114  1.042132
4133.271921  1.07497
4133.894728  1.073249
4134.517535  1.092374
4135.140342  1.148589
4135.763149  1.194688
4136.385956  1.187261
4137.008763  1.161625
4137.63157  1.165113
4138.254377  1.19504
4138.877184  1.211136
4139.499991  1.211757
4140.122798  1.224529
4140.745605  1.228031
4141.368412  1.207184
4141.991219  1.160498
4142.614026  1.094251
4143.236833  1.041667
4143.85964  1.047053
4144.482447  1.124442
4145.105254  1.172048
4145.728061  1.178789
4146.350868  1.18364
4146.973675  1.170975
4147.596482  1.160329
4148.219289  1.154478
4148.842096  1.130585
4149.464903  1.120428
4150.08771  1.143034
4150.710517  1.178036
4151.333324  1.17036
4151.956131  1.141395
4152.578938  1.126539
4153.201745  1.122471
4153.824552  1.087932
4154.447359  1.062663
4155.070166  1.099719
4155.692973  1.09367
4156.31578  1.066353
4156.938587  1.073884
4157.561394  1.102373
4158.184201  1.121404
4158.807008  1.130816
4159.429815  1.151505
4160.052622  1.164425
4160.675429  1.151587
4161.298236  1.131687
4161.921043  1.163598
4162.54385  1.189125
4163.166657  1.178345
4163.789464  1.172035
4164.412271  1.184186
4165.035078  1.197495
4165.657885  1.191816
4166.280692  1.174795
4166.903499  1.119971
4167.526306  1.070336
4168.149113  1.120599
4168.77192  1.168328
4169.394727  1.170464
4170.017534  1.148938
4170.640341  1.09462
4171.263148  1.045677
4171.885955  1.019652
4172.508762  0.9890481
4173.131569  0.9836649
4173.754376  1.01308
4174.377183  1.054712
4174.99999  1.077755
4175.622797  1.096519
4176.245604  1.110326
4176.868411  1.075126
4177.491218  1.046245
4178.114025  1.052127
4178.736832  1.068116
4179.359639  1.091988
4179.982446  1.128605
4180.605253  1.154404
4181.22806  1.104886
4181.850867  1.059729
4182.473674  1.06405
4183.096481  1.073699
4183.719288  1.083491
4184.342095  1.106748
4184.964902  1.140084
4185.587709  1.135918
4186.210516  1.098834
4186.833323  1.05247
4187.45613  1.01783
4188.078937  1.028634
4188.701744  1.079469
4189.324551  1.132157
4189.947358  1.154359
4190.570165  1.125706
4191.192972  1.091155
4191.815779  1.139475
4192.438586  1.171968
4193.061393  1.16151
4193.6842  1.162694
4194.307007  1.157932
4194.929814  1.118848
4195.552621  1.066424
4196.175428  1.079621
4196.798235  1.090828
4197.421042  1.058017
4198.043849  1.015183
4198.666656  0.9964217
4199.289463  1.025463
4199.91227  1.085464
4200.535077  1.109177
4201.157884  1.075096
4201.780691  1.035963
4202.403498  1.066192
4203.026305  1.098086
4203.649112  1.099966
4204.271919  1.085346
4204.894726  1.063753
4205.517533  1.07068
4206.14034  1.106218
4206.763147  1.125326
4207.385954  1.128556
4208.008761  1.123657
4208.631568  1.116175
4209.254375  1.106161
4209.877182  1.090284
4210.499989  1.083153
4211.122796  1.113173
4211.745603  1.141893
4212.36841  1.145576
4212.991217  1.136995
4213.614024  1.135697
4214.236831  1.126878
4214.859638  1.086702
4215.482445  1.023246
4216.105252  1.025611
4216.728059  1.086085
4217.350866  1.10926
4217.973673  1.11517
4218.59648  1.110028
4219.219287  1.092732
4219.842094  1.086426
4220.464901  1.106876
4221.087708  1.132466
4221.710515  1.121487
4222.333322  1.110805
4222.956129  1.102008
4223.578936  1.07411
4224.201743  1.033172
4224.82455  0.9970291
4225.447357  0.9546832
4226.070164  0.8751052
4226.692971  0.8289785
4227.315778  0.8789545
4227.938585  1.009725
4228.561392  1.098828
4229.184199  1.124944
4229.807006  1.122511
4230.429813  1.115661
4231.05262  1.114885
4231.675427  1.109408
4232.298234  1.080993
4232.921041  1.028213
4233.543848  1.018299
4234.166655  1.069207
4234.789462  1.069085
4235.412269  1.024015
4236.035076  0.9917492
4236.657883  1.013231
4237.28069  1.050408
4237.903497  1.052838
4238.526304  1.013187
4239.149111  0.995957
4239.771918  1.010915
4240.394725  1.049706
4241.017532  1.098763
4241.640339  1.102351
4242.263146  1.06392
4242.885953  1.040355
4243.50876  1.081425
4244.131567  1.108628
4244.754374  1.080151
4245.377181  1.06672
4245.999988  1.028033
4246.622795  0.9821163
4247.245602  0.986232
4247.868409  1.008502
4248.491216  1.038026
4249.114023  1.050951
4249.73683  1.004715
4250.359637  0.9724016
4250.982444  1.002783
4251.605251  1.071235
4252.228058  1.125809
4252.850865  1.125983
4253.473672  1.073686
4254.096479  1.023081
4254.719286  1.032345
4255.342093  1.078057
4255.9649  1.084309
4256.587707  1.096316
4257.210514  1.097308
4257.833321  1.061247
4258.456128  1.045079
4259.078935  1.021897
4259.701742  0.9731127
4260.324549  0.9364177
4260.947356  0.9642442
4261.570163  1.023887
4262.19297  1.053618
4262.815777  1.079177
4263.438584  1.083179
4264.061391  1.066163
4264.684198  1.075168
4265.307005  1.094897
4265.929812  1.104718
4266.552619  1.094226
4267.175426  1.052809
4267.798233  1.019314
4268.42104  1.023817
4269.043847  1.039278
4269.666654  1.052258
4270.289461  1.031789
4270.912268  0.9596345
4271.535075  0.9158969
4272.157882  0.9434735
4272.780689  1.00787
4273.403496  1.013146
4274.026303  0.9802887
4274.64911  0.9651315
4275.271917  0.995831
4275.894724  1.057357
4276.517531  1.100044
4277.140338  1.093978
4277.763145  1.084997
4278.385952  1.073537
4279.008759  1.048151
4279.631566  1.015109
4280.254373  1.008552
4280.87718  1.027094
4281.499987  1.033894
4282.122794  0.9982181
4282.745601  0.9777471
4283.368408  1.006441
4283.991215  1.027906
4284.614022  1.03263
4285.236829  1.023262
4285.859636  1.001665
4286.482443  0.9757923
4287.10525  0.9689598
4287.728057  0.9769091
4288.350864  0.9453422
4288.973671  0.8810123
4289.596478  0.8345772
4290.219285  0.8521796
4290.842092  0.8963051
4291.464899  0.9584341
4292.087706  1.025406
4292.710513  1.033832
4293.33332  1.000959
4293.956127  0.9704064
4294.578934  0.9668607
4295.201741  0.9704618
4295.824548  0.9676934
4296.447355  0.9624857
4297.070162  0.9725192
4297.692969  0.9538366
4298.315776  0.8924416
4298.938583  0.8432486
4299.56139  0.8153576
4300.184197  0.8209343
4300.807004  0.8614541
4301.429811  0.8782469
4302.052618  0.8532667
4302.675425  0.8252922
4303.298232  0.8621151
4303.921039  0.9241602
4304.543846  0.9439508
4305.166653  0.9010599
4305.78946  0.8933774
4306.412267  0.9018785
4307.035074  0.8668232
4307.657881  0.8109762
4308.280688  0.8121847
4308.903495  0.8631563
4309.526302  0.8769292
4310.149109  0.8973827
4310.771916  0.9297016
4311.394723  0.9469626
4312.01753  0.9491751
4312.640337  0.9355858
4313.263144  0.9129059
4313.885951  0.8954241
4314.508758  0.8864822
4315.131565  0.9122727
4315.754372  0.9827431
4316.377179  1.027222
4316.999986  1.03892
4317.622793  1.030235
4318.2456  0.9960003
4318.868407  0.9955567
4319.491214  1.008961
4320.114021  0.9792793
4320.736828  0.9722731
4321.359635  0.9907555
4321.982442  1.003094
4322.605249  1.000199
4323.228056  0.9800678
4323.850863  0.9459466
4324.47367  0.9018892
4325.096477  0.8541203
4325.719284  0.84117
4326.342091  0.8832011
4326.964898  0.9340979
4327.587705  0.968763
4328.210512  0.9843838
4328.833319  0.9884845
4329.456126  0.9660814
4330.078933  0.9275664
4330.70174  0.9025655
4331.324547  0.9128296
4331.947354  0.9343519
4332.570161  0.9390993
4333.192968  0.9252803
4333.815775  0.9027249
4334.438582  0.8880122
4335.061389  0.8870737
4335.684196  0.8804893
4336.307003  0.8314903
4336.92981  0.7417607
4337.552617  0.6718613
4338.175424  0.6383672
4338.798231  0.6114026
4339.421038  0.5466352
4340.043845  0.4439657
4340.666652  0.4180753
4341.289459  0.5250717
4341.912266  0.6247541
4342.535073  0.6949657
4343.15788  0.7374183
4343.780687  0.7481014
4344.403494  0.7881649
4345.026301  0.8430912
4345.649108  0.8696032
4346.271915  0.8879042
4346.894722  0.9017817
4347.517529  0.9161001
4348.140336  0.9391776
4348.763143  0.9542774
4349.38595  0.9584776
4350.008757  0.9515954
4350.631564  0.9051238
4351.254371  0.8291591
4351.877178  0.7836506
4352.499985  0.8397199
4353.122792  0.9269221
4353.745599  0.9700908
4354.368406  0.9586501
4354.991213  0.9664952
4355.61402  0.99886
4356.236827  1.018299
4356.859634  1.005635
4357.482441  0.9915805
4358.105248  0.9861046
4358.728055  0.9698119
4359.350862  0.9633699
4359.973669  0.9828219
4360.596476  1.018061
4361.219283  1.032974
4361.84209  1.017179
4362.464897  1.002174
4363.087704  1.031087
4363.710511  1.048103
4364.333318  1.053829
4364.956125  1.07137
4365.578932  1.055304
4366.201739  1.022813
4366.824546  1.002424
4367.447353  0.994619
4368.07016  0.9813524
4368.692967  0.9729902
4369.315774  0.9886419
4369.938581  1.002474
4370.561388  1.01127
4371.184195  1.025073
4371.807002  1.045475
4372.429809  1.048048
4373.052616  1.0102
4373.675423  0.939725
4374.29823  0.9033207
4374.921037  0.9108042
4375.543844  0.9410889
4376.166651  0.9882566
4376.789458  1.026838
4377.412265  1.039849
4378.035072  1.033242
4378.657879  1.032867
4379.280686  1.027546
4379.903493  1.009281
4380.5263  1.02704
4381.149107  1.056813
4381.771914  1.048827
4382.394721  0.978901
4383.017528  0.8780284
4383.640335  0.8232953
4384.263142  0.8564096
4384.885949  0.8896331
4385.508756  0.9340073
4386.131563  0.9920087
4386.75437  0.9916929
4387.377177  0.9701141
4387.999984  0.9705069
4388.622791  0.9953944
4389.245598  1.005746
4389.868405  1.003956
4390.491212  1.001078
4391.114019  0.9862471
4391.736826  0.998296
4392.359633  1.025196
4392.98244  1.012834
4393.605247  0.994003
4394.228054  0.9639115
4394.850861  0.9226394
4395.473668  0.9390783
4396.096475  1.003516
4396.719282  1.052237
4397.342089  1.032259
4397.964896  1.018746
4398.587703  1.024229
4399.21051  1.006047
4399.833317  0.9503302
4400.456124  0.9156012
4401.078931  0.9367074
4401.701738  0.9744438
4402.324545  1.023245
4402.947352  1.047801
4403.570159  1.010923
4404.192966  0.9490215
4404.815773  0.9275972
4405.43858  0.9718968
4406.061387  1.028724
4406.684194  1.048722
4407.307001  1.017412
4407.929808  0.9641951
4408.552615  0.9528379
4409.175422  0.9897045
4409.798229  1.036883
4410.421036  1.055974
4411.043843  1.043982
4411.66665  1.034264
4412.289457  1.057296
4412.912264  1.050058
4413.535071  1.018828
4414.157878  0.9939455
4414.780685  0.9329524
4415.403492  0.91594
4416.026299  0.9671211
4416.649106  0.9864179
4417.271913  0.9716582
4417.89472  0.9614154
4418.517527  0.9894184
4419.140334  1.038574
4419.763141  1.065738
4420.385948  1.056284
4421.008755  1.048002
4421.631562  1.02003
4422.254369  0.9845238
4422.877176  0.9873272
4423.499983  1.034642
4424.12279  1.055126
4424.745597  1.017609
4425.368404  1.016813
4425.991211  1.030426
4426.614018  1.017098
4427.236825  0.9824513
4427.859632  0.9971101
4428.482439  1.03726
4429.105246  1.040232
4429.728053  1.010733
4430.35086  0.9832383
4430.973667  0.9866196
4431.596474  1.015794
4432.219281  1.014807
4432.842088  0.9957463
4433.464895  0.9959272
4434.087702  0.9645867
4434.710509  0.9289913
4435.333316  0.9271508
4435.956123  0.949704
4436.57893  0.9925931
4437.201737  1.032926
4437.824544  1.046017
4438.447351  1.053165
4439.070158  1.05101
4439.692965  1.036071
4440.315772  1.024874
4440.938579  1.006395
4441.561386  0.9714994
4442.184193  0.929157
4442.807  0.9076517
4443.429807  0.9100719
4444.052614  0.9310967
4444.675421  0.9790046
4445.298228  1.022978
4445.921035  1.033826
4446.543842  1.011806
4447.166649  0.9873322
4447.789456  0.9830727
4448.412263  0.9977895
4449.03507  1.004649
4449.657877  0.9926438
4450.280684  0.973617
4450.903491  0.9720871
4451.526298  0.9915934
4452.149105  1.019868
4452.771912  1.033871
4453.394719  1.006372
4454.017526  0.9436863
4454.640333  0.8825111
4455.26314  0.8701879
4455.885947  0.9021485
4456.508754  0.954568
4457.131561  0.997073
4457.754368  0.9775853
4458.377175  0.9385805
4458.999982  0.9397905
4459.622789  0.9589786
4460.245596  0.9651284
4460.868403  0.9473938
4461.49121  0.9243909
4462.114017  0.9234283
4462.736824  0.9545216
4463.359631  0.9956442
4463.982438  0.9896835
4464.605245  0.9764178
4465.228052  0.9817266
4465.850859  0.9697261
4466.473666  0.9772367
4467.096473  0.9872593
4467.71928  0.9561936
4468.342087  0.9259524
4468.964894  0.9180102
4469.587701  0.9279707
4470.210508  0.9414161
4470.833315  0.9646627
4471.456122  0.9907084
4472.078929  1.000086
4472.701736  0.9945225
4473.324543  1.004004
4473.94735  1.035728
4474.570157  1.036712
4475.192964  1.006931
4475.815771  0.9737082
4476.438578  0.9668159
4477.061385  0.9986534
4477.684192  1.033016
4478.306999  1.028868
4478.929806  1.000043
4479.552613  0.9652935
4480.17542  0.9304262
4480.798227  0.8886622
4481.421034  0.8547919
4482.043841  0.861522
4482.666648  0.9181633
4483.289455  0.9593097
4483.912262  0.9815847
4484.535069  1.003737
4485.157876  1.022721
4485.780683  1.015938
4486.40349  1.005177
4487.026297  1.024772
4487.649104  1.019241
4488.271911  0.9810379
4488.894718  0.9419411
4489.517525  0.3002164
4490.140332  0.
4490.763139  0.
4491.385946  0.
4492.008753  0.
4492.63156  0.
4493.254367  0.
4493.877174  0.
4494.499981  0.
4495.122788  0.
4495.745595  0.
4496.368402  0.
4496.991209  0.
4497.614016  0.
4498.236823  0.
4498.85963  0.
4499.482437  0.
4500.105244  0.
4500.728051  0.
4501.350858  0.
4501.973665  0.
4502.596472  0.
4503.219279  0.
4503.842086  0.
4504.464893  0.
4505.0877  0.
4505.710507  0.
4506.333314  0.
4506.956121  0.
4507.578928  0.
4508.201735  0.
4508.824542  0.
