3820.  0.
3820.622807  0.
3821.245614  0.
3821.868421  0.
3822.491228  0.
3823.114035  0.
3823.736842  0.
3824.359649  0.
3824.982456  0.
3825.605263  0.
3826.22807  0.
3826.850877  0.
3827.473684  0.
3828.096491  0.
3828.719298  0.
3829.342105  0.
3829.964912  0.
3830.587719  0.
3831.210526  0.
3831.833333  0.
3832.45614  0.
3833.078947  0.
3833.701754  0.
3834.324561  0.
3834.947368  0.
3835.570175  0.
3836.192982  0.
3836.815789  0.
3837.438596  0.
3838.061403  0.2258396
3838.68421  0.504743
3839.307017  0.5640702
3839.929824  0.6188729
3840.552631  0.6638755
3841.175438  0.7054367
3841.798245  0.7453449
3842.421052  0.7846802
3843.043859  0.8238274
3843.666666  0.8611907
3844.289473  0.8942448
3844.91228  0.9262657
3845.535087  0.9576437
3846.157894  0.9828765
3846.780701  1.002669
3847.403508  1.023111
3848.026315  1.047926
3848.649122  1.065315
3849.271929  1.077244
3849.894736  1.089796
3850.517543  1.10497
3851.14035  1.12939
3851.763157  1.151344
3852.385964  1.154226
3853.008771  1.16734
3853.631578  1.185144
3854.254385  1.190098
3854.877192  1.186768
3855.499999  1.175371
3856.122806  1.168394
3856.745613  1.182655
3857.36842  1.207114
3857.991227  1.223914
3858.614034  1.221541
3859.236841  1.206317
3859.859648  1.198066
3860.482455  1.206882
3861.105262  1.223726
3861.728069  1.230711
3862.350876  1.225087
3862.973683  1.220183
3863.59649  1.226495
3864.219297  1.233083
3864.842104  1.22855
3865.464911  1.216436
3866.087718  1.211952
3866.710525  1.215681
3867.333332  1.216254
3867.956139  1.213029
3868.578946  1.210651
3869.201753  1.209856
3869.82456  1.201182
3870.447367  1.190789
3871.070174  1.176666
3871.692981  1.151799
3872.315788  1.135853
3872.938595  1.127118
3873.561402  1.115126
3874.184209  1.106328
3874.807016  1.094854
3875.429823  1.076418
3876.05263  1.056308
3876.675437  1.038721
3877.298244  1.014658
3877.921051  0.9764391
3878.543858  0.9470639
3879.166665  0.9289014
3879.789472  0.9118369
3880.412279  0.8864656
3881.035086  0.855512
3881.657893  0.8207315
3882.2807  0.7821482
3882.903507  0.7463374
3883.526314  0.7103156
3884.149121  0.6681862
3884.771928  0.6216651
3885.394735  0.5733192
3886.017542  0.524547
3886.640349  0.472751
3887.263156  0.4118232
3887.885963  0.3467321
3888.50877  0.2939735
3889.131577  0.274691
3889.754384  0.2977041
3890.377191  0.3534733
3890.999998  0.4195639
3891.622805  0.4812092
3892.245612  0.5332862
3892.868419  0.5784544
3893.491226  0.6219686
3894.114033  0.6653612
3894.73684  0.7079011
3895.359647  0.7473474
3895.982454  0.7799089
3896.605261  0.8102532
3897.228068  0.8453372
3897.850875  0.8773237
3898.473682  0.9035302
3899.096489  0.9228657
3899.719296  0.9311438
3900.342103  0.9432417
3900.96491  0.972667
3901.587717  1.016052
3902.210524  1.048397
3902.833331  1.065862
3903.456138  1.079783
3904.078945  1.095588
3904.701752  1.108167
3905.324559  1.117748
3905.947366  1.13162
3906.570173  1.155012
3907.19298  1.179861
3907.815787  1.194982
3908.438594  1.204979
3909.061401  1.213718
3909.684208  1.221285
3910.307015  1.222588
3910.929822  1.23097
3911.552629  1.240551
3912.175436  1.232288
3912.798243  1.211574
3913.42105  1.198985
3914.043857  1.212021
3914.666664  1.246388
3915.289471  1.266452
3915.912278  1.266497
3916.535085  1.272292
3917.157892  1.275425
3917.780699  1.276728
3918.403506  1.279992
3919.026313  1.280715
3919.64912  1.27766
3920.271927  1.276968
3920.894734  1.285018
3921.517541  1.291022
3922.140348  1.289798
3922.763155  1.285098
3923.385962  1.28652
3924.008769  1.293097
3924.631576  1.297969
3925.254383  1.296983
3925.87719  1.294012
3926.499997  1.292939
3927.122804  1.292544
3927.745611  1.288453
3928.368418  1.283727
3928.991225  1.282762
3929.614032  1.280436
3930.236839  1.27594
3930.859646  1.271808
3931.482453  1.260031
3932.10526  1.198255
3932.728067  1.072481
3933.350874  0.9391782
3933.973681  0.9299986
3934.596488  1.040911
3935.219295  1.180414
3935.842102  1.253945
3936.464909  1.275798
3937.087716  1.277472
3937.710523  1.275927
3938.33333  1.272773
3938.956137  1.273107
3939.578944  1.277864
3940.201751  1.276772
3940.824558  1.276115
3941.447365  1.277378
3942.070172  1.273188
3942.692979  1.264632
3943.315786  1.255061
3943.938593  1.247866
3944.5614  1.244377
3945.184207  1.242117
3945.807014  1.239368
3946.429821  1.236432
3947.052628  1.230425
3947.675435  1.22444
3948.298242  1.219783
3948.921049  1.210102
3949.543856  1.198454
3950.166663  1.189354
3950.78947  1.179582
3951.412277  1.170154
3952.035084  1.161124
3952.657891  1.15083
3953.280698  1.13797
3953.903505  1.123964
3954.526312  1.110652
3955.149119  1.096776
3955.771926  1.075403
3956.394733  1.050909
3957.01754  1.035344
3957.640347  1.022514
3958.263154  1.003934
3958.885961  0.978352
3959.508768  0.9536337
3960.131575  0.9254508
3960.754382  0.8918961
3961.377189  0.8586143
3961.999996  0.830882
3962.622803  0.8056092
3963.24561  0.7759787
3963.868417  0.7420151
3964.491224  0.7028126
3965.114031  0.660585
3965.736838  0.6207859
3966.359645  0.5757148
3966.982452  0.5183339
3967.605259  0.4486562
3968.228066  0.3749473
3968.850873  0.3111415
3969.47368  0.2715886
3970.096487  0.2655422
3970.719294  0.2952383
3971.342101  0.351058
3971.964908  0.4151316
3972.587715  0.4758759
3973.210522  0.5289115
3973.833329  0.5747966
3974.456136  0.6167799
3975.078943  0.6587061
3975.70175  0.7006936
3976.324557  0.7376801
3976.947364  0.7716998
3977.570171  0.8048929
3978.192978  0.8374065
3978.815785  0.8684729
3979.438592  0.8974352
3980.061399  0.9245188
3980.684206  0.9505326
3981.307013  0.9731498
3981.92982  0.9927776
3982.552627  1.012525
3983.175434  1.033444
3983.798241  1.054412
3984.421048  1.073223
3985.043855  1.08853
3985.666662  1.103219
3986.289469  1.116466
3986.912276  1.1262
3987.535083  1.142928
3988.15789  1.158566
3988.780697  1.163647
3989.403504  1.173848
3990.026311  1.184868
3990.649118  1.191578
3991.271925  1.20298
3991.894732  1.211569
3992.517539  1.218793
3993.140346  1.229846
3993.763153  1.235288
3994.38596  1.234414
3995.008767  1.234833
3995.631574  1.242748
3996.254381  1.245946
3996.877188  1.243328
3997.499995  1.247684
3998.122802  1.256334
3998.745609  1.259484
3999.368416  1.255822
3999.991223  1.264285
4000.61403  1.273905
4001.236837  1.276456
4001.859644  1.279456
4002.482451  1.28006
4003.105258  1.277537
4003.728065  1.275417
4004.350872  1.275648
4004.973679  1.274513
4005.596486  1.272987
4006.219293  1.278903
4006.8421  1.283897
4007.464907  1.284247
4008.087714  1.286367
4008.710521  1.288081
4009.333328  1.28758
4009.956135  1.286807
4010.578942  1.289337
4011.201749  1.284914
4011.824556  1.275298
4012.447363  1.274522
4013.07017  1.277463
4013.692977  1.282333
4014.315784  1.29037
4014.938591  1.294336
4015.561398  1.294553
4016.184205  1.294664
4016.807012  1.296814
4017.429819  1.294704
4018.052626  1.291514
4018.675433  1.294756
4019.29824  1.296129
4019.921047  1.296901
4020.543854  1.298178
4021.166661  1.291196
4021.789468  1.290067
4022.412275  1.294657
4023.035082  1.289908
4023.657889  1.282837
4024.280696  1.280024
4024.903503  1.28131
4025.52631  1.278809
4026.149117  1.281374
4026.771924  1.287934
4027.394731  1.281239
4028.017538  1.278021
4028.640345  1.281268
4029.263152  1.283167
4029.885959  1.28389
4030.508766  1.285161
4031.131573  1.285707
4031.75438  1.284284
4032.377187  1.281999
4032.999994  1.281583
4033.622801  1.285009
4034.245608  1.28546
4034.868415  1.283493
4035.491222  1.283403
4036.114029  1.283107
4036.736836  1.282334
4037.359643  1.284666
4037.98245  1.292063
4038.605257  1.290388
4039.228064  1.284389
4039.850871  1.285035
4040.473678  1.279902
4041.096485  1.274546
4041.719292  1.275804
4042.342099  1.279419
4042.964906  1.281238
4043.587713  1.277901
4044.21052  1.26829
4044.833327  1.254537
4045.456134  1.239569
4046.078941  1.232848
4046.701748  1.249284
4047.324555  1.264008
4047.947362  1.266477
4048.570169  1.26944
4049.192976  1.268525
4049.815783  1.265456
4050.43859  1.264327
4051.061397  1.262423
4051.684204  1.262349
4052.307011  1.262766
4052.929818  1.258484
4053.552625  1.251572
4054.175432  1.24884
4054.798239  1.253845
4055.421046  1.253255
4056.043853  1.249946
4056.66666  1.247676
4057.289467  1.242923
4057.912274  1.244062
4058.535081  1.250823
4059.157888  1.253741
4059.780695  1.251889
4060.403502  1.247326
4061.026309  1.241649
4061.649116  1.238352
4062.271923  1.229587
4062.89473  1.215953
4063.517537  1.207727
4064.140344  1.21135
4064.763151  1.220471
4065.385958  1.226414
4066.008765  1.229431
4066.631572  1.224216
4067.254379  1.214499
4067.877186  1.218725
4068.499993  1.218774
4069.1228  1.213864
4069.745607  1.215885
4070.368414  1.208866
4070.991221  1.193121
4071.614028  1.178956
4072.236835  1.177361
4072.859642  1.182473
4073.482449  1.18452
4074.105256  1.181304
4074.728063  1.181211
4075.35087  1.179166
4075.973677  1.167758
4076.596484  1.153298
4077.219291  1.140207
4077.842098  1.134728
4078.464905  1.140259
4079.087712  1.139663
4079.710519  1.132371
4080.333326  1.128558
4080.956133  1.12423
4081.57894  1.115907
4082.201747  1.104581
4082.824554  1.094099
4083.447361  1.086487
4084.070168  1.078037
4084.692975  1.065422
4085.315782  1.057529
4085.938589  1.046193
4086.561396  1.024183
4087.184203  1.009379
4087.80701  0.9969978
4088.429817  0.9801173
4089.052624  0.9602969
4089.675431  0.9437141
4090.298238  0.9262756
4090.921045  0.9020718
4091.543852  0.8790289
4092.166659  0.8562489
4092.789466  0.8307136
4093.412273  0.8049239
4094.03508  0.779476
4094.657887  0.7525882
4095.280694  0.7214781
4095.903501  0.6878677
4096.526308  0.6526594
4097.149115  0.6164191
4097.771922  0.5784185
4098.394729  0.536819
4099.017536  0.4916792
4099.640343  0.4432893
4100.26315  0.3854868
4100.885957  0.3231343
4101.508764  0.2762792
4102.131571  0.2742488
4102.754378  0.314633
4103.377185  0.3747479
4103.999992  0.4308131
4104.622799  0.4818268
4105.245606  0.5287709
4105.868413  0.5707292
4106.49122  0.6100436
4107.114027  0.646652
4107.736834  0.680549
4108.359641  0.7141623
4108.982448  0.7450046
4109.605255  0.7719666
4110.228062  0.7974331
4110.850869  0.822025
4111.473676  0.8459974
4112.096483  0.8686747
4112.71929  0.8883038
4113.342097  0.9083251
4113.964904  0.9295796
4114.587711  0.9496574
4115.210518  0.9694178
4115.833325  0.9869482
4116.456132  1.00032
4117.078939  1.011839
4117.701746  1.021706
4118.324553  1.032879
4118.94736  1.049224
4119.570167  1.058245
4120.192974  1.063351
4120.815781  1.079374
4121.438588  1.085535
4122.061395  1.086845
4122.684202  1.095461
4123.307009  1.105836
4123.929816  1.11327
4124.552623  1.119401
4125.17543  1.127095
4125.798237  1.12895
4126.421044  1.130065
4127.043851  1.1393
4127.666658  1.144086
4128.289465  1.14398
4128.912272  1.144186
4129.535079  1.145827
4130.157886  1.148784
4130.780693  1.151204
4131.4035  1.152024
4132.026307  1.151215
4132.649114  1.154937
4133.271921  1.164631
4133.894728  1.167265
4134.517535  1.167882
4135.140342  1.171508
4135.763149  1.177592
4136.385956  1.180148
4137.008763  1.181781
4137.63157  1.186272
4138.254377  1.18582
4138.877184  1.183725
4139.499991  1.185269
4140.122798  1.190342
4140.745605  1.192582
4141.368412  1.192798
4141.991219  1.194429
4142.614026  1.188087
4143.236833  1.181057
4143.85964  1.181854
4144.482447  1.187561
4145.105254  1.193002
4145.728061  1.196208
4146.350868  1.197989
4146.973675  1.198645
4147.596482  1.197482
4148.219289  1.195056
4148.842096  1.193736
4149.464903  1.194504
4150.08771  1.196514
4150.710517  1.196532
4151.333324  1.198166
4151.956131  1.200427
4152.578938  1.201087
4153.201745  1.200614
4153.824552  1.20084
4154.447359  1.201441
4155.070166  1.198019
4155.692973  1.197454
4156.31578  1.201017
4156.938587  1.20105
4157.561394  1.197038
4158.184201  1.195901
4158.807008  1.201468
4159.429815  1.20217
4160.052622  1.198054
4160.675429  1.192899
4161.298236  1.190825
4161.921043  1.189485
4162.54385  1.186809
4163.166657  1.18277
4163.789464  1.178834
4164.412271  1.183092
4165.035078  1.19428
4165.657885  1.197382
4166.280692  1.194893
4166.903499  1.191294
4167.526306  1.189204
4168.149113  1.194008
4168.77192  1.198986
4169.394727  1.19674
4170.017534  1.189836
4170.640341  1.187366
4171.263148  1.187028
4171.885955  1.179672
4172.508762  1.173021
4173.131569  1.169064
4173.754376  1.167682
4174.377183  1.175834
4174.99999  1.185063
4175.622797  1.189231
4176.245604  1.191902
4176.868411  1.188775
4177.491218  1.180355
4178.114025  1.17168
4178.736832  1.163054
4179.359639  1.166328
4179.982446  1.181354
4180.605253  1.190184
4181.22806  1.188479
4181.850867  1.184444
4182.473674  1.186401
4183.096481  1.18932
4183.719288  1.190966
4184.342095  1.190947
4184.964902  1.190009
4185.587709  1.188796
4186.210516  1.18604
4186.833323  1.179958
4187.45613  1.175038
4188.078937  1.174442
4188.701744  1.178739
4189.324551  1.184452
4189.947358  1.186758
4190.570165  1.185121
4191.192972  1.182345
4191.815779  1.179863
4192.438586  1.179609
4193.061393  1.182058
4193.6842  1.181248
4194.307007  1.181056
4194.929814  1.183616
4195.552621  1.181968
4196.175428  1.178296
4196.798235  1.174512
4197.421042  1.171576
4198.043849  1.166065
4198.666656  1.164673
4199.289463  1.171104
4199.91227  1.176811
4200.535077  1.176015
4201.157884  1.169222
4201.780691  1.161325
4202.403498  1.161424
4203.026305  1.169605
4203.649112  1.176931
4204.271919  1.172802
4204.894726  1.166808
4205.517533  1.167787
4206.14034  1.17014
4206.763147  1.168401
4207.385954  1.166641
4208.008761  1.171281
4208.631568  1.171526
4209.254375  1.168281
4209.877182  1.166678
4210.499989  1.16558
4211.122796  1.16665
4211.745603  1.168692
4212.36841  1.169881
4212.991217  1.164682
4213.614024  1.159225
4214.236831  1.158528
4214.859638  1.151622
4215.482445  1.147364
4216.105252  1.152531
4216.728059  1.158444
4217.350866  1.158877
4217.973673  1.157086
4218.59648  1.158224
4219.219287  1.155412
4219.842094  1.15456
4220.464901  1.159485
4221.087708  1.161505
4221.710515  1.159574
4222.333322  1.155549
4222.956129  1.15274
4223.578936  1.155452
4224.201743  1.156612
4224.82455  1.148735
4225.447357  1.137575
4226.070164  1.120224
4226.692971  1.105304
4227.315778  1.111053
4227.938585  1.132409
4228.561392  1.149996
4229.184199  1.150085
4229.807006  1.14592
4230.429813  1.144428
4231.05262  1.14596
4231.675427  1.14566
4232.298234  1.128206
4232.921041  1.10483
4233.543848  1.100858
4234.166655  1.115995
4234.789462  1.131266
4235.412269  1.135249
4236.035076  1.13826
4236.657883  1.139111
4237.28069  1.138397
4237.903497  1.138032
4238.526304  1.135349
4239.149111  1.132101
4239.771918  1.13271
4240.394725  1.1411
4241.017532  1.143588
4241.640339  1.135585
4242.263146  1.129255
4242.885953  1.128618
4243.50876  1.13251
4244.131567  1.137103
4244.754374  1.138803
4245.377181  1.13082
4245.999988  1.114516
4246.622795  1.104185
4247.245602  1.106916
4247.868409  1.117821
4248.491216  1.124381
4249.114023  1.126363
4249.73683  1.119898
4250.359637  1.108424
4250.982444  1.107932
4251.605251  1.117394
4252.228058  1.123997
4252.850865  1.117107
4253.473672  1.112299
4254.096479  1.113194
4254.719286  1.114793
4255.342093  1.117172
4255.9649  1.118016
4256.587707  1.115279
4257.210514  1.110083
4257.833321  1.112478
4258.456128  1.117346
4259.078935  1.113794
4259.701742  1.102095
4260.324549  1.098116
4260.947356  1.106275
4261.570163  1.107222
4262.19297  1.109034
4262.815777  1.112692
4263.438584  1.110174
4264.061391  1.107314
4264.684198  1.108053
4265.307005  1.111845
4265.929812  1.115586
4266.552619  1.115187
4267.175426  1.110258
4267.798233  1.105785
4268.42104  1.10347
4269.043847  1.104565
4269.666654  1.105218
4270.289461  1.097436
4270.912268  1.083149
4271.535075  1.072553
4272.157882  1.074694
4272.780689  1.082898
4273.403496  1.088844
4274.026303  1.08964
4274.64911  1.086291
4275.271917  1.085932
4275.894724  1.091083
4276.517531  1.096292
4277.140338  1.096833
4277.763145  1.093406
4278.385952  1.089725
4279.008759  1.092372
4279.631566  1.096206
4280.254373  1.09482
4280.87718  1.090955
4281.499987  1.088387
4282.122794  1.088116
4282.745601  1.088156
4283.368408  1.085336
4283.991215  1.082847
4284.614022  1.08434
4285.236829  1.087148
4285.859636  1.086843
4286.482443  1.082783
4287.10525  1.081804
4287.728057  1.078212
4288.350864  1.072852
4288.973671  1.069198
4289.596478  1.059578
4290.219285  1.050916
4290.842092  1.053333
4291.464899  1.067723
4292.087706  1.080633
4292.710513  1.075657
4293.33332  1.052045
4293.956127  1.040069
4294.578934  1.047873
4295.201741  1.06048
4295.824548  1.060853
4296.447355  1.061221
4297.070162  1.066152
4297.692969  1.063382
4298.315776  1.054865
4298.938583  1.038022
4299.56139  1.015962
4300.184197  1.010857
4300.807004  1.021787
4301.429811  1.032907
4302.052618  1.030889
4302.675425  1.027249
4303.298232  1.031577
4303.921039  1.041999
4304.543846  1.044092
4305.166653  1.045374
4305.78946  1.049263
4306.412267  1.037779
4307.035074  1.018793
4307.657881  1.005257
4308.280688  1.005207
4308.903495  1.017748
4309.526302  1.02886
4310.149109  1.027471
4310.771916  1.023634
4311.394723  1.017596
4312.01753  1.008446
4312.640337  0.9965465
4313.263144  0.9855986
4313.885951  0.9768379
4314.508758  0.9709252
4315.131565  0.9726793
4315.754372  0.9801625
4316.377179  0.9856504
4316.999986  0.9824991
4317.622793  0.9781038
4318.2456  0.9745545
4318.868407  0.9670696
4319.491214  0.9549628
4320.114021  0.944375
4320.736828  0.9388377
4321.359635  0.9329791
4321.982442  0.9270753
4322.605249  0.9214402
4323.228056  0.9137986
4323.850863  0.9046095
4324.47367  0.8879182
4325.096477  0.8655447
4325.719284  0.8541859
4326.342091  0.846669
4326.964898  0.8358801
4327.587705  0.8251002
4328.210512  0.8154805
4328.833319  0.8026768
4329.456126  0.7831327
4330.078933  0.7633021
4330.70174  0.7466981
4331.324547  0.7304595
4331.947354  0.7096116
4332.570161  0.6855091
4333.192968  0.6601214
4333.815775  0.6343511
4334.438582  0.6107854
4335.061389  0.5875133
4335.684196  0.5596516
4336.307003  0.52413
4336.92981  0.4865981
4337.552617  0.4498347
4338.175424  0.4104893
4338.798231  0.3619235
4339.421038  0.3049299
4340.043845  0.258465
4340.666652  0.256054
4341.289459  0.2926325
4341.912266  0.3468252
4342.535073  0.3987518
4343.15788  0.4410859
4343.780687  0.477218
4344.403494  0.512907
4345.026301  0.5482736
4345.649108  0.576749
4346.271915  0.5998523
4346.894722  0.6272029
4347.517529  0.6523881
4348.140336  0.6754283
4348.763143  0.6992211
4349.38595  0.7178876
4350.008757  0.7308841
4350.631564  0.7406503
4351.254371  0.7499927
4351.877178  0.7638792
4352.499985  0.7849268
4353.122792  0.810847
4353.745599  0.8324035
4354.368406  0.845655
4354.991213  0.8539106
4355.61402  0.8641048
4356.236827  0.8726928
4356.859634  0.8811169
4357.482441  0.8941706
4358.105248  0.9008881
4358.728055  0.9073558
4359.350862  0.9194354
4359.973669  0.9256925
4360.596476  0.929868
4361.219283  0.9345707
4361.84209  0.9379122
4362.464897  0.9444793
4363.087704  0.9514893
4363.710511  0.9561951
4364.333318  0.9663472
4364.956125  0.9724591
4365.578932  0.9707114
4366.201739  0.9705346
4366.824546  0.9719046
4367.447353  0.9741446
4368.07016  0.9776038
4368.692967  0.9840125
4369.315774  0.9860272
4369.938581  0.9836864
4370.561388  0.9861181
4371.184195  0.9935039
4371.807002  0.9976472
4372.429809  0.9924346
4373.052616  0.9903744
4373.675423  0.9907166
4374.29823  0.9892379
4374.921037  0.9893627
4375.543844  0.9947278
4376.166651  1.001213
4376.789458  1.00342
4377.412265  1.0045
4378.035072  1.006186
4378.657879  1.007785
4379.280686  1.007375
4379.903493  1.008003
4380.5263  1.009786
4381.149107  1.009371
4381.771914  1.006964
4382.394721  0.9973447
4383.017528  0.9810067
4383.640335  0.9764054
4384.263142  0.9845079
4384.885949  0.9968375
4385.508756  1.005227
4386.131563  1.010091
4386.75437  1.011045
4387.377177  1.009658
4387.999984  1.012805
4388.622791  1.014165
4389.245598  1.010652
4389.868405  1.010848
4390.491212  1.012408
4391.114019  1.010808
4391.736826  1.006525
4392.359633  1.010292
4392.98244  1.009042
4393.605247  0.9930849
4394.228054  0.9763013
4394.850861  0.9687032
4395.473668  0.9780533
4396.096475  1.002483
4396.719282  1.01644
4397.342089  1.018885
4397.964896  1.017241
4398.587703  1.00274
4399.21051  0.9923543
4399.833317  0.9966394
4400.456124  1.007285
4401.078931  1.015225
4401.701738  1.016737
4402.324545  1.01239
4402.947352  1.007468
4403.570159  0.9993553
4404.192966  0.9918556
4404.815773  0.9931072
4405.43858  1.002446
4406.061387  1.011346
4406.684194  1.012593
4407.307001  1.015023
4407.929808  1.014657
4408.552615  1.011602
4409.175422  1.013052
4409.798229  1.011376
4410.421036  1.006878
4411.043843  1.006097
4411.66665  1.006239
4412.289457  1.008752
4412.912264  1.011548
4413.535071  1.00728
4414.157878  1.002712
4414.780685  0.9987826
4415.403492  0.9922587
4416.026299  0.9952168
4416.649106  0.9962639
4417.271913  0.987495
4417.89472  0.9887883
4418.517527  0.9984202
4419.140334  1.007099
4419.763141  1.01002
4420.385948  1.005888
4421.008755  1.005036
4421.631562  1.012735
4422.254369  1.014178
4422.877176  1.007632
4423.499983  1.001742
4424.12279  1.005577
4424.745597  1.012082
4425.368404  1.012599
4425.991211  1.007814
4426.614018  1.01077
4427.236825  1.010109
4427.859632  1.002399
4428.482439  1.003191
4429.105246  1.003997
4429.728053  1.002108
4430.35086  1.001808
4430.973667  1.002225
4431.596474  1.00088
4432.219281  0.9988925
4432.842088  1.003122
4433.464895  1.005871
4434.087702  1.004476
4434.710509  1.003187
4435.333316  1.004241
4435.956123  1.003772
4436.57893  1.000785
4437.201737  1.001983
4437.824544  1.00481
4438.447351  1.005866
4439.070158  1.005526
4439.692965  1.005978
4440.315772  1.005152
4440.938579  1.001446
4441.561386  0.9989536
4442.184193  0.9878868
4442.807  0.970117
4443.429807  0.9618773
4444.052614  0.9708675
4444.675421  0.9890823
4445.298228  1.000949
4445.921035  0.999222
4446.543842  0.9970611
4447.166649  0.9992617
4447.789456  0.9948208
4448.412263  0.9920534
4449.03507  0.9912227
4449.657877  0.9888786
4450.280684  0.9887174
4450.903491  0.9910644
4451.526298  0.9943314
4452.149105  0.9960741
4452.771912  0.9973195
4453.394719  0.9972421
4454.017526  0.9965324
4454.640333  0.9973447
4455.26314  0.9965722
4455.885947  0.993699
4456.508754  0.9938691
4457.131561  0.9955589
4457.754368  0.9954411
4458.377175  0.9929031
4458.999982  0.9912884
4459.622789  0.9927201
4460.245596  0.9950001
4460.868403  0.9940621
4461.49121  0.9946133
4462.114017  0.9970138
4462.736824  0.9966875
4463.359631  0.9942757
4463.982438  0.9904369
4464.605245  0.987828
4465.228052  0.9890568
4465.850859  0.9929177
4466.473666  0.9890441
4467.096473  0.9707935
4467.71928  0.9566823
4468.342087  0.95927
4468.964894  0.9744226
4469.587701  0.9830171
4470.210508  0.9850134
4470.833315  0.9853942
4471.456122  0.9857095
4472.078929  0.9840534
4472.701736  0.9848019
4473.324543  0.9893556
4473.94735  0.9898788
4474.570157  0.9884706
4475.192964  0.9876876
4475.815771  0.9872368
4476.438578  0.9868307
4477.061385  0.9885209
4477.684192  0.9922188
4478.306999  0.9936289
4478.929806  0.9764731
4479.552613  0.9356982
4480.17542  0.8926823
4480.798227  0.8922196
4481.421034  0.9276354
4482.043841  0.9624792
4482.666648  0.9812331
4483.289455  0.9866439
4483.912262  0.9864804
4484.535069  0.9848948
4485.157876  0.9820721
4485.780683  0.9796146
4486.40349  0.9785635
4487.026297  0.9742925
4487.649104  0.9727814
4488.271911  0.9768648
4488.894718  0.9787803
4489.517525  0.9791583
4490.140332  0.9769617
4490.763139  0.9740523
4491.385946  0.9761687
4492.008753  0.9791652
4492.63156  0.9789329
4493.254367  0.978467
4493.877174  0.9788318
4494.499981  0.9787288
4495.122788  0.9784151
4495.745595  0.9818432
4496.368402  0.9856985
4496.991209  0.9851218
4497.614016  0.9794916
4498.236823  0.9795244
4498.85963  0.9784864
4499.482437  0.9621493
4500.105244  0.9492842
4500.728051  0.9495877
4501.350858  0.9594463
4501.973665  0.9673381
4502.596472  0.974826
4503.219279  0.9788852
4503.842086  0.9739227
4504.464893  0.9741963
4505.0877  0.9780574
4505.710507  0.9758655
4506.333314  0.9675868
4506.956121  0.9609954
4507.578928  0.9611741
4508.201735  0.9659578
4508.824542  0.9706385
