3820.  0.
3820.622807  0.
3821.245614  0.
3821.868421  0.
3822.491228  0.
3823.114035  0.
3823.736842  0.
3824.359649  0.
3824.982456  0.
3825.605263  0.
3826.22807  0.
3826.850877  0.
3827.473684  0.
3828.096491  0.
3828.719298  0.
3829.342105  0.
3829.964912  0.
3830.587719  0.
3831.210526  0.
3831.833333  0.
3832.45614  0.
3833.078947  0.
3833.701754  0.
3834.324561  0.
3834.947368  0.
3835.570175  0.
3836.192982  0.02993789
3836.815789  0.1425935
3837.438596  0.1297324
3838.061403  0.115548
3838.68421  0.1101932
3839.307017  0.113456
3839.929824  0.1105898
3840.552631  0.09922205
3841.175438  0.09882767
3841.798245  0.1313992
3842.421052  0.1438263
3843.043859  0.1376269
3843.666666  0.1498261
3844.289473  0.1695389
3844.91228  0.1811372
3845.535087  0.1774524
3846.157894  0.1658152
3846.780701  0.1656191
3847.403508  0.1696695
3848.026315  0.1607954
3848.649122  0.1532331
3849.271929  0.1297518
3849.894736  0.09661827
3850.517543  0.1005239
3851.14035  0.120971
3851.763157  0.1425679
3852.385964  0.1634603
3853.008771  0.1694279
3853.631578  0.1603573
3854.254385  0.1509044
3854.877192  0.1560889
3855.499999  0.1382581
3856.122806  0.1044301
3856.745613  0.09678483
3857.36842  0.1125773
3857.991227  0.1183011
3858.614034  0.09669676
3859.236841  0.07401224
3859.859648  0.06142117
3860.482455  0.06872016
3861.105262  0.0997716
3861.728069  0.1360872
3862.350876  0.1591388
3862.973683  0.1623584
3863.59649  0.1548385
3864.219297  0.1425494
3864.842104  0.1276639
3865.464911  0.1154468
3866.087718  0.1290794
3866.710525  0.1516145
3867.333332  0.1584232
3867.956139  0.1570686
3868.578946  0.1571769
3869.201753  0.1591018
3869.82456  0.1543116
3870.447367  0.1387354
3871.070174  0.1255334
3871.692981  0.1186613
3872.315788  0.091471
3872.938595  0.08061453
3873.561402  0.104692
3874.184209  0.1356581
3874.807016  0.1593125
3875.429823  0.1617941
3876.05263  0.141111
3876.675437  0.1186943
3877.298244  0.09981258
3877.921051  0.08877489
3878.543858  0.09474897
3879.166665  0.1129046
3879.789472  0.1347868
3880.412279  0.1498825
3881.035086  0.1453819
3881.657893  0.1215637
3882.2807  0.1092684
3882.903507  0.1523631
3883.526314  0.2064104
3884.149121  0.2260831
3884.771928  0.1992321
3885.394735  0.1441306
3886.017542  0.093528
3886.640349  0.08229607
3887.263156  0.1264425
3887.885963  0.1582618
3888.50877  0.1501743
3889.131577  0.1348027
3889.754384  0.138501
3890.377191  0.1668242
3890.999998  0.210916
3891.622805  0.2587555
3892.245612  0.2947971
3892.868419  0.2904926
3893.491226  0.2294114
3894.114033  0.1680652
3894.73684  0.133379
3895.359647  0.1281389
3895.982454  0.1587258
3896.605261  0.201168
3897.228068  0.2196087
3897.850875  0.1953784
3898.473682  0.1716108
3899.096489  0.14623
3899.719296  0.1150453
3900.342103  0.1478554
3900.96491  0.2190551
3901.587717  0.260209
3902.210524  0.2302406
3902.833331  0.1890804
3903.456138  0.1967688
3904.078945  0.2487639
3904.701752  0.2479748
3905.324559  0.1919368
3905.947366  0.1321868
3906.570173  0.1105997
3907.19298  0.126956
3907.815787  0.1631297
3908.438594  0.1999549
3909.061401  0.2261671
3909.684208  0.2390586
3910.307015  0.2440719
3910.929822  0.2497222
3911.552629  0.2478594
3912.175436  0.2275843
3912.798243  0.1916093
3913.42105  0.1743052
3914.043857  0.1891474
3914.666664  0.2200628
3915.289471  0.2335576
3915.912278  0.2055984
3916.535085  0.1634855
3917.157892  0.1649837
3917.780699  0.1793486
3918.403506  0.1782191
3919.026313  0.1575926
3919.64912  0.1296377
3920.271927  0.1113805
3920.894734  0.1118834
3921.517541  0.1244014
3922.140348  0.1236864
3922.763155  0.1146285
3923.385962  0.123195
3924.008769  0.1527165
3924.631576  0.1653908
3925.254383  0.1444984
3925.87719  0.1314941
3926.499997  0.1314167
3927.122804  0.123334
3927.745611  0.09187943
3928.368418  0.07941628
3928.991225  0.08300318
3929.614032  0.07689986
3930.236839  0.05794205
3930.859646  0.04931752
3931.482453  0.06018713
3932.10526  0.07086911
3932.728067  0.05313207
3933.350874  0.03436423
3933.973681  0.04735579
3934.596488  0.05445465
3935.219295  0.05307297
3935.842102  0.05488188
3936.464909  0.06454353
3937.087716  0.07510949
3937.710523  0.0894758
3938.33333  0.1113577
3938.956137  0.1212369
3939.578944  0.1257352
3940.201751  0.1273762
3940.824558  0.1079581
3941.447365  0.1001706
3942.070172  0.1185782
3942.692979  0.1401666
3943.315786  0.127383
3943.938593  0.1085639
3944.5614  0.1268575
3945.184207  0.1737206
3945.807014  0.2090954
3946.429821  0.215443
3947.052628  0.2072743
3947.675435  0.1713604
3948.298242  0.1385992
3948.921049  0.1441706
3949.543856  0.161683
3950.166663  0.1877763
3950.78947  0.2140431
3951.412277  0.2165182
3952.035084  0.1960435
3952.657891  0.1772241
3953.280698  0.1897135
3953.903505  0.2388603
3954.526312  0.2819689
3955.149119  0.2774992
3955.771926  0.2298605
3956.394733  0.184613
3957.01754  0.1714942
3957.640347  0.1847115
3958.263154  0.2002102
3958.885961  0.2204134
3959.508768  0.2413045
3960.131575  0.2207015
3960.754382  0.1719949
3961.377189  0.1314895
3961.999996  0.1234518
3962.622803  0.1268634
3963.24561  0.1214313
3963.868417  0.1075597
3964.491224  0.1092393
3965.114031  0.1076288
3965.736838  0.09210083
3966.359645  0.08462989
3966.982452  0.07069017
3967.605259  0.05511987
3968.228066  0.05501372
3968.850873  0.05616169
3969.47368  0.06301758
3970.096487  0.07626259
3970.719294  0.0771988
3971.342101  0.08845587
3971.964908  0.1084265
3972.587715  0.1117343
3973.210522  0.1205048
3973.833329  0.1320994
3974.456136  0.1386726
3975.078943  0.1592164
3975.70175  0.189753
3976.324557  0.2087491
3976.947364  0.1986709
3977.570171  0.1966503
3978.192978  0.2075948
3978.815785  0.2167539
3979.438592  0.2407555
3980.061399  0.2730047
3980.684206  0.2861484
3981.307013  0.2535231
3981.92982  0.205239
3982.552627  0.191592
3983.175434  0.231788
3983.798241  0.2557756
3984.421048  0.2749872
3985.043855  0.3197683
3985.666662  0.3594711
3986.289469  0.3609565
3986.912276  0.3332829
3987.535083  0.3221336
3988.15789  0.343256
3988.780697  0.3480361
3989.403504  0.3058084
3990.026311  0.2971002
3990.649118  0.3153129
3991.271925  0.3247106
3991.894732  0.3161328
3992.517539  0.3318683
3993.140346  0.367204
3993.763153  0.3764101
3994.38596  0.3369402
3995.008767  0.2907984
3995.631574  0.2775548
3996.254381  0.2805788
3996.877188  0.2772807
3997.499995  0.2589637
3998.122802  0.2459919
3998.745609  0.2942676
3999.368416  0.401854
3999.991223  0.4980763
4000.61403  0.4843524
4001.236837  0.445285
4001.859644  0.4517107
4002.482451  0.4712113
4003.105258  0.4717154
4003.728065  0.4459507
4004.350872  0.3990043
4004.973679  0.3229477
4005.596486  0.276437
4006.219293  0.3030791
4006.8421  0.3727746
4007.464907  0.414251
4008.087714  0.4116736
4008.710521  0.3993675
4009.333328  0.3796058
4009.956135  0.3728426
4010.578942  0.38245
4011.201749  0.373493
4011.824556  0.362895
4012.447363  0.3776708
4013.07017  0.4191036
4013.692977  0.4304176
4014.315784  0.4182293
4014.938591  0.4360769
4015.561398  0.5178767
4016.184205  0.5735275
4016.807012  0.5359713
4017.429819  0.4467544
4018.052626  0.3993024
4018.675433  0.4220558
4019.29824  0.4667152
4019.921047  0.4644123
4020.543854  0.4155541
4021.166661  0.3633927
4021.789468  0.3476895
4022.412275  0.3675369
4023.035082  0.37873
4023.657889  0.3410302
4024.280696  0.3004451
4024.903503  0.3237188
4025.52631  0.419128
4026.149117  0.4942148
4026.771924  0.5266382
4027.394731  0.5436365
4028.017538  0.5818058
4028.640345  0.6271059
4029.263152  0.6207811
4029.885959  0.5142335
4030.508766  0.3386565
4031.131573  0.2541611
4031.75438  0.2973178
4032.377187  0.297578
4032.999994  0.2623657
4033.622801  0.2440702
4034.245608  0.2737511
4034.868415  0.3306751
4035.491222  0.4087697
4036.114029  0.4959629
4036.736836  0.5561482
4037.359643  0.5781005
4037.98245  0.5675749
4038.605257  0.5415779
4039.228064  0.5325592
4039.850871  0.5079481
4040.473678  0.4339555
4041.096485  0.3606374
4041.719292  0.3750213
4042.342099  0.461538
4042.964906  0.4920395
4043.587713  0.4620705
4044.21052  0.3916374
4044.833327  0.303863
4045.456134  0.2334803
4046.078941  0.2293288
4046.701748  0.3138121
4047.324555  0.4508719
4047.947362  0.5416586
4048.570169  0.5414705
4049.192976  0.4902583
4049.815783  0.464053
4050.43859  0.4822307
4051.061397  0.5198835
4051.684204  0.5463601
4052.307011  0.5396249
4052.929818  0.505983
4053.552625  0.4689265
4054.175432  0.4154204
4054.798239  0.3698655
4055.421046  0.3685068
4056.043853  0.4046783
4056.66666  0.4261293
4057.289467  0.3978257
4057.912274  0.3443952
4058.535081  0.3497777
4059.157888  0.3927147
4059.780695  0.4038114
4060.403502  0.4452844
4061.026309  0.4964231
4061.649116  0.4991027
4062.271923  0.4296189
4062.89473  0.3156243
4063.517537  0.2260322
4064.140344  0.2297796
4064.763151  0.3305452
4065.385958  0.4675443
4066.008765  0.5426818
4066.631572  0.4739921
4067.254379  0.3624488
4067.877186  0.3342568
4068.499993  0.4207152
4069.1228  0.5179208
4069.745607  0.5758485
4070.368414  0.5783221
4070.991221  0.4511504
4071.614028  0.3299702
4072.236835  0.3226329
4072.859642  0.3643866
4073.482449  0.4500234
4074.105256  0.5164007
4074.728063  0.4840916
4075.35087  0.391395
4075.973677  0.3042504
4076.596484  0.2543139
4077.219291  0.2128245
4077.842098  0.1987726
4078.464905  0.2322408
4079.087712  0.3007722
4079.710519  0.3389084
4080.333326  0.3763562
4080.956133  0.4622618
4081.57894  0.5468152
4082.201747  0.5270556
4082.824554  0.4178796
4083.447361  0.372833
4084.070168  0.4350325
4084.692975  0.4960489
4085.315782  0.4448122
4085.938589  0.38885
4086.561396  0.3877842
4087.184203  0.4537537
4087.80701  0.567674
4088.429817  0.6477902
4089.052624  0.6550593
4089.675431  0.616222
4090.298238  0.5782265
4090.921045  0.5885018
4091.543852  0.6283072
4092.166659  0.5951642
4092.789466  0.5586929
4093.412273  0.5951006
4094.03508  0.6846851
4094.657887  0.6923383
4095.280694  0.5961789
4095.903501  0.4821649
4096.526308  0.4471555
4097.149115  0.5113136
4097.771922  0.5923367
4098.394729  0.5714721
4099.017536  0.5285967
4099.640343  0.4909748
4100.26315  0.4225647
4100.885957  0.3304894
4101.508764  0.2815323
4102.131571  0.3104836
4102.754378  0.3671463
4103.377185  0.4398823
4103.999992  0.4997765
4104.622799  0.5195618
4105.245606  0.5454276
4105.868413  0.6001701
4106.49122  0.6477194
4107.114027  0.6062378
4107.736834  0.5393887
4108.359641  0.507483
4108.982448  0.4922112
4109.605255  0.4216244
4110.228062  0.3608631
4110.850869  0.391042
4111.473676  0.4214288
4112.096483  0.416997
4112.71929  0.4142606
4113.342097  0.4720512
4113.964904  0.5004371
4114.587711  0.4876515
4115.210518  0.4915096
4115.833325  0.5123886
4116.456132  0.5264382
4117.078939  0.522092
4117.701746  0.5133239
4118.324553  0.4406842
4118.94736  0.356606
4119.570167  0.3730494
4120.192974  0.4232332
4120.815781  0.4328003
4121.438588  0.3916734
4122.061395  0.3723508
4122.684202  0.3865434
4123.307009  0.4084253
4123.929816  0.4183841
4124.552623  0.4764284
4125.17543  0.535057
4125.798237  0.5255906
4126.421044  0.5027444
4127.043851  0.4664924
4127.666658  0.426121
4128.289465  0.4192669
4128.912272  0.4277017
4129.535079  0.4109134
4130.157886  0.3693024
4130.780693  0.4067312
4131.4035  0.4444379
4132.026307  0.4057996
4132.649114  0.3550045
4133.271921  0.3443175
4133.894728  0.3474448
4134.517535  0.3233528
4135.140342  0.3782458
4135.763149  0.4944864
4136.385956  0.56906
4137.008763  0.5253721
4137.63157  0.4718977
4138.254377  0.493246
4138.877184  0.5544557
4139.499991  0.5486369
4140.122798  0.4974486
4140.745605  0.4779178
4141.368412  0.4805652
4141.991219  0.4625476
4142.614026  0.3987116
4143.236833  0.3102538
4143.85964  0.2434732
4144.482447  0.2684548
4145.105254  0.4016849
4145.728061  0.5231918
4146.350868  0.5604134
4146.973675  0.5181365
4147.596482  0.4624037
4148.219289  0.4502878
4148.842096  0.4446851
4149.464903  0.379871
4150.08771  0.3203825
4150.710517  0.3508629
4151.333324  0.4466033
4151.956131  0.4437497
4152.578938  0.4050682
4153.201745  0.3983521
4153.824552  0.4102723
4154.447359  0.3960404
4155.070166  0.391931
4155.692973  0.4219489
4156.31578  0.4026494
4156.938587  0.3998586
4157.561394  0.4487165
4158.184201  0.4935121
4158.807008  0.5233276
4159.429815  0.5321324
4160.052622  0.5221341
4160.675429  0.5138607
4161.298236  0.5163823
4161.921043  0.5438888
4162.54385  0.6044749
4163.166657  0.6122531
4163.789464  0.5461569
4164.412271  0.4663804
4165.035078  0.4450888
4165.657885  0.4800667
4166.280692  0.5161321
4166.903499  0.4997829
4167.526306  0.4735388
4168.149113  0.4828458
4168.77192  0.5238505
4169.394727  0.5331163
4170.017534  0.5199232
4170.640341  0.5186441
4171.263148  0.5188627
4171.885955  0.4583669
4172.508762  0.3434483
4173.131569  0.2606317
4173.754376  0.2613252
4174.377183  0.3010276
4174.99999  0.3227883
4175.622797  0.3572271
4176.245604  0.3932824
4176.868411  0.3981294
4177.491218  0.3576229
4178.114025  0.3505593
4178.736832  0.3864928
4179.359639  0.4232024
4179.982446  0.4504997
4180.605253  0.4690238
4181.22806  0.4649754
4181.850867  0.4198728
4182.473674  0.4193254
4183.096481  0.4625204
4183.719288  0.4857599
4184.342095  0.5028893
4184.964902  0.5456149
4185.587709  0.5955765
4186.210516  0.5700412
4186.833323  0.4681335
4187.45613  0.3771056
4188.078937  0.3931793
4188.701744  0.4805078
4189.324551  0.5399007
4189.947358  0.5138964
4190.570165  0.4551901
4191.192972  0.4025064
4191.815779  0.4058382
4192.438586  0.4947003
4193.061393  0.5762314
4193.6842  0.6057883
4194.307007  0.5900131
4194.929814  0.5417475
4195.552621  0.4574618
4196.175428  0.3743203
4196.798235  0.3593049
4197.421042  0.3883991
4198.043849  0.4031926
4198.666656  0.377932
4199.289463  0.3718548
4199.91227  0.398157
4200.535077  0.4326825
4201.157884  0.4406874
4201.780691  0.4081085
4202.403498  0.3779385
4203.026305  0.3952883
4203.649112  0.4118636
4204.271919  0.390929
4204.894726  0.3578314
4205.517533  0.3877548
4206.14034  0.4227531
4206.763147  0.4423892
4207.385954  0.4877432
4208.008761  0.569426
4208.631568  0.6209624
4209.254375  0.5993499
4209.877182  0.5647387
4210.499989  0.5567327
4211.122796  0.582934
4211.745603  0.6188032
4212.36841  0.6196057
4212.991217  0.5821114
4213.614024  0.5310452
4214.236831  0.4832467
4214.859638  0.3812693
4215.482445  0.2721668
4216.105252  0.3106202
4216.728059  0.5054943
4217.350866  0.7325188
4217.973673  0.8714421
4218.59648  0.9571975
4219.219287  0.941234
4219.842094  0.8508713
4220.464901  0.8295095
4221.087708  0.9164639
4221.710515  0.9423993
4222.333322  0.7589895
4222.956129  0.5781985
4223.578936  0.5180273
4224.201743  0.5347523
4224.82455  0.4844827
4225.447357  0.3985173
4226.070164  0.2921771
4226.692971  0.1741263
4227.315778  0.1726595
4227.938585  0.3588993
4228.561392  0.635368
4229.184199  0.7582154
4229.807006  0.7522691
4230.429813  0.7878819
4231.05262  0.9539034
4231.675427  0.9541667
4232.298234  0.73208
4232.921041  0.4575259
4233.543848  0.3410891
4234.166655  0.4283547
4234.789462  0.5786729
4235.412269  0.5990574
4236.035076  0.5358161
4236.657883  0.5174153
4237.28069  0.5843876
4237.903497  0.5850947
4238.526304  0.5512205
4239.149111  0.5412366
4239.771918  0.5536972
4240.394725  0.5937964
4241.017532  0.6690781
4241.640339  0.7576579
4242.263146  0.781214
4242.885953  0.7857099
4243.50876  0.8425977
4244.131567  0.95135
4244.754374  0.9898741
4245.377181  0.8978292
4245.999988  0.7226139
4246.622795  0.5754936
4247.245602  0.5132465
4247.868409  0.5448596
4248.491216  0.6461956
4249.114023  0.7216059
4249.73683  0.6769777
4250.359637  0.5202608
4250.982444  0.4630406
4251.605251  0.5366454
4252.228058  0.6591382
4252.850865  0.7542202
4253.473672  0.7169626
4254.096479  0.5800774
4254.719286  0.4877208
4255.342093  0.4982695
4255.9649  0.594239
4256.587707  0.7212071
4257.210514  0.8249847
4257.833321  0.7450835
4258.456128  0.5686296
4259.078935  0.5606152
4259.701742  0.5729069
4260.324549  0.5459319
4260.947356  0.5494307
4261.570163  0.6759339
4262.19297  0.8124717
4262.815777  0.8726723
4263.438584  0.894985
4264.061391  0.8794727
4264.684198  0.8962788
4265.307005  0.9945343
4265.929812  1.075357
4266.552619  1.056007
4267.175426  0.9383985
4267.798233  0.8129882
4268.42104  0.7672746
4269.043847  0.7868914
4269.666654  0.7779224
4270.289461  0.6611902
4270.912268  0.4639584
4271.535075  0.3120031
4272.157882  0.3441044
4272.780689  0.4925207
4273.403496  0.6155034
4274.026303  0.6139674
4274.64911  0.5231774
4275.271917  0.532182
4275.894724  0.7123699
4276.517531  0.8683504
4277.140338  0.9316978
4277.763145  0.9502366
4278.385952  0.9907292
4279.008759  0.9682018
4279.631566  0.8287586
4280.254373  0.6449591
4280.87718  0.611551
4281.499987  0.6668532
4282.122794  0.6912036
4282.745601  0.6583188
4283.368408  0.7278482
4283.991215  0.8094625
4284.614022  0.7540953
4285.236829  0.6413015
4285.859636  0.5794712
4286.482443  0.5896111
4287.10525  0.6028156
4287.728057  0.6258072
4288.350864  0.6025273
4288.973671  0.4834528
4289.596478  0.3358671
4290.219285  0.2723934
4290.842092  0.312926
4291.464899  0.375441
4292.087706  0.5234095
4292.710513  0.7079448
4293.33332  0.7853883
4293.956127  0.6640572
4294.578934  0.5822279
4295.201741  0.6688585
4295.824548  0.7225599
4296.447355  0.6977897
4297.070162  0.6606125
4297.692969  0.6641622
4298.315776  0.5783819
4298.938583  0.4250704
4299.56139  0.3045348
4300.184197  0.2851277
4300.807004  0.3788929
4301.429811  0.4844227
4302.052618  0.4836263
4302.675425  0.4427128
4303.298232  0.4662065
4303.921039  0.5692827
4304.543846  0.6248405
4305.166653  0.5581595
4305.78946  0.4593174
4306.412267  0.4730532
4307.035074  0.4666491
4307.657881  0.4097799
4308.280688  0.3665071
4308.903495  0.3935615
4309.526302  0.4663149
4310.149109  0.5784703
4310.771916  0.7457399
4311.394723  0.867004
4312.01753  0.8983951
4312.640337  0.8562628
4313.263144  0.7658531
4313.885951  0.6076984
4314.508758  0.4921845
4315.131565  0.6320558
4315.754372  0.9550081
4316.377179  1.239821
4316.999986  1.325465
4317.622793  1.310594
4318.2456  1.227289
4318.868407  1.144845
4319.491214  1.16986
4320.114021  1.099523
4320.736828  0.9458803
4321.359635  0.8985028
4321.982442  0.9818811
4322.605249  1.04168
4323.228056  0.9818082
4323.850863  0.895139
4324.47367  0.7346247
4325.096477  0.5126457
4325.719284  0.3535462
4326.342091  0.437001
4326.964898  0.7167005
4327.587705  1.031079
4328.210512  1.261135
4328.833319  1.293913
4329.456126  1.137133
4330.078933  0.9276075
4330.70174  0.8425273
4331.324547  0.9352364
4331.947354  1.103313
4332.570161  1.154517
4333.192968  1.095602
4333.815775  1.067105
4334.438582  1.203678
4335.061389  1.440312
4335.684196  1.535334
4336.307003  1.297952
4336.92981  0.8266134
4337.552617  0.5071521
4338.175424  0.5165942
4338.798231  0.632202
4339.421038  0.5867869
4340.043845  0.4264483
4340.666652  0.3944211
4341.289459  0.5969849
4341.912266  0.9414344
4342.535073  1.192606
4343.15788  1.13882
4343.780687  0.9421111
4344.403494  0.8962201
4345.026301  1.108126
4345.649108  1.20245
4346.271915  1.034354
4346.894722  0.7843193
4347.517529  0.8112191
4348.140336  1.105883
4348.763143  1.42312
4349.38595  1.487707
4350.008757  1.240644
4350.631564  0.8619604
4351.254371  0.5896618
4351.877178  0.5369774
4352.499985  0.7312047
4353.122792  1.017335
4353.745599  1.161282
4354.368406  1.134725
4354.991213  1.105685
4355.61402  1.23433
4356.236827  1.464803
4356.859634  1.608591
4357.482441  1.490228
4358.105248  1.108101
4358.728055  0.7991259
4359.350862  0.7310275
4359.973669  0.841547
4360.596476  0.9735703
4361.219283  1.09205
4361.84209  1.203511
4362.464897  1.290496
4363.087704  1.307762
4363.710511  1.32431
4364.333318  1.419073
4364.956125  1.48475
4365.578932  1.442645
4366.201739  1.296275
4366.824546  1.116594
4367.447353  0.9029526
4368.07016  0.7740065
4368.692967  0.8637068
4369.315774  1.036076
4369.938581  1.129743
4370.561388  1.117983
4371.184195  1.146312
4371.807002  1.198511
4372.429809  1.155251
4373.052616  0.9378232
4373.675423  0.7171737
4374.29823  0.5645442
4374.921037  0.4922939
4375.543844  0.5602363
4376.166651  0.7844504
4376.789458  1.092546
4377.412265  1.345316
4378.035072  1.453512
4378.657879  1.370581
4379.280686  1.174916
4379.903493  1.107827
4380.5263  1.160108
4381.149107  1.187199
4381.771914  1.0597
4382.394721  0.7772316
4383.017528  0.4796152
4383.640335  0.3280514
4384.263142  0.3337194
4384.885949  0.4889891
4385.508756  0.736779
4386.131563  0.9568803
4386.75437  1.010326
4387.377177  0.9272007
4387.999984  0.8456014
4388.622791  0.7686954
4389.245598  0.6967113
4389.868405  0.6530219
4390.491212  0.6831676
4391.114019  0.7865583
4391.736826  0.9602453
4392.359633  1.166086
4392.98244  1.219244
4393.605247  1.094404
4394.228054  0.8965936
4394.850861  0.742517
4395.473668  0.8207728
4396.096475  1.127292
4396.719282  1.404601
4397.342089  1.366017
4397.964896  1.127949
4398.587703  0.9680644
4399.21051  0.8501373
4399.833317  0.6992863
4400.456124  0.6146019
4401.078931  0.8545048
4401.701738  1.312801
4402.324545  1.615971
4402.947352  1.455708
4403.570159  1.030618
4404.192966  0.632682
4404.815773  0.4793515
4405.43858  0.6043847
4406.061387  0.7834531
4406.684194  0.8176045
4407.307001  0.6824909
4407.929808  0.5194933
4408.552615  0.5263371
4409.175422  0.7662715
4409.798229  1.046066
4410.421036  1.185035
4411.043843  1.188983
4411.66665  1.224126
4412.289457  1.315351
4412.912264  1.370235
4413.535071  1.261551
4414.157878  0.9425119
4414.780685  0.6719151
4415.403492  0.652715
4416.026299  0.7904413
4416.649106  0.8322963
4417.271913  0.7698045
4417.89472  0.7910928
4418.517527  0.9423201
4419.140334  1.110737
4419.763141  1.156109
4420.385948  1.052263
4421.008755  0.942569
4421.631562  0.883634
4422.254369  0.8271117
4422.877176  0.8538253
4423.499983  0.9935724
4424.12279  1.167391
4424.745597  1.205352
4425.368404  1.190427
4425.991211  1.173436
4426.614018  1.066325
4427.236825  0.8776919
4427.859632  0.8183453
4428.482439  0.9975522
4429.105246  1.0173
4429.728053  0.8796989
4430.35086  0.8072147
4430.973667  0.9510182
4431.596474  1.130621
4432.219281  1.167371
4432.842088  1.043036
4433.464895  0.9059318
4434.087702  0.7759278
4434.710509  0.629831
4435.333316  0.5364572
4435.956123  0.663715
4436.57893  0.9656997
4437.201737  1.184703
4437.824544  1.289591
4438.447351  1.371746
4439.070158  1.46214
4439.692965  1.356633
4440.315772  1.168339
4440.938579  1.020969
4441.561386  0.8619977
4442.184193  0.70498
4442.807  0.5855533
4443.429807  0.5507207
4444.052614  0.661958
4444.675421  0.8856214
4445.298228  1.098652
4445.921035  1.153964
4446.543842  1.046336
4447.166649  1.002335
4447.789456  1.260761
4448.412263  1.494954
4449.03507  1.405902
4449.657877  1.035829
4450.280684  0.8689154
4450.903491  0.9434037
4451.526298  1.067394
4452.149105  1.080808
4452.771912  1.031912
4453.394719  0.9821451
4454.017526  0.9204571
4454.640333  0.7484363
4455.26314  0.6302878
4455.885947  0.6978307
4456.508754  0.7970746
4457.131561  0.855251
4457.754368  0.8531561
4458.377175  0.8070126
4458.999982  0.747433
4459.622789  0.7508047
4460.245596  0.8220193
4460.868403  0.7827336
4461.49121  0.6313847
4462.114017  0.5516347
4462.736824  0.764487
4463.359631  1.081202
4463.982438  1.224793
4464.605245  1.092852
4465.228052  0.9586154
4465.850859  0.8922715
4466.473666  0.8546746
4467.096473  0.8736628
4467.71928  0.8918629
4468.342087  0.8512017
4468.964894  0.767067
4469.587701  0.818862
4470.210508  0.9070536
4470.833315  0.8575014
4471.456122  0.8358937
4472.078929  0.9476261
4472.701736  1.204404
4473.324543  1.521502
4473.94735  1.692864
4474.570157  1.619638
4475.192964  1.408444
4475.815771  1.357182
4476.438578  1.507488
4477.061385  1.689336
4477.684192  1.7141
4478.306999  1.602597
4478.929806  1.413741
4479.552613  1.167799
4480.17542  1.026974
4480.798227  0.9923669
4481.421034  0.9425794
4482.043841  0.8450441
4482.666648  0.910853
4483.289455  1.193295
4483.912262  1.34309
4484.535069  1.389173
4485.157876  1.453056
4485.780683  1.568315
4486.40349  1.631543
4487.026297  1.590384
4487.649104  1.469507
4488.271911  1.327242
4488.894718  1.105445
4489.517525  0.8536824
4490.140332  0.8096002
4490.763139  0.9870308
4491.385946  1.243688
4492.008753  1.41039
4492.63156  1.491847
4493.254367  1.427281
4493.877174  1.198136
4494.499981  0.979891
4495.122788  0.9201068
4495.745595  0.9528739
4496.368402  0.8499325
4496.991209  0.8211806
4497.614016  0.9892475
4498.236823  1.252729
4498.85963  1.393485
4499.482437  1.46229
4500.105244  1.531752
4500.728051  1.428712
4501.350858  1.165057
4501.973665  1.006941
4502.596472  1.293948
4503.219279  1.817619
4503.842086  2.195622
4504.464893  2.203124
4505.0877  2.070405
4505.710507  1.919652
4506.333314  1.759204
4506.956121  1.575431
4507.578928  1.475563
4508.201735  1.476676
4508.824542  1.471063
