3820.  0.1711218
3820.622807  0.1432825
3821.245614  0.1741482
3821.868421  0.2388477
3822.491228  0.2906759
3823.114035  0.2984023
3823.736842  0.2628954
3824.359649  0.2109315
3824.982456  0.1695727
3825.605263  0.1493756
3826.22807  0.1511108
3826.850877  0.1741565
3827.473684  0.1925631
3828.096491  0.1992741
3828.719298  0.210772
3829.342105  0.2207987
3829.964912  0.2353772
3830.587719  0.2542095
3831.210526  0.2484702
3831.833333  0.2137848
3832.45614  0.1740859
3833.078947  0.1620578
3833.701754  0.1642678
3834.324561  0.176108
3834.947368  0.2045689
3835.570175  0.2482971
3836.192982  0.2803947
3836.815789  0.2764625
3837.438596  0.2377847
3838.061403  0.1909184
3838.68421  0.1675615
3839.307017  0.1764902
3839.929824  0.1779997
3840.552631  0.1691685
3841.175438  0.1801449
3841.798245  0.2417742
3842.421052  0.3067061
3843.043859  0.3364561
3843.666666  0.3352784
3844.289473  0.333122
3844.91228  0.3273785
3845.535087  0.3080366
3846.157894  0.2914935
3846.780701  0.2923834
3847.403508  0.3093104
3848.026315  0.3219214
3848.649122  0.2996954
3849.271929  0.2522184
3849.894736  0.2142718
3850.517543  0.2094883
3851.14035  0.2473281
3851.763157  0.3010925
3852.385964  0.3195527
3853.008771  0.2928633
3853.631578  0.2531174
3854.254385  0.2405602
3854.877192  0.2563734
3855.499999  0.2603749
3856.122806  0.2398048
3856.745613  0.2359654
3857.36842  0.2450453
3857.991227  0.2384826
3858.614034  0.198688
3859.236841  0.1626781
3859.859648  0.143776
3860.482455  0.1451999
3861.105262  0.1776751
3861.728069  0.237343
3862.350876  0.2990747
3862.973683  0.3312093
3863.59649  0.330544
3864.219297  0.3149902
3864.842104  0.2999289
3865.464911  0.2800511
3866.087718  0.2743777
3866.710525  0.2815312
3867.333332  0.275437
3867.956139  0.2579571
3868.578946  0.2430389
3869.201753  0.2352775
3869.82456  0.2136111
3870.447367  0.1875088
3871.070174  0.1721351
3871.692981  0.1708167
3872.315788  0.1797122
3872.938595  0.2052603
3873.561402  0.2549316
3874.184209  0.316381
3874.807016  0.3635475
3875.429823  0.3784862
3876.05263  0.3648416
3876.675437  0.3367437
3877.298244  0.2919169
3877.921051  0.2311901
3878.543858  0.2068015
3879.166665  0.2351513
3879.789472  0.2808298
3880.412279  0.2781402
3881.035086  0.2439768
3881.657893  0.2028148
3882.2807  0.172594
3882.903507  0.2157136
3883.526314  0.326995
3884.149121  0.4322236
3884.771928  0.4357787
3885.394735  0.3565583
3886.017542  0.2688726
3886.640349  0.2403441
3887.263156  0.2901395
3887.885963  0.345897
3888.50877  0.3387684
3889.131577  0.3216906
3889.754384  0.3418897
3890.377191  0.3968224
3890.999998  0.4394661
3891.622805  0.478669
3892.245612  0.5049155
3892.868419  0.5006763
3893.491226  0.487101
3894.114033  0.4725881
3894.73684  0.4440831
3895.359647  0.3869219
3895.982454  0.3885022
3896.605261  0.4556565
3897.228068  0.5058967
3897.850875  0.489066
3898.473682  0.4464054
3899.096489  0.423728
3899.719296  0.397783
3900.342103  0.4133054
3900.96491  0.4678668
3901.587717  0.4959519
3902.210524  0.4571109
3902.833331  0.406132
3903.456138  0.4121139
3904.078945  0.4539309
3904.701752  0.4453691
3905.324559  0.3722722
3905.947366  0.3215044
3906.570173  0.3397994
3907.19298  0.3997549
3907.815787  0.4490728
3908.438594  0.4875302
3909.061401  0.5052306
3909.684208  0.4947981
3910.307015  0.467469
3910.929822  0.4776222
3911.552629  0.521013
3912.175436  0.5483573
3912.798243  0.5426744
3913.42105  0.5092757
3914.043857  0.4805968
3914.666664  0.4960681
3915.289471  0.5022364
3915.912278  0.4754767
3916.535085  0.4494949
3917.157892  0.4655979
3917.780699  0.4865796
3918.403506  0.4710616
3919.026313  0.4458613
3919.64912  0.4095065
3920.271927  0.3604991
3920.894734  0.3158623
3921.517541  0.3226239
3922.140348  0.3485168
3922.763155  0.3517996
3923.385962  0.3729043
3924.008769  0.4045728
3924.631576  0.4148676
3925.254383  0.3828162
3925.87719  0.3470465
3926.499997  0.3246097
3927.122804  0.3006368
3927.745611  0.2521318
3928.368418  0.209344
3928.991225  0.1913257
3929.614032  0.1728868
3930.236839  0.1508847
3930.859646  0.1316535
3931.482453  0.1187297
3932.10526  0.1004543
3932.728067  0.07963714
3933.350874  0.0651322
3933.973681  0.06129116
3934.596488  0.07022247
3935.219295  0.08838347
3935.842102  0.1100925
3936.464909  0.1363557
3937.087716  0.1638185
3937.710523  0.1904075
3938.33333  0.220759
3938.956137  0.2556164
3939.578944  0.2890267
3940.201751  0.3105572
3940.824558  0.3122224
3941.447365  0.3119405
3942.070172  0.3258809
3942.692979  0.3343581
3943.315786  0.3128226
3943.938593  0.2779815
3944.5614  0.2852798
3945.184207  0.3454702
3945.807014  0.4296721
3946.429821  0.4866991
3947.052628  0.4726499
3947.675435  0.4290891
3948.298242  0.410114
3948.921049  0.4261734
3949.543856  0.4727689
3950.166663  0.5256527
3950.78947  0.5537956
3951.412277  0.5415213
3952.035084  0.482129
3952.657891  0.4169649
3953.280698  0.4336798
3953.903505  0.5152599
3954.526312  0.5850593
3955.149119  0.5761203
3955.771926  0.5154356
3956.394733  0.4600004
3957.01754  0.4486083
3957.640347  0.471027
3958.263154  0.500102
3958.885961  0.5249483
3959.508768  0.5447188
3960.131575  0.5084291
3960.754382  0.4136758
3961.377189  0.3097658
3961.999996  0.2607548
3962.622803  0.2678786
3963.24561  0.2905824
3963.868417  0.2863909
3964.491224  0.2683454
3965.114031  0.2429687
3965.736838  0.2056957
3966.359645  0.1617994
3966.982452  0.1238862
3967.605259  0.09717678
3968.228066  0.07555945
3968.850873  0.07049198
3969.47368  0.08688461
3970.096487  0.1178325
3970.719294  0.1520432
3971.342101  0.1863242
3971.964908  0.2205291
3972.587715  0.2518012
3973.210522  0.278598
3973.833329  0.3042434
3974.456136  0.3370875
3975.078943  0.388957
3975.70175  0.4287544
3976.324557  0.4373809
3976.947364  0.4588672
3977.570171  0.4980092
3978.192978  0.5347902
3978.815785  0.5522873
3979.438592  0.5803124
3980.061399  0.6148279
3980.684206  0.6257721
3981.307013  0.5964428
3981.92982  0.5608232
3982.552627  0.5488322
3983.175434  0.5541909
3983.798241  0.5559169
3984.421048  0.5682705
3985.043855  0.6077462
3985.666662  0.6281059
3986.289469  0.6092055
3986.912276  0.5861753
3987.535083  0.6261505
3988.15789  0.683731
3988.780697  0.6929162
3989.403504  0.6381723
3990.026311  0.6041957
3990.649118  0.6220216
3991.271925  0.6628698
3991.894732  0.6760815
3992.517539  0.6836412
3993.140346  0.690864
3993.763153  0.6736585
3994.38596  0.6448552
3995.008767  0.6286041
3995.631574  0.6323698
3996.254381  0.6294154
3996.877188  0.6046628
3997.499995  0.5741537
3998.122802  0.5769558
3998.745609  0.6332929
3999.368416  0.7069508
3999.991223  0.7416717
4000.61403  0.7221195
4001.236837  0.6954155
4001.859644  0.7060177
4002.482451  0.7505984
4003.105258  0.7908064
4003.728065  0.7803251
4004.350872  0.6962251
4004.973679  0.5646251
4005.596486  0.4921713
4006.219293  0.5289026
4006.8421  0.5979517
4007.464907  0.6714342
4008.087714  0.7237134
4008.710521  0.7344254
4009.333328  0.7200982
4009.956135  0.7168873
4010.578942  0.7342551
4011.201749  0.7323991
4011.824556  0.7236368
4012.447363  0.7236331
4013.07017  0.7289917
4013.692977  0.7204372
4014.315784  0.7177549
4014.938591  0.7449686
4015.561398  0.7819753
4016.184205  0.7821855
4016.807012  0.7314066
4017.429819  0.6715093
4018.052626  0.6740381
4018.675433  0.7300583
4019.29824  0.7729501
4019.921047  0.7574112
4020.543854  0.7251281
4021.166661  0.7147319
4021.789468  0.7126162
4022.412275  0.7319193
4023.035082  0.7501238
4023.657889  0.7326549
4024.280696  0.6949869
4024.903503  0.6814718
4025.52631  0.711702
4026.149117  0.7529794
4026.771924  0.7805526
4027.394731  0.7973039
4028.017538  0.8204965
4028.640345  0.8459001
4029.263152  0.8255352
4029.885959  0.7326819
4030.508766  0.618748
4031.131573  0.5816611
4031.75438  0.6147344
4032.377187  0.6191305
4032.999994  0.6042393
4033.622801  0.605132
4034.245608  0.6324818
4034.868415  0.6467726
4035.491222  0.6702992
4036.114029  0.7220954
4036.736836  0.7837918
4037.359643  0.828654
4037.98245  0.8449544
4038.605257  0.836063
4039.228064  0.8103576
4039.850871  0.7660276
4040.473678  0.720009
4041.096485  0.7129698
4041.719292  0.759815
4042.342099  0.818493
4042.964906  0.8222329
4043.587713  0.7480822
4044.21052  0.6306944
4044.833327  0.5084319
4045.456134  0.3948137
4046.078941  0.3942345
4046.701748  0.522458
4047.324555  0.6820107
4047.947362  0.7698917
4048.570169  0.7710907
4049.192976  0.7431264
4049.815783  0.7580661
4050.43859  0.7970816
4051.061397  0.8110439
4051.684204  0.7757238
4052.307011  0.7299898
4052.929818  0.7111565
4053.552625  0.7169192
4054.175432  0.6963611
4054.798239  0.6653693
4055.421046  0.6644683
4056.043853  0.7049665
4056.66666  0.7054015
4057.289467  0.6532423
4057.912274  0.605078
4058.535081  0.6119505
4059.157888  0.6649383
4059.780695  0.7298387
4060.403502  0.7815272
4061.026309  0.7977989
4061.649116  0.7683474
4062.271923  0.6908796
4062.89473  0.5613059
4063.517537  0.4602694
4064.140344  0.4735695
4064.763151  0.6020451
4065.385958  0.704563
4066.008765  0.7052271
4066.631572  0.6524026
4067.254379  0.6371033
4067.877186  0.6824286
4068.499993  0.7562885
4069.1228  0.8169067
4069.745607  0.8383577
4070.368414  0.7873286
4070.991221  0.6538575
4071.614028  0.5522351
4072.236835  0.5750506
4072.859642  0.7064155
4073.482449  0.7973147
4074.105256  0.8047289
4074.728063  0.7615193
4075.35087  0.7166088
4075.973677  0.6501823
4076.596484  0.5740615
4077.219291  0.5309511
4077.842098  0.5476439
4078.464905  0.6053107
4079.087712  0.670437
4079.710519  0.7264352
4080.333326  0.7896461
4080.956133  0.8473887
4081.57894  0.862483
4082.201747  0.8238295
4082.824554  0.7631642
4083.447361  0.72075
4084.070168  0.708805
4084.692975  0.7085344
4085.315782  0.712049
4085.938589  0.7314319
4086.561396  0.7746392
4087.184203  0.8348112
4087.80701  0.8899575
4088.429817  0.9111091
4089.052624  0.9016494
4089.675431  0.8740891
4090.298238  0.8422394
4090.921045  0.840408
4091.543852  0.8283831
4092.166659  0.7778363
4092.789466  0.7813396
4093.412273  0.8432198
4094.03508  0.8884575
4094.657887  0.8340158
4095.280694  0.7517392
4095.903501  0.6977571
4096.526308  0.6816433
4097.149115  0.7055371
4097.771922  0.7365943
4098.394729  0.7524884
4099.017536  0.762071
4099.640343  0.7421401
4100.26315  0.6743773
4100.885957  0.5771146
4101.508764  0.5274894
4102.131571  0.5621567
4102.754378  0.6489667
4103.377185  0.7056611
4103.999992  0.717533
4104.622799  0.7240649
4105.245606  0.7680864
4105.868413  0.8124275
4106.49122  0.8278084
4107.114027  0.8159813
4107.736834  0.8073944
4108.359641  0.7995576
4108.982448  0.7777601
4109.605255  0.7402363
4110.228062  0.7287312
4110.850869  0.7383844
4111.473676  0.7410597
4112.096483  0.7428458
4112.71929  0.771528
4113.342097  0.8197528
4113.964904  0.8372988
4114.587711  0.8345053
4115.210518  0.8300976
4115.833325  0.8333786
4116.456132  0.8416365
4117.078939  0.8463446
4117.701746  0.8191129
4118.324553  0.7304069
4118.94736  0.6829651
4119.570167  0.7207649
4120.192974  0.7905443
4120.815781  0.8180562
4121.438588  0.801865
4122.061395  0.7750838
4122.684202  0.7518193
4123.307009  0.7395401
4123.929816  0.7606704
4124.552623  0.8228134
4125.17543  0.834863
4125.798237  0.8076719
4126.421044  0.7892401
4127.043851  0.7590601
4127.666658  0.736559
4128.289465  0.7338102
4128.912272  0.7360001
4129.535079  0.7266055
4130.157886  0.7335224
4130.780693  0.7613889
4131.4035  0.7113948
4132.026307  0.6344727
4132.649114  0.6125715
4133.271921  0.6518788
4133.894728  0.6507166
4134.517535  0.6435062
4135.140342  0.7259967
4135.763149  0.8234156
4136.385956  0.8491355
4137.008763  0.8042628
4137.63157  0.7946401
4138.254377  0.8259424
4138.877184  0.8555135
4139.499991  0.8489031
4140.122798  0.8408842
4140.745605  0.8400113
4141.368412  0.8156176
4141.991219  0.7218725
4142.614026  0.5983164
4143.236833  0.5124484
4143.85964  0.5144749
4144.482447  0.6138539
4145.105254  0.7251993
4145.728061  0.7691902
4146.350868  0.781278
4146.973675  0.7821037
4147.596482  0.7872874
4148.219289  0.8006753
4148.842096  0.7644912
4149.464903  0.7037945
4150.08771  0.6878895
4150.710517  0.7251821
4151.333324  0.7439243
4151.956131  0.7250543
4152.578938  0.7410679
4153.201745  0.7407424
4153.824552  0.7098783
4154.447359  0.6908663
4155.070166  0.7247215
4155.692973  0.7342279
4156.31578  0.6860256
4156.938587  0.6854081
4157.561394  0.7270859
4158.184201  0.7755647
4158.807008  0.8071136
4159.429815  0.8246631
4160.052622  0.8158575
4160.675429  0.7846448
4161.298236  0.7770063
4161.921043  0.820562
4162.54385  0.8746954
4163.166657  0.8663087
4163.789464  0.8240724
4164.412271  0.7884473
4165.035078  0.7847664
4165.657885  0.8136845
4166.280692  0.8022257
4166.903499  0.7352291
4167.526306  0.6929305
4168.149113  0.7293505
4168.77192  0.7926171
4169.394727  0.8105069
4170.017534  0.8255128
4170.640341  0.8188469
4171.263148  0.760605
4171.885955  0.661395
4172.508762  0.5898146
4173.131569  0.5870907
4173.754376  0.6391791
4174.377183  0.6896883
4174.99999  0.7188245
4175.622797  0.7346298
4176.245604  0.7458375
4176.868411  0.7151089
4177.491218  0.6680911
4178.114025  0.6732731
4178.736832  0.7155314
4179.359639  0.7570657
4179.982446  0.7706839
4180.605253  0.7597117
4181.22806  0.7259628
4181.850867  0.6989475
4182.473674  0.7167913
4183.096481  0.7422156
4183.719288  0.7645612
4184.342095  0.7986485
4184.964902  0.8509686
4185.587709  0.8577879
4186.210516  0.7859732
4186.833323  0.6858889
4187.45613  0.6527982
4188.078937  0.6985213
4188.701744  0.7636104
4189.324551  0.7965352
4189.947358  0.7976394
4190.570165  0.7758792
4191.192972  0.7307684
4191.815779  0.7438692
4192.438586  0.8136197
4193.061393  0.8649375
4193.6842  0.8702253
4194.307007  0.8223597
4194.929814  0.742939
4195.552621  0.6773372
4196.175428  0.6537815
4196.798235  0.6665891
4197.421042  0.6813903
4198.043849  0.6554034
4198.666656  0.6475915
4199.289463  0.7044981
4199.91227  0.7487798
4200.535077  0.7447347
4201.157884  0.6944138
4201.780691  0.6364452
4202.403498  0.658881
4203.026305  0.7335004
4203.649112  0.7715949
4204.271919  0.748832
4204.894726  0.738646
4205.517533  0.7770645
4206.14034  0.8116015
4206.763147  0.8302349
4207.385954  0.8523766
4208.008761  0.8867481
4208.631568  0.8804399
4209.254375  0.8370222
4209.877182  0.7948834
4210.499989  0.7881125
4211.122796  0.8160471
4211.745603  0.851833
4212.36841  0.8635212
4212.991217  0.8426585
4213.614024  0.8183067
4214.236831  0.7870562
4214.859638  0.6880277
4215.482445  0.6094111
4216.105252  0.6382554
4216.728059  0.7686509
4217.350866  0.8702196
4217.973673  0.9024439
4218.59648  0.8980255
4219.219287  0.8904005
4219.842094  0.9137034
4220.464901  0.9609077
4221.087708  0.9848458
4221.710515  0.9481471
4222.333322  0.8758327
4222.956129  0.816041
4223.578936  0.7720327
4224.201743  0.7389278
4224.82455  0.6881304
4225.447357  0.580618
4226.070164  0.4321899
4226.692971  0.3473052
4227.315778  0.4318495
4227.938585  0.6574709
4228.561392  0.8464678
4229.184199  0.8903462
4229.807006  0.8735597
4230.429813  0.8857632
4231.05262  0.9266163
4231.675427  0.9263974
4232.298234  0.8582158
4232.921041  0.7859177
4233.543848  0.7857853
4234.166655  0.8561337
4234.789462  0.8640211
4235.412269  0.7751315
4236.035076  0.6904331
4236.657883  0.6844686
4237.28069  0.7374645
4237.903497  0.7844332
4238.526304  0.7962807
4239.149111  0.7767807
4239.771918  0.7669528
4240.394725  0.8120006
4241.017532  0.8916399
4241.640339  0.9150473
4242.263146  0.8375053
4242.885953  0.7834128
4243.50876  0.8254279
4244.131567  0.9237336
4244.754374  0.9621
4245.377181  0.9481941
4245.999988  0.9054788
4246.622795  0.8454339
4247.245602  0.7790276
4247.868409  0.7428855
4248.491216  0.7443579
4249.114023  0.7351071
4249.73683  0.6895925
4250.359637  0.6645837
4250.982444  0.7327211
4251.605251  0.8329556
4252.228058  0.8950806
4252.850865  0.8810762
4253.473672  0.8048653
4254.096479  0.7276035
4254.719286  0.6947135
4255.342093  0.7150112
4255.9649  0.7946109
4256.587707  0.9014825
4257.210514  0.9605722
4257.833321  0.884572
4258.456128  0.7875583
4259.078935  0.7371144
4259.701742  0.6733449
4260.324549  0.6159592
4260.947356  0.6216118
4261.570163  0.7170401
4262.19297  0.8321273
4262.815777  0.914044
4263.438584  0.9364644
4264.061391  0.9061176
4264.684198  0.8983909
4265.307005  0.9373668
4265.929812  0.9763437
4266.552619  0.9429145
4267.175426  0.8634065
4267.798233  0.808011
4268.42104  0.8154436
4269.043847  0.8243265
4269.666654  0.7968163
4270.289461  0.7337443
4270.912268  0.5971105
4271.535075  0.5100724
4272.157882  0.5721188
4272.780689  0.6860625
4273.403496  0.7220806
4274.026303  0.6652533
4274.64911  0.6225789
4275.271917  0.6728817
4275.894724  0.7815176
4276.517531  0.8638343
4277.140338  0.8874757
4277.763145  0.9127919
4278.385952  0.9370692
4279.008759  0.8729395
4279.631566  0.7433835
4280.254373  0.6669281
4280.87718  0.7217509
4281.499987  0.7938495
4282.122794  0.8184797
4282.745601  0.8220018
4283.368408  0.8757298
4283.991215  0.8725613
4284.614022  0.7907849
4285.236829  0.7081909
4285.859636  0.6729119
4286.482443  0.7039821
4287.10525  0.7737972
4287.728057  0.8129501
4288.350864  0.7677901
4288.973671  0.6675174
4289.596478  0.5999132
4290.219285  0.6141495
4290.842092  0.6627684
4291.464899  0.7053231
4292.087706  0.7918974
4292.710513  0.8648256
4293.33332  0.858077
4293.956127  0.7730477
4294.578934  0.7280456
4295.201741  0.7516463
4295.824548  0.7789903
4296.447355  0.7269329
4297.070162  0.6717042
4297.692969  0.654349
4298.315776  0.6075364
4298.938583  0.5145396
4299.56139  0.4396327
4300.184197  0.4549117
4300.807004  0.5334026
4301.429811  0.5828903
4302.052618  0.5597536
4302.675425  0.5221077
4303.298232  0.5316349
4303.921039  0.5680839
4304.543846  0.5705265
4305.166653  0.5505297
4305.78946  0.554938
4306.412267  0.5759982
4307.035074  0.5247301
4307.657881  0.4424288
4308.280688  0.4032219
4308.903495  0.436237
4309.526302  0.4720576
4310.149109  0.4930832
4310.771916  0.5139427
4311.394723  0.5334449
4312.01753  0.565838
4312.640337  0.6264905
4313.263144  0.706163
4313.885951  0.7192312
4314.508758  0.7306944
4315.131565  0.8421
4315.754372  1.003316
4316.377179  1.102105
4316.999986  1.103308
4317.622793  1.081831
4318.2456  1.051701
4318.868407  1.042766
4319.491214  1.059017
4320.114021  1.016611
4320.736828  0.9636185
4321.359635  0.9594386
4321.982442  0.9715495
4322.605249  0.8768361
4323.228056  0.719262
4323.850863  0.6376469
4324.47367  0.5908176
4325.096477  0.5398406
4325.719284  0.5224693
4326.342091  0.6423966
4326.964898  0.8086583
4327.587705  0.9374115
4328.210512  1.01667
4328.833319  1.040114
4329.456126  1.003787
4330.078933  0.9378839
4330.70174  0.9224419
4331.324547  0.9605615
4331.947354  1.004082
4332.570161  1.005961
4333.192968  0.993456
4333.815775  0.9930825
4334.438582  1.017307
4335.061389  1.069595
4335.684196  1.090606
4336.307003  1.019885
4336.92981  0.8637574
4337.552617  0.7619482
4338.175424  0.7525911
4338.798231  0.7581206
4339.421038  0.6907071
4340.043845  0.6077298
4340.666652  0.6128036
4341.289459  0.7395634
4341.912266  0.8843645
4342.535073  0.9451114
4343.15788  0.9067578
4343.780687  0.8768345
4344.403494  0.9209541
4345.026301  1.009062
4345.649108  1.032768
4346.271915  0.9885885
4346.894722  0.932961
4347.517529  0.9272391
4348.140336  0.9803261
4348.763143  1.062771
4349.38595  1.110866
4350.008757  1.049402
4350.631564  0.8975757
4351.254371  0.7403038
4351.877178  0.6730933
4352.499985  0.7349278
4353.122792  0.857369
4353.745599  0.933161
4354.368406  0.92411
4354.991213  0.896526
4355.61402  0.9116922
4356.236827  0.9602892
4356.859634  1.017568
4357.482441  1.024934
4358.105248  0.9482849
4358.728055  0.8595474
4359.350862  0.8313723
4359.973669  0.8863986
4360.596476  0.9822596
4361.219283  1.055088
4361.84209  1.057965
4362.464897  0.9962869
4363.087704  0.9511235
4363.710511  0.9818481
4364.333318  1.069531
4364.956125  1.11464
4365.578932  1.087311
4366.201739  1.00519
4366.824546  0.9136696
4367.447353  0.8697817
4368.07016  0.9001675
4368.692967  0.9661252
4369.315774  0.9693168
4369.938581  0.9395883
4370.561388  0.9264534
4371.184195  0.9372561
4371.807002  0.9612286
4372.429809  0.9557893
4373.052616  0.8957111
4373.675423  0.8232312
4374.29823  0.7667255
4374.921037  0.7480292
4375.543844  0.78324
4376.166651  0.861347
4376.789458  0.9398854
4377.412265  0.9800912
4378.035072  0.9979635
4378.657879  0.9910113
4379.280686  0.9613698
4379.903493  0.9356403
4380.5263  0.9436137
4381.149107  0.9626186
4381.771914  0.9198937
4382.394721  0.7361402
4383.017528  0.5275381
4383.640335  0.4428792
4384.263142  0.4896858
4384.885949  0.6251464
4385.508756  0.7849804
4386.131563  0.9057862
4386.75437  0.9262889
4387.377177  0.8977586
4387.999984  0.8918937
4388.622791  0.8830645
4389.245598  0.8556252
4389.868405  0.8215489
4390.491212  0.8116863
4391.114019  0.8382772
4391.736826  0.893398
4392.359633  0.945205
4392.98244  0.9457905
4393.605247  0.9126698
4394.228054  0.870476
4394.850861  0.8273432
4395.473668  0.8601643
4396.096475  0.9583384
4396.719282  1.039431
4397.342089  1.056019
4397.964896  1.029945
4398.587703  0.9923573
4399.21051  0.9386055
4399.833317  0.859687
4400.456124  0.8046488
4401.078931  0.8449739
4401.701738  0.96303
4402.324545  1.047393
4402.947352  1.001353
4403.570159  0.8452841
4404.192966  0.6816083
4404.815773  0.6401133
4405.43858  0.7735369
4406.061387  0.9083598
4406.684194  0.9439502
4407.307001  0.889992
4407.929808  0.8148305
4408.552615  0.8137668
4409.175422  0.9016821
4409.798229  0.996962
4410.421036  1.048235
4411.043843  1.061786
4411.66665  1.073403
4412.289457  1.098641
4412.912264  1.117595
4413.535071  1.074422
4414.157878  0.927704
4414.780685  0.8007881
4415.403492  0.7933313
4416.026299  0.8903968
4416.649106  0.9454861
4417.271913  0.9558473
4417.89472  0.9834028
4418.517527  1.046631
4419.140334  1.105997
4419.763141  1.121744
4420.385948  1.085293
4421.008755  1.024922
4421.631562  0.957323
4422.254369  0.9067993
4422.877176  0.9180217
4423.499983  0.9750571
4424.12279  1.021732
4424.745597  1.011969
4425.368404  0.9935461
4425.991211  0.9868359
4426.614018  0.9841552
4427.236825  0.9853537
4427.859632  1.030695
4428.482439  1.083077
4429.105246  1.037338
4429.728053  0.9390807
4430.35086  0.8949513
4430.973667  0.958588
4431.596474  1.027969
4432.219281  1.049967
4432.842088  1.020194
4433.464895  0.9611853
4434.087702  0.8900868
4434.710509  0.8327892
4435.333316  0.8225998
4435.956123  0.8876086
4436.57893  0.98194
4437.201737  1.050462
4437.824544  1.088639
4438.447351  1.121833
4439.070158  1.137234
4439.692965  1.099394
4440.315772  1.033819
4440.938579  0.9719201
4441.561386  0.9283185
4442.184193  0.8948936
4442.807  0.8833783
4443.429807  0.9033883
4444.052614  0.9541237
4444.675421  1.039161
4445.298228  1.114482
4445.921035  1.123816
4446.543842  1.060355
4447.166649  1.016867
4447.789456  1.049685
4448.412263  1.10878
4449.03507  1.101089
4449.657877  1.041327
4450.280684  1.009573
4450.903491  1.027658
4451.526298  1.060538
4452.149105  1.067794
4452.771912  1.043188
4453.394719  0.9987884
4454.017526  0.9297258
4454.640333  0.847839
4455.26314  0.8447171
4455.885947  0.897208
4456.508754  0.9406901
4457.131561  0.9543014
4457.754368  0.9384135
4458.377175  0.9073103
4458.999982  0.8840531
4459.622789  0.9093228
4460.245596  0.9248689
4460.868403  0.8745047
4461.49121  0.8146195
4462.114017  0.8431927
4462.736824  0.9573142
4463.359631  1.044684
4463.982438  1.041906
4464.605245  1.007679
4465.228052  1.01454
4465.850859  1.012962
4466.473666  1.014369
4467.096473  1.031037
4467.71928  1.038882
4468.342087  0.9959412
4468.964894  0.9435552
4469.587701  0.9487631
4470.210508  0.9812626
4470.833315  1.020212
4471.456122  1.051408
4472.078929  1.064746
4472.701736  1.088618
4473.324543  1.127362
4473.94735  1.151766
4474.570157  1.133016
4475.192964  1.099046
4475.815771  1.097001
4476.438578  1.14505
4477.061385  1.192507
4477.684192  1.203148
4478.306999  1.174041
4478.929806  1.095446
4479.552613  1.009482
4480.17542  0.9603165
4480.798227  0.9410209
4481.421034  0.9244072
4482.043841  0.9302621
4482.666648  1.006822
4483.289455  1.084787
4483.912262  1.132648
4484.535069  1.158798
4485.157876  1.163255
4485.780683  1.166048
4486.40349  1.167367
4487.026297  1.140134
4487.649104  1.076935
4488.271911  1.022127
4488.894718  0.01999129
4489.517525  0.
4490.140332  0.
4490.763139  0.
4491.385946  0.
4492.008753  0.
4492.63156  0.
4493.254367  0.
4493.877174  0.
4494.499981  0.
4495.122788  0.
4495.745595  0.
4496.368402  0.
4496.991209  0.
4497.614016  0.
4498.236823  0.
4498.85963  0.
4499.482437  0.
4500.105244  0.
4500.728051  0.
4501.350858  0.
4501.973665  0.
4502.596472  0.
4503.219279  0.
4503.842086  0.
4504.464893  0.
4505.0877  0.
4505.710507  0.
4506.333314  0.
4506.956121  0.
4507.578928  0.
4508.201735  0.
4508.824542  0.
