3820.  0.
3820.622807  0.
3821.245614  0.
3821.868421  0.
3822.491228  0.
3823.114035  0.
3823.736842  0.
3824.359649  0.
3824.982456  0.
3825.605263  0.
3826.22807  0.
3826.850877  0.
3827.473684  0.
3828.096491  0.
3828.719298  0.
3829.342105  0.
3829.964912  0.
3830.587719  0.
3831.210526  0.
3831.833333  0.
3832.45614  0.
3833.078947  0.
3833.701754  0.
3834.324561  0.
3834.947368  0.
3835.570175  0.
3836.192982  0.
3836.815789  0.08592745
3837.438596  0.1412926
3838.061403  0.1167476
3838.68421  0.0989956
3839.307017  0.09371804
3839.929824  0.09000817
3840.552631  0.07946422
3841.175438  0.08672707
3841.798245  0.1147543
3842.421052  0.1485335
3843.043859  0.1705078
3843.666666  0.177865
3844.289473  0.1772727
3844.91228  0.1757552
3845.535087  0.1695378
3846.157894  0.1635848
3846.780701  0.1652719
3847.403508  0.1733286
3848.026315  0.1755203
3848.649122  0.160481
3849.271929  0.1298103
3849.894736  0.1089647
3850.517543  0.1125137
3851.14035  0.136302
3851.763157  0.1624639
3852.385964  0.1713499
3853.008771  0.1624189
3853.631578  0.1552854
3854.254385  0.1513443
3854.877192  0.1468703
3855.499999  0.1375068
3856.122806  0.1193537
3856.745613  0.112617
3857.36842  0.1229898
3857.991227  0.123293
3858.614034  0.1071918
3859.236841  0.08607174
3859.859648  0.07671956
3860.482455  0.08092764
3861.105262  0.1007506
3861.728069  0.131514
3862.350876  0.157585
3862.973683  0.168596
3863.59649  0.1661577
3864.219297  0.1583003
3864.842104  0.1400183
3865.464911  0.1268208
3866.087718  0.1327422
3866.710525  0.1436702
3867.333332  0.1490419
3867.956139  0.14652
3868.578946  0.1412053
3869.201753  0.1374983
3869.82456  0.1334352
3870.447367  0.1263169
3871.070174  0.1210715
3871.692981  0.1123134
3872.315788  0.1032685
3872.938595  0.1106224
3873.561402  0.1332972
3874.184209  0.1589321
3874.807016  0.1745587
3875.429823  0.1794102
3876.05263  0.1736402
3876.675437  0.1572082
3877.298244  0.1320578
3877.921051  0.1073862
3878.543858  0.1032574
3879.166665  0.1313017
3879.789472  0.1601599
3880.412279  0.1669258
3881.035086  0.1481493
3881.657893  0.1192836
3882.2807  0.1147976
3882.903507  0.1521769
3883.526314  0.2133883
3884.149121  0.2480691
3884.771928  0.2266092
3885.394735  0.1627024
3886.017542  0.1121413
3886.640349  0.1006749
3887.263156  0.1208605
3887.885963  0.1474272
3888.50877  0.1732195
3889.131577  0.1974663
3889.754384  0.220235
3890.377191  0.2398088
3890.999998  0.2659242
3891.622805  0.3010176
3892.245612  0.3293248
3892.868419  0.3289255
3893.491226  0.3077188
3894.114033  0.2870932
3894.73684  0.2512637
3895.359647  0.2186586
3895.982454  0.2183008
3896.605261  0.2548213
3897.228068  0.2729341
3897.850875  0.2539123
3898.473682  0.2290737
3899.096489  0.2067
3899.719296  0.1977845
3900.342103  0.2145873
3900.96491  0.2608991
3901.587717  0.2845569
3902.210524  0.2617412
3902.833331  0.2295176
3903.456138  0.2358203
3904.078945  0.2607735
3904.701752  0.2539708
3905.324559  0.2140008
3905.947366  0.1831584
3906.570173  0.1899248
3907.19298  0.21915
3907.815787  0.2560109
3908.438594  0.2892177
3909.061401  0.3114491
3909.684208  0.3171539
3910.307015  0.3098942
3910.929822  0.3024472
3911.552629  0.3096167
3912.175436  0.3124017
3912.798243  0.3065719
3913.42105  0.3071914
3914.043857  0.3128233
3914.666664  0.3129146
3915.289471  0.2981349
3915.912278  0.2709236
3916.535085  0.2507106
3917.157892  0.2479924
3917.780699  0.2540014
3918.403506  0.2519023
3919.026313  0.2339149
3919.64912  0.2031007
3920.271927  0.169467
3920.894734  0.1528252
3921.517541  0.1576699
3922.140348  0.1665068
3922.763155  0.1733996
3923.385962  0.184991
3924.008769  0.2037987
3924.631576  0.205157
3925.254383  0.1926785
3925.87719  0.1813938
3926.499997  0.1752702
3927.122804  0.1542382
3927.745611  0.123595
3928.368418  0.1070938
3928.991225  0.094914
3929.614032  0.08359638
3930.236839  0.07394829
3930.859646  0.06380793
3931.482453  0.05374346
3932.10526  0.04602117
3932.728067  0.04249222
3933.350874  0.04133542
3933.973681  0.04118145
3934.596488  0.04280902
3935.219295  0.04913397
3935.842102  0.05983647
3936.464909  0.0735419
3937.087716  0.08920343
3937.710523  0.1045569
3938.33333  0.1226903
3938.956137  0.1456004
3939.578944  0.1626793
3940.201751  0.1661711
3940.824558  0.160331
3941.447365  0.1604382
3942.070172  0.1671145
3942.692979  0.1664362
3943.315786  0.1474171
3943.938593  0.1312141
3944.5614  0.1433674
3945.184207  0.1896229
3945.807014  0.2429733
3946.429821  0.2716464
3947.052628  0.2661425
3947.675435  0.244847
3948.298242  0.2304354
3948.921049  0.2393046
3949.543856  0.2735104
3950.166663  0.3172001
3950.78947  0.3451819
3951.412277  0.3360535
3952.035084  0.2904776
3952.657891  0.2625492
3953.280698  0.2854815
3953.903505  0.3445439
3954.526312  0.3827776
3955.149119  0.3675562
3955.771926  0.3157368
3956.394733  0.2817659
3957.01754  0.2703075
3957.640347  0.2725503
3958.263154  0.283074
3958.885961  0.300693
3959.508768  0.2987347
3960.131575  0.2570051
3960.754382  0.1929079
3961.377189  0.1388068
3961.999996  0.1193961
3962.622803  0.1341607
3963.24561  0.1460981
3963.868417  0.1456006
3964.491224  0.1408133
3965.114031  0.126852
3965.736838  0.104505
3966.359645  0.081262
3966.982452  0.06654899
3967.605259  0.05681136
3968.228066  0.04881526
3968.850873  0.04498594
3969.47368  0.05350765
3970.096487  0.07222775
3970.719294  0.09330948
3971.342101  0.1106226
3971.964908  0.1253497
3972.587715  0.1401402
3973.210522  0.1571187
3973.833329  0.1789743
3974.456136  0.2108253
3975.078943  0.2464848
3975.70175  0.2631079
3976.324557  0.2697289
3976.947364  0.2830268
3977.570171  0.3087327
3978.192978  0.3344647
3978.815785  0.3581
3979.438592  0.3842921
3980.061399  0.4089698
3980.684206  0.406015
3981.307013  0.3744397
3981.92982  0.3515703
3982.552627  0.3538492
3983.175434  0.3695589
3983.798241  0.3795331
3984.421048  0.3919956
3985.043855  0.4162768
3985.666662  0.4435537
3986.289469  0.4480062
3986.912276  0.4552009
3987.535083  0.4821026
3988.15789  0.5092164
3988.780697  0.4804672
3989.403504  0.4214839
3990.026311  0.3933587
3990.649118  0.4152358
3991.271925  0.4455585
3991.894732  0.4603966
3992.517539  0.4770438
3993.140346  0.4908842
3993.763153  0.4892711
3994.38596  0.4709596
3995.008767  0.4617851
3995.631574  0.4571182
3996.254381  0.4470301
3996.877188  0.4351346
3997.499995  0.4210809
3998.122802  0.4252238
3998.745609  0.4688393
3999.368416  0.5337126
3999.991223  0.5717402
4000.61403  0.5640244
4001.236837  0.5545962
4001.859644  0.5680627
4002.482451  0.597616
4003.105258  0.6109778
4003.728065  0.5812864
4004.350872  0.4972666
4004.973679  0.3924394
4005.596486  0.3502309
4006.219293  0.3833207
4006.8421  0.4517246
4007.464907  0.5032136
4008.087714  0.5339585
4008.710521  0.5500458
4009.333328  0.5583698
4009.956135  0.5689366
4010.578942  0.5676073
4011.201749  0.5487144
4011.824556  0.5341721
4012.447363  0.5492837
4013.07017  0.5757044
4013.692977  0.5791126
4014.315784  0.5875077
4014.938591  0.619905
4015.561398  0.6561798
4016.184205  0.6395728
4016.807012  0.5892721
4017.429819  0.5540735
4018.052626  0.5683236
4018.675433  0.6130419
4019.29824  0.6451969
4019.921047  0.6364663
4020.543854  0.6055927
4021.166661  0.5831373
4021.789468  0.5808796
4022.412275  0.583824
4023.035082  0.5813905
4023.657889  0.5554065
4024.280696  0.5098183
4024.903503  0.5091662
4025.52631  0.5514319
4026.149117  0.5955855
4026.771924  0.610932
4027.394731  0.6355847
4028.017538  0.6830646
4028.640345  0.7138331
4029.263152  0.6633869
4029.885959  0.5359302
4030.508766  0.4052576
4031.131573  0.3687031
4031.75438  0.3796727
4032.377187  0.3748743
4032.999994  0.3478945
4033.622801  0.3356109
4034.245608  0.3596393
4034.868415  0.4151949
4035.491222  0.4810857
4036.114029  0.5554947
4036.736836  0.6260189
4037.359643  0.662367
4037.98245  0.6708727
4038.605257  0.6592397
4039.228064  0.6305881
4039.850871  0.590866
4040.473678  0.562351
4041.096485  0.5636796
4041.719292  0.5909234
4042.342099  0.6137747
4042.964906  0.5938135
4043.587713  0.5117406
4044.21052  0.4009254
4044.833327  0.2936683
4045.456134  0.2229493
4046.078941  0.2289085
4046.701748  0.3119251
4047.324555  0.4285997
4047.947362  0.5169197
4048.570169  0.5624384
4049.192976  0.5830946
4049.815783  0.605215
4050.43859  0.634618
4051.061397  0.6483152
4051.684204  0.6342943
4052.307011  0.6141766
4052.929818  0.6075069
4053.552625  0.5912728
4054.175432  0.5371853
4054.798239  0.4952591
4055.421046  0.4941381
4056.043853  0.5162756
4056.66666  0.5082477
4057.289467  0.4631688
4057.912274  0.4214202
4058.535081  0.4340974
4059.157888  0.4855374
4059.780695  0.5457299
4060.403502  0.5883582
4061.026309  0.5972497
4061.649116  0.5498194
4062.271923  0.4486236
4062.89473  0.3343481
4063.517537  0.2675973
4064.140344  0.2915345
4064.763151  0.395892
4065.385958  0.4944384
4066.008765  0.5267949
4066.631572  0.4982091
4067.254379  0.4763697
4067.877186  0.5017303
4068.499993  0.5685951
4069.1228  0.6332687
4069.745607  0.6521122
4070.368414  0.5856355
4070.991221  0.4525448
4071.614028  0.3593872
4072.236835  0.3775309
4072.859642  0.4889746
4073.482449  0.5986476
4074.105256  0.6333262
4074.728063  0.5973275
4075.35087  0.5343423
4075.973677  0.4539289
4076.596484  0.381857
4077.219291  0.3508801
4077.842098  0.3826897
4078.464905  0.4450428
4079.087712  0.5121621
4079.710519  0.5803903
4080.333326  0.6563479
4080.956133  0.7190087
4081.57894  0.732384
4082.201747  0.6744885
4082.824554  0.6114287
4083.447361  0.5890431
4084.070168  0.5935211
4084.692975  0.5961213
4085.315782  0.5879811
4085.938589  0.5876293
4086.561396  0.6296805
4087.184203  0.6917477
4087.80701  0.7459666
4088.429817  0.7841992
4089.052624  0.7821608
4089.675431  0.7488343
4090.298238  0.7174955
4090.921045  0.7087186
4091.543852  0.6826597
4092.166659  0.6340103
4092.789466  0.6371499
4093.412273  0.6864071
4094.03508  0.7155359
4094.657887  0.662245
4095.280694  0.5684339
4095.903501  0.4947471
4096.526308  0.4762566
4097.149115  0.4989355
4097.771922  0.5319715
4098.394729  0.5582169
4099.017536  0.5757203
4099.640343  0.5521256
4100.26315  0.48886
4100.885957  0.425489
4101.508764  0.416584
4102.131571  0.4677183
4102.754378  0.5359125
4103.377185  0.5617988
4103.999992  0.5484008
4104.622799  0.5434013
4105.245606  0.588417
4105.868413  0.6538786
4106.49122  0.6886315
4107.114027  0.6750996
4107.736834  0.6555059
4108.359641  0.6391827
4108.982448  0.6159055
4109.605255  0.5769647
4110.228062  0.5431275
4110.850869  0.5146319
4111.473676  0.4902822
4112.096483  0.4942955
4112.71929  0.5302731
4113.342097  0.5765983
4113.964904  0.602008
4114.587711  0.6146755
4115.210518  0.6153494
4115.833325  0.6052107
4116.456132  0.6160012
4117.078939  0.6207035
4117.701746  0.5825536
4118.324553  0.5084131
4118.94736  0.4659738
4119.570167  0.4894371
4120.192974  0.5486617
4120.815781  0.5784281
4121.438588  0.5697834
4122.061395  0.5485994
4122.684202  0.5308881
4123.307009  0.5273077
4123.929816  0.5569017
4124.552623  0.6284855
4125.17543  0.664686
4125.798237  0.6568531
4126.421044  0.6381094
4127.043851  0.603261
4127.666658  0.5695102
4128.289465  0.5507314
4128.912272  0.5397184
4129.535079  0.5185155
4130.157886  0.502579
4130.780693  0.5051935
4131.4035  0.4619907
4132.026307  0.4102844
4132.649114  0.4045227
4133.271921  0.4267746
4133.894728  0.4397903
4134.517535  0.4563845
4135.140342  0.5187129
4135.763149  0.584358
4136.385956  0.6066666
4137.008763  0.5819287
4137.63157  0.5696267
4138.254377  0.5817068
4138.877184  0.5955768
4139.499991  0.5860358
4140.122798  0.5869343
4140.745605  0.5923842
4141.368412  0.5583672
4141.991219  0.4548371
4142.614026  0.3312691
4143.236833  0.2568438
4143.85964  0.2627279
4144.482447  0.3403481
4145.105254  0.4393716
4145.728061  0.5036603
4146.350868  0.5314667
4146.973675  0.542218
4147.596482  0.5489662
4148.219289  0.5395033
4148.842096  0.5076869
4149.464903  0.46708
4150.08771  0.445267
4150.710517  0.4543528
4151.333324  0.4683195
4151.956131  0.4631888
4152.578938  0.4654965
4153.201745  0.4730119
4153.824552  0.4787248
4154.447359  0.4853694
4155.070166  0.4829918
4155.692973  0.471537
4156.31578  0.4641124
4156.938587  0.4805962
4157.561394  0.5217035
4158.184201  0.5724767
4158.807008  0.6109802
4159.429815  0.618915
4160.052622  0.5948014
4160.675429  0.5595037
4161.298236  0.5585739
4161.921043  0.6032957
4162.54385  0.6585391
4163.166657  0.6575823
4163.789464  0.6019359
4164.412271  0.5376661
4165.035078  0.5155084
4165.657885  0.5355502
4166.280692  0.5459542
4166.903499  0.508586
4167.526306  0.4843235
4168.149113  0.5003035
4168.77192  0.5371358
4169.394727  0.5514901
4170.017534  0.5818103
4170.640341  0.6058168
4171.263148  0.5565451
4171.885955  0.454522
4172.508762  0.3738922
4173.131569  0.3660989
4173.754376  0.4017166
4174.377183  0.4464828
4174.99999  0.4777133
4175.622797  0.492152
4176.245604  0.5020348
4176.868411  0.4941924
4177.491218  0.4667741
4178.114025  0.4750971
4178.736832  0.5110179
4179.359639  0.5422384
4179.982446  0.5498474
4180.605253  0.5272004
4181.22806  0.4930665
4181.850867  0.4785467
4182.473674  0.4996225
4183.096481  0.536656
4183.719288  0.5741937
4184.342095  0.6269361
4184.964902  0.6763972
4185.587709  0.6805197
4186.210516  0.6113744
4186.833323  0.5152959
4187.45613  0.4685203
4188.078937  0.5069357
4188.701744  0.5741099
4189.324551  0.6071988
4189.947358  0.5882495
4190.570165  0.5517283
4191.192972  0.5212616
4191.815779  0.5361294
4192.438586  0.610019
4193.061393  0.6750262
4193.6842  0.6810244
4194.307007  0.6312518
4194.929814  0.5772762
4195.552621  0.5241761
4196.175428  0.4808266
4196.798235  0.4620831
4197.421042  0.4564885
4198.043849  0.4510081
4198.666656  0.4486053
4199.289463  0.4723391
4199.91227  0.5082956
4200.535077  0.5149361
4201.157884  0.4633813
4201.780691  0.4171622
4202.403498  0.429433
4203.026305  0.4945515
4203.649112  0.5365126
4204.271919  0.5366514
4204.894726  0.528305
4205.517533  0.5574971
4206.14034  0.5946561
4206.763147  0.6201573
4207.385954  0.6417
4208.008761  0.6723839
4208.631568  0.6846322
4209.254375  0.6552647
4209.877182  0.6041338
4210.499989  0.5836558
4211.122796  0.6076949
4211.745603  0.6418945
4212.36841  0.6499429
4212.991217  0.6284573
4213.614024  0.586685
4214.236831  0.5206596
4214.859638  0.4365657
4215.482445  0.3942589
4216.105252  0.476022
4216.728059  0.6322944
4217.350866  0.7686381
4217.973673  0.8219874
4218.59648  0.8233023
4219.219287  0.8095371
4219.842094  0.8081072
4220.464901  0.827087
4221.087708  0.8375146
4221.710515  0.7995914
4222.333322  0.7041988
4222.956129  0.6214778
4223.578936  0.5620432
4224.201743  0.4967724
4224.82455  0.4045584
4225.447357  0.2874276
4226.070164  0.1756823
4226.692971  0.1186582
4227.315778  0.1612167
4227.938585  0.2976366
4228.561392  0.4659499
4229.184199  0.5731351
4229.807006  0.6385585
4230.429813  0.7081947
4231.05262  0.7807321
4231.675427  0.7784342
4232.298234  0.6942527
4232.921041  0.6018741
4233.543848  0.5886541
4234.166655  0.6379471
4234.789462  0.6703795
4235.412269  0.621225
4236.035076  0.5681095
4236.657883  0.5695444
4237.28069  0.6107556
4237.903497  0.6448399
4238.526304  0.6578399
4239.149111  0.6582942
4239.771918  0.6518166
4240.394725  0.6764518
4241.017532  0.7313302
4241.640339  0.764827
4242.263146  0.7468185
4242.885953  0.7342826
4243.50876  0.797251
4244.131567  0.9012448
4244.754374  0.9599066
4245.377181  0.932161
4245.999988  0.8646765
4246.622795  0.7890278
4247.245602  0.7254143
4247.868409  0.6853345
4248.491216  0.6754755
4249.114023  0.6477726
4249.73683  0.5700183
4250.359637  0.4864394
4250.982444  0.4839393
4251.605251  0.570012
4252.228058  0.6588544
4252.850865  0.6783701
4253.473672  0.6050383
4254.096479  0.4920323
4254.719286  0.4579198
4255.342093  0.5161483
4255.9649  0.6319483
4256.587707  0.7618492
4257.210514  0.8256804
4257.833321  0.785253
4258.456128  0.6777468
4259.078935  0.6107069
4259.701742  0.5589104
4260.324549  0.4949666
4260.947356  0.484073
4261.570163  0.5544362
4262.19297  0.6807938
4262.815777  0.8002337
4263.438584  0.8582018
4264.061391  0.8663509
4264.684198  0.8722369
4265.307005  0.9060982
4265.929812  0.9288322
4266.552619  0.8979174
4267.175426  0.8152075
4267.798233  0.7428918
4268.42104  0.7044251
4269.043847  0.6819503
4269.666654  0.6507645
4270.289461  0.5619962
4270.912268  0.4218671
4271.535075  0.3175527
4272.157882  0.3338794
4272.780689  0.4388769
4273.403496  0.5148069
4274.026303  0.4762187
4274.64911  0.4249853
4275.271917  0.4740891
4275.894724  0.5937493
4276.517531  0.7024354
4277.140338  0.7720663
4277.763145  0.8325288
4278.385952  0.8800392
4279.008759  0.8516043
4279.631566  0.7295278
4280.254373  0.6292741
4280.87718  0.6276745
4281.499987  0.6830022
4282.122794  0.6856138
4282.745601  0.6971967
4283.368408  0.732992
4283.991215  0.7483895
4284.614022  0.7022052
4285.236829  0.6437119
4285.859636  0.6284894
4286.482443  0.657046
4287.10525  0.7069406
4287.728057  0.7229606
4288.350864  0.6561658
4288.973671  0.5250162
4289.596478  0.4240243
4290.219285  0.4166037
4290.842092  0.4610732
4291.464899  0.530463
4292.087706  0.6266187
4292.710513  0.7383066
4293.33332  0.7330577
4293.956127  0.6465484
4294.578934  0.6030762
4295.201741  0.6504498
4295.824548  0.6993919
4296.447355  0.6878898
4297.070162  0.6521882
4297.692969  0.6162227
4298.315776  0.5527978
4298.938583  0.4423022
4299.56139  0.3660868
4300.184197  0.378597
4300.807004  0.4597031
4301.429811  0.5199493
4302.052618  0.5094742
4302.675425  0.4713799
4303.298232  0.4840193
4303.921039  0.5259289
4304.543846  0.5330821
4305.166653  0.4838348
4305.78946  0.443846
4306.412267  0.4161135
4307.035074  0.3763692
4307.657881  0.3165082
4308.280688  0.2959154
4308.903495  0.3259291
4309.526302  0.3808982
4310.149109  0.445215
4310.771916  0.5078598
4311.394723  0.5560295
4312.01753  0.5826433
4312.640337  0.6341337
4313.263144  0.6840698
4313.885951  0.6812921
4314.508758  0.6702704
4315.131565  0.7698166
4315.754372  0.979674
4316.377179  1.115951
4316.999986  1.148119
4317.622793  1.110714
4318.2456  1.056041
4318.868407  1.030475
4319.491214  1.0125
4320.114021  0.9637585
4320.736828  0.892737
4321.359635  0.8862461
4321.982442  0.9217284
4322.605249  0.8717526
4323.228056  0.75295
4323.850863  0.6266488
4324.47367  0.5241989
4325.096477  0.4031612
4325.719284  0.343675
4326.342091  0.4210747
4326.964898  0.6163179
4327.587705  0.8303209
4328.210512  0.9873593
4328.833319  1.052219
4329.456126  1.003711
4330.078933  0.9131781
4330.70174  0.8689529
4331.324547  0.9030091
4331.947354  0.9597408
4332.570161  0.9902149
4333.192968  0.9915398
4333.815775  1.00112
4334.438582  1.052744
4335.061389  1.133942
4335.684196  1.171342
4336.307003  1.067743
4336.92981  0.855469
4337.552617  0.6916898
4338.175424  0.6634012
4338.798231  0.6958384
4339.421038  0.6749242
4340.043845  0.6213555
4340.666652  0.6182395
4341.289459  0.7170349
4341.912266  0.876924
4342.535073  0.9653411
4343.15788  0.9392633
4343.780687  0.8767475
4344.403494  0.9130917
4345.026301  1.003444
4345.649108  1.039302
4346.271915  0.9838804
4346.894722  0.9125866
4347.517529  0.9103503
4348.140336  1.003823
4348.763143  1.138579
4349.38595  1.195662
4350.008757  1.093659
4350.631564  0.8731213
4351.254371  0.6741679
4351.877178  0.60492
4352.499985  0.6718361
4353.122792  0.7885444
4353.745599  0.8663847
4354.368406  0.8762968
4354.991213  0.8758309
4355.61402  0.908735
4356.236827  0.982017
4356.859634  1.059942
4357.482441  1.053045
4358.105248  0.9522064
4358.728055  0.8341335
4359.350862  0.7928528
4359.973669  0.8326277
4360.596476  0.9169403
4361.219283  1.016719
4361.84209  1.052661
4362.464897  1.015289
4363.087704  0.9754877
4363.710511  1.010275
4364.333318  1.105716
4364.956125  1.18329
4365.578932  1.166808
4366.201739  1.072081
4366.824546  0.9466615
4367.447353  0.8407275
4368.07016  0.8208631
4368.692967  0.8755995
4369.315774  0.9364429
4369.938581  0.9435237
4370.561388  0.9340533
4371.184195  0.9486717
4371.807002  0.9715441
4372.429809  0.948359
4373.052616  0.8713861
4373.675423  0.7777787
4374.29823  0.7022803
4374.921037  0.6554084
4375.543844  0.6629284
4376.166651  0.7662321
4376.789458  0.9003563
4377.412265  1.000842
4378.035072  1.042348
4378.657879  1.022087
4379.280686  0.9641706
4379.903493  0.9037682
4380.5263  0.8678281
4381.149107  0.8375763
4381.771914  0.7556508
4382.394721  0.5807005
4383.017528  0.385502
4383.640335  0.2707831
4384.263142  0.2995618
4384.885949  0.4505354
4385.508756  0.6586218
4386.131563  0.8209935
4386.75437  0.8546227
4387.377177  0.8272303
4387.999984  0.811404
4388.622791  0.8196939
4389.245598  0.7903113
4389.868405  0.748696
4390.491212  0.7387197
4391.114019  0.7650846
4391.736826  0.8232175
4392.359633  0.8747821
4392.98244  0.8805388
4393.605247  0.8572648
4394.228054  0.8094829
4394.850861  0.7703913
4395.473668  0.8197283
4396.096475  0.9538004
4396.719282  1.081768
4397.342089  1.105197
4397.964896  1.071187
4398.587703  1.01498
4399.21051  0.9409122
4399.833317  0.8435033
4400.456124  0.7867104
4401.078931  0.8403308
4401.701738  0.9994764
4402.324545  1.076548
4402.947352  0.9692834
4403.570159  0.7240763
4404.192966  0.5002226
4404.815773  0.423802
4405.43858  0.5140088
4406.061387  0.6717743
4406.684194  0.7533752
4407.307001  0.7233181
4407.929808  0.6624798
4408.552615  0.6823918
4409.175422  0.8104822
4409.798229  0.9770401
4410.421036  1.066774
4411.043843  1.077676
4411.66665  1.069337
4412.289457  1.092988
4412.912264  1.112269
4413.535071  1.018206
4414.157878  0.8014678
4414.780685  0.6529229
4415.403492  0.6602976
4416.026299  0.7719509
4416.649106  0.8664628
4417.271913  0.9315375
4417.89472  0.9996623
4418.517527  1.08343
4419.140334  1.126629
4419.763141  1.120878
4420.385948  1.075455
4421.008755  0.9987772
4421.631562  0.8960082
4422.254369  0.8203481
4422.877176  0.8324783
4423.499983  0.9251197
4424.12279  1.002599
4424.745597  1.00792
4425.368404  0.9857126
4425.991211  0.9704491
4426.614018  0.9627081
4427.236825  0.9621301
4427.859632  1.028521
4428.482439  1.07066
4429.105246  0.997445
4429.728053  0.8587663
4430.35086  0.8203739
4430.973667  0.9211399
4431.596474  1.047252
4432.219281  1.095086
4432.842088  1.041436
4433.464895  0.9271987
4434.087702  0.8123035
4434.710509  0.7299225
4435.333316  0.7216831
4435.956123  0.8183087
4436.57893  0.9480729
4437.201737  1.052676
4437.824544  1.125155
4438.447351  1.20244
4439.070158  1.240108
4439.692965  1.192534
4440.315772  1.070964
4440.938579  0.9472064
4441.561386  0.865996
4442.184193  0.8340905
4442.807  0.8437414
4443.429807  0.8929586
4444.052614  0.9874197
4444.675421  1.122127
4445.298228  1.228971
4445.921035  1.233938
4446.543842  1.139938
4447.166649  1.105207
4447.789456  1.162321
4448.412263  1.217768
4449.03507  1.14773
4449.657877  1.060162
4450.280684  1.051797
4450.903491  1.109653
4451.526298  1.148869
4452.149105  1.130034
4452.771912  1.071418
4453.394719  1.013874
4454.017526  0.9316208
4454.640333  0.8508405
4455.26314  0.8497539
4455.885947  0.9018195
4456.508754  0.9531763
4457.131561  0.963581
4457.754368  0.9337712
4458.377175  0.879888
4458.999982  0.8456528
4459.622789  0.867254
4460.245596  0.852486
4460.868403  0.7731958
4461.49121  0.7031871
4462.114017  0.7732159
4462.736824  0.952736
4463.359631  1.106409
4463.982438  1.112909
4464.605245  1.053385
4465.228052  1.011899
4465.850859  1.012941
4466.473666  1.039795
4467.096473  1.070377
4467.71928  1.066154
4468.342087  0.9891832
4468.964894  0.9456832
4469.587701  0.978029
4470.210508  1.031847
4470.833315  1.064996
4471.456122  1.08482
4472.078929  1.126564
4472.701736  1.205479
4473.324543  1.250734
4473.94735  1.224883
4474.570157  1.172058
4475.192964  1.172585
4475.815771  1.250406
4476.438578  1.360036
4477.061385  1.417053
4477.684192  1.402013
4478.306999  1.322628
4478.929806  1.19687
4479.552613  1.071962
4480.17542  0.9997573
4480.798227  0.986524
4481.421034  0.9637717
4482.043841  0.9930665
4482.666648  1.103921
4483.289455  1.219219
4483.912262  1.298716
4484.535069  1.347327
4485.157876  1.389665
4485.780683  1.414381
4486.40349  1.377128
4487.026297  1.27516
4487.649104  1.171937
4488.271911  1.072966
4488.894718  0.9929481
4489.517525  0.9702278
4490.140332  1.041222
4490.763139  1.145744
4491.385946  1.223597
4492.008753  1.282674
4492.63156  1.251717
4493.254367  1.117828
4493.877174  0.9612522
4494.499981  0.9011122
4495.122788  0.9133005
4495.745595  0.9445181
4496.368402  1.033586
4496.991209  1.153324
4497.614016  1.249712
4498.236823  1.29274
4498.85963  1.33565
4499.482437  1.343477
4500.105244  1.260607
4500.728051  1.128931
4501.350858  1.105066
4501.973665  1.243217
4502.596472  1.424997
4503.219279  1.525123
4503.842086  1.531949
4504.464893  1.500562
4505.0877  1.444981
4505.710507  1.368009
4506.333314  1.298318
4506.956121  1.283383
4507.578928  1.309121
4508.201735  1.344844
4508.824542  1.371818
