3820.  0.08167086
3820.622807  0.06283223
3821.245614  0.06791414
3821.868421  0.09453642
3822.491228  0.1243141
3823.114035  0.1333268
3823.736842  0.1192214
3824.359649  0.09567375
3824.982456  0.07829127
3825.605263  0.06833305
3826.22807  0.06848076
3826.850877  0.08177399
3827.473684  0.09247962
3828.096491  0.09926257
3828.719298  0.1076898
3829.342105  0.1164867
3829.964912  0.1275027
3830.587719  0.1384543
3831.210526  0.1407064
3831.833333  0.1238253
3832.45614  0.101446
3833.078947  0.09152368
3833.701754  0.08584397
3834.324561  0.08740965
3834.947368  0.103487
3835.570175  0.1346972
3836.192982  0.1587362
3836.815789  0.1633693
3837.438596  0.1491978
3838.061403  0.1177868
3838.68421  0.09701581
3839.307017  0.09863664
3839.929824  0.09710011
3840.552631  0.08497654
3841.175438  0.08161683
3841.798245  0.1096897
3842.421052  0.1503075
3843.043859  0.1768013
3843.666666  0.1811026
3844.289473  0.1831086
3844.91228  0.1791356
3845.535087  0.1670645
3846.157894  0.155891
3846.780701  0.1566543
3847.403508  0.1655881
3848.026315  0.1699919
3848.649122  0.1613864
3849.271929  0.1381466
3849.894736  0.1125126
3850.517543  0.1055919
3851.14035  0.1286287
3851.763157  0.1627347
3852.385964  0.1777129
3853.008771  0.1653033
3853.631578  0.1436838
3854.254385  0.1350385
3854.877192  0.1436337
3855.499999  0.1414119
3856.122806  0.1247912
3856.745613  0.1147465
3857.36842  0.1235062
3857.991227  0.1268663
3858.614034  0.1092581
3859.236841  0.09263019
3859.859648  0.08144411
3860.482455  0.08049455
3861.105262  0.09584057
3861.728069  0.1233786
3862.350876  0.1544788
3862.973683  0.175834
3863.59649  0.1740278
3864.219297  0.1651926
3864.842104  0.154492
3865.464911  0.1349025
3866.087718  0.1332897
3866.710525  0.1462905
3867.333332  0.1527608
3867.956139  0.1457698
3868.578946  0.1369093
3869.201753  0.1332712
3869.82456  0.1279181
3870.447367  0.1164158
3871.070174  0.1077328
3871.692981  0.109099
3872.315788  0.1054465
3872.938595  0.108729
3873.561402  0.1341285
3874.184209  0.1773721
3874.807016  0.2089305
3875.429823  0.2153679
3876.05263  0.2051172
3876.675437  0.1915501
3877.298244  0.1636232
3877.921051  0.1218676
3878.543858  0.1007547
3879.166665  0.1252811
3879.789472  0.1684929
3880.412279  0.1767893
3881.035086  0.1526982
3881.657893  0.119598
3882.2807  0.1062406
3882.903507  0.1324586
3883.526314  0.2118164
3884.149121  0.290551
3884.771928  0.2810377
3885.394735  0.20958
3886.017542  0.1331971
3886.640349  0.1007435
3887.263156  0.1265681
3887.885963  0.166771
3888.50877  0.1905348
3889.131577  0.2121317
3889.754384  0.2467783
3890.377191  0.2813912
3890.999998  0.3016259
3891.622805  0.3363034
3892.245612  0.3700905
3892.868419  0.3784702
3893.491226  0.3604539
3894.114033  0.3467292
3894.73684  0.3190196
3895.359647  0.2534519
3895.982454  0.2344428
3896.605261  0.2765665
3897.228068  0.324525
3897.850875  0.3058559
3898.473682  0.2748307
3899.096489  0.2546312
3899.719296  0.2217753
3900.342103  0.227627
3900.96491  0.2886033
3901.587717  0.3538279
3902.210524  0.3258863
3902.833331  0.2614811
3903.456138  0.2446488
3904.078945  0.2893836
3904.701752  0.2978987
3905.324559  0.2516813
3905.947366  0.2051457
3906.570173  0.2073459
3907.19298  0.2459401
3907.815787  0.2911029
3908.438594  0.3292578
3909.061401  0.3559944
3909.684208  0.3625976
3910.307015  0.3483686
3910.929822  0.3419006
3911.552629  0.3490039
3912.175436  0.3601459
3912.798243  0.3653016
3913.42105  0.3593403
3914.043857  0.3556918
3914.666664  0.3674636
3915.289471  0.368468
3915.912278  0.3377511
3916.535085  0.2928672
3917.157892  0.2890347
3917.780699  0.304687
3918.403506  0.3077742
3919.026313  0.2884802
3919.64912  0.2547038
3920.271927  0.2112501
3920.894734  0.1749259
3921.517541  0.1826319
3922.140348  0.1976646
3922.763155  0.1969878
3923.385962  0.2038094
3924.008769  0.2354926
3924.631576  0.2600896
3925.254383  0.244579
3925.87719  0.2242249
3926.499997  0.2136188
3927.122804  0.1996996
3927.745611  0.1609768
3928.368418  0.1313492
3928.991225  0.1203198
3929.614032  0.1105689
3930.236839  0.09490615
3930.859646  0.08125958
3931.482453  0.07329982
3932.10526  0.06024178
3932.728067  0.04835369
3933.350874  0.04187303
3933.973681  0.03950517
3934.596488  0.04208229
3935.219295  0.05060212
3935.842102  0.06504182
3936.464909  0.08366896
3937.087716  0.1044766
3937.710523  0.125299
3938.33333  0.1456556
3938.956137  0.170238
3939.578944  0.1929968
3940.201751  0.2027721
3940.824558  0.1948202
3941.447365  0.1894882
3942.070172  0.1985534
3942.692979  0.2080238
3943.315786  0.186697
3943.938593  0.1521023
3944.5614  0.1493428
3945.184207  0.195354
3945.807014  0.2681767
3946.429821  0.3224816
3947.052628  0.3214454
3947.675435  0.2919806
3948.298242  0.266843
3948.921049  0.2661756
3949.543856  0.301076
3950.166663  0.3553381
3950.78947  0.3995277
3951.412277  0.4076738
3952.035084  0.3566697
3952.657891  0.2910696
3953.280698  0.2912079
3953.903505  0.3687065
3954.526312  0.4407977
3955.149119  0.4314165
3955.771926  0.3664381
3956.394733  0.3147259
3957.01754  0.3077228
3957.640347  0.3212729
3958.263154  0.3340643
3958.885961  0.3507106
3959.508768  0.3681565
3960.131575  0.3406972
3960.754382  0.2633285
3961.377189  0.1763763
3961.999996  0.137599
3962.622803  0.1501114
3963.24561  0.1778056
3963.868417  0.1842539
3964.491224  0.1755455
3965.114031  0.1561215
3965.736838  0.1299752
3966.359645  0.1025938
3966.982452  0.07734843
3967.605259  0.0581773
3968.228066  0.04793212
3968.850873  0.0448259
3969.47368  0.05322341
3970.096487  0.07431666
3970.719294  0.09938519
3971.342101  0.1199849
3971.964908  0.1388549
3972.587715  0.1633091
3973.210522  0.1826362
3973.833329  0.1995737
3974.456136  0.2267486
3975.078943  0.2723158
3975.70175  0.3037075
3976.324557  0.3087269
3976.947364  0.313733
3977.570171  0.3452909
3978.192978  0.3846884
3978.815785  0.4054504
3979.438592  0.4271032
3980.061399  0.4591277
3980.684206  0.4770435
3981.307013  0.4428274
3981.92982  0.4090977
3982.552627  0.4061773
3983.175434  0.4209845
3983.798241  0.4226813
3984.421048  0.4254797
3985.043855  0.4505347
3985.666662  0.489372
3986.289469  0.4892232
3986.912276  0.4728159
3987.535083  0.5049895
3988.15789  0.563352
3988.780697  0.5655784
3989.403504  0.4860309
3990.026311  0.4227998
3990.649118  0.4379054
3991.271925  0.4927493
3991.894732  0.5039802
3992.517539  0.5181434
3993.140346  0.5376914
3993.763153  0.5370923
3994.38596  0.5156916
3995.008767  0.5024689
3995.631574  0.5042875
3996.254381  0.4959554
3996.877188  0.4754665
3997.499995  0.4540356
3998.122802  0.4520728
3998.745609  0.491538
3999.368416  0.5689141
3999.991223  0.6348922
4000.61403  0.6255553
4001.236837  0.595265
4001.859644  0.5916055
4002.482451  0.6196095
4003.105258  0.6550061
4003.728065  0.6559725
4004.350872  0.5833111
4004.973679  0.4358022
4005.596486  0.3538727
4006.219293  0.3861218
4006.8421  0.4640568
4007.464907  0.5311838
4008.087714  0.5746846
4008.710521  0.6008522
4009.333328  0.6069879
4009.956135  0.6099944
4010.578942  0.6118912
4011.201749  0.5980691
4011.824556  0.5698618
4012.447363  0.5743084
4013.07017  0.6224706
4013.692977  0.6249422
4014.315784  0.6148486
4014.938591  0.6407663
4015.561398  0.6928094
4016.184205  0.6996586
4016.807012  0.6424353
4017.429819  0.5733013
4018.052626  0.5768742
4018.675433  0.6402121
4019.29824  0.69349
4019.921047  0.680249
4020.543854  0.6485008
4021.166661  0.6251555
4021.789468  0.6059825
4022.412275  0.6098059
4023.035082  0.6313543
4023.657889  0.6326835
4024.280696  0.5704141
4024.903503  0.5379443
4025.52631  0.5738117
4026.149117  0.6259246
4026.771924  0.6403133
4027.394731  0.6527859
4028.017538  0.7016341
4028.640345  0.7401938
4029.263152  0.7168533
4029.885959  0.6017658
4030.508766  0.4301367
4031.131573  0.372633
4031.75438  0.4090942
4032.377187  0.4188037
4032.999994  0.3729706
4033.622801  0.3431892
4034.245608  0.368108
4034.868415  0.4081214
4035.491222  0.4671968
4036.114029  0.5445777
4036.736836  0.6264155
4037.359643  0.6904146
4037.98245  0.7115099
4038.605257  0.693564
4039.228064  0.671595
4039.850871  0.6365929
4040.473678  0.5959568
4041.096485  0.579085
4041.719292  0.6117276
4042.342099  0.6606353
4042.964906  0.6629614
4043.587713  0.5774672
4044.21052  0.4549497
4044.833327  0.3329739
4045.456134  0.2262056
4046.078941  0.2026473
4046.701748  0.2859663
4047.324555  0.4343006
4047.947362  0.5565869
4048.570169  0.5985984
4049.192976  0.5955212
4049.815783  0.6278938
4050.43859  0.666088
4051.061397  0.6830207
4051.684204  0.6716549
4052.307011  0.6349984
4052.929818  0.6196291
4053.552625  0.6205333
4054.175432  0.5728098
4054.798239  0.5055683
4055.421046  0.4859183
4056.043853  0.5335703
4056.66666  0.5427494
4057.289467  0.4894717
4057.912274  0.4271946
4058.535081  0.4308164
4059.157888  0.4794301
4059.780695  0.5454907
4060.403502  0.6091866
4061.026309  0.6282758
4061.649116  0.590988
4062.271923  0.5020064
4062.89473  0.3715879
4063.517537  0.2655894
4064.140344  0.2648023
4064.763151  0.3936821
4065.385958  0.5301039
4066.008765  0.5732482
4066.631572  0.5192843
4067.254379  0.4746232
4067.877186  0.4977475
4068.499993  0.5793607
4069.1228  0.6603329
4069.745607  0.6956602
4070.368414  0.6351917
4070.991221  0.4811547
4071.614028  0.3450141
4072.236835  0.3494482
4072.859642  0.4928967
4073.482449  0.6316475
4074.105256  0.6698615
4074.728063  0.6300135
4075.35087  0.5805128
4075.973677  0.4985283
4076.596484  0.406031
4077.219291  0.3527703
4077.842098  0.3774193
4078.464905  0.4586505
4079.087712  0.5401671
4079.710519  0.5875265
4080.333326  0.6611037
4080.956133  0.7439752
4081.57894  0.7747921
4082.201747  0.7185988
4082.824554  0.6428916
4083.447361  0.6086726
4084.070168  0.6166157
4084.692975  0.6123492
4085.315782  0.5954133
4085.938589  0.5979583
4086.561396  0.6329636
4087.184203  0.6931231
4087.80701  0.7533736
4088.429817  0.7853321
4089.052624  0.792157
4089.675431  0.7589757
4090.298238  0.6982496
4090.921045  0.7011851
4091.543852  0.6996076
4092.166659  0.6474751
4092.789466  0.6196513
4093.412273  0.6823763
4094.03508  0.7462358
4094.657887  0.6852978
4095.280694  0.5848916
4095.903501  0.5111517
4096.526308  0.491065
4097.149115  0.5168471
4097.771922  0.5468784
4098.394729  0.5698513
4099.017536  0.5963438
4099.640343  0.5966888
4100.26315  0.5385413
4100.885957  0.4484419
4101.508764  0.4297696
4102.131571  0.4841235
4102.754378  0.5559791
4103.377185  0.5863477
4103.999992  0.5652559
4104.622799  0.5466768
4105.245606  0.5847584
4105.868413  0.661936
4106.49122  0.7130906
4107.114027  0.7030813
4107.736834  0.6619849
4108.359641  0.6469914
4108.982448  0.6403284
4109.605255  0.5986248
4110.228062  0.5542239
4110.850869  0.5288584
4111.473676  0.5189787
4112.096483  0.509255
4112.71929  0.5434297
4113.342097  0.6030737
4113.964904  0.6313671
4114.587711  0.6361363
4115.210518  0.6329697
4115.833325  0.6326607
4116.456132  0.6369749
4117.078939  0.6532555
4117.701746  0.6330297
4118.324553  0.533014
4118.94736  0.4720062
4119.570167  0.4986116
4120.192974  0.5705628
4120.815781  0.601311
4121.438588  0.5852438
4122.061395  0.557214
4122.684202  0.5457192
4123.307009  0.5204737
4123.929816  0.5386357
4124.552623  0.6315154
4125.17543  0.6678285
4125.798237  0.6469434
4126.421044  0.6173021
4127.043851  0.6024019
4127.666658  0.5764387
4128.289465  0.5581727
4128.912272  0.5667075
4129.535079  0.5331952
4130.157886  0.5108247
4130.780693  0.5198095
4131.4035  0.4754674
4132.026307  0.4097068
4132.649114  0.3963481
4133.271921  0.4559381
4133.894728  0.457232
4134.517535  0.4497995
4135.140342  0.5188832
4135.763149  0.6253183
4136.385956  0.6487833
4137.008763  0.595001
4137.63157  0.5782443
4138.254377  0.5885912
4138.877184  0.5991257
4139.499991  0.5979713
4140.122798  0.5982741
4140.745605  0.6105782
4141.368412  0.5953099
4141.991219  0.4941513
4142.614026  0.3665003
4143.236833  0.2778285
4143.85964  0.2700654
4144.482447  0.3550863
4145.105254  0.4590124
4145.728061  0.5195443
4146.350868  0.5399342
4146.973675  0.540471
4147.596482  0.5395437
4148.219289  0.53687
4148.842096  0.5062608
4149.464903  0.4635006
4150.08771  0.4400764
4150.710517  0.4475192
4151.333324  0.44451
4151.956131  0.4338294
4152.578938  0.4510715
4153.201745  0.4805953
4153.824552  0.484696
4154.447359  0.462797
4155.070166  0.4727863
4155.692973  0.464407
4156.31578  0.4323569
4156.938587  0.4353206
4157.561394  0.478411
4158.184201  0.5449651
4158.807008  0.6049695
4159.429815  0.6258541
4160.052622  0.6121963
4160.675429  0.5806897
4161.298236  0.5529828
4161.921043  0.58807
4162.54385  0.6481972
4163.166657  0.6536865
4163.789464  0.5982905
4164.412271  0.5385051
4165.035078  0.5233135
4165.657885  0.5440239
4166.280692  0.5324765
4166.903499  0.4798997
4167.526306  0.4459178
4168.149113  0.4992352
4168.77192  0.5614215
4169.394727  0.574517
4170.017534  0.6048633
4170.640341  0.6289008
4171.263148  0.5957204
4171.885955  0.4904051
4172.508762  0.3942263
4173.131569  0.3768109
4173.754376  0.4332033
4174.377183  0.4746741
4174.99999  0.4946986
4175.622797  0.5081461
4176.245604  0.5148852
4176.868411  0.4923554
4177.491218  0.4607207
4178.114025  0.4590594
4178.736832  0.4978757
4179.359639  0.5242963
4179.982446  0.5101368
4180.605253  0.4853357
4181.22806  0.4732654
4181.850867  0.4818693
4182.473674  0.5070175
4183.096481  0.5438669
4183.719288  0.58929
4184.342095  0.6461236
4184.964902  0.7096363
4185.587709  0.7103947
4186.210516  0.6230772
4186.833323  0.5012976
4187.45613  0.4543895
4188.078937  0.5071989
4188.701744  0.5996832
4189.324551  0.6393576
4189.947358  0.6331903
4190.570165  0.5941368
4191.192972  0.5369573
4191.815779  0.54727
4192.438586  0.6154185
4193.061393  0.6723717
4193.6842  0.6673317
4194.307007  0.6213872
4194.929814  0.5644113
4195.552621  0.5058717
4196.175428  0.4536791
4196.798235  0.4399015
4197.421042  0.4671722
4198.043849  0.4608616
4198.666656  0.464367
4199.289463  0.5096337
4199.91227  0.5534351
4200.535077  0.5577346
4201.157884  0.5051231
4201.780691  0.4314396
4202.403498  0.4426568
4203.026305  0.5243425
4203.649112  0.5898237
4204.271919  0.5730071
4204.894726  0.5705479
4205.517533  0.615548
4206.14034  0.6583713
4206.763147  0.6795061
4207.385954  0.6928344
4208.008761  0.7078024
4208.631568  0.7010716
4209.254375  0.6558121
4209.877182  0.5967501
4210.499989  0.5748565
4211.122796  0.6077172
4211.745603  0.6510516
4212.36841  0.6555664
4212.991217  0.6266055
4213.614024  0.5758547
4214.236831  0.5024195
4214.859638  0.4097983
4215.482445  0.369056
4216.105252  0.4645235
4216.728059  0.678116
4217.350866  0.8117622
4217.973673  0.8578724
4218.59648  0.8636121
4219.219287  0.8404775
4219.842094  0.8306521
4220.464901  0.852308
4221.087708  0.876683
4221.710515  0.8286551
4222.333322  0.7372194
4222.956129  0.6608995
4223.578936  0.6116395
4224.201743  0.550903
4224.82455  0.4543598
4225.447357  0.3304484
4226.070164  0.2021355
4226.692971  0.1354846
4227.315778  0.1911094
4227.938585  0.3680216
4228.561392  0.5538945
4229.184199  0.6600114
4229.807006  0.6950485
4230.429813  0.7714943
4231.05262  0.8533172
4231.675427  0.8452134
4232.298234  0.7496294
4232.921041  0.6429119
4233.543848  0.6131421
4234.166655  0.6821156
4234.789462  0.7069495
4235.412269  0.6463237
4236.035076  0.5768671
4236.657883  0.5981553
4237.28069  0.6550873
4237.903497  0.6811557
4238.526304  0.6881219
4239.149111  0.6776271
4239.771918  0.6748853
4240.394725  0.7100701
4241.017532  0.779645
4241.640339  0.8186797
4242.263146  0.7949631
4242.885953  0.7698106
4243.50876  0.8327565
4244.131567  0.9474347
4244.754374  0.9934599
4245.377181  0.9563649
4245.999988  0.8859549
4246.622795  0.8253004
4247.245602  0.7610062
4247.868409  0.7205172
4248.491216  0.7078109
4249.114023  0.6832508
4249.73683  0.5845003
4250.359637  0.4939905
4250.982444  0.5176566
4251.605251  0.6173823
4252.228058  0.7163175
4252.850865  0.7344125
4253.473672  0.6403536
4254.096479  0.5241148
4254.719286  0.4896127
4255.342093  0.5717425
4255.9649  0.6888825
4256.587707  0.8178466
4257.210514  0.8949856
4257.833321  0.8139374
4258.456128  0.7042488
4259.078935  0.6370459
4259.701742  0.5806336
4260.324549  0.5064609
4260.947356  0.4973584
4261.570163  0.6040997
4262.19297  0.7444345
4262.815777  0.8653104
4263.438584  0.9268881
4264.061391  0.9217509
4264.684198  0.9153644
4265.307005  0.9385886
4265.929812  0.9663364
4266.552619  0.938399
4267.175426  0.8494743
4267.798233  0.7575991
4268.42104  0.7294828
4269.043847  0.7133356
4269.666654  0.6734487
4270.289461  0.5898219
4270.912268  0.4378187
4271.535075  0.3273858
4272.157882  0.3537525
4272.780689  0.4890742
4273.403496  0.5629394
4274.026303  0.5192
4274.64911  0.4516017
4275.271917  0.5115511
4275.894724  0.6455222
4276.517531  0.7497743
4277.140338  0.8081034
4277.763145  0.8763261
4278.385952  0.9312462
4279.008759  0.8924667
4279.631566  0.7524008
4280.254373  0.647149
4280.87718  0.6711009
4281.499987  0.7390375
4282.122794  0.7440507
4282.745601  0.723142
4283.368408  0.7819716
4283.991215  0.7947335
4284.614022  0.739516
4285.236829  0.6791303
4285.859636  0.6656109
4286.482443  0.7088034
4287.10525  0.769676
4287.728057  0.7836688
4288.350864  0.711596
4288.973671  0.5717504
4289.596478  0.4491023
4290.219285  0.4677132
4290.842092  0.5319381
4291.464899  0.580282
4292.087706  0.684717
4292.710513  0.7882161
4293.33332  0.7830008
4293.956127  0.6546016
4294.578934  0.6228815
4295.201741  0.6922516
4295.824548  0.7506409
4296.447355  0.7204863
4297.070162  0.6749545
4297.692969  0.6428214
4298.315776  0.5794709
4298.938583  0.4599536
4299.56139  0.371587
4300.184197  0.3951946
4300.807004  0.491754
4301.429811  0.5550271
4302.052618  0.5356854
4302.675425  0.4848718
4303.298232  0.5081964
4303.921039  0.5651852
4304.543846  0.5613751
4305.166653  0.4969203
4305.78946  0.457095
4306.412267  0.4508209
4307.035074  0.394996
4307.657881  0.3224839
4308.280688  0.2993693
4308.903495  0.350579
4309.526302  0.4077686
4310.149109  0.4665391
4310.771916  0.5295891
4311.394723  0.573454
4312.01753  0.5943991
4312.640337  0.6421695
4313.263144  0.7350125
4313.885951  0.7321568
4314.508758  0.712705
4315.131565  0.81281
4315.754372  1.035982
4316.377179  1.164838
4316.999986  1.150873
4317.622793  1.118922
4318.2456  1.063287
4318.868407  1.035514
4319.491214  1.043077
4320.114021  0.9786315
4320.736828  0.9054452
4321.359635  0.907825
4321.982442  0.9736873
4322.605249  0.9130497
4323.228056  0.752018
4323.850863  0.6177507
4324.47367  0.516616
4325.096477  0.4055767
4325.719284  0.3395769
4326.342091  0.4548605
4326.964898  0.6728522
4327.587705  0.8940825
4328.210512  1.051665
4328.833319  1.109101
4329.456126  1.053833
4330.078933  0.9446167
4330.70174  0.8999363
4331.324547  0.9506899
4331.947354  1.020671
4332.570161  1.024908
4333.192968  1.022231
4333.815775  1.04069
4334.438582  1.08793
4335.061389  1.165417
4335.684196  1.196012
4336.307003  1.089237
4336.92981  0.8492119
4337.552617  0.7030599
4338.175424  0.7038705
4338.798231  0.7488223
4339.421038  0.7142366
4340.043845  0.6435012
4340.666652  0.6363536
4341.289459  0.7483101
4341.912266  0.9274391
4342.535073  1.022072
4343.15788  0.9536166
4343.780687  0.8746277
4344.403494  0.9101448
4345.026301  1.032379
4345.649108  1.083168
4346.271915  1.02233
4346.894722  0.9399791
4347.517529  0.9523467
4348.140336  1.052061
4348.763143  1.179808
4349.38595  1.23925
4350.008757  1.140209
4350.631564  0.9124729
4351.254371  0.6912156
4351.877178  0.6176575
4352.499985  0.6931707
4353.122792  0.8250003
4353.745599  0.9087393
4354.368406  0.909776
4354.991213  0.9029345
4355.61402  0.9385336
4356.236827  1.002801
4356.859634  1.077829
4357.482441  1.077111
4358.105248  0.9633759
4358.728055  0.8507027
4359.350862  0.820769
4359.973669  0.8824892
4360.596476  0.9839411
4361.219283  1.091802
4361.84209  1.128896
4362.464897  1.060759
4363.087704  0.9978001
4363.710511  1.034537
4364.333318  1.154431
4364.956125  1.23136
4365.578932  1.205584
4366.201739  1.099507
4366.824546  0.9732312
4367.447353  0.8515361
4368.07016  0.8395399
4368.692967  0.9375703
4369.315774  0.9754608
4369.938581  0.9654652
4370.561388  0.9569058
4371.184195  0.974091
4371.807002  1.013684
4372.429809  1.002277
4373.052616  0.9097034
4373.675423  0.8212886
4374.29823  0.7379301
4374.921037  0.6735184
4375.543844  0.6806924
4376.166651  0.8007639
4376.789458  0.9463286
4377.412265  1.023615
4378.035072  1.069739
4378.657879  1.060438
4379.280686  0.9956122
4379.903493  0.9263692
4380.5263  0.8843749
4381.149107  0.866436
4381.771914  0.8110583
4382.394721  0.607528
4383.017528  0.3755766
4383.640335  0.2636115
4384.263142  0.3018935
4384.885949  0.473897
4385.508756  0.7012918
4386.131563  0.8735554
4386.75437  0.9009333
4387.377177  0.8547542
4387.999984  0.8319519
4388.622791  0.8329232
4389.245598  0.809289
4389.868405  0.7687981
4390.491212  0.7632719
4391.114019  0.7830178
4391.736826  0.832247
4392.359633  0.8904231
4392.98244  0.8900014
4393.605247  0.8692773
4394.228054  0.8417647
4394.850861  0.7945021
4395.473668  0.8420289
4396.096475  0.9840938
4396.719282  1.118638
4397.342089  1.143642
4397.964896  1.095831
4398.587703  1.038291
4399.21051  0.9820547
4399.833317  0.8821779
4400.456124  0.795792
4401.078931  0.8300924
4401.701738  1.003342
4402.324545  1.106586
4402.947352  0.9874249
4403.570159  0.7283579
4404.192966  0.4854687
4404.815773  0.4108365
4405.43858  0.5441545
4406.061387  0.7220401
4406.684194  0.8118513
4407.307001  0.7798945
4407.929808  0.7038092
4408.552615  0.7235458
4409.175422  0.8633853
4409.798229  1.018637
4410.421036  1.092898
4411.043843  1.088529
4411.66665  1.075844
4412.289457  1.11604
4412.912264  1.147622
4413.535071  1.064691
4414.157878  0.8338828
4414.780685  0.6512256
4415.403492  0.6534015
4416.026299  0.8051268
4416.649106  0.9010676
4417.271913  0.9554929
4417.89472  1.022266
4418.517527  1.083544
4419.140334  1.127553
4419.763141  1.143791
4420.385948  1.118913
4421.008755  1.037734
4421.631562  0.9178366
4422.254369  0.8213153
4422.877176  0.8268409
4423.499983  0.9153304
4424.12279  1.00251
4424.745597  1.014578
4425.368404  0.981258
4425.991211  0.9623658
4426.614018  0.9747243
4427.236825  0.9709052
4427.859632  1.024754
4428.482439  1.094777
4429.105246  1.039492
4429.728053  0.8767063
4430.35086  0.7897573
4430.973667  0.8948043
4431.596474  1.035746
4432.219281  1.096814
4432.842088  1.047482
4433.464895  0.9380196
4434.087702  0.8270221
4434.710509  0.7462465
4435.333316  0.722311
4435.956123  0.8060597
4436.57893  0.9416267
4437.201737  1.051307
4437.824544  1.108826
4438.447351  1.175079
4439.070158  1.227655
4439.692965  1.191323
4440.315772  1.072327
4440.938579  0.9467337
4441.561386  0.8692931
4442.184193  0.8243695
4442.807  0.8361433
4443.429807  0.8955027
4444.052614  0.9743959
4444.675421  1.097111
4445.298228  1.21305
4445.921035  1.241077
4446.543842  1.148978
4447.166649  1.074839
4447.789456  1.114066
4448.412263  1.213602
4449.03507  1.188415
4449.657877  1.077644
4450.280684  1.032626
4450.903491  1.089553
4451.526298  1.14333
4452.149105  1.122583
4452.771912  1.065779
4453.394719  1.019715
4454.017526  0.9456658
4454.640333  0.8255669
4455.26314  0.8072411
4455.885947  0.8782515
4456.508754  0.9491417
4457.131561  0.9570016
4457.754368  0.9225699
4458.377175  0.8712781
4458.999982  0.8272075
4459.622789  0.8444586
4460.245596  0.8559421
4460.868403  0.7939321
4461.49121  0.7018775
4462.114017  0.7307326
4462.736824  0.9055298
4463.359631  1.089027
4463.982438  1.116034
4464.605245  1.04472
4465.228052  1.003443
4465.850859  0.9972988
4466.473666  1.015267
4467.096473  1.04074
4467.71928  1.052495
4468.342087  1.008691
4468.964894  0.9495463
4469.587701  0.9431077
4470.210508  0.9978129
4470.833315  1.04242
4471.456122  1.052771
4472.078929  1.08473
4472.701736  1.145564
4473.324543  1.195333
4473.94735  1.187429
4474.570157  1.130067
4475.192964  1.099541
4475.815771  1.15193
4476.438578  1.262534
4477.061385  1.338408
4477.684192  1.344386
4478.306999  1.298619
4478.929806  1.178661
4479.552613  1.035908
4480.17542  0.9466242
4480.798227  0.9437934
4481.421034  0.9285122
4482.043841  0.9206784
4482.666648  1.02485
4483.289455  1.141265
4483.912262  1.214009
4484.535069  1.253587
4485.157876  1.297985
4485.780683  1.328473
4486.40349  1.307922
4487.026297  1.222681
4487.649104  1.132821
4488.271911  1.050472
4488.894718  0.9748217
4489.517525  0.3639114
4490.140332  0.
4490.763139  0.
4491.385946  0.
4492.008753  0.
4492.63156  0.
4493.254367  0.
4493.877174  0.
4494.499981  0.
4495.122788  0.
4495.745595  0.
4496.368402  0.
4496.991209  0.
4497.614016  0.
4498.236823  0.
4498.85963  0.
4499.482437  0.
4500.105244  0.
4500.728051  0.
4501.350858  0.
4501.973665  0.
4502.596472  0.
4503.219279  0.
4503.842086  0.
4504.464893  0.
4505.0877  0.
4505.710507  0.
4506.333314  0.
4506.956121  0.
4507.578928  0.
4508.201735  0.
4508.824542  0.
