3820.  0.131605
3820.622807  0.1011666
3821.245614  0.1051608
3821.868421  0.1389235
3822.491228  0.1785199
3823.114035  0.1968424
3823.736842  0.1832313
3824.359649  0.1517823
3824.982456  0.1221644
3825.605263  0.1023513
3826.22807  0.1001532
3826.850877  0.1135616
3827.473684  0.1315623
3828.096491  0.1448816
3828.719298  0.1537025
3829.342105  0.1644549
3829.964912  0.1786684
3830.587719  0.1933514
3831.210526  0.1978354
3831.833333  0.1805655
3832.45614  0.1525168
3833.078947  0.1308476
3833.701754  0.1241226
3834.324561  0.125149
3834.947368  0.1428508
3835.570175  0.179092
3836.192982  0.2125693
3836.815789  0.2216181
3837.438596  0.2001002
3838.061403  0.165428
3838.68421  0.1428835
3839.307017  0.1374344
3839.929824  0.1348385
3840.552631  0.1211297
3841.175438  0.1207807
3841.798245  0.1559483
3842.421052  0.2093326
3843.043859  0.2439747
3843.666666  0.2522632
3844.289473  0.2506493
3844.91228  0.2448573
3845.535087  0.2313474
3846.157894  0.214505
3846.780701  0.2107474
3847.403508  0.2193722
3848.026315  0.2259269
3848.649122  0.2165303
3849.271929  0.1891899
3849.894736  0.1584996
3850.517543  0.1491771
3851.14035  0.1737835
3851.763157  0.2120775
3852.385964  0.231862
3853.008771  0.2169343
3853.631578  0.1911643
3854.254385  0.1818212
3854.877192  0.1897978
3855.499999  0.1906125
3856.122806  0.177095
3856.745613  0.1656052
3857.36842  0.1691028
3857.991227  0.1677571
3858.614034  0.1510002
3859.236841  0.1267394
3859.859648  0.1104831
3860.482455  0.1111211
3861.105262  0.1314543
3861.728069  0.1686775
3862.350876  0.2089826
3862.973683  0.2342625
3863.59649  0.2361294
3864.219297  0.2263092
3864.842104  0.209194
3865.464911  0.1916025
3866.087718  0.1892702
3866.710525  0.1960712
3867.333332  0.1982828
3867.956139  0.193053
3868.578946  0.1872166
3869.201753  0.1804138
3869.82456  0.1675548
3870.447367  0.1484015
3871.070174  0.1374248
3871.692981  0.1375541
3872.315788  0.1379806
3872.938595  0.1506928
3873.561402  0.1874402
3874.184209  0.2384478
3874.807016  0.2740791
3875.429823  0.2840154
3876.05263  0.2730135
3876.675437  0.2497398
3877.298244  0.2104148
3877.921051  0.1672017
3878.543858  0.1482975
3879.166665  0.1730966
3879.789472  0.2100593
3880.412279  0.2205425
3881.035086  0.1973667
3881.657893  0.1596655
3882.2807  0.1420695
3882.903507  0.1778382
3883.526314  0.2733364
3884.149121  0.3540525
3884.771928  0.3515178
3885.394735  0.2786281
3886.017542  0.1954868
3886.640349  0.1618906
3887.263156  0.1932992
3887.885963  0.2427842
3888.50877  0.2689715
3889.131577  0.2743023
3889.754384  0.3011337
3890.377191  0.3338216
3890.999998  0.3653708
3891.622805  0.4091936
3892.245612  0.4445034
3892.868419  0.4528803
3893.491226  0.4391227
3894.114033  0.4226751
3894.73684  0.3830099
3895.359647  0.3297728
3895.982454  0.3151471
3896.605261  0.3631274
3897.228068  0.4121893
3897.850875  0.3981391
3898.473682  0.3661419
3899.096489  0.3313496
3899.719296  0.3063941
3900.342103  0.3210105
3900.96491  0.3780414
3901.587717  0.421317
3902.210524  0.3968866
3902.833331  0.3435824
3903.456138  0.3331003
3904.078945  0.3708627
3904.701752  0.3676979
3905.324559  0.3157296
3905.947366  0.265042
3906.570173  0.2681476
3907.19298  0.308804
3907.815787  0.3554998
3908.438594  0.3900224
3909.061401  0.4205428
3909.684208  0.4265143
3910.307015  0.4122329
3910.929822  0.4120745
3911.552629  0.4285968
3912.175436  0.4451555
3912.798243  0.4473236
3913.42105  0.4375708
3914.043857  0.4273891
3914.666664  0.4242929
3915.289471  0.4209225
3915.912278  0.3911161
3916.535085  0.3590201
3917.157892  0.3618859
3917.780699  0.374997
3918.403506  0.37353
3919.026313  0.3508399
3919.64912  0.3183069
3920.271927  0.2722796
3920.894734  0.2361327
3921.517541  0.238662
3922.140348  0.254871
3922.763155  0.2657224
3923.385962  0.2751487
3924.008769  0.3024156
3924.631576  0.3158236
3925.254383  0.3000941
3925.87719  0.273882
3926.499997  0.2530023
3927.122804  0.2300662
3927.745611  0.1977632
3928.368418  0.1656821
3928.991225  0.1459634
3929.614032  0.1353887
3930.236839  0.1179946
3930.859646  0.1014427
3931.482453  0.08884943
3932.10526  0.07684199
3932.728067  0.06415018
3933.350874  0.05558921
3933.973681  0.0533177
3934.596488  0.05524488
3935.219295  0.06545776
3935.842102  0.08346187
3936.464909  0.1045933
3937.087716  0.1274133
3937.710523  0.1493198
3938.33333  0.1726583
3938.956137  0.2037839
3939.578944  0.2307744
3940.201751  0.2424102
3940.824558  0.2407535
3941.447365  0.236726
3942.070172  0.2424602
3942.692979  0.2521872
3943.315786  0.236856
3943.938593  0.2163406
3944.5614  0.2224987
3945.184207  0.2671222
3945.807014  0.3364816
3946.429821  0.3863074
3947.052628  0.3838704
3947.675435  0.3528442
3948.298242  0.3299158
3948.921049  0.3355404
3949.543856  0.3681007
3950.166663  0.4214412
3950.78947  0.463813
3951.412277  0.4592014
3952.035084  0.4025096
3952.657891  0.3480274
3953.280698  0.3543274
3953.903505  0.4266101
3954.526312  0.4904466
3955.149119  0.4930931
3955.771926  0.4397679
3956.394733  0.3889352
3957.01754  0.3729044
3957.640347  0.3853039
3958.263154  0.4014548
3958.885961  0.425247
3959.508768  0.4408999
3960.131575  0.4143608
3960.754382  0.3362938
3961.377189  0.2500945
3961.999996  0.2052872
3962.622803  0.2055893
3963.24561  0.2167971
3963.868417  0.2166147
3964.491224  0.2084982
3965.114031  0.1867477
3965.736838  0.1550446
3966.359645  0.1237738
3966.982452  0.09786952
3967.605259  0.07717264
3968.228066  0.06274804
3968.850873  0.05879609
3969.47368  0.06926411
3970.096487  0.09235173
3970.719294  0.1204635
3971.342101  0.144659
3971.964908  0.1689633
3972.587715  0.1946029
3973.210522  0.2145108
3973.833329  0.2365481
3974.456136  0.2701802
3975.078943  0.3131859
3975.70175  0.346268
3976.324557  0.3609513
3976.947364  0.3721734
3977.570171  0.4046122
3978.192978  0.438966
3978.815785  0.4663351
3979.438592  0.49663
3980.061399  0.5317597
3980.684206  0.5431023
3981.307013  0.5126582
3981.92982  0.472613
3982.552627  0.4591638
3983.175434  0.4686305
3983.798241  0.4726449
3984.421048  0.490096
3985.043855  0.5269873
3985.666662  0.561261
3986.289469  0.5585249
3986.912276  0.5481008
3987.535083  0.5730562
3988.15789  0.6235794
3988.780697  0.623171
3989.403504  0.5659708
3990.026311  0.5164689
3990.649118  0.5305918
3991.271925  0.5691534
3991.894732  0.5853601
3992.517539  0.5942002
3993.140346  0.6057571
3993.763153  0.6056155
3994.38596  0.5835723
3995.008767  0.569935
3995.631574  0.5641427
3996.254381  0.5525331
3996.877188  0.5335764
3997.499995  0.5169871
3998.122802  0.5199416
3998.745609  0.5618855
3999.368416  0.6384764
3999.991223  0.6914005
4000.61403  0.682661
4001.236837  0.6537872
4001.859644  0.6541162
4002.482451  0.6918166
4003.105258  0.7265458
4003.728065  0.7223817
4004.350872  0.6446373
4004.973679  0.5143056
4005.596486  0.4394034
4006.219293  0.4572286
4006.8421  0.5297526
4007.464907  0.5973065
4008.087714  0.6420493
4008.710521  0.660435
4009.333328  0.6643978
4009.956135  0.6754186
4010.578942  0.6799476
4011.201749  0.6666865
4011.824556  0.6507785
4012.447363  0.6564929
4013.07017  0.6783563
4013.692977  0.686384
4014.315784  0.6820682
4014.938591  0.7025031
4015.561398  0.745479
4016.184205  0.7517436
4016.807012  0.7042009
4017.429819  0.6451285
4018.052626  0.6392619
4018.675433  0.6873118
4019.29824  0.7302653
4019.921047  0.7252723
4020.543854  0.6999616
4021.166661  0.6800422
4021.789468  0.6708307
4022.412275  0.6730752
4023.035082  0.6869602
4023.657889  0.6786585
4024.280696  0.6372663
4024.903503  0.6129193
4025.52631  0.6395432
4026.149117  0.6917502
4026.771924  0.7154291
4027.394731  0.7348164
4028.017538  0.772736
4028.640345  0.8099941
4029.263152  0.7978716
4029.885959  0.6999933
4030.508766  0.563441
4031.131573  0.4968575
4031.75438  0.5079573
4032.377187  0.5250185
4032.999994  0.4995562
4033.622801  0.4829224
4034.245608  0.497085
4034.868415  0.5342545
4035.491222  0.5809683
4036.114029  0.6430345
4036.736836  0.7139671
4037.359643  0.7667573
4037.98245  0.7841304
4038.605257  0.7756914
4039.228064  0.7536948
4039.850871  0.7136778
4040.473678  0.6700079
4041.096485  0.6554474
4041.719292  0.6894278
4042.342099  0.7396638
4042.964906  0.7439858
4043.587713  0.6699585
4044.21052  0.5542201
4044.833327  0.4245439
4045.456134  0.3177004
4046.078941  0.293045
4046.701748  0.3862999
4047.324555  0.5389107
4047.947362  0.652594
4048.570169  0.6917102
4049.192976  0.6909902
4049.815783  0.7009505
4050.43859  0.7298928
4051.061397  0.745853
4051.684204  0.7310751
4052.307011  0.6979367
4052.929818  0.6815495
4053.552625  0.6734313
4054.175432  0.6402858
4054.798239  0.5879391
4055.421046  0.5784333
4056.043853  0.6096679
4056.66666  0.6098396
4057.289467  0.5634174
4057.912274  0.5157386
4058.535081  0.5136183
4059.157888  0.5586278
4059.780695  0.6276378
4060.403502  0.6890531
4061.026309  0.7202519
4061.649116  0.6957497
4062.271923  0.6045172
4062.89473  0.4704145
4063.517537  0.3587824
4064.140344  0.3562865
4064.763151  0.4698176
4065.385958  0.6023434
4066.008765  0.6439091
4066.631572  0.5979094
4067.254379  0.5563626
4067.877186  0.5787541
4068.499993  0.6507109
4069.1228  0.7274805
4069.745607  0.7648878
4070.368414  0.7211999
4070.991221  0.5970568
4071.614028  0.4678896
4072.236835  0.4650799
4072.859642  0.5792836
4073.482449  0.6991235
4074.105256  0.7397588
4074.728063  0.7108163
4075.35087  0.6449021
4075.973677  0.5596527
4076.596484  0.4735747
4077.219291  0.4204592
4077.842098  0.4313407
4078.464905  0.5025712
4079.087712  0.5803593
4079.710519  0.642801
4080.333326  0.7095689
4080.956133  0.7815606
4081.57894  0.8187447
4082.201747  0.7828619
4082.824554  0.712723
4083.447361  0.6696729
4084.070168  0.6661653
4084.692975  0.6716681
4085.315782  0.665919
4085.938589  0.6629339
4086.561396  0.6901824
4087.184203  0.7485508
4087.80701  0.8126983
4088.429817  0.8513432
4089.052624  0.8549659
4089.675431  0.8245623
4090.298238  0.7907652
4090.921045  0.7874894
4091.543852  0.7844081
4092.166659  0.7451834
4092.789466  0.7144148
4093.412273  0.7735953
4094.03508  0.8219201
4094.657887  0.7815161
4095.280694  0.6895018
4095.903501  0.6103039
4096.526308  0.5848606
4097.149115  0.6118168
4097.771922  0.6454754
4098.394729  0.6708751
4099.017536  0.687955
4099.640343  0.6804924
4100.26315  0.6185828
4100.885957  0.5349354
4101.508764  0.4944734
4102.131571  0.5286317
4102.754378  0.6040363
4103.377185  0.6596594
4103.999992  0.6604559
4104.622799  0.646844
4105.245606  0.6735938
4105.868413  0.7364778
4106.49122  0.7689896
4107.114027  0.7615733
4107.736834  0.7431037
4108.359641  0.7365575
4108.982448  0.716691
4109.605255  0.673783
4110.228062  0.6346309
4110.850869  0.6249959
4111.473676  0.6276855
4112.096483  0.6270641
4112.71929  0.6527765
4113.342097  0.7001921
4113.964904  0.73281
4114.587711  0.733893
4115.210518  0.735787
4115.833325  0.7381779
4116.456132  0.7342873
4117.078939  0.7385197
4117.701746  0.709797
4118.324553  0.6359926
4118.94736  0.5711325
4119.570167  0.5828232
4120.192974  0.644742
4120.815781  0.6856378
4121.438588  0.6838564
4122.061395  0.6645774
4122.684202  0.6444265
4123.307009  0.6231651
4123.929816  0.6439267
4124.552623  0.7028111
4125.17543  0.7425058
4125.798237  0.7303182
4126.421044  0.703395
4127.043851  0.6814793
4127.666658  0.646247
4128.289465  0.6356212
4128.912272  0.6405044
4129.535079  0.6253446
4130.157886  0.6191418
4130.780693  0.6218519
4131.4035  0.5958316
4132.026307  0.5238188
4132.649114  0.4973056
4133.271921  0.5253497
4133.894728  0.5307514
4134.517535  0.5334865
4135.140342  0.5923793
4135.763149  0.6934095
4136.385956  0.7295913
4137.008763  0.7005825
4137.63157  0.673236
4138.254377  0.6932784
4138.877184  0.7180955
4139.499991  0.720192
4140.122798  0.7129098
4140.745605  0.7121348
4141.368412  0.6813632
4141.991219  0.5928285
4142.614026  0.4732052
4143.236833  0.3771794
4143.85964  0.3587001
4144.482447  0.4320127
4145.105254  0.5409369
4145.728061  0.6174575
4146.350868  0.6417977
4146.973675  0.6462538
4147.596482  0.6547402
4148.219289  0.6590108
4148.842096  0.6324281
4149.464903  0.5754939
4150.08771  0.5441312
4150.710517  0.5628982
4151.333324  0.5737601
4151.956131  0.5646443
4152.578938  0.5676093
4153.201745  0.5919162
4153.824552  0.5842223
4154.447359  0.5696844
4155.070166  0.5804213
4155.692973  0.5743607
4156.31578  0.5470971
4156.938587  0.5368478
4157.561394  0.5823654
4158.184201  0.6464524
4158.807008  0.6929273
4159.429815  0.7143606
4160.052622  0.7025269
4160.675429  0.6711239
4161.298236  0.657392
4161.921043  0.6934509
4162.54385  0.7451034
4163.166657  0.7532595
4163.789464  0.7040746
4164.412271  0.6506642
4165.035078  0.6342742
4165.657885  0.64965
4166.280692  0.6461638
4166.903499  0.5945657
4167.526306  0.5527621
4168.149113  0.5878317
4168.77192  0.6423176
4169.394727  0.6742347
4170.017534  0.6897656
4170.640341  0.7088996
4171.263148  0.6796852
4171.885955  0.5864781
4172.508762  0.4889571
4173.131569  0.463064
4173.754376  0.5040543
4174.377183  0.5569506
4174.99999  0.585337
4175.622797  0.5992519
4176.245604  0.6037991
4176.868411  0.583849
4177.491218  0.5478209
4178.114025  0.5338744
4178.736832  0.5629103
4179.359639  0.5990719
4179.982446  0.6106532
4180.605253  0.5943055
4181.22806  0.5733644
4181.850867  0.5697873
4182.473674  0.5889218
4183.096481  0.6219653
4183.719288  0.6585255
4184.342095  0.7099724
4184.964902  0.7694477
4185.587709  0.7867754
4186.210516  0.7199736
4186.833323  0.6076866
4187.45613  0.5435374
4188.078937  0.5822945
4188.701744  0.6637872
4189.324551  0.7057055
4189.947358  0.7048852
4190.570165  0.6707454
4191.192972  0.6344607
4191.815779  0.6328731
4192.438586  0.679766
4193.061393  0.7332451
4193.6842  0.7409437
4194.307007  0.7052435
4194.929814  0.646109
4195.552621  0.5790356
4196.175428  0.5223461
4196.798235  0.5129914
4197.421042  0.5314848
4198.043849  0.5388252
4198.666656  0.5435371
4199.289463  0.5805978
4199.91227  0.634066
4200.535077  0.6390349
4201.157884  0.5863714
4201.780691  0.5260814
4202.403498  0.5204428
4203.026305  0.5880175
4203.649112  0.6501118
4204.271919  0.6488785
4204.894726  0.6300899
4205.517533  0.6551057
4206.14034  0.7103919
4206.763147  0.7446967
4207.385954  0.7751853
4208.008761  0.7952914
4208.631568  0.7860047
4209.254375  0.7455542
4209.877182  0.6943098
4210.499989  0.6682767
4211.122796  0.6914012
4211.745603  0.7246274
4212.36841  0.7332375
4212.991217  0.7107404
4213.614024  0.6655414
4214.236831  0.5992329
4214.859638  0.5141485
4215.482445  0.4488508
4216.105252  0.5164043
4216.728059  0.6855965
4217.350866  0.8298755
4217.973673  0.8940305
4218.59648  0.9017789
4219.219287  0.8909001
4219.842094  0.8874152
4220.464901  0.9162553
4221.087708  0.9413254
4221.710515  0.9085343
4222.333322  0.8213558
4222.956129  0.7362196
4223.578936  0.6869817
4224.201743  0.6470693
4224.82455  0.5831006
4225.447357  0.4712945
4226.070164  0.3266
4226.692971  0.2350048
4227.315778  0.2863852
4227.938585  0.4789651
4228.561392  0.6887684
4229.184199  0.7910345
4229.807006  0.8065201
4230.429813  0.8437035
4231.05262  0.897627
4231.675427  0.8973489
4232.298234  0.8097189
4232.921041  0.7112499
4233.543848  0.6911281
4234.166655  0.7454702
4234.789462  0.7740716
4235.412269  0.715911
4236.035076  0.6416598
4236.657883  0.6425946
4237.28069  0.6905195
4237.903497  0.726954
4238.526304  0.7309231
4239.149111  0.7227819
4239.771918  0.7165679
4240.394725  0.7486057
4241.017532  0.8243039
4241.640339  0.8625553
4242.263146  0.8273144
4242.885953  0.7805313
4243.50876  0.8261276
4244.131567  0.9229678
4244.754374  0.9789796
4245.377181  0.9546815
4245.999988  0.9016184
4246.622795  0.841057
4247.245602  0.7798604
4247.868409  0.7351603
4248.491216  0.7252733
4249.114023  0.7175677
4249.73683  0.658103
4250.359637  0.5980017
4250.982444  0.6128553
4251.605251  0.7044607
4252.228058  0.7837619
4252.850865  0.7992873
4253.473672  0.7397869
4254.096479  0.6440558
4254.719286  0.6065954
4255.342093  0.6398833
4255.9649  0.7158229
4256.587707  0.8405722
4257.210514  0.9075132
4257.833321  0.8525329
4258.456128  0.7491518
4259.078935  0.6818028
4259.701742  0.6316005
4260.324549  0.5668646
4260.947356  0.5615525
4261.570163  0.6369606
4262.19297  0.7609904
4262.815777  0.8791089
4263.438584  0.9275128
4264.061391  0.9125249
4264.684198  0.9058022
4265.307005  0.9443324
4265.929812  0.9796418
4266.552619  0.9533179
4267.175426  0.872779
4267.798233  0.8038933
4268.42104  0.7772387
4269.043847  0.7691802
4269.666654  0.737188
4270.289461  0.6538111
4270.912268  0.5269685
4271.535075  0.4195985
4272.157882  0.4419984
4272.780689  0.5654786
4273.403496  0.639477
4274.026303  0.6101694
4274.64911  0.5601647
4275.271917  0.5962835
4275.894724  0.7040102
4276.517531  0.7973586
4277.140338  0.8507513
4277.763145  0.9034377
4278.385952  0.9369162
4279.008759  0.893737
4279.631566  0.7643623
4280.254373  0.6659021
4280.87718  0.6803485
4281.499987  0.7590705
4282.122794  0.7752269
4282.745601  0.7878193
4283.368408  0.8263027
4283.991215  0.8292508
4284.614022  0.7665657
4285.236829  0.6928669
4285.859636  0.6711711
4286.482443  0.7069458
4287.10525  0.7669089
4287.728057  0.7967183
4288.350864  0.7503172
4288.973671  0.6295674
4289.596478  0.5366114
4290.219285  0.542616
4290.842092  0.5888187
4291.464899  0.6435579
4292.087706  0.7186939
4292.710513  0.809752
4293.33332  0.8108054
4293.956127  0.7336723
4294.578934  0.6838675
4295.201741  0.7141114
4295.824548  0.7440394
4296.447355  0.7140799
4297.070162  0.667407
4297.692969  0.6410619
4298.315776  0.5917441
4298.938583  0.4853477
4299.56139  0.40509
4300.184197  0.4139354
4300.807004  0.4939411
4301.429811  0.5565729
4302.052618  0.5440555
4302.675425  0.5033541
4303.298232  0.5114135
4303.921039  0.545746
4304.543846  0.549268
4305.166653  0.5152841
4305.78946  0.4997711
4306.412267  0.4946063
4307.035074  0.4574385
4307.657881  0.382689
4308.280688  0.356506
4308.903495  0.3844884
4309.526302  0.4250395
4310.149109  0.466915
4310.771916  0.5091316
4311.394723  0.545682
4312.01753  0.5752949
4312.640337  0.6378759
4313.263144  0.7027652
4313.885951  0.7174274
4314.508758  0.7176775
4315.131565  0.8230389
4315.754372  1.014916
4316.377179  1.123791
4316.999986  1.143006
4317.622793  1.115069
4318.2456  1.075484
4318.868407  1.065321
4319.491214  1.058832
4320.114021  1.017973
4320.736828  0.9521383
4321.359635  0.9506006
4321.982442  0.9701822
4322.605249  0.8902766
4323.228056  0.7449061
4323.850863  0.6252731
4324.47367  0.5488996
4325.096477  0.4574344
4325.719284  0.4345816
4326.342091  0.5393028
4326.964898  0.7309324
4327.587705  0.9175471
4328.210512  1.040889
4328.833319  1.077848
4329.456126  1.030009
4330.078933  0.951022
4330.70174  0.9134901
4331.324547  0.9493041
4331.947354  0.9994284
4332.570161  1.0153
4333.192968  0.9987571
4333.815775  1.002817
4334.438582  1.050357
4335.061389  1.119346
4335.684196  1.15458
4336.307003  1.06155
4336.92981  0.8788199
4337.552617  0.7464108
4338.175424  0.7297353
4338.798231  0.7428837
4339.421038  0.7022502
4340.043845  0.6405294
4340.666652  0.6438073
4341.289459  0.753071
4341.912266  0.9138442
4342.535073  0.989912
4343.15788  0.9505576
4343.780687  0.8926982
4344.403494  0.9364977
4345.026301  1.032598
4345.649108  1.070188
4346.271915  1.00943
4346.894722  0.9409966
4347.517529  0.9386134
4348.140336  1.018443
4348.763143  1.130046
4349.38595  1.171967
4350.008757  1.083255
4350.631564  0.8912252
4351.254371  0.7148218
4351.877178  0.6532946
4352.499985  0.7178813
4353.122792  0.8436328
4353.745599  0.9263883
4354.368406  0.9272849
4354.991213  0.91026
4355.61402  0.9288723
4356.236827  0.9925476
4356.859634  1.060853
4357.482441  1.04814
4358.105248  0.9489036
4358.728055  0.845128
4359.350862  0.8254846
4359.973669  0.8861847
4360.596476  0.9855132
4361.219283  1.069404
4361.84209  1.084125
4362.464897  1.035164
4363.087704  0.9865726
4363.710511  1.017997
4364.333318  1.113892
4364.956125  1.184601
4365.578932  1.154436
4366.201739  1.058299
4366.824546  0.940605
4367.447353  0.8580576
4368.07016  0.8721771
4368.692967  0.9375989
4369.315774  0.9782782
4369.938581  0.9644192
4370.561388  0.9471859
4371.184195  0.9614717
4371.807002  0.9862562
4372.429809  0.9605553
4373.052616  0.8912067
4373.675423  0.8111606
4374.29823  0.7392446
4374.921037  0.69895
4375.543844  0.7317754
4376.166651  0.8413284
4376.789458  0.9459981
4377.412265  1.01544
4378.035072  1.047383
4378.657879  1.035772
4379.280686  0.9945197
4379.903493  0.952388
4380.5263  0.933965
4381.149107  0.9328035
4381.771914  0.8548529
4382.394721  0.6613004
4383.017528  0.4499354
4383.640335  0.3461874
4384.263142  0.3926852
4384.885949  0.5443229
4385.508756  0.7447926
4386.131563  0.8839915
4386.75437  0.9045761
4387.377177  0.8759891
4387.999984  0.861036
4388.622791  0.8585711
4389.245598  0.8278332
4389.868405  0.7871019
4390.491212  0.7713112
4391.114019  0.8003951
4391.736826  0.8643284
4392.359633  0.9159217
4392.98244  0.9249952
4393.605247  0.9013985
4394.228054  0.8537313
4394.850861  0.819694
4395.473668  0.8525317
4396.096475  0.971374
4396.719282  1.078848
4397.342089  1.097635
4397.964896  1.056479
4398.587703  1.002527
4399.21051  0.9374179
4399.833317  0.8494307
4400.456124  0.7940366
4401.078931  0.8526599
4401.701738  1.002904
4402.324545  1.087451
4402.947352  1.008161
4403.570159  0.7966159
4404.192966  0.5867705
4404.815773  0.540538
4405.43858  0.6616693
4406.061387  0.8179893
4406.684194  0.8743374
4407.307001  0.8238498
4407.929808  0.7513482
4408.552615  0.7557014
4409.175422  0.8662329
4409.798229  0.9987619
4410.421036  1.058539
4411.043843  1.068717
4411.66665  1.080759
4412.289457  1.114061
4412.912264  1.134392
4413.535071  1.054978
4414.157878  0.8824224
4414.780685  0.7304523
4415.403492  0.7422287
4416.026299  0.8472147
4416.649106  0.92558
4417.271913  0.9639185
4417.89472  1.006721
4418.517527  1.066919
4419.140334  1.113562
4419.763141  1.119828
4420.385948  1.085554
4421.008755  1.018716
4421.631562  0.9292287
4422.254369  0.8690278
4422.877176  0.876718
4423.499983  0.9417878
4424.12279  1.007293
4424.745597  1.023592
4425.368404  0.9966354
4425.991211  0.9919015
4426.614018  0.9851261
4427.236825  0.9825859
4427.859632  1.029831
4428.482439  1.064795
4429.105246  1.010084
4429.728053  0.8810641
4430.35086  0.8466545
4430.973667  0.9317848
4431.596474  1.041578
4432.219281  1.073002
4432.842088  1.02463
4433.464895  0.9381687
4434.087702  0.8595931
4434.710509  0.7958022
4435.333316  0.7864333
4435.956123  0.8558137
4436.57893  0.9663948
4437.201737  1.050483
4437.824544  1.103644
4438.447351  1.158731
4439.070158  1.183964
4439.692965  1.143638
4440.315772  1.045944
4440.938579  0.9579696
4441.561386  0.8970144
4442.184193  0.8661732
4442.807  0.8683479
4443.429807  0.8948716
4444.052614  0.960549
4444.675421  1.066746
4445.298228  1.162745
4445.921035  1.175468
4446.543842  1.109111
4447.166649  1.059375
4447.789456  1.10202
4448.412263  1.164815
4449.03507  1.134876
4449.657877  1.055191
4450.280684  1.01732
4450.903491  1.053092
4451.526298  1.099233
4452.149105  1.097039
4452.771912  1.057747
4453.394719  1.021642
4454.017526  0.9440266
4454.640333  0.8618845
4455.26314  0.8409093
4455.885947  0.8901809
4456.508754  0.9455856
4457.131561  0.9623454
4457.754368  0.9424607
4458.377175  0.8976445
4458.999982  0.8700871
4459.622789  0.8825099
4460.245596  0.8915856
4460.868403  0.8373333
4461.49121  0.7591259
4462.114017  0.7779517
4462.736824  0.9081702
4463.359631  1.04304
4463.982438  1.069804
4464.605245  1.030696
4465.228052  1.001748
4465.850859  1.006156
4466.473666  1.010648
4467.096473  1.034803
4467.71928  1.0448
4468.342087  0.994852
4468.964894  0.9433935
4469.587701  0.9440028
4470.210508  0.9897621
4470.833315  1.019132
4471.456122  1.039001
4472.078929  1.066932
4472.701736  1.112843
4473.324543  1.17086
4473.94735  1.190498
4474.570157  1.156188
4475.192964  1.133436
4475.815771  1.163829
4476.438578  1.230776
4477.061385  1.277983
4477.684192  1.287784
4478.306999  1.245762
4478.929806  1.150707
4479.552613  1.035917
4480.17542  0.9691228
4480.798227  0.9573261
4481.421034  0.9390965
4482.043841  0.9455168
4482.666648  1.009836
4483.289455  1.109163
4483.912262  1.177737
4484.535069  1.215878
4485.157876  1.245213
4485.780683  1.263125
4486.40349  1.255757
4487.026297  1.208081
4487.649104  1.132442
4488.271911  0.8750866
4488.894718  0.5437383
4489.517525  0.245136
4490.140332  0.2410901
4490.763139  0.2525171
4491.385946  0.2698415
4492.008753  0.2867925
4492.63156  0.2972904
4493.254367  0.2945762
4493.877174  0.2703086
4494.499981  0.2411008
4495.122788  0.2315669
4495.745595  0.2329215
4496.368402  0.2387337
4496.991209  0.2496413
4497.614016  0.270818
4498.236823  0.2881587
4498.85963  0.2953903
4499.482437  0.3028158
4500.105244  0.3065662
4500.728051  0.2973806
4501.350858  0.2744762
4501.973665  0.2627635
4502.596472  0.2765772
4503.219279  0.3085767
4503.842086  0.3318936
4504.464893  0.3402923
4505.0877  0.3389438
4505.710507  0.3340037
4506.333314  0.3248024
4506.956121  0.3136733
4507.578928  0.3059151
4508.201735  0.3038853
4508.824542  0.2977223
