3820.  0.6880985
3820.622807  0.6047462
3821.245614  0.6467618
3821.868421  0.7604309
3822.491228  0.8498895
3823.114035  0.8601961
3823.736842  0.7863119
3824.359649  0.6957077
3824.982456  0.6461518
3825.605263  0.6165507
3826.22807  0.6190044
3826.850877  0.6462872
3827.473684  0.6491818
3828.096491  0.6354824
3828.719298  0.6160298
3829.342105  0.6050141
3829.964912  0.6375821
3830.587719  0.6780455
3831.210526  0.6573502
3831.833333  0.5604553
3832.45614  0.4827653
3833.078947  0.4700337
3833.701754  0.4790311
3834.324561  0.4624814
3834.947368  0.430539
3835.570175  0.4281338
3836.192982  0.4760976
3836.815789  0.5275469
3837.438596  0.5268899
3838.061403  0.4800581
3838.68421  0.4761643
3839.307017  0.5308672
3839.929824  0.5786753
3840.552631  0.5821052
3841.175438  0.6151986
3841.798245  0.7068627
3842.421052  0.7789009
3843.043859  0.7885774
3843.666666  0.7889601
3844.289473  0.8163966
3844.91228  0.8226364
3845.535087  0.805147
3846.157894  0.7960424
3846.780701  0.8206673
3847.403508  0.8732792
3848.026315  0.9186509
3848.649122  0.9166873
3849.271929  0.8585732
3849.894736  0.8001225
3850.517543  0.7983565
3851.14035  0.8533173
3851.763157  0.9047176
3852.385964  0.917075
3853.008771  0.9048047
3853.631578  0.8918726
3854.254385  0.8907506
3854.877192  0.876274
3855.499999  0.8224744
3856.122806  0.7789082
3856.745613  0.7989665
3857.36842  0.8582289
3857.991227  0.8543855
3858.614034  0.7724705
3859.236841  0.6832644
3859.859648  0.645285
3860.482455  0.6915876
3861.105262  0.7918277
3861.728069  0.8706289
3862.350876  0.9190207
3862.973683  0.9345315
3863.59649  0.925692
3864.219297  0.9184761
3864.842104  0.8989683
3865.464911  0.8757837
3866.087718  0.8790407
3866.710525  0.8932793
3867.333332  0.9003277
3867.956139  0.9058684
3868.578946  0.9179205
3869.201753  0.9131389
3869.82456  0.8911963
3870.447367  0.8651259
3871.070174  0.8168935
3871.692981  0.7492966
3872.315788  0.6910863
3872.938595  0.6822324
3873.561402  0.7317722
3874.184209  0.8047942
3874.807016  0.8643604
3875.429823  0.8882226
3876.05263  0.8867117
3876.675437  0.8684334
3877.298244  0.8001353
3877.921051  0.7018969
3878.543858  0.656823
3879.166665  0.7330882
3879.789472  0.8395967
3880.412279  0.8811542
3881.035086  0.8634544
3881.657893  0.8114023
3882.2807  0.7591773
3882.903507  0.7383712
3883.526314  0.7520281
3884.149121  0.7673133
3884.771928  0.7471691
3885.394735  0.6824703
3886.017542  0.6108138
3886.640349  0.5802492
3887.263156  0.5803027
3887.885963  0.5548347
3888.50877  0.4870618
3889.131577  0.4383271
3889.754384  0.4886061
3890.377191  0.5841674
3890.999998  0.6624848
3891.622805  0.715301
3892.245612  0.7369552
3892.868419  0.7312174
3893.491226  0.7217664
3894.114033  0.7314731
3894.73684  0.7370691
3895.359647  0.7365847
3895.982454  0.7631263
3896.605261  0.8156595
3897.228068  0.8354509
3897.850875  0.8018421
3898.473682  0.7873562
3899.096489  0.7889483
3899.719296  0.7870364
3900.342103  0.8053936
3900.96491  0.8463132
3901.587717  0.8655534
3902.210524  0.8330241
3902.833331  0.7795429
3903.456138  0.7705884
3904.078945  0.8011123
3904.701752  0.7864828
3905.324559  0.7236716
3905.947366  0.6926023
3906.570173  0.743356
3907.19298  0.8133067
3907.815787  0.8591088
3908.438594  0.8787282
3909.061401  0.8828924
3909.684208  0.8695462
3910.307015  0.8552226
3910.929822  0.8721989
3911.552629  0.9135588
3912.175436  0.9378425
3912.798243  0.9126397
3913.42105  0.8598486
3914.043857  0.8378662
3914.666664  0.8582392
3915.289471  0.8738784
3915.912278  0.85899
3916.535085  0.8426712
3917.157892  0.8483533
3917.780699  0.8459708
3918.403506  0.8259568
3919.026313  0.8079076
3919.64912  0.8035951
3920.271927  0.7771843
3920.894734  0.7497782
3921.517541  0.7662506
3922.140348  0.7911922
3922.763155  0.8035499
3923.385962  0.8163289
3924.008769  0.8384179
3924.631576  0.8283864
3925.254383  0.7790958
3925.87719  0.7347406
3926.499997  0.720022
3927.122804  0.6827172
3927.745611  0.6016795
3928.368418  0.536163
3928.991225  0.4954376
3929.614032  0.4510354
3930.236839  0.3895334
3930.859646  0.3306986
3931.482453  0.278726
3932.10526  0.2275115
3932.728067  0.1773206
3933.350874  0.1424716
3933.973681  0.139385
3934.596488  0.1678444
3935.219295  0.2103222
3935.842102  0.2675754
3936.464909  0.3393086
3937.087716  0.4073953
3937.710523  0.4672301
3938.33333  0.5300242
3938.956137  0.6057181
3939.578944  0.672684
3940.201751  0.705878
3940.824558  0.7090421
3941.447365  0.7154281
3942.070172  0.7351668
3942.692979  0.7399922
3943.315786  0.7086729
3943.938593  0.6777981
3944.5614  0.6946704
3945.184207  0.7672161
3945.807014  0.8409746
3946.429821  0.8677061
3947.052628  0.8424193
3947.675435  0.7969525
3948.298242  0.7765593
3948.921049  0.7961335
3949.543856  0.8357515
3950.166663  0.8662095
3950.78947  0.8810964
3951.412277  0.8696703
3952.035084  0.8211867
3952.657891  0.7793711
3953.280698  0.7963306
3953.903505  0.8664675
3954.526312  0.9066821
3955.149119  0.8829488
3955.771926  0.8201019
3956.394733  0.7685136
3957.01754  0.7720331
3957.640347  0.8142501
3958.263154  0.8532825
3958.885961  0.8806821
3959.508768  0.8842438
3960.131575  0.8431656
3960.754382  0.7583197
3961.377189  0.6757591
3961.999996  0.6358072
3962.622803  0.6377779
3963.24561  0.6368252
3963.868417  0.6174014
3964.491224  0.5843973
3965.114031  0.5267989
3965.736838  0.4443556
3966.359645  0.3534262
3966.982452  0.2729035
3967.605259  0.2057641
3968.228066  0.1634935
3968.850873  0.1604468
3969.47368  0.193438
3970.096487  0.2538036
3970.719294  0.3279044
3971.342101  0.4043746
3971.964908  0.475265
3972.587715  0.5329272
3973.210522  0.5754766
3973.833329  0.6072953
3974.456136  0.6543061
3975.078943  0.7140639
3975.70175  0.7484152
3976.324557  0.7562187
3976.947364  0.7653021
3977.570171  0.7968988
3978.192978  0.835409
3978.815785  0.8695778
3979.438592  0.8996602
3980.061399  0.9232024
3980.684206  0.9229518
3981.307013  0.8965343
3981.92982  0.8671228
3982.552627  0.8630779
3983.175434  0.8710314
3983.798241  0.8733705
3984.421048  0.8859554
3985.043855  0.9045121
3985.666662  0.9045182
3986.289469  0.8737188
3986.912276  0.8653458
3987.535083  0.9038666
3988.15789  0.9529076
3988.780697  0.9614953
3989.403504  0.9345275
3990.026311  0.9166015
3990.649118  0.9307427
3991.271925  0.958245
3991.894732  0.9828905
3992.517539  0.9960185
3993.140346  0.9938501
3993.763153  0.9769842
3994.38596  0.9538031
3995.008767  0.9399548
3995.631574  0.9356804
3996.254381  0.9254547
3996.877188  0.8933169
3997.499995  0.8608852
3998.122802  0.8686901
3998.745609  0.9202664
3999.368416  0.9740953
3999.991223  0.9967052
4000.61403  0.9845778
4001.236837  0.9684491
4001.859644  0.9752248
4002.482451  1.004105
4003.105258  1.026495
4003.728065  1.009001
4004.350872  0.9340308
4004.973679  0.84601
4005.596486  0.8167602
4006.219293  0.8464836
4006.8421  0.9046489
4007.464907  0.9613803
4008.087714  0.9949778
4008.710521  0.9959442
4009.333328  0.9827341
4009.956135  0.9826289
4010.578942  0.9961504
4011.201749  1.003199
4011.824556  0.9942272
4012.447363  0.9918303
4013.07017  0.9897084
4013.692977  0.9743983
4014.315784  0.967919
4014.938591  0.9860077
4015.561398  1.010869
4016.184205  1.003644
4016.807012  0.9599227
4017.429819  0.927309
4018.052626  0.9450857
4018.675433  0.9982603
4019.29824  1.030208
4019.921047  1.02412
4020.543854  1.012092
4021.166661  1.000081
4021.789468  0.9966515
4022.412275  1.006734
4023.035082  1.012938
4023.657889  0.9934989
4024.280696  0.9579724
4024.903503  0.9454824
4025.52631  0.9743636
4026.149117  1.017752
4026.771924  1.04023
4027.394731  1.041967
4028.017538  1.033788
4028.640345  1.02067
4029.263152  0.9955105
4029.885959  0.9340987
4030.508766  0.8767461
4031.131573  0.8788325
4031.75438  0.8986095
4032.377187  0.897514
4032.999994  0.8864296
4033.622801  0.9047256
4034.245608  0.9243594
4034.868415  0.9303373
4035.491222  0.9497184
4036.114029  0.9837541
4036.736836  1.023806
4037.359643  1.052394
4037.98245  1.061504
4038.605257  1.058846
4039.228064  1.044524
4039.850871  1.012385
4040.473678  0.9706062
4041.096485  0.9562184
4041.719292  0.9879524
4042.342099  1.03381
4042.964906  1.039383
4043.587713  0.9929012
4044.21052  0.9245257
4044.833327  0.8263403
4045.456134  0.7471583
4046.078941  0.7610587
4046.701748  0.8796256
4047.324555  0.9944193
4047.947362  1.023001
4048.570169  1.006835
4049.192976  1.000412
4049.815783  1.016592
4050.43859  1.033165
4051.061397  1.030946
4051.684204  1.005495
4052.307011  0.9743186
4052.929818  0.9650604
4053.552625  0.9631994
4054.175432  0.9456784
4054.798239  0.9212749
4055.421046  0.9313847
4056.043853  0.9607445
4056.66666  0.9611983
4057.289467  0.9213641
4057.912274  0.8919445
4058.535081  0.9064348
4059.157888  0.9474401
4059.780695  0.9911174
4060.403502  1.021493
4061.026309  1.029006
4061.649116  1.005623
4062.271923  0.9427889
4062.89473  0.8568044
4063.517537  0.8045287
4064.140344  0.8435754
4064.763151  0.9313622
4065.385958  0.9776037
4066.008765  0.9566453
4066.631572  0.9133663
4067.254379  0.9055632
4067.877186  0.9452518
4068.499993  0.999984
4069.1228  1.034684
4069.745607  1.032606
4070.368414  0.9877519
4070.991221  0.9052119
4071.614028  0.8420004
4072.236835  0.8783879
4072.859642  0.9551339
4073.482449  0.996496
4074.105256  0.9903119
4074.728063  0.9754145
4075.35087  0.956854
4075.973677  0.9191982
4076.596484  0.8676311
4077.219291  0.8300681
4077.842098  0.8305028
4078.464905  0.8640178
4079.087712  0.8945106
4079.710519  0.9247022
4080.333326  0.9652098
4080.956133  0.999217
4081.57894  1.010166
4082.201747  0.9921725
4082.824554  0.9577208
4083.447361  0.924046
4084.070168  0.8997548
4084.692975  0.8916855
4085.315782  0.909026
4085.938589  0.9414712
4086.561396  0.9729168
4087.184203  0.9986467
4087.80701  1.013228
4088.429817  1.016931
4089.052624  1.013012
4089.675431  1.001792
4090.298238  0.991373
4090.921045  0.982806
4091.543852  0.9598201
4092.166659  0.937432
4092.789466  0.9402384
4093.412273  0.9668002
4094.03508  0.9720145
4094.657887  0.9462857
4095.280694  0.9110485
4095.903501  0.8852078
4096.526308  0.8757356
4097.149115  0.8705274
4097.771922  0.8492147
4098.394729  0.8267128
4099.017536  0.8091144
4099.640343  0.7759101
4100.26315  0.6919858
4100.885957  0.5795388
4101.508764  0.4983625
4102.131571  0.5063483
4102.754378  0.5924777
4103.377185  0.6969005
4103.999992  0.7683518
4104.622799  0.8193843
4105.245606  0.8559034
4105.868413  0.8784245
4106.49122  0.8904193
4107.114027  0.8977495
4107.736834  0.9050742
4108.359641  0.9101648
4108.982448  0.9103208
4109.605255  0.9092
4110.228062  0.9136055
4110.850869  0.930387
4111.473676  0.9421185
4112.096483  0.9462709
4112.71929  0.9609333
4113.342097  0.9791135
4113.964904  0.9852636
4114.587711  0.9793884
4115.210518  0.994521
4115.833325  1.019398
4116.456132  1.035244
4117.078939  1.035763
4117.701746  0.9963097
4118.324553  0.938678
4118.94736  0.913246
4119.570167  0.9405779
4120.192974  0.972501
4120.815781  0.971925
4121.438588  0.9580975
4122.061395  0.9513321
4122.684202  0.9566278
4123.307009  0.9690687
4123.929816  0.9926336
4124.552623  1.010148
4125.17543  1.00602
4125.798237  0.9872844
4126.421044  0.9717831
4127.043851  0.9600412
4127.666658  0.942668
4128.289465  0.9450347
4128.912272  0.9646745
4129.535079  0.9840642
4130.157886  1.005396
4130.780693  0.9985608
4131.4035  0.9518915
4132.026307  0.8973778
4132.649114  0.8921769
4133.271921  0.9152154
4133.894728  0.9193532
4134.517535  0.9335235
4135.140342  0.9791022
4135.763149  1.028597
4136.385956  1.02461
4137.008763  1.009392
4137.63157  1.017068
4138.254377  1.04094
4138.877184  1.055804
4139.499991  1.055463
4140.122798  1.048633
4140.745605  1.045395
4141.368412  1.034827
4141.991219  1.002756
4142.614026  0.9468824
4143.236833  0.8843625
4143.85964  0.874572
4144.482447  0.9383422
4145.105254  1.002734
4145.728061  1.028538
4146.350868  1.025234
4146.973675  1.026547
4147.596482  1.024008
4148.219289  1.015873
4148.842096  1.003057
4149.464903  0.9786423
4150.08771  0.984334
4150.710517  1.017217
4151.333324  1.01566
4151.956131  1.003205
4152.578938  0.996665
4153.201745  0.9830927
4153.824552  0.9354627
4154.447359  0.9153273
4155.070166  0.950895
4155.692973  0.972216
4156.31578  0.9614808
4156.938587  0.9471676
4157.561394  0.9626039
4158.184201  0.9805771
4158.807008  0.9947012
4159.429815  1.009199
4160.052622  1.018225
4160.675429  1.011404
4161.298236  1.004921
4161.921043  1.02627
4162.54385  1.044909
4163.166657  1.042647
4163.789464  1.030688
4164.412271  1.037435
4165.035078  1.052342
4165.657885  1.053055
4166.280692  1.028538
4166.903499  0.979338
4167.526306  0.9521595
4168.149113  0.9818171
4168.77192  1.014934
4169.394727  1.031844
4170.017534  1.026641
4170.640341  0.9940695
4171.263148  0.9385985
4171.885955  0.8827602
4172.508762  0.8524656
4173.131569  0.8545475
4173.754376  0.8845796
4174.377183  0.9244573
4174.99999  0.9480247
4175.622797  0.9627585
4176.245604  0.9681806
4176.868411  0.9551632
4177.491218  0.9381526
4178.114025  0.9336576
4178.736832  0.9520518
4179.359639  0.989765
4179.982446  1.025629
4180.605253  1.026451
4181.22806  0.9763523
4181.850867  0.9381776
4182.473674  0.9379286
4183.096481  0.9566555
4183.719288  0.9620675
4184.342095  0.9670703
4184.964902  0.9873389
4185.587709  1.007622
4186.210516  0.9791166
4186.833323  0.9165377
4187.45613  0.8789373
4188.078937  0.8991327
4188.701744  0.949172
4189.324551  0.9934645
4189.947358  1.024829
4190.570165  1.008017
4191.192972  0.9677451
4191.815779  0.9652634
4192.438586  1.006493
4193.061393  1.054862
4193.6842  1.06785
4194.307007  1.0352
4194.929814  0.9814503
4195.552621  0.9492808
4196.175428  0.9632638
4196.798235  0.9833198
4197.421042  0.9565172
4198.043849  0.8849205
4198.666656  0.8592307
4199.289463  0.8999264
4199.91227  0.9591304
4200.535077  0.9676496
4201.157884  0.9359466
4201.780691  0.9104168
4202.403498  0.9235713
4203.026305  0.9525356
4203.649112  0.9682313
4204.271919  0.9660217
4204.894726  0.9694315
4205.517533  0.9810051
4206.14034  0.9860084
4206.763147  0.9783792
4207.385954  0.9934449
4208.008761  1.015634
4208.631568  1.018966
4209.254375  1.005775
4209.877182  0.9833647
4210.499989  0.9769597
4211.122796  1.00315
4211.745603  1.027761
4212.36841  1.035909
4212.991217  1.032646
4213.614024  1.029447
4214.236831  1.018146
4214.859638  0.9812115
4215.482445  0.9215158
4216.105252  0.9111663
4216.728059  0.943805
4217.350866  0.9713253
4217.973673  0.9858108
4218.59648  0.9821077
4219.219287  0.9739859
4219.842094  0.9867874
4220.464901  1.01504
4221.087708  1.02945
4221.710515  1.011479
4222.333322  0.9951121
4222.956129  0.9757998
4223.578936  0.9468869
4224.201743  0.919165
4224.82455  0.8917132
4225.447357  0.8353194
4226.070164  0.7360742
4226.692971  0.6756114
4227.315778  0.7280696
4227.938585  0.8708776
4228.561392  0.9710193
4229.184199  1.001173
4229.807006  0.9967004
4230.429813  1.004331
4231.05262  1.017404
4231.675427  1.017516
4232.298234  0.9874617
4232.921041  0.9309223
4233.543848  0.9247801
4234.166655  0.9695833
4234.789462  0.9761584
4235.412269  0.928047
4236.035076  0.8841472
4236.657883  0.8984858
4237.28069  0.9293969
4237.903497  0.9457638
4238.526304  0.9375812
4239.149111  0.9207103
4239.771918  0.9187254
4240.394725  0.9483666
4241.017532  0.9956205
4241.640339  0.9989706
4242.263146  0.9613007
4242.885953  0.9324927
4243.50876  0.9592235
4244.131567  0.9948353
4244.754374  1.003436
4245.377181  0.9886224
4245.999988  0.9616486
4246.622795  0.9255205
4247.245602  0.8948664
4247.868409  0.9024223
4248.491216  0.9247506
4249.114023  0.9242901
4249.73683  0.8892179
4250.359637  0.872505
4250.982444  0.9093184
4251.605251  0.9823732
4252.228058  1.021271
4252.850865  1.012993
4253.473672  0.9733423
4254.096479  0.9277988
4254.719286  0.9102028
4255.342093  0.9278517
4255.9649  0.9690853
4256.587707  1.015329
4257.210514  1.025477
4257.833321  0.9914146
4258.456128  0.9498376
4259.078935  0.915087
4259.701742  0.8748069
4260.324549  0.8326449
4260.947356  0.8516117
4261.570163  0.909972
4262.19297  0.9653409
4262.815777  1.007041
4263.438584  1.013775
4264.061391  0.9981564
4264.684198  0.9947137
4265.307005  1.010724
4265.929812  1.019197
4266.552619  0.9958006
4267.175426  0.9518411
4267.798233  0.9333615
4268.42104  0.9480946
4269.043847  0.961037
4269.666654  0.9586585
4270.289461  0.9122379
4270.912268  0.8267117
4271.535075  0.780456
4272.157882  0.81768
4272.780689  0.892661
4273.403496  0.9093085
4274.026303  0.8837929
4274.64911  0.8638527
4275.271917  0.8857344
4275.894724  0.9422104
4276.517531  0.9892993
4277.140338  1.004514
4277.763145  1.008112
4278.385952  1.000625
4279.008759  0.9731716
4279.631566  0.9293429
4280.254373  0.9110911
4280.87718  0.9258462
4281.499987  0.9441628
4282.122794  0.9298775
4282.745601  0.9283776
4283.368408  0.9531964
4283.991215  0.9681391
4284.614022  0.9450844
4285.236829  0.9023049
4285.859636  0.8769903
4286.482443  0.8837552
4287.10525  0.903019
4287.728057  0.9073171
4288.350864  0.8805321
4288.973671  0.8236756
4289.596478  0.7780473
4290.219285  0.7798459
4290.842092  0.8135148
4291.464899  0.8653113
4292.087706  0.915969
4292.710513  0.9434366
4293.33332  0.9302267
4293.956127  0.8961178
4294.578934  0.878821
4295.201741  0.8955376
4295.824548  0.900077
4296.447355  0.8689854
4297.070162  0.8388556
4297.692969  0.8210829
4298.315776  0.7868406
4298.938583  0.7169921
4299.56139  0.6796738
4300.184197  0.6932465
4300.807004  0.730332
4301.429811  0.7468486
4302.052618  0.7281873
4302.675425  0.7115462
4303.298232  0.7406613
4303.921039  0.775721
4304.543846  0.7867706
4305.166653  0.7780121
4305.78946  0.7813324
4306.412267  0.7776971
4307.035074  0.7394282
4307.657881  0.672179
4308.280688  0.6536615
4308.903495  0.6831832
4309.526302  0.7179492
4310.149109  0.7497038
4310.771916  0.7704595
4311.394723  0.7808632
4312.01753  0.7922483
4312.640337  0.8184257
4313.263144  0.8445682
4313.885951  0.8512907
4314.508758  0.8558646
4315.131565  0.8993244
4315.754372  0.9782678
4316.377179  1.030462
4316.999986  1.043124
4317.622793  1.029651
4318.2456  1.013819
4318.868407  1.013205
4319.491214  1.01175
4320.114021  0.9910814
4320.736828  0.9611495
4321.359635  0.9661989
4321.982442  0.9784581
4322.605249  0.9333559
4323.228056  0.8660205
4323.850863  0.8215371
4324.47367  0.8023645
4325.096477  0.7592081
4325.719284  0.757731
4326.342091  0.8223208
4326.964898  0.8993519
4327.587705  0.9562336
4328.210512  0.9867377
4328.833319  0.9964179
4329.456126  0.9829544
4330.078933  0.9613643
4330.70174  0.949374
4331.324547  0.9535921
4331.947354  0.9629973
4332.570161  0.9669285
4333.192968  0.9618309
4333.815775  0.9588411
4334.438582  0.9550223
4335.061389  0.9448445
4335.684196  0.9260141
4336.307003  0.875027
4336.92981  0.8024026
4337.552617  0.742811
4338.175424  0.7174461
4338.798231  0.6765317
4339.421038  0.5864372
4340.043845  0.4961328
4340.666652  0.496925
4341.289459  0.5963675
4341.912266  0.7162475
4342.535073  0.7889913
4343.15788  0.8079086
4343.780687  0.8117613
4344.403494  0.8399608
4345.026301  0.885127
4345.649108  0.9225011
4346.271915  0.9328104
4346.894722  0.9297413
4347.517529  0.9344403
4348.140336  0.9551949
4348.763143  0.9808111
4349.38595  0.9941428
4350.008757  0.9730754
4350.631564  0.9074205
4351.254371  0.8247443
4351.877178  0.7879755
4352.499985  0.8377758
4353.122792  0.9202718
4353.745599  0.9671142
4354.368406  0.9611778
4354.991213  0.9508171
4355.61402  0.9579018
4356.236827  0.9834939
4356.859634  1.008278
4357.482441  1.005165
4358.105248  0.9775762
4358.728055  0.9469018
4359.350862  0.940548
4359.973669  0.9673148
4360.596476  1.007365
4361.219283  1.03029
4361.84209  1.027999
4362.464897  1.013145
4363.087704  1.005252
4363.710511  1.016062
4364.333318  1.038932
4364.956125  1.053454
4365.578932  1.038881
4366.201739  1.00817
4366.824546  0.9727073
4367.447353  0.9470817
4368.07016  0.9652684
4368.692967  0.9880034
4369.315774  0.9822977
4369.938581  0.9674643
4370.561388  0.9670739
4371.184195  0.9821636
4371.807002  0.9983506
4372.429809  1.001459
4373.052616  0.9774416
4373.675423  0.9308802
4374.29823  0.8863765
4374.921037  0.8787432
4375.543844  0.9088176
4376.166651  0.9480956
4376.789458  0.98343
4377.412265  1.009059
4378.035072  1.018708
4378.657879  1.009767
4379.280686  0.9992408
4379.903493  0.9962837
4380.5263  1.000014
4381.149107  1.012596
4381.771914  0.9855853
4382.394721  0.889949
4383.017528  0.7785258
4383.640335  0.7315018
4384.263142  0.7690703
4384.885949  0.8378894
4385.508756  0.914948
4386.131563  0.9659237
4386.75437  0.9687636
4387.377177  0.9531493
4387.999984  0.9508572
4388.622791  0.9638689
4389.245598  0.9630929
4389.868405  0.9529291
4390.491212  0.9475976
4391.114019  0.9578111
4391.736826  0.9857386
4392.359633  1.004896
4392.98244  0.9962222
4393.605247  0.9712571
4394.228054  0.9342873
4394.850861  0.9107297
4395.473668  0.930559
4396.096475  0.9803611
4396.719282  1.021815
4397.342089  1.032687
4397.964896  1.027053
4398.587703  1.006864
4399.21051  0.9713755
4399.833317  0.9288705
4400.456124  0.9046606
4401.078931  0.9193979
4401.701738  0.9686475
4402.324545  1.013014
4402.947352  1.011568
4403.570159  0.9532661
4404.192966  0.8751041
4404.815773  0.8655635
4405.43858  0.9292822
4406.061387  0.9959676
4406.684194  1.003041
4407.307001  0.9662938
4407.929808  0.9354575
4408.552615  0.944885
4409.175422  0.9813862
4409.798229  1.01401
4410.421036  1.026073
4411.043843  1.031071
4411.66665  1.040169
4412.289457  1.053043
4412.912264  1.054942
4413.535071  1.031628
4414.157878  0.9754142
4414.780685  0.9025445
4415.403492  0.8927638
4416.026299  0.9330048
4416.649106  0.9609111
4417.271913  0.9613716
4417.89472  0.9705588
4418.517527  1.007898
4419.140334  1.050187
4419.763141  1.068287
4420.385948  1.059953
4421.008755  1.038898
4421.631562  1.004448
4422.254369  0.9828299
4422.877176  0.9919418
4423.499983  1.015194
4424.12279  1.024543
4424.745597  1.012913
4425.368404  0.9952652
4425.991211  0.9902725
4426.614018  0.9880735
4427.236825  0.9870557
4427.859632  1.015421
4428.482439  1.045988
4429.105246  1.044196
4429.728053  1.005982
4430.35086  0.9809104
4430.973667  0.9893649
4431.596474  1.013907
4432.219281  1.018365
4432.842088  1.003211
4433.464895  0.9781258
4434.087702  0.9456015
4434.710509  0.9086481
4435.333316  0.9009976
4435.956123  0.9455053
4436.57893  0.9977388
4437.201737  1.035124
4437.824544  1.054546
4438.447351  1.060969
4439.070158  1.05815
4439.692965  1.048028
4440.315772  1.031393
4440.938579  1.007512
4441.561386  0.9742004
4442.184193  0.9378994
4442.807  0.9152722
4443.429807  0.9157699
4444.052614  0.9469743
4444.675421  1.005227
4445.298228  1.047219
4445.921035  1.049662
4446.543842  1.019367
4447.166649  0.9904078
4447.789456  0.9905114
4448.412263  1.01384
4449.03507  1.026029
4449.657877  1.008669
4450.280684  0.9828395
4450.903491  0.9827099
4451.526298  1.00391
4452.149105  1.022464
4452.771912  1.019937
4453.394719  0.99167
4454.017526  0.933253
4454.640333  0.8792264
4455.26314  0.8736619
4455.885947  0.9054287
4456.508754  0.942737
4457.131561  0.9597232
4457.754368  0.9530091
4458.377175  0.9335054
4458.999982  0.9300139
4459.622789  0.9585356
4460.245596  0.9764966
4460.868403  0.9571635
4461.49121  0.9202905
4462.114017  0.9275031
4462.736824  0.9718807
4463.359631  1.004696
4463.982438  0.9957151
4464.605245  0.9834368
4465.228052  0.9867162
4465.850859  0.9879916
4466.473666  0.9841635
4467.096473  0.9890277
4467.71928  0.9882135
4468.342087  0.9567027
4468.964894  0.9340113
4469.587701  0.9368713
4470.210508  0.9509668
4470.833315  0.9786534
4471.456122  1.006198
4472.078929  1.020661
4472.701736  1.02367
4473.324543  1.032884
4473.94735  1.047348
4474.570157  1.043981
4475.192964  1.017392
4475.815771  0.9930868
4476.438578  0.9979287
4477.061385  1.023865
4477.684192  1.048154
4478.306999  1.051753
4478.929806  1.031173
4479.552613  0.9960204
4480.17542  0.9579979
4480.798227  0.9224663
4481.421034  0.8954661
4482.043841  0.8953604
4482.666648  0.9318565
4483.289455  0.9794522
4483.912262  1.008253
4484.535069  1.018334
4485.157876  1.024381
4485.780683  1.030525
4486.40349  1.034335
4487.026297  1.03328
4487.649104  1.021463
4488.271911  0.9910684
4488.894718  0.9604444
4489.517525  0.3302126
4490.140332  0.3209731
4490.763139  0.325999
4491.385946  0.3334183
4492.008753  0.3411872
4492.63156  0.3495958
4493.254367  0.3522546
4493.877174  0.3453509
4494.499981  0.3330829
4495.122788  0.3293372
4495.745595  0.332939
4496.368402  0.3361849
4496.991209  0.3381972
4497.614016  0.3418345
4498.236823  0.3477728
4498.85963  0.3520492
4499.482437  0.3535573
4500.105244  0.3514774
4500.728051  0.345437
4501.350858  0.3341961
4501.973665  0.3289685
4502.596472  0.3382041
4503.219279  0.3510389
4503.842086  0.3589743
4504.464893  0.3606441
4505.0877  0.3609274
4505.710507  0.3584497
4506.333314  0.3558566
4506.956121  0.3572301
4507.578928  0.3546121
4508.201735  0.348274
4508.824542  0.3446642
