3820.  0.09950305
3820.622807  0.07120007
3821.245614  0.07941631
3821.868421  0.113631
3822.491228  0.1473042
3823.114035  0.1576748
3823.736842  0.1401223
3824.359649  0.1139752
3824.982456  0.09153613
3825.605263  0.07887672
3826.22807  0.07943343
3826.850877  0.09250033
3827.473684  0.1074972
3828.096491  0.1136746
3828.719298  0.1209082
3829.342105  0.1323642
3829.964912  0.1465984
3830.587719  0.1623394
3831.210526  0.1620079
3831.833333  0.14131
3832.45614  0.1165683
3833.078947  0.104376
3833.701754  0.1007832
3834.324561  0.09948021
3834.947368  0.1163863
3835.570175  0.1497721
3836.192982  0.1811347
3836.815789  0.1869825
3837.438596  0.1649321
3838.061403  0.1320612
3838.68421  0.111162
3839.307017  0.1112354
3839.929824  0.1092262
3840.552631  0.09364811
3841.175438  0.09128368
3841.798245  0.121802
3842.421052  0.1707689
3843.043859  0.2028654
3843.666666  0.2086614
3844.289473  0.2038005
3844.91228  0.201265
3845.535087  0.1891916
3846.157894  0.1764608
3846.780701  0.1745572
3847.403508  0.184206
3848.026315  0.1897432
3848.649122  0.1792443
3849.271929  0.1530329
3849.894736  0.1253511
3850.517543  0.1181596
3851.14035  0.1409532
3851.763157  0.1787817
3852.385964  0.1948786
3853.008771  0.1813052
3853.631578  0.159619
3854.254385  0.1511811
3854.877192  0.1565485
3855.499999  0.1585096
3856.122806  0.1390944
3856.745613  0.1282598
3857.36842  0.1353587
3857.991227  0.1380272
3858.614034  0.122839
3859.236841  0.09983096
3859.859648  0.08596016
3860.482455  0.08508999
3861.105262  0.1013667
3861.728069  0.1341501
3862.350876  0.1731933
3862.973683  0.1918724
3863.59649  0.1916174
3864.219297  0.1871903
3864.842104  0.173866
3865.464911  0.1568021
3866.087718  0.1494902
3866.710525  0.1621152
3867.333332  0.1694509
3867.956139  0.1632213
3868.578946  0.1549228
3869.201753  0.1490191
3869.82456  0.1389363
3870.447367  0.1232955
3871.070174  0.1154207
3871.692981  0.1149231
3872.315788  0.1164712
3872.938595  0.1209463
3873.561402  0.1486112
3874.184209  0.1926969
3874.807016  0.22839
3875.429823  0.2369756
3876.05263  0.2282427
3876.675437  0.2106997
3877.298244  0.1797234
3877.921051  0.135808
3878.543858  0.1122508
3879.166665  0.1362669
3879.789472  0.1741849
3880.412279  0.1869991
3881.035086  0.164653
3881.657893  0.1346189
3882.2807  0.1132467
3882.903507  0.1369442
3883.526314  0.2240844
3884.149121  0.3039985
3884.771928  0.3080422
3885.394735  0.2314088
3886.017542  0.1518776
3886.640349  0.1203932
3887.263156  0.1433513
3887.885963  0.1880226
3888.50877  0.2100691
3889.131577  0.2225856
3889.754384  0.2540941
3890.377191  0.2898401
3890.999998  0.3230252
3891.622805  0.3549432
3892.245612  0.3859712
3892.868419  0.3885214
3893.491226  0.3746292
3894.114033  0.3652925
3894.73684  0.3311549
3895.359647  0.274217
3895.982454  0.2441071
3896.605261  0.3013557
3897.228068  0.3485156
3897.850875  0.3385018
3898.473682  0.3053666
3899.096489  0.2720957
3899.719296  0.2440439
3900.342103  0.2417181
3900.96491  0.3086193
3901.587717  0.362951
3902.210524  0.3432953
3902.833331  0.2782818
3903.456138  0.268343
3904.078945  0.3067147
3904.701752  0.3196767
3905.324559  0.2708769
3905.947366  0.219964
3906.570173  0.2199268
3907.19298  0.2602709
3907.815787  0.3045387
3908.438594  0.3405659
3909.061401  0.370785
3909.684208  0.3778431
3910.307015  0.3659482
3910.929822  0.3559008
3911.552629  0.3674728
3912.175436  0.3868317
3912.798243  0.39516
3913.42105  0.387134
3914.043857  0.3766322
3914.666664  0.3772806
3915.289471  0.3808308
3915.912278  0.3559155
3916.535085  0.323502
3917.157892  0.3124642
3917.780699  0.3270742
3918.403506  0.3346442
3919.026313  0.3176253
3919.64912  0.2784015
3920.271927  0.2270256
3920.894734  0.1947538
3921.517541  0.1949738
3922.140348  0.208823
3922.763155  0.213038
3923.385962  0.2215468
3924.008769  0.2539803
3924.631576  0.2751417
3925.254383  0.2670363
3925.87719  0.2411213
3926.499997  0.2271621
3927.122804  0.2072666
3927.745611  0.1737389
3928.368418  0.1416927
3928.991225  0.1273172
3929.614032  0.1185572
3930.236839  0.1014701
3930.859646  0.0872787
3931.482453  0.07701293
3932.10526  0.06667833
3932.728067  0.0535525
3933.350874  0.04359516
3933.973681  0.04038755
3934.596488  0.04399616
3935.219295  0.05319183
3935.842102  0.0691741
3936.464909  0.0898001
3937.087716  0.1091391
3937.710523  0.1291982
3938.33333  0.1515898
3938.956137  0.1762332
3939.578944  0.203607
3940.201751  0.2180431
3940.824558  0.2133187
3941.447365  0.2080338
3942.070172  0.2159042
3942.692979  0.2228126
3943.315786  0.2034337
3943.938593  0.1693259
3944.5614  0.1628419
3945.184207  0.2103796
3945.807014  0.2824583
3946.429821  0.3349212
3947.052628  0.3422153
3947.675435  0.3137925
3948.298242  0.2890052
3948.921049  0.2901502
3949.543856  0.3202456
3950.166663  0.3758005
3950.78947  0.4217116
3951.412277  0.4204525
3952.035084  0.3638017
3952.657891  0.3054481
3953.280698  0.3081748
3953.903505  0.3849355
3954.526312  0.4489375
3955.149119  0.450257
3955.771926  0.3973393
3956.394733  0.3430791
3957.01754  0.3224981
3957.640347  0.3336218
3958.263154  0.3513211
3958.885961  0.3712858
3959.508768  0.3826527
3960.131575  0.3615007
3960.754382  0.2807997
3961.377189  0.1920183
3961.999996  0.1488975
3962.622803  0.1584862
3963.24561  0.1828713
3963.868417  0.1946587
3964.491224  0.1881126
3965.114031  0.1687727
3965.736838  0.1412246
3966.359645  0.111155
3966.982452  0.08584987
3967.605259  0.06564003
3968.228066  0.05115245
3968.850873  0.04591893
3969.47368  0.05544829
3970.096487  0.07632823
3970.719294  0.1010459
3971.342101  0.1246069
3971.964908  0.147679
3972.587715  0.1696932
3973.210522  0.18898
3973.833329  0.2088675
3974.456136  0.2408312
3975.078943  0.2847124
3975.70175  0.3137729
3976.324557  0.3224763
3976.947364  0.3289072
3977.570171  0.3574824
3978.192978  0.3925675
3978.815785  0.4195097
3979.438592  0.4400002
3980.061399  0.4731775
3980.684206  0.4884911
3981.307013  0.4648118
3981.92982  0.4292684
3982.552627  0.4193158
3983.175434  0.4284584
3983.798241  0.4266753
3984.421048  0.4308495
3985.043855  0.4616478
3985.666662  0.5033237
3986.289469  0.4975827
3986.912276  0.4835878
3987.535083  0.50737
3988.15789  0.5626218
3988.780697  0.5671601
3989.403504  0.5094549
3990.026311  0.4487938
3990.649118  0.4576113
3991.271925  0.5000956
3991.894732  0.5263202
3992.517539  0.5327242
3993.140346  0.5414328
3993.763153  0.5457693
3994.38596  0.5290562
3995.008767  0.5135745
3995.631574  0.5078654
3996.254381  0.5036375
3996.877188  0.4861274
3997.499995  0.4647597
3998.122802  0.4600894
3998.745609  0.4907922
3999.368416  0.5629154
3999.991223  0.6221901
4000.61403  0.6226673
4001.236837  0.5910181
4001.859644  0.5842206
4002.482451  0.6204743
4003.105258  0.6619966
4003.728065  0.6674489
4004.350872  0.5959921
4004.973679  0.4626667
4005.596486  0.3762387
4006.219293  0.3916165
4006.8421  0.4739434
4007.464907  0.5332942
4008.087714  0.5746444
4008.710521  0.5995854
4009.333328  0.6024801
4009.956135  0.6066186
4010.578942  0.6143752
4011.201749  0.6100129
4011.824556  0.5814087
4012.447363  0.5834471
4013.07017  0.6149661
4013.692977  0.6239576
4014.315784  0.6142266
4014.938591  0.6287345
4015.561398  0.6757277
4016.184205  0.6821299
4016.807012  0.6309572
4017.429819  0.5691804
4018.052626  0.5668141
4018.675433  0.6228261
4019.29824  0.6736566
4019.921047  0.6670246
4020.543854  0.6406698
4021.166661  0.6198029
4021.789468  0.61229
4022.412275  0.6140456
4023.035082  0.6319366
4023.657889  0.6275942
4024.280696  0.5711802
4024.903503  0.5433092
4025.52631  0.5689548
4026.149117  0.6163828
4026.771924  0.6360688
4027.394731  0.6529145
4028.017538  0.6906928
4028.640345  0.734582
4029.263152  0.7294182
4029.885959  0.6273482
4030.508766  0.4676496
4031.131573  0.4035535
4031.75438  0.4232138
4032.377187  0.4439078
4032.999994  0.4105419
4033.622801  0.3818071
4034.245608  0.3884356
4034.868415  0.4238965
4035.491222  0.4846226
4036.114029  0.5543092
4036.736836  0.6226931
4037.359643  0.6878027
4037.98245  0.7152709
4038.605257  0.7049013
4039.228064  0.6830501
4039.850871  0.6511501
4040.473678  0.6088167
4041.096485  0.5799497
4041.719292  0.6099674
4042.342099  0.6667644
4042.964906  0.6797265
4043.587713  0.6009714
4044.21052  0.4823094
4044.833327  0.3589807
4045.456134  0.258496
4046.078941  0.2284359
4046.701748  0.3038169
4047.324555  0.4471442
4047.947362  0.560456
4048.570169  0.6023504
4049.192976  0.6044069
4049.815783  0.6217412
4050.43859  0.658169
4051.061397  0.6791929
4051.684204  0.666463
4052.307011  0.6439829
4052.929818  0.6317626
4053.552625  0.6188891
4054.175432  0.580574
4054.798239  0.5257418
4055.421046  0.5104676
4056.043853  0.5474969
4056.66666  0.5552767
4057.289467  0.5106012
4057.912274  0.4532795
4058.535081  0.4462304
4059.157888  0.4888062
4059.780695  0.5577902
4060.403502  0.6204295
4061.026309  0.645449
4061.649116  0.6204218
4062.271923  0.5379516
4062.89473  0.4056032
4063.517537  0.2963615
4064.140344  0.2902432
4064.763151  0.4027551
4065.385958  0.5299555
4066.008765  0.5723373
4066.631572  0.5248569
4067.254379  0.4914103
4067.877186  0.5165448
4068.499993  0.5900608
4069.1228  0.665973
4069.745607  0.7023098
4070.368414  0.6514913
4070.991221  0.5162982
4071.614028  0.3844553
4072.236835  0.3782763
4072.859642  0.5029001
4073.482449  0.6355789
4074.105256  0.6758489
4074.728063  0.6397949
4075.35087  0.5888529
4075.973677  0.5166901
4076.596484  0.4313129
4077.219291  0.374037
4077.842098  0.3974285
4078.464905  0.4664668
4079.087712  0.5362236
4079.710519  0.5912198
4080.333326  0.6561677
4080.956133  0.7248845
4081.57894  0.7602872
4082.201747  0.724333
4082.824554  0.6556001
4083.447361  0.6087244
4084.070168  0.6053644
4084.692975  0.604426
4085.315782  0.5984567
4085.938589  0.6061566
4086.561396  0.6422979
4087.184203  0.7013047
4087.80701  0.7612539
4088.429817  0.7954637
4089.052624  0.7994985
4089.675431  0.7679049
4090.298238  0.7190242
4090.921045  0.7174391
4091.543852  0.7096548
4092.166659  0.6651092
4092.789466  0.6445557
4093.412273  0.6985722
4094.03508  0.7552803
4094.657887  0.7090372
4095.280694  0.6130022
4095.903501  0.5319821
4096.526308  0.5051297
4097.149115  0.529263
4097.771922  0.5656195
4098.394729  0.5934908
4099.017536  0.6148625
4099.640343  0.6125527
4100.26315  0.5583895
4100.885957  0.4711761
4101.508764  0.4459259
4102.131571  0.4865502
4102.754378  0.5507464
4103.377185  0.5919819
4103.999992  0.5798166
4104.622799  0.5617119
4105.245606  0.5986912
4105.868413  0.6678126
4106.49122  0.7046561
4107.114027  0.6898248
4107.736834  0.6758828
4108.359641  0.6647899
4108.982448  0.6446539
4109.605255  0.6098993
4110.228062  0.5747229
4110.850869  0.5514232
4111.473676  0.5412322
4112.096483  0.5363195
4112.71929  0.5658569
4113.342097  0.6202341
4113.964904  0.6528645
4114.587711  0.6580951
4115.210518  0.648885
4115.833325  0.6447657
4116.456132  0.658321
4117.078939  0.6709533
4117.701746  0.6436548
4118.324553  0.5563747
4118.94736  0.4968374
4119.570167  0.5139652
4120.192974  0.5816894
4120.815781  0.6206616
4121.438588  0.6158071
4122.061395  0.5903022
4122.684202  0.5684537
4123.307009  0.5502637
4123.929816  0.56884
4124.552623  0.644832
4125.17543  0.6793684
4125.798237  0.6662073
4126.421044  0.6422074
4127.043851  0.6126172
4127.666658  0.5897991
4128.289465  0.5825603
4128.912272  0.5849873
4129.535079  0.5562038
4130.157886  0.5345417
4130.780693  0.5475622
4131.4035  0.5093368
4132.026307  0.4482255
4132.649114  0.426681
4133.271921  0.4622267
4133.894728  0.4672543
4134.517535  0.4639778
4135.140342  0.5291188
4135.763149  0.6245194
4136.385956  0.6606882
4137.008763  0.6195836
4137.63157  0.5987204
4138.254377  0.6127293
4138.877184  0.6298409
4139.499991  0.6220925
4140.122798  0.629625
4140.745605  0.6423935
4141.368412  0.6155012
4141.991219  0.5158581
4142.614026  0.3877203
4143.236833  0.2983124
4143.85964  0.2931959
4144.482447  0.3724748
4145.105254  0.474053
4145.728061  0.5331444
4146.350868  0.5537806
4146.973675  0.5638053
4147.596482  0.5757449
4148.219289  0.5720603
4148.842096  0.5408687
4149.464903  0.4955329
4150.08771  0.4669521
4150.710517  0.4780678
4151.333324  0.4879307
4151.956131  0.4755014
4152.578938  0.4872578
4153.201745  0.5091679
4153.824552  0.5140641
4154.447359  0.4967236
4155.070166  0.5024092
4155.692973  0.501914
4156.31578  0.469503
4156.938587  0.4659128
4157.561394  0.508751
4158.184201  0.5762036
4158.807008  0.6274891
4159.429815  0.644155
4160.052622  0.6251263
4160.675429  0.590939
4161.298236  0.5817747
4161.921043  0.6195613
4162.54385  0.6730147
4163.166657  0.6728492
4163.789464  0.623585
4164.412271  0.5705168
4165.035078  0.5559549
4165.657885  0.5726263
4166.280692  0.5608135
4166.903499  0.5021046
4167.526306  0.4726618
4168.149113  0.5097432
4168.77192  0.5733327
4169.394727  0.5968567
4170.017534  0.6250864
4170.640341  0.6458908
4171.263148  0.6128482
4171.885955  0.5128127
4172.508762  0.4201807
4173.131569  0.4022122
4173.754376  0.4560221
4174.377183  0.5048364
4174.99999  0.5245399
4175.622797  0.5365769
4176.245604  0.546335
4176.868411  0.5260199
4177.491218  0.4835058
4178.114025  0.4817219
4178.736832  0.52012
4179.359639  0.5542879
4179.982446  0.5445309
4180.605253  0.5232477
4181.22806  0.5096956
4181.850867  0.5124417
4182.473674  0.5388612
4183.096481  0.5679744
4183.719288  0.6004517
4184.342095  0.6556135
4184.964902  0.7172005
4185.587709  0.7252464
4186.210516  0.642998
4186.833323  0.5233945
4187.45613  0.473364
4188.078937  0.5299713
4188.701744  0.6199006
4189.324551  0.6630068
4189.947358  0.6484765
4190.570165  0.6118453
4191.192972  0.5631401
4191.815779  0.5633459
4192.438586  0.627768
4193.061393  0.6809914
4193.6842  0.6838952
4194.307007  0.6417034
4194.929814  0.5836941
4195.552621  0.5163523
4196.175428  0.4734653
4196.798235  0.4745851
4197.421042  0.489777
4198.043849  0.4891436
4198.666656  0.490609
4199.289463  0.5347585
4199.91227  0.5753956
4200.535077  0.5705396
4201.157884  0.5174297
4201.780691  0.4609811
4202.403498  0.4711838
4203.026305  0.5478956
4203.649112  0.60438
4204.271919  0.5970939
4204.894726  0.5829588
4205.517533  0.6317938
4206.14034  0.6768788
4206.763147  0.7009744
4207.385954  0.719779
4208.008761  0.7424651
4208.631568  0.7289655
4209.254375  0.6722407
4209.877182  0.6135504
4210.499989  0.5989429
4211.122796  0.6308237
4211.745603  0.6727108
4212.36841  0.6761935
4212.991217  0.6425148
4213.614024  0.5919917
4214.236831  0.5340699
4214.859638  0.4367464
4215.482445  0.3910148
4216.105252  0.494718
4216.728059  0.6717427
4217.350866  0.8031447
4217.973673  0.8422124
4218.59648  0.8481395
4219.219287  0.8393017
4219.842094  0.8442857
4220.464901  0.8776214
4221.087708  0.8907946
4221.710515  0.84868
4222.333322  0.760127
4222.956129  0.6790183
4223.578936  0.6262301
4224.201743  0.578546
4224.82455  0.4932284
4225.447357  0.3654039
4226.070164  0.231144
4226.692971  0.1592544
4227.315778  0.2242711
4227.938585  0.4152487
4228.561392  0.6194447
4229.184199  0.7035426
4229.807006  0.7296479
4230.429813  0.7773414
4231.05262  0.8495407
4231.675427  0.8413019
4232.298234  0.7480662
4232.921041  0.650325
4233.543848  0.6416185
4234.166655  0.7036299
4234.789462  0.7335975
4235.412269  0.6590048
4236.035076  0.5886888
4236.657883  0.5931612
4237.28069  0.6551306
4237.903497  0.689775
4238.526304  0.691352
4239.149111  0.6785467
4239.771918  0.6720464
4240.394725  0.71858
4241.017532  0.7891543
4241.640339  0.8170281
4242.263146  0.7723491
4242.885953  0.7442612
4243.50876  0.8002594
4244.131567  0.9069656
4244.754374  0.9609561
4245.377181  0.9359422
4245.999988  0.874405
4246.622795  0.8053948
4247.245602  0.7372127
4247.868409  0.6876162
4248.491216  0.6867703
4249.114023  0.6647765
4249.73683  0.5886312
4250.359637  0.5092685
4250.982444  0.5413198
4251.605251  0.6514329
4252.228058  0.7366505
4252.850865  0.7444544
4253.473672  0.653932
4254.096479  0.5362208
4254.719286  0.5099656
4255.342093  0.5746999
4255.9649  0.6976486
4256.587707  0.8247977
4257.210514  0.8831409
4257.833321  0.8199163
4258.456128  0.6922035
4259.078935  0.6333728
4259.701742  0.5714117
4260.324549  0.5040426
4260.947356  0.5054447
4261.570163  0.6013016
4262.19297  0.7408668
4262.815777  0.8495861
4263.438584  0.8868541
4264.061391  0.8768269
4264.684198  0.8739204
4265.307005  0.9100093
4265.929812  0.9375275
4266.552619  0.9056047
4267.175426  0.8157708
4267.798233  0.7439952
4268.42104  0.7212168
4269.043847  0.7219188
4269.666654  0.6870816
4270.289461  0.5902648
4270.912268  0.4514412
4271.535075  0.3470377
4272.157882  0.3960674
4272.780689  0.5198917
4273.403496  0.5787165
4274.026303  0.5165564
4274.64911  0.4671921
4275.271917  0.5242078
4275.894724  0.6607736
4276.517531  0.7547367
4277.140338  0.8095261
4277.763145  0.8694693
4278.385952  0.9154888
4279.008759  0.8584923
4279.631566  0.7142494
4280.254373  0.6136872
4280.87718  0.6561732
4281.499987  0.731406
4282.122794  0.7245701
4282.745601  0.7387423
4283.368408  0.78054
4283.991215  0.791979
4284.614022  0.7234535
4285.236829  0.6557729
4285.859636  0.6439909
4286.482443  0.6864002
4287.10525  0.7462813
4287.728057  0.7673666
4288.350864  0.7035056
4288.973671  0.5587519
4289.596478  0.470938
4290.219285  0.4875096
4290.842092  0.5476682
4291.464899  0.605244
4292.087706  0.6936833
4292.710513  0.7954589
4293.33332  0.76967
4293.956127  0.6722408
4294.578934  0.6253743
4295.201741  0.687174
4295.824548  0.7238434
4296.447355  0.6912474
4297.070162  0.6372988
4297.692969  0.6138656
4298.315776  0.5586932
4298.938583  0.448755
4299.56139  0.3664187
4300.184197  0.3896632
4300.807004  0.4794463
4301.429811  0.5319774
4302.052618  0.510632
4302.675425  0.4740534
4303.298232  0.4831149
4303.921039  0.5263416
4304.543846  0.5238137
4305.166653  0.4807124
4305.78946  0.4653371
4306.412267  0.45518
4307.035074  0.4065242
4307.657881  0.3284246
4308.280688  0.3140652
4308.903495  0.3524185
4309.526302  0.4013838
4310.149109  0.438956
4310.771916  0.4817911
4311.394723  0.5165584
4312.01753  0.539571
4312.640337  0.6108107
4313.263144  0.6796125
4313.885951  0.6931199
4314.508758  0.6849436
4315.131565  0.8135117
4315.754372  1.020873
4316.377179  1.124334
4316.999986  1.132321
4317.622793  1.088665
4318.2456  1.044687
4318.868407  1.033465
4319.491214  1.028461
4320.114021  0.9867062
4320.736828  0.91014
4321.359635  0.9286034
4321.982442  0.955632
4322.605249  0.8626794
4323.228056  0.7095596
4323.850863  0.5852369
4324.47367  0.5003507
4325.096477  0.4032589
4325.719284  0.3790558
4326.342091  0.4869359
4326.964898  0.6989218
4327.587705  0.8939695
4328.210512  1.018072
4328.833319  1.052314
4329.456126  0.99446
4330.078933  0.9153743
4330.70174  0.8894058
4331.324547  0.9371828
4331.947354  0.9835076
4332.570161  0.9915141
4333.192968  0.9779559
4333.815775  0.9903995
4334.438582  1.041584
4335.061389  1.111885
4335.684196  1.144773
4336.307003  1.034263
4336.92981  0.8377984
4337.552617  0.7006611
4338.175424  0.7015721
4338.798231  0.7273073
4339.421038  0.6883086
4340.043845  0.6306722
4340.666652  0.6394417
4341.289459  0.750625
4341.912266  0.9083123
4342.535073  0.9710119
4343.15788  0.9210904
4343.780687  0.8624137
4344.403494  0.9273976
4345.026301  1.024866
4345.649108  1.051506
4346.271915  0.9904827
4346.894722  0.9239939
4347.517529  0.9222138
4348.140336  1.005943
4348.763143  1.13402
4349.38595  1.186819
4350.008757  1.087927
4350.631564  0.8732505
4351.254371  0.6824692
4351.877178  0.6144648
4352.499985  0.6802339
4353.122792  0.8050099
4353.745599  0.8852613
4354.368406  0.8842699
4354.991213  0.8610909
4355.61402  0.8778203
4356.236827  0.9501823
4356.859634  1.031302
4357.482441  1.02874
4358.105248  0.9358889
4358.728055  0.8273661
4359.350862  0.8032978
4359.973669  0.8595588
4360.596476  0.9587385
4361.219283  1.053699
4361.84209  1.067267
4362.464897  1.005826
4363.087704  0.9479719
4363.710511  0.9871539
4364.333318  1.096859
4364.956125  1.178073
4365.578932  1.145229
4366.201739  1.041123
4366.824546  0.9187222
4367.447353  0.8309909
4368.07016  0.8484689
4368.692967  0.9183649
4369.315774  0.9574474
4369.938581  0.9385021
4370.561388  0.9222714
4371.184195  0.9344256
4371.807002  0.9487633
4372.429809  0.9331967
4373.052616  0.8716161
4373.675423  0.7819178
4374.29823  0.7109287
4374.921037  0.6699225
4375.543844  0.686621
4376.166651  0.7862197
4376.789458  0.9079929
4377.412265  0.9944324
4378.035072  1.022493
4378.657879  1.013254
4379.280686  0.9643843
4379.903493  0.9039017
4380.5263  0.8849475
4381.149107  0.8815941
4381.771914  0.8037755
4382.394721  0.6049961
4383.017528  0.3985566
4383.640335  0.2926001
4384.263142  0.3372625
4384.885949  0.5033399
4385.508756  0.7145593
4386.131563  0.8632115
4386.75437  0.8836625
4387.377177  0.8470591
4387.999984  0.8271533
4388.622791  0.8333945
4389.245598  0.8014612
4389.868405  0.76162
4390.491212  0.7513914
4391.114019  0.7786437
4391.736826  0.8405034
4392.359633  0.890207
4392.98244  0.8895403
4393.605247  0.8699418
4394.228054  0.8338092
4394.850861  0.8040731
4395.473668  0.8346485
4396.096475  0.9526088
4396.719282  1.070237
4397.342089  1.084467
4397.964896  1.053156
4398.587703  1.002362
4399.21051  0.9319952
4399.833317  0.843821
4400.456124  0.7898563
4401.078931  0.8361703
4401.701738  0.9846596
4402.324545  1.068537
4402.947352  0.9749169
4403.570159  0.7341799
4404.192966  0.5213425
4404.815773  0.4707226
4405.43858  0.5891319
4406.061387  0.7577196
4406.684194  0.8306646
4407.307001  0.7875732
4407.929808  0.7207007
4408.552615  0.7470846
4409.175422  0.8610916
4409.798229  0.989752
4410.421036  1.065518
4411.043843  1.074268
4411.66665  1.071019
4412.289457  1.107887
4412.912264  1.132412
4413.535071  1.041998
4414.157878  0.837685
4414.780685  0.6903932
4415.403492  0.6948191
4416.026299  0.80665
4416.649106  0.9024882
4417.271913  0.9567715
4417.89472  1.007595
4418.517527  1.079022
4419.140334  1.1187
4419.763141  1.122981
4420.385948  1.093258
4421.008755  1.021128
4421.631562  0.9073698
4422.254369  0.8272535
4422.877176  0.8538813
4423.499983  0.939809
4424.12279  0.999794
4424.745597  0.9991436
4425.368404  0.9829613
4425.991211  0.9628485
4426.614018  0.9515206
4427.236825  0.9690593
4427.859632  1.038943
4428.482439  1.077614
4429.105246  1.008089
4429.728053  0.8733796
4430.35086  0.8235613
4430.973667  0.9139527
4431.596474  1.050807
4432.219281  1.096152
4432.842088  1.039005
4433.464895  0.9436949
4434.087702  0.8412595
4434.710509  0.7657922
4435.333316  0.7569599
4435.956123  0.8399036
4436.57893  0.9523399
4437.201737  1.047903
4437.824544  1.11863
4438.447351  1.177272
4439.070158  1.200861
4439.692965  1.158956
4440.315772  1.048761
4440.938579  0.941238
4441.561386  0.8785669
4442.184193  0.8555093
4442.807  0.8647673
4443.429807  0.9072827
4444.052614  0.9868877
4444.675421  1.098425
4445.298228  1.19592
4445.921035  1.212661
4446.543842  1.125365
4447.166649  1.075536
4447.789456  1.11573
4448.412263  1.179406
4449.03507  1.15159
4449.657877  1.075824
4450.280684  1.042264
4450.903491  1.080492
4451.526298  1.117684
4452.149105  1.111429
4452.771912  1.072007
4453.394719  1.015455
4454.017526  0.9350834
4454.640333  0.8527011
4455.26314  0.8396169
4455.885947  0.8927499
4456.508754  0.9537443
4457.131561  0.9609299
4457.754368  0.9303532
4458.377175  0.8859887
4458.999982  0.8575882
4459.622789  0.879033
4460.245596  0.878723
4460.868403  0.8128312
4461.49121  0.7347938
4462.114017  0.7672785
4462.736824  0.9209475
4463.359631  1.083441
4463.982438  1.10212
4464.605245  1.045819
4465.228052  1.017037
4465.850859  1.014019
4466.473666  1.029143
4467.096473  1.056055
4467.71928  1.073548
4468.342087  1.011932
4468.964894  0.949051
4469.587701  0.9636527
4470.210508  1.003939
4470.833315  1.042049
4471.456122  1.068399
4472.078929  1.092134
4472.701736  1.146884
4473.324543  1.195741
4473.94735  1.189468
4474.570157  1.150834
4475.192964  1.135238
4475.815771  1.177166
4476.438578  1.259158
4477.061385  1.320397
4477.684192  1.330946
4478.306999  1.285809
4478.929806  1.166892
4479.552613  1.041138
4480.17542  0.9764906
4480.798227  0.9726737
4481.421034  0.9553833
4482.043841  0.9507726
4482.666648  1.039384
4483.289455  1.146985
4483.912262  1.221902
4484.535069  1.261773
4485.157876  1.298086
4485.780683  1.313298
4486.40349  1.28698
4487.026297  1.222043
4487.649104  1.142913
4488.271911  1.063057
4488.894718  0.9951777
4489.517525  0.9697684
4490.140332  1.005238
4490.763139  1.083157
4491.385946  1.154946
4492.008753  1.216012
4492.63156  1.216411
4493.254367  1.111836
4493.877174  0.9718571
4494.499981  0.8970328
4495.122788  0.9147745
4495.745595  0.9458056
4496.368402  1.007307
4496.991209  1.098399
4497.614016  1.176938
4498.236823  1.213079
4498.85963  1.236208
4499.482437  1.258585
4500.105244  1.213776
4500.728051  1.106305
4501.350858  1.035965
4501.973665  1.119984
4502.596472  1.273994
4503.219279  1.38483
4503.842086  1.40327
4504.464893  1.384028
4505.0877  1.352607
4505.710507  1.310184
4506.333314  1.256845
4506.956121  1.226687
4507.578928  1.229263
4508.201735  1.245879
4508.824542  1.266599
