3820.  0.03936612
3820.622807  0.02944786
3821.245614  0.02728162
3821.868421  0.03705036
3822.491228  0.0505342
3823.114035  0.05545596
3823.736842  0.0476711
3824.359649  0.03652124
3824.982456  0.03154526
3825.605263  0.03216749
3826.22807  0.03311443
3826.850877  0.04104457
3827.473684  0.04818877
3828.096491  0.04842291
3828.719298  0.05072728
3829.342105  0.0548377
3829.964912  0.06100318
3830.587719  0.06916002
3831.210526  0.0684839
3831.833333  0.05868279
3832.45614  0.04766565
3833.078947  0.04274286
3833.701754  0.03958008
3834.324561  0.03886389
3834.947368  0.04765674
3835.570175  0.06063792
3836.192982  0.06946573
3836.815789  0.07038781
3837.438596  0.06886017
3838.061403  0.06063444
3838.68421  0.05090307
3839.307017  0.0533471
3839.929824  0.05138429
3840.552631  0.04165379
3841.175438  0.03607618
3841.798245  0.04629951
3842.421052  0.06289938
3843.043859  0.07389055
3843.666666  0.07843641
3844.289473  0.08236563
3844.91228  0.08430913
3845.535087  0.08046237
3846.157894  0.0785594
3846.780701  0.08052754
3847.403508  0.08342706
3848.026315  0.08335162
3848.649122  0.08126482
3849.271929  0.07265054
3849.894736  0.05546173
3850.517543  0.0962677
3851.14035  0.1174141
3851.763157  0.1413378
3852.385964  0.1500841
3853.008771  0.1516273
3853.631578  0.1517772
3854.254385  0.1494491
3854.877192  0.1403412
3855.499999  0.1219362
3856.122806  0.1065368
3856.745613  0.1083487
3857.36842  0.1128793
3857.991227  0.1119141
3858.614034  0.09642148
3859.236841  0.07919175
3859.859648  0.07069904
3860.482455  0.07627714
3861.105262  0.09906418
3861.728069  0.1252517
3862.350876  0.1424978
3862.973683  0.1475583
3863.59649  0.1429175
3864.219297  0.1300169
3864.842104  0.1163314
3865.464911  0.1112654
3866.087718  0.1234375
3866.710525  0.138099
3867.333332  0.1402332
3867.956139  0.1420654
3868.578946  0.1441949
3869.201753  0.1469014
3869.82456  0.1445441
3870.447367  0.1369328
3871.070174  0.127794
3871.692981  0.1151656
3872.315788  0.1007296
3872.938595  0.09888275
3873.561402  0.1136624
3874.184209  0.1346632
3874.807016  0.1432691
3875.429823  0.136934
3876.05263  0.1324482
3876.675437  0.1241237
3877.298244  0.1053516
3877.921051  0.08819965
3878.543858  0.08983644
3879.166665  0.115978
3879.789472  0.1512654
3880.412279  0.1567963
3881.035086  0.1411043
3881.657893  0.1234537
3882.2807  0.1182287
3882.903507  0.1342499
3883.526314  0.1606723
3884.149121  0.1753329
3884.771928  0.1549501
3885.394735  0.1166647
3886.017542  0.08452033
3886.640349  0.07559144
3887.263156  0.09478141
3887.885963  0.119999
3888.50877  0.135481
3889.131577  0.145326
3889.754384  0.1528335
3890.377191  0.166316
3890.999998  0.1819492
3891.622805  0.1998202
3892.245612  0.2144094
3892.868419  0.21516
3893.491226  0.19952
3894.114033  0.1810815
3894.73684  0.164336
3895.359647  0.1468657
3895.982454  0.1564194
3896.605261  0.1773255
3897.228068  0.1827303
3897.850875  0.1619295
3898.473682  0.145933
3899.096489  0.1402314
3899.719296  0.1327134
3900.342103  0.1521708
3900.96491  0.1857008
3901.587717  0.2039745
3902.210524  0.1869338
3902.833331  0.1678088
3903.456138  0.1693497
3904.078945  0.1837325
3904.701752  0.1842759
3905.324559  0.1632402
3905.947366  0.1408035
3906.570173  0.138395
3907.19298  0.1533943
3907.815787  0.1782548
3908.438594  0.2014714
3909.061401  0.2154366
3909.684208  0.2220143
3910.307015  0.2185572
3910.929822  0.2093743
3911.552629  0.203987
3912.175436  0.1980413
3912.798243  0.1945458
3913.42105  0.1942667
3914.043857  0.1974448
3914.666664  0.2043978
3915.289471  0.2011921
3915.912278  0.1847204
3916.535085  0.1652125
3917.157892  0.1650323
3917.780699  0.1717124
3918.403506  0.1713399
3919.026313  0.1590322
3919.64912  0.139598
3920.271927  0.1219789
3920.894734  0.1107185
3921.517541  0.1140197
3922.140348  0.1192557
3922.763155  0.1210585
3923.385962  0.1290169
3924.008769  0.1362429
3924.631576  0.1384323
3925.254383  0.1327897
3925.87719  0.1284194
3926.499997  0.1220467
3927.122804  0.1111772
3927.745611  0.09461145
3928.368418  0.08209611
3928.991225  0.07755252
3929.614032  0.06913919
3930.236839  0.05459982
3930.859646  0.04508356
3931.482453  0.04334201
3932.10526  0.04041692
3932.728067  0.0398434
3933.350874  0.04360722
3933.973681  0.04709404
3934.596488  0.04477255
3935.219295  0.04233487
3935.842102  0.04833966
3936.464909  0.05782365
3937.087716  0.06990704
3937.710523  0.0850295
3938.33333  0.09895398
3938.956137  0.1095975
3939.578944  0.117381
3940.201751  0.1183303
3940.824558  0.107962
3941.447365  0.1062554
3942.070172  0.1141053
3942.692979  0.1096428
3943.315786  0.09586679
3943.938593  0.08592286
3944.5614  0.09270769
3945.184207  0.1243718
3945.807014  0.1592028
3946.429821  0.1732868
3947.052628  0.1672686
3947.675435  0.1551232
3948.298242  0.1459498
3948.921049  0.1507201
3949.543856  0.1764908
3950.166663  0.2031338
3950.78947  0.2156079
3951.412277  0.211824
3952.035084  0.1903189
3952.657891  0.1747272
3953.280698  0.1954338
3953.903505  0.229811
3954.526312  0.2466742
3955.149119  0.2306523
3955.771926  0.1956269
3956.394733  0.171454
3957.01754  0.1659982
3957.640347  0.1648404
3958.263154  0.1672058
3958.885961  0.1703267
3959.508768  0.1676286
3960.131575  0.1444257
3960.754382  0.1089948
3961.377189  0.08150371
3961.999996  0.07934598
3962.622803  0.09009842
3963.24561  0.1006783
3963.868417  0.1036102
3964.491224  0.09855305
3965.114031  0.08838799
3965.736838  0.07466294
3966.359645  0.06100079
3966.982452  0.05017903
3967.605259  0.04443686
3968.228066  0.04579857
3968.850873  0.05115892
3969.47368  0.05859791
3970.096487  0.06733931
3970.719294  0.07617453
3971.342101  0.0879987
3971.964908  0.1003653
3972.587715  0.1077479
3973.210522  0.1161594
3973.833329  0.1279744
3974.456136  0.1433619
3975.078943  0.1652171
3975.70175  0.1801176
3976.324557  0.1846055
3976.947364  0.1938077
3977.570171  0.2055362
3978.192978  0.2153025
3978.815785  0.2238402
3979.438592  0.2414474
3980.061399  0.2584424
3980.684206  0.2553237
3981.307013  0.2242253
3981.92982  0.209203
3982.552627  0.2280469
3983.175434  0.2553685
3983.798241  0.2585714
3984.421048  0.2593587
3985.043855  0.2842239
3985.666662  0.308933
3986.289469  0.3136758
3986.912276  0.3102327
3987.535083  0.3262213
3988.15789  0.3331853
3988.780697  0.3039781
3989.403504  0.2545902
3990.026311  0.2403291
3990.649118  0.2670402
3991.271925  0.300072
3991.894732  0.3043152
3992.517539  0.3146659
3993.140346  0.3349465
3993.763153  0.3378305
3994.38596  0.3211232
3995.008767  0.3079689
3995.631574  0.3091752
3996.254381  0.3033653
3996.877188  0.2931497
3997.499995  0.2807059
3998.122802  0.2709981
3998.745609  0.2960819
3999.368416  0.3497917
3999.991223  0.3937936
4000.61403  0.3980387
4001.236837  0.3956542
4001.859644  0.4082088
4002.482451  0.4153315
4003.105258  0.413328
4003.728065  0.3899164
4004.350872  0.3301109
4004.973679  0.2604598
4005.596486  0.2396246
4006.219293  0.2816414
4006.8421  0.3382595
4007.464907  0.3669267
4008.087714  0.3709734
4008.710521  0.3752228
4009.333328  0.3901481
4009.956135  0.4078568
4010.578942  0.4055927
4011.201749  0.3726447
4011.824556  0.3493375
4012.447363  0.3700298
4013.07017  0.4076851
4013.692977  0.4178294
4014.315784  0.4186109
4014.938591  0.4424624
4015.561398  0.4819571
4016.184205  0.4881423
4016.807012  0.4504224
4017.429819  0.4120101
4018.052626  0.4154243
4018.675433  0.4532914
4019.29824  0.4795966
4019.921047  0.466748
4020.543854  0.4322942
4021.166661  0.4061367
4021.789468  0.3985789
4022.412275  0.4035466
4023.035082  0.395975
4023.657889  0.3587753
4024.280696  0.3222487
4024.903503  0.3402178
4025.52631  0.3979712
4026.149117  0.4367078
4026.771924  0.4398894
4027.394731  0.4494269
4028.017538  0.4951785
4028.640345  0.5177681
4029.263152  0.467965
4029.885959  0.3533315
4030.508766  0.2389898
4031.131573  0.2142796
4031.75438  0.2441499
4032.377187  0.2394404
4032.999994  0.2065112
4033.622801  0.1927108
4034.245608  0.213623
4034.868415  0.2622208
4035.491222  0.3311648
4036.114029  0.4051238
4036.736836  0.4713071
4037.359643  0.5052935
4037.98245  0.5011507
4038.605257  0.4819808
4039.228064  0.4612535
4039.850871  0.4361894
4040.473678  0.4115804
4041.096485  0.3961871
4041.719292  0.4041572
4042.342099  0.4263055
4042.964906  0.4238746
4043.587713  0.3650289
4044.21052  0.2832319
4044.833327  0.2102523
4045.456134  0.1615348
4046.078941  0.1647395
4046.701748  0.2186138
4047.324555  0.2957951
4047.947362  0.3618018
4048.570169  0.4009807
4049.192976  0.4245439
4049.815783  0.4548215
4050.43859  0.4827294
4051.061397  0.4923345
4051.684204  0.4898385
4052.307011  0.4819415
4052.929818  0.475095
4053.552625  0.4577473
4054.175432  0.4084399
4054.798239  0.3608634
4055.421046  0.3619536
4056.043853  0.3999798
4056.66666  0.3969335
4057.289467  0.3493679
4057.912274  0.3149199
4058.535081  0.3265064
4059.157888  0.360595
4059.780695  0.4003662
4060.403502  0.4302748
4061.026309  0.4345159
4061.649116  0.4069652
4062.271923  0.3436334
4062.89473  0.2572615
4063.517537  0.1943949
4064.140344  0.2005348
4064.763151  0.2809928
4065.385958  0.3775069
4066.008765  0.4154764
4066.631572  0.3889869
4067.254379  0.3622074
4067.877186  0.3680544
4068.499993  0.4162343
4069.1228  0.4824895
4069.745607  0.5032078
4070.368414  0.4452805
4070.991221  0.3335435
4071.614028  0.2460036
4072.236835  0.2572765
4072.859642  0.353542
4073.482449  0.4496739
4074.105256  0.4856654
4074.728063  0.4624082
4075.35087  0.4058252
4075.973677  0.3329282
4076.596484  0.2661841
4077.219291  0.2284209
4077.842098  0.2407144
4078.464905  0.2921289
4079.087712  0.3568457
4079.710519  0.4208994
4080.333326  0.4936222
4080.956133  0.5604982
4081.57894  0.5748078
4082.201747  0.5037352
4082.824554  0.4383295
4083.447361  0.4377258
4084.070168  0.4817105
4084.692975  0.4903781
4085.315782  0.4670176
4085.938589  0.4543757
4086.561396  0.4669187
4087.184203  0.5173406
4087.80701  0.5865777
4088.429817  0.6330559
4089.052624  0.6503168
4089.675431  0.6185684
4090.298238  0.5584262
4090.921045  0.5531599
4091.543852  0.5373775
4092.166659  0.4862064
4092.789466  0.472673
4093.412273  0.5344685
4094.03508  0.588693
4094.657887  0.5460666
4095.280694  0.4500909
4095.903501  0.3721788
4096.526308  0.3539736
4097.149115  0.3842192
4097.771922  0.409168
4098.394729  0.4156627
4099.017536  0.4179397
4099.640343  0.3982843
4100.26315  0.3476114
4100.885957  0.2948952
4101.508764  0.299075
4102.131571  0.3502367
4102.754378  0.4065687
4103.377185  0.4311102
4103.999992  0.4207148
4104.622799  0.4245214
4105.245606  0.4766149
4105.868413  0.5418382
4106.49122  0.5779423
4107.114027  0.5658142
4107.736834  0.5259089
4108.359641  0.5201133
4108.982448  0.5160153
4109.605255  0.4680077
4110.228062  0.4261017
4110.850869  0.396338
4111.473676  0.3722675
4112.096483  0.3589413
4112.71929  0.3851544
4113.342097  0.438449
4113.964904  0.4759359
4114.587711  0.470824
4115.210518  0.4491017
4115.833325  0.4422348
4116.456132  0.4514694
4117.078939  0.4674293
4117.701746  0.4477227
4118.324553  0.3734585
4118.94736  0.3432719
4119.570167  0.3766872
4120.192974  0.427518
4120.815781  0.4383695
4121.438588  0.4196602
4122.061395  0.4027734
4122.684202  0.4050017
4123.307009  0.3990209
4123.929816  0.4323524
4124.552623  0.5235899
4125.17543  0.5632034
4125.798237  0.5579605
4126.421044  0.5362428
4127.043851  0.5025491
4127.666658  0.4545893
4128.289465  0.4246991
4128.912272  0.4299662
4129.535079  0.4018612
4130.157886  0.3797302
4130.780693  0.3802265
4131.4035  0.3451392
4132.026307  0.3082093
4132.649114  0.3109993
4133.271921  0.353006
4133.894728  0.3604353
4134.517535  0.3706506
4135.140342  0.4238311
4135.763149  0.4758434
4136.385956  0.4773603
4137.008763  0.4493428
4137.63157  0.4535605
4138.254377  0.4730616
4138.877184  0.4729029
4139.499991  0.4497978
4140.122798  0.4528607
4140.745605  0.4744596
4141.368412  0.4636116
4141.991219  0.3746825
4142.614026  0.2723517
4143.236833  0.2081353
4143.85964  0.2066746
4144.482447  0.2732794
4145.105254  0.3575597
4145.728061  0.415514
4146.350868  0.4457536
4146.973675  0.4588425
4147.596482  0.4584998
4148.219289  0.4428743
4148.842096  0.4174789
4149.464903  0.3893642
4150.08771  0.3733134
4150.710517  0.3859416
4151.333324  0.3910479
4151.956131  0.3809222
4152.578938  0.3810895
4153.201745  0.3971766
4153.824552  0.4148282
4154.447359  0.4236474
4155.070166  0.4293222
4155.692973  0.4150792
4156.31578  0.398926
4156.938587  0.4204939
4157.561394  0.4662011
4158.184201  0.5114779
4158.807008  0.5294598
4159.429815  0.5148751
4160.052622  0.4996535
4160.675429  0.4898087
4161.298236  0.4783476
4161.921043  0.5179037
4162.54385  0.5800057
4163.166657  0.5925731
4163.789464  0.535271
4164.412271  0.4569869
4165.035078  0.4208141
4165.657885  0.4497243
4166.280692  0.470717
4166.903499  0.4481966
4167.526306  0.4138078
4168.149113  0.4142008
4168.77192  0.4323717
4169.394727  0.4515362
4170.017534  0.4894814
4170.640341  0.5003849
4171.263148  0.4507151
4171.885955  0.3510031
4172.508762  0.2871347
4173.131569  0.2871063
4173.754376  0.3206823
4174.377183  0.351457
4174.99999  0.3826021
4175.622797  0.4131872
4176.245604  0.4292002
4176.868411  0.4141133
4177.491218  0.3953124
4178.114025  0.4130674
4178.736832  0.4587845
4179.359639  0.4958403
4179.982446  0.5013812
4180.605253  0.4834098
4181.22806  0.4419163
4181.850867  0.4086533
4182.473674  0.4193386
4183.096481  0.4577572
4183.719288  0.4976708
4184.342095  0.5364175
4184.964902  0.5906816
4185.587709  0.6008142
4186.210516  0.5328757
4186.833323  0.4244741
4187.45613  0.3892582
4188.078937  0.4452177
4188.701744  0.5194981
4189.324551  0.5258718
4189.947358  0.4909712
4190.570165  0.4434838
4191.192972  0.4021212
4191.815779  0.4485114
4192.438586  0.5387648
4193.061393  0.5897815
4193.6842  0.5842695
4194.307007  0.5447324
4194.929814  0.5015751
4195.552621  0.4621612
4196.175428  0.4274093
4196.798235  0.4078259
4197.421042  0.4021464
4198.043849  0.3764142
4198.666656  0.3597609
4199.289463  0.374024
4199.91227  0.3976351
4200.535077  0.3976019
4201.157884  0.3609626
4201.780691  0.3217537
4202.403498  0.3495544
4203.026305  0.4168397
4203.649112  0.4548134
4204.271919  0.4324211
4204.894726  0.4200143
4205.517533  0.4493901
4206.14034  0.4820044
4206.763147  0.5028627
4207.385954  0.5312402
4208.008761  0.576327
4208.631568  0.6064786
4209.254375  0.5854404
4209.877182  0.5341173
4210.499989  0.5221674
4211.122796  0.5478114
4211.745603  0.5733044
4212.36841  0.5650799
4212.991217  0.5341814
4213.614024  0.4921853
4214.236831  0.4324918
4214.859638  0.3520165
4215.482445  0.3234419
4216.105252  0.402559
4216.728059  0.5515934
4217.350866  0.6186062
4217.973673  0.6188632
4218.59648  0.6120358
4219.219287  0.6046768
4219.842094  0.5936238
4220.464901  0.5839671
4221.087708  0.5827427
4221.710515  0.5329067
4222.333322  0.4488852
4222.956129  0.3757974
4223.578936  0.3200595
4224.201743  0.26366
4224.82455  0.1974854
4225.447357  0.1354052
4226.070164  0.08601552
4226.692971  0.06415138
4227.315778  0.08256622
4227.938585  0.1395293
4228.561392  0.2038561
4229.184199  0.2579643
4229.807006  0.3213534
4230.429813  0.4231285
4231.05262  0.511749
4231.675427  0.5169784
4232.298234  0.4527113
4232.921041  0.3943554
4233.543848  0.400435
4234.166655  0.454676
4234.789462  0.4813152
4235.412269  0.465598
4236.035076  0.4541808
4236.657883  0.4807778
4237.28069  0.5206682
4237.903497  0.5461576
4238.526304  0.5662218
4239.149111  0.5641866
4239.771918  0.549013
4240.394725  0.5505708
4241.017532  0.564494
4241.640339  0.5912621
4242.263146  0.6324183
4242.885953  0.683274
4243.50876  0.7885091
4244.131567  0.9053574
4244.754374  0.923197
4245.377181  0.8481596
4245.999988  0.7408103
4246.622795  0.6620904
4247.245602  0.6182135
4247.868409  0.6277277
4248.491216  0.6592499
4249.114023  0.6350469
4249.73683  0.5200371
4250.359637  0.395107
4250.982444  0.372796
4251.605251  0.4345804
4252.228058  0.5039391
4252.850865  0.5005779
4253.473672  0.3978337
4254.096479  0.2978312
4254.719286  0.2955213
4255.342093  0.3978223
4255.9649  0.519635
4256.587707  0.6296124
4257.210514  0.6863519
4257.833321  0.6285921
4258.456128  0.5646192
4259.078935  0.5304285
4259.701742  0.4725078
4260.324549  0.418832
4260.947356  0.4320379
4261.570163  0.526711
4262.19297  0.6220289
4262.815777  0.7121645
4263.438584  0.792742
4264.061391  0.8380519
4264.684198  0.8600032
4265.307005  0.8624701
4265.929812  0.8423855
4266.552619  0.8121574
4267.175426  0.752947
4267.798233  0.6733674
4268.42104  0.622483
4269.043847  0.6067689
4269.666654  0.5740303
4270.289461  0.4709834
4270.912268  0.3325028
4271.535075  0.2471523
4272.157882  0.2702917
4272.780689  0.3622707
4273.403496  0.3948281
4274.026303  0.3371907
4274.64911  0.2816574
4275.271917  0.3474047
4275.894724  0.4744219
4276.517531  0.5709613
4277.140338  0.6620731
4277.763145  0.7518849
4278.385952  0.8087665
4279.008759  0.7881424
4279.631566  0.6819862
4280.254373  0.5934591
4280.87718  0.5996122
4281.499987  0.6237088
4282.122794  0.5986735
4282.745601  0.5692816
4283.368408  0.6294861
4283.991215  0.6625403
4284.614022  0.6354423
4285.236829  0.6026225
4285.859636  0.615208
4286.482443  0.6334105
4287.10525  0.6142355
4287.728057  0.5703759
4288.350864  0.486642
4288.973671  0.3666651
4289.596478  0.264618
4290.219285  0.2760684
4290.842092  0.3334113
4291.464899  0.3996516
4292.087706  0.5594014
4292.710513  0.6809686
4293.33332  0.6533445
4293.956127  0.5269855
4294.578934  0.5325778
4295.201741  0.6327315
4295.824548  0.6924666
4296.447355  0.7009123
4297.070162  0.6917926
4297.692969  0.6500455
4298.315776  0.5287624
4298.938583  0.3954302
4299.56139  0.3290757
4300.184197  0.363926
4300.807004  0.4595299
4301.429811  0.510872
4302.052618  0.4855006
4302.675425  0.4644524
4303.298232  0.5295458
4303.921039  0.6107832
4304.543846  0.5895755
4305.166653  0.4844585
4305.78946  0.3948556
4306.412267  0.3592511
4307.035074  0.3116848
4307.657881  0.2752369
4308.280688  0.2822551
4308.903495  0.3404501
4309.526302  0.427381
4310.149109  0.5487694
4310.771916  0.6845411
4311.394723  0.7648407
4312.01753  0.7791094
4312.640337  0.7670035
4313.263144  0.7520899
4313.885951  0.642497
4314.508758  0.5856479
4315.131565  0.7377928
4315.754372  0.9944109
4316.377179  1.13484
4316.999986  1.112148
4317.622793  1.062123
4318.2456  0.9652398
4318.868407  0.8966617
4319.491214  0.9001527
4320.114021  0.8296263
4320.736828  0.7555388
4321.359635  0.7749844
4321.982442  0.8661523
4322.605249  0.8731117
4323.228056  0.780947
4323.850863  0.6671561
4324.47367  0.5160567
4325.096477  0.3599081
4325.719284  0.2861748
4326.342091  0.3902956
4326.964898  0.6173425
4327.587705  0.87137
4328.210512  1.060568
4328.833319  1.100756
4329.456126  1.00125
4330.078933  0.8656944
4330.70174  0.8363845
4331.324547  0.8997753
4331.947354  0.9797223
4332.570161  1.020534
4333.192968  1.04999
4333.815775  1.089643
4334.438582  1.149987
4335.061389  1.236748
4335.684196  1.210871
4336.307003  1.000099
4336.92981  0.7083234
4337.552617  0.5817688
4338.175424  0.6338712
4338.798231  0.6980489
4339.421038  0.6525254
4340.043845  0.5661909
4340.666652  0.5723163
4341.289459  0.7265657
4341.912266  0.9126151
4342.535073  0.98538
4343.15788  0.9023337
4343.780687  0.8230928
4344.403494  0.8627709
4345.026301  0.9811893
4345.649108  0.9989508
4346.271915  0.9218549
4346.894722  0.8674707
4347.517529  0.947782
4348.140336  1.118744
4348.763143  1.266639
4349.38595  1.273652
4350.008757  1.085258
4350.631564  0.8029541
4351.254371  0.597149
4351.877178  0.5883402
4352.499985  0.7031418
4353.122792  0.8258939
4353.745599  0.8866056
4354.368406  0.9045008
4354.991213  0.9456241
4355.61402  1.033394
4356.236827  1.117252
4356.859634  1.166618
4357.482441  1.121869
4358.105248  0.9682471
4358.728055  0.846295
4359.350862  0.8114898
4359.973669  0.8455485
4360.596476  0.9055725
4361.219283  1.008547
4361.84209  1.100148
4362.464897  1.099661
4363.087704  1.073646
4363.710511  1.111725
4364.333318  1.217226
4364.956125  1.261301
4365.578932  1.224551
4366.201739  1.131259
4366.824546  1.008739
4367.447353  0.8599746
4368.07016  0.7941896
4368.692967  0.8819171
4369.315774  0.9809662
4369.938581  1.017454
4370.561388  1.009712
4371.184195  1.02432
4371.807002  1.057911
4372.429809  1.031392
4373.052616  0.8967429
4373.675423  0.7821459
4374.29823  0.6917887
4374.921037  0.6281419
4375.543844  0.6685935
4376.166651  0.8313631
4376.789458  1.023622
4377.412265  1.117049
4378.035072  1.126066
4378.657879  1.05124
4379.280686  0.9246604
4379.903493  0.8466657
4380.5263  0.8134286
4381.149107  0.7713118
4381.771914  0.6683229
4382.394721  0.4870614
4383.017528  0.3085703
4383.640335  0.2336111
4384.263142  0.2789934
4384.885949  0.4466569
4385.508756  0.6719721
4386.131563  0.8329079
4386.75437  0.8518557
4387.377177  0.801773
4387.999984  0.7996734
4388.622791  0.8154412
4389.245598  0.7949514
4389.868405  0.7438605
4390.491212  0.743255
4391.114019  0.7798061
4391.736826  0.837666
4392.359633  0.9024563
4392.98244  0.9034708
4393.605247  0.8401718
4394.228054  0.7589732
4394.850861  0.7146685
4395.473668  0.8382497
4396.096475  1.084463
4396.719282  1.238496
4397.342089  1.227294
4397.964896  1.143525
4398.587703  1.089137
4399.21051  0.9993076
4399.833317  0.8617808
4400.456124  0.7663848
4401.078931  0.8446671
4401.701738  1.03224
4402.324545  1.116392
4402.947352  0.9399414
4403.570159  0.6406628
4404.192966  0.3993334
4404.815773  0.3333572
4405.43858  0.4325669
4406.061387  0.5747406
4406.684194  0.6492494
4407.307001  0.6253725
4407.929808  0.5551029
4408.552615  0.5910903
4409.175422  0.7995138
4409.798229  1.017274
4410.421036  1.128683
4411.043843  1.118577
4411.66665  1.075166
4412.289457  1.102793
4412.912264  1.124166
4413.535071  0.9979941
4414.157878  0.7365249
4414.780685  0.5484136
4415.403492  0.5732349
4416.026299  0.7153568
4416.649106  0.8338631
4417.271913  0.9226032
4417.89472  1.048256
4418.517527  1.14486
4419.140334  1.173314
4419.763141  1.143708
4420.385948  1.081627
4421.008755  0.9861118
4421.631562  0.8662151
4422.254369  0.7747234
4422.877176  0.8029621
4423.499983  0.9198263
4424.12279  1.020539
4424.745597  1.036993
4425.368404  1.00436
4425.991211  0.9771196
4426.614018  0.959483
4427.236825  0.947149
4427.859632  1.007264
4428.482439  1.111944
4429.105246  1.038113
4429.728053  0.8475788
4430.35086  0.7654104
4430.973667  0.90673
4431.596474  1.096542
4432.219281  1.160126
4432.842088  1.072013
4433.464895  0.9168543
4434.087702  0.7601928
4434.710509  0.6400706
4435.333316  0.5991138
4435.956123  0.6963685
4436.57893  0.8862233
4437.201737  1.034427
4437.824544  1.12474
4438.447351  1.23537
4439.070158  1.351837
4439.692965  1.33
4440.315772  1.18662
4440.938579  1.001453
4441.561386  0.8410383
4442.184193  0.7584531
4442.807  0.7603544
4443.429807  0.8107604
4444.052614  0.9041786
4444.675421  1.069654
4445.298228  1.254335
4445.921035  1.325448
4446.543842  1.22972
4447.166649  1.121296
4447.789456  1.18513
4448.412263  1.308695
4449.03507  1.248284
4449.657877  1.043775
4450.280684  0.9928027
4450.903491  1.114631
4451.526298  1.226327
4452.149105  1.195009
4452.771912  1.076074
4453.394719  0.9921999
4454.017526  0.9334565
4454.640333  0.8150021
4455.26314  0.7492214
4455.885947  0.8046772
4456.508754  0.891397
4457.131561  0.9207888
4457.754368  0.8966053
4458.377175  0.8501235
4458.999982  0.7903442
4459.622789  0.7754173
4460.245596  0.7975842
4460.868403  0.75632
4461.49121  0.6532733
4462.114017  0.6464352
4462.736824  0.8427272
4463.359631  1.127095
4463.982438  1.233833
4464.605245  1.115472
4465.228052  0.9819955
4465.850859  0.9366773
4466.473666  0.9686368
4467.096473  1.027903
4467.71928  1.054285
4468.342087  1.000249
4468.964894  0.9177333
4469.587701  0.9281554
4470.210508  0.9967491
4470.833315  1.039572
4471.456122  1.036466
4472.078929  1.066034
4472.701736  1.171842
4473.324543  1.297715
4473.94735  1.308452
4474.570157  1.216242
4475.192964  1.128489
4475.815771  1.15053
4476.438578  1.286661
4477.061385  1.427169
4477.684192  1.47158
4478.306999  1.465798
4478.929806  1.376899
4479.552613  1.208627
4480.17542  1.058282
4480.798227  0.9926842
4481.421034  0.961218
4482.043841  0.8985985
4482.666648  0.9757466
4483.289455  1.144469
4483.912262  1.279682
4484.535069  1.362025
4485.157876  1.431353
4485.780683  1.510783
4486.40349  1.551252
4487.026297  1.480953
4487.649104  1.346026
4488.271911  1.223607
4488.894718  1.081533
4489.517525  0.8635017
4490.140332  0.4208093
4490.763139  0.4288229
4491.385946  0.4770379
4492.008753  0.5319106
4492.63156  0.5785798
4493.254367  0.6009157
4493.877174  0.5766231
4494.499981  0.4856562
4495.122788  0.4053873
4495.745595  0.382059
4496.368402  0.3841504
4496.991209  0.3899411
4497.614016  0.4181457
4498.236823  0.4941582
4498.85963  0.5574233
4499.482437  0.5997232
4500.105244  0.6385112
4500.728051  0.6511434
4501.350858  0.6052772
4501.973665  0.5194116
4502.596472  0.4894946
4503.219279  0.5578745
4503.842086  0.6816831
4504.464893  0.7586603
4505.0877  0.7695353
4505.710507  0.7359897
4506.333314  0.6881804
4506.956121  0.629082
4507.578928  0.5768636
4508.201735  0.5575165
4508.824542  0.5843368
