3820.  0.7433013
3820.622807  0.6700082
3821.245614  0.6984853
3821.868421  0.7939944
3822.491228  0.8675238
3823.114035  0.8694721
3823.736842  0.7969167
3824.359649  0.7071132
3824.982456  0.6702974
3825.605263  0.6559663
3826.22807  0.6611378
3826.850877  0.6831632
3827.473684  0.6710833
3828.096491  0.6543443
3828.719298  0.6486539
3829.342105  0.6315218
3829.964912  0.6496365
3830.587719  0.6824758
3831.210526  0.6664085
3831.833333  0.5823236
3832.45614  0.5032289
3833.078947  0.4798283
3833.701754  0.4771789
3834.324561  0.4499559
3834.947368  0.4043791
3835.570175  0.3871505
3836.192982  0.4257052
3836.815789  0.4907258
3837.438596  0.5288119
3838.061403  0.5119306
3838.68421  0.5140496
3839.307017  0.5574207
3839.929824  0.595722
3840.552631  0.6051763
3841.175438  0.6381584
3841.798245  0.7203159
3842.421052  0.7728022
3843.043859  0.7727991
3843.666666  0.7624147
3844.289473  0.7945189
3844.91228  0.8121575
3845.535087  0.7965737
3846.157894  0.7804483
3846.780701  0.8114629
3847.403508  0.8828762
3848.026315  0.9400336
3848.649122  0.9253389
3849.271929  0.870459
3849.894736  0.8217885
3850.517543  0.8187405
3851.14035  0.8868814
3851.763157  0.9486684
3852.385964  0.9495628
3853.008771  0.9238386
3853.631578  0.909043
3854.254385  0.913918
3854.877192  0.9120001
3855.499999  0.859511
3856.122806  0.8197352
3856.745613  0.8536379
3857.36842  0.9242471
3857.991227  0.9176012
3858.614034  0.8250769
3859.236841  0.7438906
3859.859648  0.7367644
3860.482455  0.7962083
3861.105262  0.8749799
3861.728069  0.9323112
3862.350876  0.9568452
3862.973683  0.9549019
3863.59649  0.9422694
3864.219297  0.9492775
3864.842104  0.9504637
3865.464911  0.9243143
3866.087718  0.9164766
3866.710525  0.9207885
3867.333332  0.9288298
3867.956139  0.9487624
3868.578946  0.9680725
3869.201753  0.9701092
3869.82456  0.9500058
3870.447367  0.92738
3871.070174  0.8942477
3871.692981  0.8378298
3872.315788  0.7650499
3872.938595  0.7285389
3873.561402  0.7572628
3874.184209  0.8342614
3874.807016  0.9079473
3875.429823  0.9356306
3876.05263  0.9259014
3876.675437  0.9291158
3877.298244  0.8800533
3877.921051  0.7702078
3878.543858  0.6883372
3879.166665  0.7586934
3879.789472  0.8891088
3880.412279  0.9416814
3881.035086  0.9143758
3881.657893  0.8441877
3882.2807  0.7793354
3882.903507  0.7533934
3883.526314  0.7652883
3884.149121  0.7721576
3884.771928  0.7379664
3885.394735  0.6812029
3886.017542  0.6197715
3886.640349  0.5804998
3887.263156  0.5767558
3887.885963  0.5370299
3888.50877  0.4585642
3889.131577  0.4045109
3889.754384  0.4410467
3890.377191  0.5287551
3890.999998  0.609369
3891.622805  0.6659412
3892.245612  0.7010266
3892.868419  0.713307
3893.491226  0.710047
3894.114033  0.728938
3894.73684  0.7453042
3895.359647  0.7456207
3895.982454  0.7666311
3896.605261  0.8139406
3897.228068  0.8418506
3897.850875  0.8126125
3898.473682  0.8025237
3899.096489  0.8059756
3899.719296  0.8018284
3900.342103  0.8197212
3900.96491  0.8737844
3901.587717  0.9231483
3902.210524  0.9057657
3902.833331  0.8380091
3903.456138  0.8014003
3904.078945  0.8306683
3904.701752  0.8339851
3905.324559  0.7884897
3905.947366  0.7441356
3906.570173  0.7687589
3907.19298  0.8273033
3907.815787  0.8818486
3908.438594  0.913627
3909.061401  0.9199455
3909.684208  0.9153479
3910.307015  0.9157231
3910.929822  0.9279664
3911.552629  0.9562803
3912.175436  0.9728762
3912.798243  0.9443394
3913.42105  0.8775316
3914.043857  0.8465405
3914.666664  0.8809616
3915.289471  0.9130647
3915.912278  0.889739
3916.535085  0.8525623
3917.157892  0.8684354
3917.780699  0.8739387
3918.403506  0.8508355
3919.026313  0.8275707
3919.64912  0.8394809
3920.271927  0.8293502
3920.894734  0.8090793
3921.517541  0.8413541
3922.140348  0.8650586
3922.763155  0.8697113
3923.385962  0.880185
3924.008769  0.9033238
3924.631576  0.8896233
3925.254383  0.8304628
3925.87719  0.7776925
3926.499997  0.7668273
3927.122804  0.7515252
3927.745611  0.6831875
3928.368418  0.6075627
3928.991225  0.5543638
3929.614032  0.5093954
3930.236839  0.4350109
3930.859646  0.3658856
3931.482453  0.3113081
3932.10526  0.2559498
3932.728067  0.1990759
3933.350874  0.1582694
3933.973681  0.1508134
3934.596488  0.1783691
3935.219295  0.2277013
3935.842102  0.2904287
3936.464909  0.3626378
3937.087716  0.4336941
3937.710523  0.496971
3938.33333  0.55941
3938.956137  0.6392184
3939.578944  0.7204483
3940.201751  0.7662649
3940.824558  0.7571936
3941.447365  0.7520038
3942.070172  0.7670897
3942.692979  0.779898
3943.315786  0.7620987
3943.938593  0.7349659
3944.5614  0.7376411
3945.184207  0.793973
3945.807014  0.8794829
3946.429821  0.9253215
3947.052628  0.8891862
3947.675435  0.8230925
3948.298242  0.786414
3948.921049  0.8007534
3949.543856  0.8418062
3950.166663  0.8799811
3950.78947  0.9011319
3951.412277  0.8979912
3952.035084  0.8502236
3952.657891  0.8083013
3953.280698  0.8261607
3953.903505  0.8985949
3954.526312  0.9413704
3955.149119  0.9111435
3955.771926  0.834218
3956.394733  0.7744213
3957.01754  0.7736767
3957.640347  0.8245122
3958.263154  0.8744677
3958.885961  0.9094871
3959.508768  0.9186108
3960.131575  0.886202
3960.754382  0.8079354
3961.377189  0.7254754
3961.999996  0.6820784
3962.622803  0.6744347
3963.24561  0.6666675
3963.868417  0.6422276
3964.491224  0.6103413
3965.114031  0.5519722
3965.736838  0.4695175
3966.359645  0.3809305
3966.982452  0.3000626
3967.605259  0.2310599
3968.228066  0.1820477
3968.850873  0.1681668
3969.47368  0.1955992
3970.096487  0.2534436
3970.719294  0.324704
3971.342101  0.4034245
3971.964908  0.4791836
3972.587715  0.5384746
3973.210522  0.5731484
3973.833329  0.6020691
3974.456136  0.6502907
3975.078943  0.7178013
3975.70175  0.7507752
3976.324557  0.75177
3976.947364  0.7564687
3977.570171  0.7908299
3978.192978  0.8321437
3978.815785  0.8696356
3979.438592  0.9114485
3980.061399  0.9432094
3980.684206  0.9439766
3981.307013  0.9109885
3981.92982  0.8747904
3982.552627  0.8773936
3983.175434  0.8991097
3983.798241  0.8864014
3984.421048  0.894767
3985.043855  0.9221415
3985.666662  0.9253644
3986.289469  0.889772
3986.912276  0.8812686
3987.535083  0.9269282
3988.15789  0.9715157
3988.780697  0.9776025
3989.403504  0.9529246
3990.026311  0.9354673
3990.649118  0.9572203
3991.271925  0.9866552
3991.894732  1.003344
3992.517539  1.032234
3993.140346  1.043783
3993.763153  1.027702
3994.38596  1.000724
3995.008767  0.9756818
3995.631574  0.9577152
3996.254381  0.9386153
3996.877188  0.9012025
3997.499995  0.8691615
3998.122802  0.8777781
3998.745609  0.9412104
3999.368416  1.017563
3999.991223  1.056315
4000.61403  1.043463
4001.236837  1.018954
4001.859644  1.012091
4002.482451  1.029878
4003.105258  1.055014
4003.728065  1.056929
4004.350872  0.9895219
4004.973679  0.8700567
4005.596486  0.8286159
4006.219293  0.8680027
4006.8421  0.9404883
4007.464907  1.008647
4008.087714  1.047349
4008.710521  1.049361
4009.333328  1.028856
4009.956135  1.020659
4010.578942  1.035571
4011.201749  1.050513
4011.824556  1.028926
4012.447363  1.019539
4013.07017  1.02607
4013.692977  1.017431
4014.315784  1.010676
4014.938591  1.02572
4015.561398  1.055984
4016.184205  1.063109
4016.807012  1.024352
4017.429819  0.9775215
4018.052626  0.9878724
4018.675433  1.05521
4019.29824  1.114873
4019.921047  1.117459
4020.543854  1.093629
4021.166661  1.064365
4021.789468  1.044555
4022.412275  1.042572
4023.035082  1.051438
4023.657889  1.032672
4024.280696  0.9780383
4024.903503  0.9642465
4025.52631  1.015034
4026.149117  1.090582
4026.771924  1.12321
4027.394731  1.113361
4028.017538  1.091441
4028.640345  1.078018
4029.263152  1.05116
4029.885959  0.9788116
4030.508766  0.8958872
4031.131573  0.8966688
4031.75438  0.9177845
4032.377187  0.9186795
4032.999994  0.9201973
4033.622801  0.9557509
4034.245608  0.9930944
4034.868415  1.004722
4035.491222  1.02141
4036.114029  1.049191
4036.736836  1.084272
4037.359643  1.117343
4037.98245  1.127569
4038.605257  1.117115
4039.228064  1.096524
4039.850871  1.066158
4040.473678  1.018454
4041.096485  0.9900818
4041.719292  1.033033
4042.342099  1.094497
4042.964906  1.110422
4043.587713  1.059254
4044.21052  0.9840272
4044.833327  0.8866647
4045.456134  0.8067356
4046.078941  0.8295233
4046.701748  0.9629123
4047.324555  1.09513
4047.947362  1.113914
4048.570169  1.072401
4049.192976  1.051594
4049.815783  1.07621
4050.43859  1.090962
4051.061397  1.075049
4051.684204  1.035011
4052.307011  0.995443
4052.929818  0.9867322
4053.552625  0.9800286
4054.175432  0.951915
4054.798239  0.9373787
4055.421046  0.9572649
4056.043853  0.9909096
4056.66666  0.9908321
4057.289467  0.9460267
4057.912274  0.9132556
4058.535081  0.9399731
4059.157888  0.9913576
4059.780695  1.04627
4060.403502  1.079685
4061.026309  1.071472
4061.649116  1.046264
4062.271923  0.9909165
4062.89473  0.9035119
4063.517537  0.8631225
4064.140344  0.9030837
4064.763151  0.9895293
4065.385958  1.042531
4066.008765  1.019039
4066.631572  0.9529958
4067.254379  0.9207968
4067.877186  0.9706118
4068.499993  1.046302
4069.1228  1.085381
4069.745607  1.086008
4070.368414  1.032545
4070.991221  0.9504451
4071.614028  0.9001448
4072.236835  0.9334256
4072.859642  1.004531
4073.482449  1.044067
4074.105256  1.035934
4074.728063  1.010584
4075.35087  0.9788614
4075.973677  0.9241049
4076.596484  0.8463481
4077.219291  0.7902952
4077.842098  0.795866
4078.464905  0.8476149
4079.087712  0.8953601
4079.710519  0.9290711
4080.333326  0.9813043
4080.956133  1.028645
4081.57894  1.044049
4082.201747  1.018769
4082.824554  0.9734676
4083.447361  0.9357792
4084.070168  0.9203901
4084.692975  0.9217721
4085.315782  0.9289611
4085.938589  0.9410241
4086.561396  0.9641513
4087.184203  0.9980218
4087.80701  1.023003
4088.429817  1.025672
4089.052624  1.014708
4089.675431  0.9995445
4090.298238  0.9877771
4090.921045  0.9790691
4091.543852  0.9593468
4092.166659  0.9405779
4092.789466  0.9428636
4093.412273  0.9672686
4094.03508  0.969884
4094.657887  0.9346755
4095.280694  0.8884686
4095.903501  0.8535767
4096.526308  0.8385221
4097.149115  0.8315533
4097.771922  0.806812
4098.394729  0.782715
4099.017536  0.7652254
4099.640343  0.7260768
4100.26315  0.6384935
4100.885957  0.5220519
4101.508764  0.4379543
4102.131571  0.4537789
4102.754378  0.5471255
4103.377185  0.654289
4103.999992  0.7273498
4104.622799  0.7848299
4105.245606  0.8314009
4105.868413  0.8558468
4106.49122  0.8654286
4107.114027  0.8749745
4107.736834  0.8876865
4108.359641  0.8892714
4108.982448  0.8828874
4109.605255  0.880141
4110.228062  0.8914999
4110.850869  0.915509
4111.473676  0.9379718
4112.096483  0.9493897
4112.71929  0.959729
4113.342097  0.9731766
4113.964904  0.9849237
4114.587711  0.9925708
4115.210518  1.014777
4115.833325  1.046047
4116.456132  1.063959
4117.078939  1.054978
4117.701746  1.003365
4118.324553  0.938462
4118.94736  0.9210939
4119.570167  0.9532795
4120.192974  0.9941464
4120.815781  1.003532
4121.438588  0.9849042
4122.061395  0.9612194
4122.684202  0.9542288
4123.307009  0.9704743
4123.929816  1.000958
4124.552623  1.022193
4125.17543  1.018019
4125.798237  1.00377
4126.421044  0.9871416
4127.043851  0.9648755
4127.666658  0.9320846
4128.289465  0.9346944
4128.912272  0.9717658
4129.535079  0.9992629
4130.157886  1.017843
4130.780693  1.006206
4131.4035  0.956556
4132.026307  0.9065863
4132.649114  0.9048697
4133.271921  0.9372497
4133.894728  0.9487539
4134.517535  0.9706655
4135.140342  1.02196
4135.763149  1.075457
4136.385956  1.065101
4137.008763  1.034308
4137.63157  1.040354
4138.254377  1.085551
4138.877184  1.113882
4139.499991  1.113018
4140.122798  1.1076
4140.745605  1.10873
4141.368412  1.092532
4141.991219  1.041973
4142.614026  0.9748273
4143.236833  0.9198139
4143.85964  0.9233577
4144.482447  1.000023
4145.105254  1.061605
4145.728061  1.075341
4146.350868  1.060573
4146.973675  1.053223
4147.596482  1.061995
4148.219289  1.062312
4148.842096  1.029705
4149.464903  1.00145
4150.08771  1.009945
4150.710517  1.043158
4151.333324  1.040156
4151.956131  1.030933
4152.578938  1.035796
4153.201745  1.026293
4153.824552  0.9737358
4154.447359  0.9431887
4155.070166  0.9818861
4155.692973  0.9881
4156.31578  0.9640059
4156.938587  0.9590662
4157.561394  0.9986151
4158.184201  1.019992
4158.807008  1.026477
4159.429815  1.050848
4160.052622  1.045928
4160.675429  1.016544
4161.298236  1.005249
4161.921043  1.047031
4162.54385  1.091904
4163.166657  1.100778
4163.789464  1.083084
4164.412271  1.084869
4165.035078  1.098922
4165.657885  1.094371
4166.280692  1.06048
4166.903499  1.007454
4167.526306  0.9823431
4168.149113  1.02516
4168.77192  1.073326
4169.394727  1.088802
4170.017534  1.066116
4170.640341  1.012543
4171.263148  0.9439741
4171.885955  0.88187
4172.508762  0.8470095
4173.131569  0.8452425
4173.754376  0.8780955
4174.377183  0.9344202
4174.99999  0.977225
4175.622797  0.9986339
4176.245604  0.9956305
4176.868411  0.9651762
4177.491218  0.9347659
4178.114025  0.924795
4178.736832  0.9428125
4179.359639  0.9991482
4179.982446  1.060574
4180.605253  1.074448
4181.22806  1.013983
4181.850867  0.9561647
4182.473674  0.9507467
4183.096481  0.9768446
4183.719288  0.9752402
4184.342095  0.9796654
4184.964902  1.027044
4185.587709  1.067892
4186.210516  1.03787
4186.833323  0.9581643
4187.45613  0.9198886
4188.078937  0.9458157
4188.701744  1.007849
4189.324551  1.059438
4189.947358  1.074987
4190.570165  1.046692
4191.192972  1.01061
4191.815779  1.024522
4192.438586  1.079534
4193.061393  1.128494
4193.6842  1.129555
4194.307007  1.093677
4194.929814  1.032599
4195.552621  0.9818779
4196.175428  0.9897165
4196.798235  1.012925
4197.421042  0.9865004
4198.043849  0.9031268
4198.666656  0.8821096
4199.289463  0.9390906
4199.91227  1.010826
4200.535077  1.025849
4201.157884  0.9881632
4201.780691  0.9479529
4202.403498  0.9536207
4203.026305  0.9906433
4203.649112  1.009945
4204.271919  0.9937973
4204.894726  0.9937211
4205.517533  1.006577
4206.14034  1.017755
4206.763147  1.025408
4207.385954  1.041008
4208.008761  1.05363
4208.631568  1.046775
4209.254375  1.028101
4209.877182  1.017389
4210.499989  1.029312
4211.122796  1.062265
4211.745603  1.093882
4212.36841  1.105459
4212.991217  1.09643
4213.614024  1.08853
4214.236831  1.057671
4214.859638  0.9904095
4215.482445  0.9231434
4216.105252  0.9307956
4216.728059  0.9973967
4217.350866  1.043625
4217.973673  1.055376
4218.59648  1.041754
4219.219287  1.024455
4219.842094  1.023741
4220.464901  1.052846
4221.087708  1.080151
4221.710515  1.063621
4222.333322  1.046153
4222.956129  1.034789
4223.578936  1.010219
4224.201743  0.9651523
4224.82455  0.9170112
4225.447357  0.8612703
4226.070164  0.7831568
4226.692971  0.7462001
4227.315778  0.8106415
4227.938585  0.9583686
4228.561392  1.051654
4229.184199  1.072424
4229.807006  1.068743
4230.429813  1.082317
4231.05262  1.096486
4231.675427  1.080106
4232.298234  1.022502
4232.921041  0.9506218
4233.543848  0.9408025
4234.166655  0.9932107
4234.789462  0.9964174
4235.412269  0.9631789
4236.035076  0.9494011
4236.657883  0.9820144
4237.28069  1.004524
4237.903497  0.9916444
4238.526304  0.9571688
4239.149111  0.9322994
4239.771918  0.9423178
4240.394725  0.988782
4241.017532  1.043559
4241.640339  1.050081
4242.263146  1.020065
4242.885953  1.004413
4243.50876  1.030981
4244.131567  1.055519
4244.754374  1.042013
4245.377181  1.004212
4245.999988  0.959776
4246.622795  0.9240916
4247.245602  0.9149613
4247.868409  0.9563248
4248.491216  1.005337
4249.114023  1.008641
4249.73683  0.9592432
4250.359637  0.9353788
4250.982444  0.9745007
4251.605251  1.042331
4252.228058  1.071887
4252.850865  1.058826
4253.473672  1.026981
4254.096479  0.9908079
4254.719286  0.9882575
4255.342093  1.018622
4255.9649  1.047519
4256.587707  1.07614
4257.210514  1.066362
4257.833321  1.009223
4258.456128  0.9754331
4259.078935  0.9552562
4259.701742  0.9220915
4260.324549  0.8833932
4260.947356  0.9095818
4261.570163  0.9794477
4262.19297  1.030653
4262.815777  1.06211
4263.438584  1.067966
4264.061391  1.059651
4264.684198  1.062348
4265.307005  1.072307
4265.929812  1.074595
4266.552619  1.057838
4267.175426  1.025419
4267.798233  1.002554
4268.42104  1.003536
4269.043847  1.011296
4269.666654  1.012697
4270.289461  0.9801213
4270.912268  0.9063502
4271.535075  0.8686571
4272.157882  0.9018698
4272.780689  0.9682382
4273.403496  0.9826739
4274.026303  0.9554483
4274.64911  0.9350107
4275.271917  0.9564694
4275.894724  1.008179
4276.517531  1.051987
4277.140338  1.063125
4277.763145  1.059553
4278.385952  1.048948
4279.008759  1.030498
4279.631566  1.006752
4280.254373  1.002801
4280.87718  1.011986
4281.499987  1.006142
4282.122794  0.9739992
4282.745601  0.9630275
4283.368408  0.9915427
4283.991215  1.013919
4284.614022  1.003232
4285.236829  0.9767877
4285.859636  0.9685599
4286.482443  0.9683084
4287.10525  0.9602359
4287.728057  0.9392474
4288.350864  0.909577
4288.973671  0.8493005
4289.596478  0.7923445
4290.219285  0.8040184
4290.842092  0.8689011
4291.464899  0.9448776
4292.087706  0.9984788
4292.710513  1.023272
4293.33332  0.9991997
4293.956127  0.950704
4294.578934  0.9372337
4295.201741  0.9559509
4295.824548  0.9636776
4296.447355  0.9396897
4297.070162  0.937206
4297.692969  0.9264574
4298.315776  0.8712922
4298.938583  0.7881292
4299.56139  0.7471005
4300.184197  0.7675694
4300.807004  0.8111317
4301.429811  0.8250465
4302.052618  0.8066254
4302.675425  0.7982045
4303.298232  0.8477653
4303.921039  0.9009858
4304.543846  0.9079328
4305.166653  0.8747193
4305.78946  0.8690102
4306.412267  0.8771952
4307.035074  0.8554509
4307.657881  0.8017156
4308.280688  0.7798876
4308.903495  0.806984
4309.526302  0.8442736
4310.149109  0.8929861
4310.771916  0.9366951
4311.394723  0.9548879
4312.01753  0.943579
4312.640337  0.9322023
4313.263144  0.920234
4313.885951  0.8805439
4314.508758  0.8606067
4315.131565  0.9013005
4315.754372  0.9882929
4316.377179  1.039037
4316.999986  1.051919
4317.622793  1.046302
4318.2456  1.023893
4318.868407  1.018852
4319.491214  1.017857
4320.114021  0.9873344
4320.736828  0.9506891
4321.359635  0.954989
4321.982442  0.9968147
4322.605249  1.000253
4323.228056  0.9753202
4323.850863  0.9361556
4324.47367  0.8793231
4325.096477  0.8065192
4325.719284  0.7813781
4326.342091  0.838525
4326.964898  0.9105048
4327.587705  0.9655874
4328.210512  0.9980453
4328.833319  1.009948
4329.456126  0.9835795
4330.078933  0.9414496
4330.70174  0.9209993
4331.324547  0.9323775
4331.947354  0.9511063
4332.570161  0.9514177
4333.192968  0.9311047
4333.815775  0.9187301
4334.438582  0.9206213
4335.061389  0.919043
4335.684196  0.892454
4336.307003  0.8289385
4336.92981  0.7441428
4337.552617  0.6790562
4338.175424  0.6485467
4338.798231  0.6122284
4339.421038  0.5249089
4340.043845  0.4348582
4340.666652  0.4259274
4341.289459  0.5244866
4341.912266  0.6502882
4342.535073  0.7283567
4343.15788  0.7457039
4343.780687  0.7493724
4344.403494  0.7826607
4345.026301  0.8371267
4345.649108  0.8798302
4346.271915  0.897272
4346.894722  0.9062799
4347.517529  0.9227563
4348.140336  0.9437243
4348.763143  0.9661155
4349.38595  0.976974
4350.008757  0.9573889
4350.631564  0.888631
4351.254371  0.8099008
4351.877178  0.7837407
4352.499985  0.846244
4353.122792  0.9297205
4353.745599  0.9733624
4354.368406  0.9684871
4354.991213  0.9657679
4355.61402  0.9879739
4356.236827  1.023737
4356.859634  1.039248
4357.482441  1.020866
4358.105248  0.9829831
4358.728055  0.9562023
4359.350862  0.9568985
4359.973669  0.9841291
4360.596476  1.021889
4361.219283  1.048827
4361.84209  1.052985
4362.464897  1.046126
4363.087704  1.052745
4363.710511  1.066713
4364.333318  1.079669
4364.956125  1.086658
4365.578932  1.081544
4366.201739  1.059364
4366.824546  1.017714
4367.447353  0.9668531
4368.07016  0.9666137
4368.692967  0.993701
4369.315774  0.9923107
4369.938581  0.9927167
4370.561388  1.005202
4371.184195  1.02458
4371.807002  1.042037
4372.429809  1.051364
4373.052616  1.029786
4373.675423  0.9629703
4374.29823  0.8950328
4374.921037  0.8761073
4375.543844  0.9188153
4376.166651  0.9801253
4376.789458  1.035815
4377.412265  1.068158
4378.035072  1.06907
4378.657879  1.05545
4379.280686  1.040457
4379.903493  1.035423
4380.5263  1.054659
4381.149107  1.073876
4381.771914  1.053965
4382.394721  0.972586
4383.017528  0.8639818
4383.640335  0.7918552
4384.263142  0.7967532
4384.885949  0.8461189
4385.508756  0.9201722
4386.131563  0.9871423
4386.75437  1.004699
4387.377177  0.9932141
4387.999984  0.9819324
4388.622791  0.9853624
4389.245598  0.9927657
4389.868405  0.9862609
4390.491212  0.96931
4391.114019  0.973236
4391.736826  1.004807
4392.359633  1.037951
4392.98244  1.036474
4393.605247  0.999742
4394.228054  0.9452192
4394.850861  0.9086457
4395.473668  0.9302012
4396.096475  0.9998382
4396.719282  1.063338
4397.342089  1.067836
4397.964896  1.047291
4398.587703  1.022287
4399.21051  0.9876049
4399.833317  0.932393
4400.456124  0.8963661
4401.078931  0.9149879
4401.701738  0.9792614
4402.324545  1.038484
4402.947352  1.049426
4403.570159  1.003119
4404.192966  0.9351746
4404.815773  0.9208115
4405.43858  0.9824439
4406.061387  1.04706
4406.684194  1.049555
4407.307001  0.9963839
4407.929808  0.9479209
4408.552615  0.9425722
4409.175422  0.9801039
4409.798229  1.026466
4410.421036  1.036671
4411.043843  1.030233
4411.66665  1.038191
4412.289457  1.067477
4412.912264  1.080209
4413.535071  1.054651
4414.157878  0.9920588
4414.780685  0.9170335
4415.403492  0.9025598
4416.026299  0.9464813
4416.649106  0.961035
4417.271913  0.9483954
4417.89472  0.9515239
4418.517527  0.9987013
4419.140334  1.05241
4419.763141  1.085095
4420.385948  1.083674
4421.008755  1.050238
4421.631562  1.005903
4422.254369  0.9762748
4422.877176  0.9768434
4423.499983  1.001718
4424.12279  1.022683
4424.745597  1.024771
4425.368404  1.024724
4425.991211  1.020448
4426.614018  1.006914
4427.236825  0.9937048
4427.859632  1.01634
4428.482439  1.050731
4429.105246  1.048454
4429.728053  0.9969301
4430.35086  0.9637558
4430.973667  0.9814114
4431.596474  1.010153
4432.219281  1.017135
4432.842088  1.000926
4433.464895  0.976433
4434.087702  0.9452119
4434.710509  0.9145846
4435.333316  0.9060378
4435.956123  0.9430045
4436.57893  0.9971142
4437.201737  1.040984
4437.824544  1.064832
4438.447351  1.07182
4439.070158  1.0698
4439.692965  1.060427
4440.315772  1.037748
4440.938579  1.006683
4441.561386  0.9674734
4442.184193  0.9211295
4442.807  0.8856874
4443.429807  0.8791929
4444.052614  0.9129996
4444.675421  0.9834946
4445.298228  1.042255
4445.921035  1.052476
4446.543842  1.019621
4447.166649  0.9921443
4447.789456  1.000877
4448.412263  1.033547
4449.03507  1.03898
4449.657877  1.00538
4450.280684  0.9661463
4450.903491  0.9694808
4451.526298  1.000691
4452.149105  1.025964
4452.771912  1.021491
4453.394719  0.9921321
4454.017526  0.931112
4454.640333  0.8637347
4455.26314  0.8532264
4455.885947  0.888341
4456.508754  0.9320698
4457.131561  0.9521909
4457.754368  0.944998
4458.377175  0.9225173
4458.999982  0.9117298
4459.622789  0.9406236
4460.245596  0.9596427
4460.868403  0.9331939
4461.49121  0.8858102
4462.114017  0.902254
4462.736824  0.9639726
4463.359631  0.9975594
4463.982438  0.9774585
4464.605245  0.9622048
4465.228052  0.9740826
4465.850859  0.9718559
4466.473666  0.972755
4467.096473  0.9762461
4467.71928  0.9621641
4468.342087  0.9212583
4468.964894  0.8978902
4469.587701  0.9154286
4470.210508  0.9399993
4470.833315  0.9711855
4471.456122  0.997691
4472.078929  1.006171
4472.701736  1.008139
4473.324543  1.027414
4473.94735  1.058035
4474.570157  1.05202
4475.192964  1.018558
4475.815771  0.9935737
4476.438578  1.005394
4477.061385  1.032659
4477.684192  1.049636
4478.306999  1.041927
4478.929806  1.009228
4479.552613  0.9627678
4480.17542  0.9079828
4480.798227  0.848976
4481.421034  0.8269501
4482.043841  0.8610839
4482.666648  0.9302238
4483.289455  0.9822442
4483.912262  1.007204
4484.535069  1.017892
4485.157876  1.025611
4485.780683  1.035316
4486.40349  1.039653
4487.026297  1.026215
4487.649104  0.992868
4488.271911  0.9492934
4488.894718  0.9151399
4489.517525  0.2418311
4490.140332  0.
4490.763139  0.
4491.385946  0.
4492.008753  0.
4492.63156  0.
4493.254367  0.
4493.877174  0.
4494.499981  0.
4495.122788  0.
4495.745595  0.
4496.368402  0.
4496.991209  0.
4497.614016  0.
4498.236823  0.
4498.85963  0.
4499.482437  0.
4500.105244  0.
4500.728051  0.
4501.350858  0.
4501.973665  0.
4502.596472  0.
4503.219279  0.
4503.842086  0.
4504.464893  0.
4505.0877  0.
4505.710507  0.
4506.333314  0.
4506.956121  0.
4507.578928  0.
4508.201735  0.
4508.824542  0.
