3820.  0.110729
3820.622807  0.08277299
3821.245614  0.08835671
3821.868421  0.1231102
3822.491228  0.163349
3823.114035  0.1808782
3823.736842  0.1662683
3824.359649  0.1334936
3824.982456  0.1060738
3825.605263  0.0921831
3826.22807  0.09128341
3826.850877  0.1049128
3827.473684  0.120309
3828.096491  0.1297467
3828.719298  0.1370752
3829.342105  0.1469054
3829.964912  0.1612931
3830.587719  0.1771622
3831.210526  0.1864895
3831.833333  0.1723761
3832.45614  0.1412947
3833.078947  0.1224776
3833.701754  0.1106222
3834.324561  0.1098553
3834.947368  0.1301976
3835.570175  0.1659527
3836.192982  0.1979704
3836.815789  0.2082303
3837.438596  0.192246
3838.061403  0.1581925
3838.68421  0.1299652
3839.307017  0.1245867
3839.929824  0.1207989
3840.552631  0.1095597
3841.175438  0.1064307
3841.798245  0.1407171
3842.421052  0.1935734
3843.043859  0.2325286
3843.666666  0.240818
3844.289473  0.2383207
3844.91228  0.2309832
3845.535087  0.2168662
3846.157894  0.2021926
3846.780701  0.1998026
3847.403508  0.2086194
3848.026315  0.2125125
3848.649122  0.2056146
3849.271929  0.1807804
3849.894736  0.1449006
3850.517543  0.1304411
3851.14035  0.1537366
3851.763157  0.1972025
3852.385964  0.2203399
3853.008771  0.2098382
3853.631578  0.1833979
3854.254385  0.1691966
3854.877192  0.1765045
3855.499999  0.1808564
3856.122806  0.1674826
3856.745613  0.1536354
3857.36842  0.1550953
3857.991227  0.1591841
3858.614034  0.1431691
3859.236841  0.1178783
3859.859648  0.09963663
3860.482455  0.09887194
3861.105262  0.1148234
3861.728069  0.1487987
3862.350876  0.1916927
3862.973683  0.2244673
3863.59649  0.2274345
3864.219297  0.2152906
3864.842104  0.2034848
3865.464911  0.179966
3866.087718  0.1734435
3866.710525  0.1874225
3867.333332  0.1923214
3867.956139  0.1853321
3868.578946  0.1758481
3869.201753  0.170083
3869.82456  0.1597464
3870.447367  0.1425389
3871.070174  0.1276025
3871.692981  0.1276881
3872.315788  0.1284985
3872.938595  0.135692
3873.561402  0.1659755
3874.184209  0.21803
3874.807016  0.2616861
3875.429823  0.2755521
3876.05263  0.2671386
3876.675437  0.2465113
3877.298244  0.2103941
3877.921051  0.1599573
3878.543858  0.1351214
3879.166665  0.1545029
3879.789472  0.1971552
3880.412279  0.2128237
3881.035086  0.193019
3881.657893  0.1555438
3882.2807  0.1320777
3882.903507  0.1581478
3883.526314  0.2418919
3884.149121  0.3360105
3884.771928  0.3471695
3885.394735  0.2817166
3886.017542  0.1951203
3886.640349  0.1459873
3887.263156  0.1680702
3887.885963  0.2199604
3888.50877  0.2470776
3889.131577  0.259134
3889.754384  0.282241
3890.377191  0.3193218
3890.999998  0.348874
3891.622805  0.3875955
3892.245612  0.4258097
3892.868419  0.4398217
3893.491226  0.4302608
3894.114033  0.413432
3894.73684  0.3825618
3895.359647  0.3142432
3895.982454  0.2872337
3896.605261  0.3304172
3897.228068  0.3929991
3897.850875  0.3892441
3898.473682  0.3505307
3899.096489  0.321925
3899.719296  0.284196
3900.342103  0.2882782
3900.96491  0.3483471
3901.587717  0.4118093
3902.210524  0.3920988
3902.833331  0.3304749
3903.456138  0.3130063
3904.078945  0.3552921
3904.701752  0.3698664
3905.324559  0.3190444
3905.947366  0.2587581
3906.570173  0.2519741
3907.19298  0.2906991
3907.815787  0.3355496
3908.438594  0.3798117
3909.061401  0.4141761
3909.684208  0.4254722
3910.307015  0.4084306
3910.929822  0.4004512
3911.552629  0.4147965
3912.175436  0.4356157
3912.798243  0.4410719
3913.42105  0.4304228
3914.043857  0.4198206
3914.666664  0.4249599
3915.289471  0.4213437
3915.912278  0.3941593
3916.535085  0.3582117
3917.157892  0.3545539
3917.780699  0.3691816
3918.403506  0.3698428
3919.026313  0.3460665
3919.64912  0.3092902
3920.271927  0.2669631
3920.894734  0.2270215
3921.517541  0.2281279
3922.140348  0.2434965
3922.763155  0.2432263
3923.385962  0.2549611
3924.008769  0.2869558
3924.631576  0.3126966
3925.254383  0.2975692
3925.87719  0.2712968
3926.499997  0.2524104
3927.122804  0.2347827
3927.745611  0.1984864
3928.368418  0.1636999
3928.991225  0.1456118
3929.614032  0.1335559
3930.236839  0.1141794
3930.859646  0.09450737
3931.482453  0.08531269
3932.10526  0.07361373
3932.728067  0.05944392
3933.350874  0.04898491
3933.973681  0.04643057
3934.596488  0.04924845
3935.219295  0.05868048
3935.842102  0.07692061
3936.464909  0.09820127
3937.087716  0.1196597
3937.710523  0.1414391
3938.33333  0.1653546
3938.956137  0.1937853
3939.578944  0.2216679
3940.201751  0.2381003
3940.824558  0.2355927
3941.447365  0.2307346
3942.070172  0.2396494
3942.692979  0.253264
3943.315786  0.2385327
3943.938593  0.2038058
3944.5614  0.1984417
3945.184207  0.2416791
3945.807014  0.317209
3946.429821  0.3803256
3947.052628  0.381446
3947.675435  0.3490743
3948.298242  0.325054
3948.921049  0.326169
3949.543856  0.359034
3950.166663  0.412176
3950.78947  0.4573904
3951.412277  0.4578625
3952.035084  0.4055901
3952.657891  0.3420388
3953.280698  0.3392199
3953.903505  0.4126047
3954.526312  0.4941901
3955.149119  0.5005001
3955.771926  0.4442158
3956.394733  0.3828468
3957.01754  0.362092
3957.640347  0.377544
3958.263154  0.3968788
3958.885961  0.4143047
3959.508768  0.4364545
3960.131575  0.4168193
3960.754382  0.3415155
3961.377189  0.2460353
3961.999996  0.1970321
3962.622803  0.1962251
3963.24561  0.2132372
3963.868417  0.2184614
3964.491224  0.2107939
3965.114031  0.1904369
3965.736838  0.1592492
3966.359645  0.1261188
3966.982452  0.09695558
3967.605259  0.07444513
3968.228066  0.0593368
3968.850873  0.0541213
3969.47368  0.06226707
3970.096487  0.08410436
3970.719294  0.1129732
3971.342101  0.1397626
3971.964908  0.1638671
3972.587715  0.1927478
3973.210522  0.2159379
3973.833329  0.2352773
3974.456136  0.2634569
3975.078943  0.3069589
3975.70175  0.3405648
3976.324557  0.3517076
3976.947364  0.3653496
3977.570171  0.3941161
3978.192978  0.4300922
3978.815785  0.4588079
3979.438592  0.4902646
3980.061399  0.5262421
3980.684206  0.5462918
3981.307013  0.5158811
3981.92982  0.4743247
3982.552627  0.4582749
3983.175434  0.4670069
3983.798241  0.4720244
3984.421048  0.4830323
3985.043855  0.5174187
3985.666662  0.5550106
3986.289469  0.5596038
3986.912276  0.5435047
3987.535083  0.5635651
3988.15789  0.6181298
3988.780697  0.6365665
3989.403504  0.5736986
3990.026311  0.515466
3990.649118  0.5211133
3991.271925  0.5686922
3991.894732  0.5798324
3992.517539  0.5946717
3993.140346  0.6152433
3993.763153  0.6086518
3994.38596  0.5830356
3995.008767  0.5659502
3995.631574  0.5661665
3996.254381  0.558513
3996.877188  0.5395893
3997.499995  0.5189733
3998.122802  0.5150372
3998.745609  0.5532238
3999.368416  0.6326873
3999.991223  0.7045673
4000.61403  0.690897
4001.236837  0.6492336
4001.859644  0.6452095
4002.482451  0.6859616
4003.105258  0.7293096
4003.728065  0.7302823
4004.350872  0.6609691
4004.973679  0.5256038
4005.596486  0.432629
4006.219293  0.4463146
4006.8421  0.5247338
4007.464907  0.5949832
4008.087714  0.6354926
4008.710521  0.6601124
4009.333328  0.6663907
4009.956135  0.6706342
4010.578942  0.6778374
4011.201749  0.6721514
4011.824556  0.6563814
4012.447363  0.6551031
4013.07017  0.6793221
4013.692977  0.6807522
4014.315784  0.6774029
4014.938591  0.7014123
4015.561398  0.7453256
4016.184205  0.7560343
4016.807012  0.7102697
4017.429819  0.6435657
4018.052626  0.6364753
4018.675433  0.6883528
4019.29824  0.7398067
4019.921047  0.7345944
4020.543854  0.7042569
4021.166661  0.6829317
4021.789468  0.6750021
4022.412275  0.6812327
4023.035082  0.6948646
4023.657889  0.6934127
4024.280696  0.6433408
4024.903503  0.6111772
4025.52631  0.6385741
4026.149117  0.6904045
4026.771924  0.7157598
4027.394731  0.7298854
4028.017538  0.7713823
4028.640345  0.8178532
4029.263152  0.8092511
4029.885959  0.7084125
4030.508766  0.5510337
4031.131573  0.4795397
4031.75438  0.4999205
4032.377187  0.5127529
4032.999994  0.4834515
4033.622801  0.4586719
4034.245608  0.4771509
4034.868415  0.5132808
4035.491222  0.5639278
4036.114029  0.6298993
4036.736836  0.7040286
4037.359643  0.764227
4037.98245  0.7918403
4038.605257  0.7849735
4039.228064  0.7601109
4039.850871  0.7169967
4040.473678  0.6682054
4041.096485  0.6448034
4041.719292  0.6768783
4042.342099  0.731117
4042.964906  0.7423532
4043.587713  0.6714059
4044.21052  0.550652
4044.833327  0.4197527
4045.456134  0.3059829
4046.078941  0.2781694
4046.701748  0.3650656
4047.324555  0.5239911
4047.947362  0.6482419
4048.570169  0.691712
4049.192976  0.6865921
4049.815783  0.7043491
4050.43859  0.7332386
4051.061397  0.745782
4051.684204  0.7303515
4052.307011  0.7012011
4052.929818  0.6871225
4053.552625  0.6838446
4054.175432  0.6459865
4054.798239  0.5896134
4055.421046  0.5702463
4056.043853  0.6135203
4056.66666  0.6206773
4057.289467  0.5720229
4057.912274  0.516238
4058.535081  0.5131122
4059.157888  0.55541
4059.780695  0.6233558
4060.403502  0.6980018
4061.026309  0.7310636
4061.649116  0.6987067
4062.271923  0.602914
4062.89473  0.4645639
4063.517537  0.3504436
4064.140344  0.3413163
4064.763151  0.4676055
4065.385958  0.6058845
4066.008765  0.6502278
4066.631572  0.5949394
4067.254379  0.5531881
4067.877186  0.5799133
4068.499993  0.6615453
4069.1228  0.7400961
4069.745607  0.7769793
4070.368414  0.7271287
4070.991221  0.5851743
4071.614028  0.4474978
4072.236835  0.4385378
4072.859642  0.5697366
4073.482449  0.6977753
4074.105256  0.7476628
4074.728063  0.7169286
4075.35087  0.6466864
4075.973677  0.5629753
4076.596484  0.4782176
4077.219291  0.4193909
4077.842098  0.4366934
4078.464905  0.5101531
4079.087712  0.5881769
4079.710519  0.6389932
4080.333326  0.7108855
4080.956133  0.790623
4081.57894  0.8253173
4082.201747  0.786646
4082.824554  0.7188863
4083.447361  0.6749623
4084.070168  0.6700714
4084.692975  0.6699891
4085.315782  0.664681
4085.938589  0.6694215
4086.561396  0.6987845
4087.184203  0.7572771
4087.80701  0.8251343
4088.429817  0.8643487
4089.052624  0.8665376
4089.675431  0.8357661
4090.298238  0.7937626
4090.921045  0.7894179
4091.543852  0.7807112
4092.166659  0.7391427
4092.789466  0.7176855
4093.412273  0.7730623
4094.03508  0.8343199
4094.657887  0.7851572
4095.280694  0.6869101
4095.903501  0.6050116
4096.526308  0.5767899
4097.149115  0.6026843
4097.771922  0.6436746
4098.394729  0.6724218
4099.017536  0.685092
4099.640343  0.677099
4100.26315  0.6193222
4100.885957  0.5242401
4101.508764  0.4915421
4102.131571  0.5373403
4102.754378  0.6153904
4103.377185  0.6615019
4103.999992  0.6542048
4104.622799  0.6400622
4105.245606  0.6739356
4105.868413  0.7400032
4106.49122  0.7764848
4107.114027  0.7613992
4107.736834  0.7402045
4108.359641  0.7282959
4108.982448  0.7130866
4109.605255  0.6781148
4110.228062  0.6361957
4110.850869  0.6164969
4111.473676  0.6215432
4112.096483  0.619067
4112.71929  0.6426546
4113.342097  0.6919059
4113.964904  0.7291338
4114.587711  0.7376434
4115.210518  0.7337178
4115.833325  0.7347541
4116.456132  0.732547
4117.078939  0.7370972
4117.701746  0.7150154
4118.324553  0.6286345
4118.94736  0.5651662
4119.570167  0.5797499
4120.192974  0.6504372
4120.815781  0.6894773
4121.438588  0.6863077
4122.061395  0.6634881
4122.684202  0.6414149
4123.307009  0.6220037
4123.929816  0.6398887
4124.552623  0.7064623
4125.17543  0.7441955
4125.798237  0.7352446
4126.421044  0.7031515
4127.043851  0.6782433
4127.666658  0.6525559
4128.289465  0.6394167
4128.912272  0.647311
4129.535079  0.6255459
4130.157886  0.6122777
4130.780693  0.6222141
4131.4035  0.5881528
4132.026307  0.521576
4132.649114  0.4893373
4133.271921  0.5288996
4133.894728  0.531687
4134.517535  0.528224
4135.140342  0.5890688
4135.763149  0.6950319
4136.385956  0.7338608
4137.008763  0.6926743
4137.63157  0.6663881
4138.254377  0.6855265
4138.877184  0.7119073
4139.499991  0.7092779
4140.122798  0.7079437
4140.745605  0.7096919
4141.368412  0.6792127
4141.991219  0.5781381
4142.614026  0.4517076
4143.236833  0.3582304
4143.85964  0.3434212
4144.482447  0.4267554
4145.105254  0.5401532
4145.728061  0.612847
4146.350868  0.6313101
4146.973675  0.6357818
4147.596482  0.6435477
4148.219289  0.6408129
4148.842096  0.6122993
4149.464903  0.5668973
4150.08771  0.5363984
4150.710517  0.5517891
4151.333324  0.5621501
4151.956131  0.5538535
4152.578938  0.5577202
4153.201745  0.5770916
4153.824552  0.5814534
4154.447359  0.5660305
4155.070166  0.5793124
4155.692973  0.5724939
4156.31578  0.5418366
4156.938587  0.5445842
4157.561394  0.5897273
4158.184201  0.6510409
4158.807008  0.6970459
4159.429815  0.7187865
4160.052622  0.7034271
4160.675429  0.6653526
4161.298236  0.6470145
4161.921043  0.686846
4162.54385  0.7409458
4163.166657  0.7425662
4163.789464  0.6970739
4164.412271  0.6434368
4165.035078  0.62172
4165.657885  0.6383205
4166.280692  0.6332836
4166.903499  0.5889619
4167.526306  0.5494649
4168.149113  0.5836551
4168.77192  0.6401258
4169.394727  0.6666722
4170.017534  0.6888442
4170.640341  0.7008322
4171.263148  0.6669237
4171.885955  0.5686967
4172.508762  0.4776065
4173.131569  0.4558879
4173.754376  0.5032263
4174.377183  0.5507149
4174.99999  0.5798696
4175.622797  0.5937286
4176.245604  0.5948513
4176.868411  0.5708559
4177.491218  0.5399377
4178.114025  0.5343502
4178.736832  0.5695363
4179.359639  0.6048837
4179.982446  0.608289
4180.605253  0.5869363
4181.22806  0.5683894
4181.850867  0.5687075
4182.473674  0.5872497
4183.096481  0.6163428
4183.719288  0.6516748
4184.342095  0.7007221
4184.964902  0.7653049
4185.587709  0.7784069
4186.210516  0.705198
4186.833323  0.5871114
4187.45613  0.5393307
4188.078937  0.5826551
4188.701744  0.6606997
4189.324551  0.6992179
4189.947358  0.6959699
4190.570165  0.6609502
4191.192972  0.6143653
4191.815779  0.6191809
4192.438586  0.6738046
4193.061393  0.7295751
4193.6842  0.7371856
4194.307007  0.6997721
4194.929814  0.6373895
4195.552621  0.5696568
4196.175428  0.5207559
4196.798235  0.5114298
4197.421042  0.5311934
4198.043849  0.5284169
4198.666656  0.5346738
4199.289463  0.5737926
4199.91227  0.6181747
4200.535077  0.6204003
4201.157884  0.5710582
4201.780691  0.5116187
4202.403498  0.5158663
4203.026305  0.5822553
4203.649112  0.6462907
4204.271919  0.6419113
4204.894726  0.6369123
4205.517533  0.6692983
4206.14034  0.7179753
4206.763147  0.7430456
4207.385954  0.7629012
4208.008761  0.7881888
4208.631568  0.7816021
4209.254375  0.7397198
4209.877182  0.6860826
4210.499989  0.657219
4211.122796  0.6808919
4211.745603  0.7209435
4212.36841  0.7298254
4212.991217  0.7016675
4213.614024  0.6573718
4214.236831  0.5944183
4214.859638  0.5032952
4215.482445  0.4480339
4216.105252  0.5142589
4216.728059  0.6939303
4217.350866  0.824484
4217.973673  0.8823168
4218.59648  0.8926558
4219.219287  0.8787485
4219.842094  0.8831122
4220.464901  0.9136496
4221.087708  0.9365026
4221.710515  0.8957926
4222.333322  0.8075478
4222.956129  0.72154
4223.578936  0.6715869
4224.201743  0.628727
4224.82455  0.5556749
4225.447357  0.4368852
4226.070164  0.2954982
4226.692971  0.2148019
4227.315778  0.2738981
4227.938585  0.4772998
4228.561392  0.6797463
4229.184199  0.7784818
4229.807006  0.7899215
4230.429813  0.8305364
4231.05262  0.8824224
4231.675427  0.8731618
4232.298234  0.7916555
4232.921041  0.7039883
4233.543848  0.682702
4234.166655  0.7376442
4234.789462  0.7641628
4235.412269  0.7115418
4236.035076  0.6284919
4236.657883  0.6345833
4237.28069  0.6870452
4237.903497  0.719399
4238.526304  0.7216588
4239.149111  0.7089148
4239.771918  0.7082545
4240.394725  0.7435336
4241.017532  0.8196381
4241.640339  0.8576839
4242.263146  0.8213013
4242.885953  0.7775215
4243.50876  0.8221399
4244.131567  0.9232332
4244.754374  0.9758845
4245.377181  0.9531303
4245.999988  0.8952917
4246.622795  0.8360368
4247.245602  0.7637457
4247.868409  0.7192618
4248.491216  0.7106677
4249.114023  0.6999248
4249.73683  0.636009
4250.359637  0.5763748
4250.982444  0.5960224
4251.605251  0.6863142
4252.228058  0.7728217
4252.850865  0.7868664
4253.473672  0.7145966
4254.096479  0.6194901
4254.719286  0.5795528
4255.342093  0.6278527
4255.9649  0.7185776
4256.587707  0.8388574
4257.210514  0.9130991
4257.833321  0.8405848
4258.456128  0.7377043
4259.078935  0.6687326
4259.701742  0.6192364
4260.324549  0.558799
4260.947356  0.5495104
4261.570163  0.631438
4262.19297  0.7580028
4262.815777  0.8686513
4263.438584  0.9188936
4264.061391  0.9107464
4264.684198  0.9051645
4265.307005  0.934745
4265.929812  0.9731672
4266.552619  0.9513326
4267.175426  0.8704469
4267.798233  0.7898863
4268.42104  0.7664762
4269.043847  0.7596734
4269.666654  0.7262386
4270.289461  0.6399232
4270.912268  0.5078701
4271.535075  0.4107841
4272.157882  0.426333
4272.780689  0.5493317
4273.403496  0.615406
4274.026303  0.5832769
4274.64911  0.5344976
4275.271917  0.5801569
4275.894724  0.6951671
4276.517531  0.799984
4277.140338  0.8455908
4277.763145  0.8951253
4278.385952  0.9356366
4279.008759  0.8995242
4279.631566  0.7631118
4280.254373  0.6580843
4280.87718  0.67579
4281.499987  0.7549471
4282.122794  0.7757763
4282.745601  0.7673652
4283.368408  0.8119354
4283.991215  0.8143198
4284.614022  0.7574487
4285.236829  0.6879138
4285.859636  0.6670229
4286.482443  0.7033076
4287.10525  0.7658938
4287.728057  0.7989937
4288.350864  0.7458257
4288.973671  0.6233014
4289.596478  0.5168886
4290.219285  0.5236608
4290.842092  0.578799
4291.464899  0.6369516
4292.087706  0.7179224
4292.710513  0.8076727
4293.33332  0.8159304
4293.956127  0.7183086
4294.578934  0.6734508
4295.201741  0.7051759
4295.824548  0.7436678
4296.447355  0.7119795
4297.070162  0.6671431
4297.692969  0.6342846
4298.315776  0.586431
4298.938583  0.4829005
4299.56139  0.4001208
4300.184197  0.4102173
4300.807004  0.4945323
4301.429811  0.5499627
4302.052618  0.5379403
4302.675425  0.5026363
4303.298232  0.5129007
4303.921039  0.5472496
4304.543846  0.5515626
4305.166653  0.5094355
4305.78946  0.4909894
4306.412267  0.4919567
4307.035074  0.4472497
4307.657881  0.3710511
4308.280688  0.3370373
4308.903495  0.3777945
4309.526302  0.4225596
4310.149109  0.4631991
4310.771916  0.5040275
4311.394723  0.5422979
4312.01753  0.5744349
4312.640337  0.6290893
4313.263144  0.7017
4313.885951  0.7105995
4314.508758  0.7222043
4315.131565  0.8224046
4315.754372  1.011172
4316.377179  1.133528
4316.999986  1.152089
4317.622793  1.122528
4318.2456  1.073388
4318.868407  1.06047
4319.491214  1.069218
4320.114021  1.015893
4320.736828  0.9557751
4321.359635  0.950043
4321.982442  0.9778665
4322.605249  0.8970776
4323.228056  0.7463205
4323.850863  0.6208177
4324.47367  0.5434037
4325.096477  0.458599
4325.719284  0.4166753
4326.342091  0.5223215
4326.964898  0.7228382
4327.587705  0.9187504
4328.210512  1.036611
4328.833319  1.073073
4329.456126  1.027786
4330.078933  0.9454557
4330.70174  0.9029321
4331.324547  0.9477246
4331.947354  1.01307
4332.570161  1.021564
4333.192968  1.008557
4333.815775  1.012332
4334.438582  1.054854
4335.061389  1.122404
4335.684196  1.158571
4336.307003  1.076257
4336.92981  0.8744772
4337.552617  0.7441869
4338.175424  0.7281584
4338.798231  0.7502928
4339.421038  0.710928
4340.043845  0.6453488
4340.666652  0.6443066
4341.289459  0.7594277
4341.912266  0.9167005
4342.535073  0.9945703
4343.15788  0.9536793
4343.780687  0.8957821
4344.403494  0.9385631
4345.026301  1.041995
4345.649108  1.069984
4346.271915  1.015644
4346.894722  0.9493819
4347.517529  0.9465939
4348.140336  1.018951
4348.763143  1.129861
4349.38595  1.186024
4350.008757  1.097097
4350.631564  0.9027343
4351.254371  0.7147024
4351.877178  0.6401123
4352.499985  0.7081199
4353.122792  0.8361821
4353.745599  0.9206702
4354.368406  0.918583
4354.991213  0.9041212
4355.61402  0.9272244
4356.236827  0.9883947
4356.859634  1.057654
4357.482441  1.057947
4358.105248  0.9666647
4358.728055  0.8590798
4359.350862  0.8267168
4359.973669  0.8878449
4360.596476  0.9921122
4361.219283  1.083425
4361.84209  1.101313
4362.464897  1.042585
4363.087704  0.9861736
4363.710511  1.017603
4364.333318  1.114891
4364.956125  1.177194
4365.578932  1.157219
4366.201739  1.066014
4366.824546  0.9502628
4367.447353  0.8616111
4368.07016  0.8675681
4368.692967  0.9401898
4369.315774  0.9781569
4369.938581  0.9697468
4370.561388  0.9538031
4371.184195  0.9662498
4371.807002  0.9904208
4372.429809  0.9713838
4373.052616  0.8960156
4373.675423  0.8107474
4374.29823  0.7397398
4374.921037  0.7062492
4375.543844  0.7320772
4376.166651  0.8288295
4376.789458  0.9377007
4377.412265  1.011373
4378.035072  1.052776
4378.657879  1.043619
4379.280686  0.9961418
4379.903493  0.9479895
4380.5263  0.9280565
4381.149107  0.9209743
4381.771914  0.8560923
4382.394721  0.6563826
4383.017528  0.4399611
4383.640335  0.3309678
4384.263142  0.3730672
4384.885949  0.5303685
4385.508756  0.7306489
4386.131563  0.8806792
4386.75437  0.9010284
4387.377177  0.8727549
4387.999984  0.8639908
4388.622791  0.8629698
4389.245598  0.8378966
4389.868405  0.7993389
4390.491212  0.7819302
4391.114019  0.8025401
4391.736826  0.8577973
4392.359633  0.9128708
4392.98244  0.9232461
4393.605247  0.9044119
4394.228054  0.863776
4394.850861  0.8227116
4395.473668  0.855882
4396.096475  0.9650011
4396.719282  1.077768
4397.342089  1.100482
4397.964896  1.065823
4398.587703  1.011448
4399.21051  0.9462999
4399.833317  0.8632583
4400.456124  0.8044575
4401.078931  0.8379646
4401.701738  0.9927489
4402.324545  1.089096
4402.947352  1.007452
4403.570159  0.7860921
4404.192966  0.5715241
4404.815773  0.513402
4405.43858  0.6386053
4406.061387  0.7993274
4406.684194  0.8670725
4407.307001  0.8214702
4407.929808  0.7515609
4408.552615  0.762268
4409.175422  0.8685191
4409.798229  1.000817
4410.421036  1.065365
4411.043843  1.07401
4411.66665  1.08041
4412.289457  1.113819
4412.912264  1.13302
4413.535071  1.059435
4414.157878  0.8773338
4414.780685  0.7232221
4415.403492  0.7194685
4416.026299  0.8403587
4416.649106  0.9226605
4417.271913  0.9656618
4417.89472  1.008243
4418.517527  1.067939
4419.140334  1.113647
4419.763141  1.122758
4420.385948  1.089535
4421.008755  1.022058
4421.631562  0.9312184
4422.254369  0.8625265
4422.877176  0.8685835
4423.499983  0.9359782
4424.12279  1.005298
4424.745597  1.023979
4425.368404  0.9936038
4425.991211  0.9758264
4426.614018  0.9822614
4427.236825  0.9775627
4427.859632  1.020335
4428.482439  1.063807
4429.105246  1.020669
4429.728053  0.8883592
4430.35086  0.8384035
4430.973667  0.9341116
4431.596474  1.04197
4432.219281  1.077567
4432.842088  1.031516
4433.464895  0.945568
4434.087702  0.8607143
4434.710509  0.7939566
4435.333316  0.7772802
4435.956123  0.8533725
4436.57893  0.960067
4437.201737  1.045844
4437.824544  1.10578
4438.447351  1.16375
4439.070158  1.188395
4439.692965  1.146035
4440.315772  1.051977
4440.938579  0.9566067
4441.561386  0.891607
4442.184193  0.8590506
4442.807  0.8632684
4443.429807  0.9009901
4444.052614  0.9711233
4444.675421  1.074543
4445.298228  1.164893
4445.921035  1.180614
4446.543842  1.106813
4447.166649  1.063131
4447.789456  1.100887
4448.412263  1.165112
4449.03507  1.138822
4449.657877  1.063214
4450.280684  1.024502
4450.903491  1.056277
4451.526298  1.09529
4452.149105  1.095756
4452.771912  1.057551
4453.394719  1.013226
4454.017526  0.9413304
4454.640333  0.8583496
4455.26314  0.8441679
4455.885947  0.8928939
4456.508754  0.947864
4457.131561  0.9564095
4457.754368  0.9316489
4458.377175  0.8941561
4458.999982  0.869253
4459.622789  0.8782921
4460.245596  0.8766652
4460.868403  0.8238984
4461.49121  0.7449684
4462.114017  0.7759313
4462.736824  0.9126488
4463.359631  1.04521
4463.982438  1.066816
4464.605245  1.029145
4465.228052  1.001275
4465.850859  0.9999628
4466.473666  1.013023
4467.096473  1.035756
4467.71928  1.048414
4468.342087  0.9963983
4468.964894  0.9428979
4469.587701  0.9441609
4470.210508  0.9841627
4470.833315  1.020862
4471.456122  1.040652
4472.078929  1.062301
4472.701736  1.111351
4473.324543  1.165309
4473.94735  1.184044
4474.570157  1.150786
4475.192964  1.122862
4475.815771  1.149865
4476.438578  1.227356
4477.061385  1.279575
4477.684192  1.279357
4478.306999  1.228228
4478.929806  1.129512
4479.552613  1.024192
4480.17542  0.9589316
4480.798227  0.948201
4481.421034  0.9340103
4482.043841  0.9449123
4482.666648  1.021705
4483.289455  1.123684
4483.912262  1.19004
4484.535069  1.21481
4485.157876  1.240856
4485.780683  1.255507
4486.40349  1.240911
4487.026297  1.190843
4487.649104  1.116815
4488.271911  1.03747
4488.894718  0.9820926
4489.517525  0.1782798
4490.140332  0.
4490.763139  0.
4491.385946  0.
4492.008753  0.
4492.63156  0.
4493.254367  0.
4493.877174  0.
4494.499981  0.
4495.122788  0.
4495.745595  0.
4496.368402  0.
4496.991209  0.
4497.614016  0.
4498.236823  0.
4498.85963  0.
4499.482437  0.
4500.105244  0.
4500.728051  0.
4501.350858  0.
4501.973665  0.
4502.596472  0.
4503.219279  0.
4503.842086  0.
4504.464893  0.
4505.0877  0.
4505.710507  0.
4506.333314  0.
4506.956121  0.
4507.578928  0.
4508.201735  0.
4508.824542  0.
