3820.  0.0829901
3820.622807  0.06256101
3821.245614  0.06095129
3821.868421  0.08124284
3822.491228  0.1057619
3823.114035  0.1152618
3823.736842  0.1061015
3824.359649  0.08816586
3824.982456  0.07384801
3825.605263  0.06621555
3826.22807  0.0670798
3826.850877  0.07885772
3827.473684  0.09052011
3828.096491  0.09676703
3828.719298  0.1004469
3829.342105  0.1065615
3829.964912  0.1184496
3830.587719  0.132191
3831.210526  0.1363443
3831.833333  0.1202827
3832.45614  0.09547804
3833.078947  0.08221724
3833.701754  0.07803446
3834.324561  0.08199999
3834.947368  0.09495189
3835.570175  0.1156715
3836.192982  0.132557
3836.815789  0.1392481
3837.438596  0.1352304
3838.061403  0.1144028
3838.68421  0.09813173
3839.307017  0.09994464
3839.929824  0.09861047
3840.552631  0.08698279
3841.175438  0.07950113
3841.798245  0.09655946
3842.421052  0.1271477
3843.043859  0.1501034
3843.666666  0.1567556
3844.289473  0.1634999
3844.91228  0.1671237
3845.535087  0.1660057
3846.157894  0.1659202
3846.780701  0.16624
3847.403508  0.170118
3848.026315  0.1753318
3848.649122  0.1656161
3849.271929  0.1419504
3849.894736  0.1169001
3850.517543  0.1062996
3851.14035  0.1216084
3851.763157  0.1475523
3852.385964  0.1613175
3853.008771  0.1638993
3853.631578  0.165542
3854.254385  0.1692705
3854.877192  0.1652589
3855.499999  0.1466488
3856.122806  0.1240344
3856.745613  0.1161056
3857.36842  0.1283993
3857.991227  0.1347811
3858.614034  0.1183189
3859.236841  0.09549417
3859.859648  0.08041083
3860.482455  0.08300888
3861.105262  0.104572
3861.728069  0.1346501
3862.350876  0.1604782
3862.973683  0.1727053
3863.59649  0.1687133
3864.219297  0.1521695
3864.842104  0.1341019
3865.464911  0.1271988
3866.087718  0.1359453
3866.710525  0.1517886
3867.333332  0.1625901
3867.956139  0.1643446
3868.578946  0.1678842
3869.201753  0.1747027
3869.82456  0.1748122
3870.447367  0.170595
3871.070174  0.1631896
3871.692981  0.1494206
3872.315788  0.1241186
3872.938595  0.1084972
3873.561402  0.1168533
3874.184209  0.140175
3874.807016  0.1565673
3875.429823  0.1576331
3876.05263  0.1497617
3876.675437  0.1438553
3877.298244  0.1309931
3877.921051  0.1090396
3878.543858  0.0962943
3879.166665  0.1217753
3879.789472  0.1651697
3880.412279  0.1843395
3881.035086  0.1765803
3881.657893  0.1544482
3882.2807  0.1370158
3882.903507  0.139852
3883.526314  0.1670803
3884.149121  0.1934424
3884.771928  0.1863574
3885.394735  0.1473392
3886.017542  0.1033903
3886.640349  0.08356792
3887.263156  0.09677446
3887.885963  0.1219855
3888.50877  0.1382409
3889.131577  0.1419077
3889.754384  0.1509798
3890.377191  0.1606306
3890.999998  0.168369
3891.622805  0.1926452
3892.245612  0.2165435
3892.868419  0.2209527
3893.491226  0.2047581
3894.114033  0.1926799
3894.73684  0.1796494
3895.359647  0.1589345
3895.982454  0.1537329
3896.605261  0.173407
3897.228068  0.1942314
3897.850875  0.1825544
3898.473682  0.1686824
3899.096489  0.1572485
3899.719296  0.1428518
3900.342103  0.1458581
3900.96491  0.1734301
3901.587717  0.2037129
3902.210524  0.2009102
3902.833331  0.1759079
3903.456138  0.1655086
3904.078945  0.1869972
3904.701752  0.1965836
3905.324559  0.1798524
3905.947366  0.1519156
3906.570173  0.1396441
3907.19298  0.1446898
3907.815787  0.1632713
3908.438594  0.1894285
3909.061401  0.2112749
3909.684208  0.2231607
3910.307015  0.2247851
3910.929822  0.2187392
3911.552629  0.2094767
3912.175436  0.2027045
3912.798243  0.2008572
3913.42105  0.1961981
3914.043857  0.193808
3914.666664  0.1980436
3915.289471  0.2006322
3915.912278  0.1901919
3916.535085  0.1734381
3917.157892  0.1689848
3917.780699  0.1773766
3918.403506  0.1821478
3919.026313  0.1711811
3919.64912  0.1538425
3920.271927  0.1344301
3920.894734  0.1223816
3921.517541  0.1261393
3922.140348  0.1264849
3922.763155  0.1222788
3923.385962  0.1239034
3924.008769  0.133894
3924.631576  0.1387733
3925.254383  0.1332313
3925.87719  0.1270973
3926.499997  0.1235489
3927.122804  0.1151342
3927.745611  0.09683973
3928.368418  0.08131062
3928.991225  0.07624941
3929.614032  0.07384133
3930.236839  0.05812981
3930.859646  0.04642016
3931.482453  0.04216384
3932.10526  0.03768255
3932.728067  0.03861277
3933.350874  0.04437931
3933.973681  0.04866936
3934.596488  0.0448584
3935.219295  0.0393613
3935.842102  0.04026077
3936.464909  0.04965992
3937.087716  0.05966327
3937.710523  0.07092888
3938.33333  0.08495074
3938.956137  0.09702443
3939.578944  0.1069718
3940.201751  0.1117579
3940.824558  0.1091032
3941.447365  0.1091544
3942.070172  0.113736
3942.692979  0.1146136
3943.315786  0.1007861
3943.938593  0.08408168
3944.5614  0.08322058
3945.184207  0.1079113
3945.807014  0.1453164
3946.429821  0.1712884
3947.052628  0.1721688
3947.675435  0.1609749
3948.298242  0.1482476
3948.921049  0.1468091
3949.543856  0.1668275
3950.166663  0.1950954
3950.78947  0.215436
3951.412277  0.2170289
3952.035084  0.1978681
3952.657891  0.1804146
3953.280698  0.1867649
3953.903505  0.2171785
3954.526312  0.24188
3955.149119  0.2384834
3955.771926  0.2081942
3956.394733  0.1752058
3957.01754  0.1590122
3957.640347  0.1592822
3958.263154  0.1584587
3958.885961  0.1637845
3959.508768  0.1681321
3960.131575  0.1528827
3960.754382  0.116119
3961.377189  0.08073908
3961.999996  0.06916039
3962.622803  0.08064812
3963.24561  0.09525824
3963.868417  0.100846
3964.491224  0.09861434
3965.114031  0.08879538
3965.736838  0.07616882
3966.359645  0.06427681
3966.982452  0.05132177
3967.605259  0.04421381
3968.228066  0.04477906
3968.850873  0.04760782
3969.47368  0.05101753
3970.096487  0.05672953
3970.719294  0.06676677
3971.342101  0.07978786
3971.964908  0.09083551
3972.587715  0.099226
3973.210522  0.1101182
3973.833329  0.1253634
3974.456136  0.1443085
3975.078943  0.1627226
3975.70175  0.1736713
3976.324557  0.1817039
3976.947364  0.1923928
3977.570171  0.2049059
3978.192978  0.2156666
3978.815785  0.2229007
3979.438592  0.230499
3980.061399  0.2493703
3980.684206  0.2528532
3981.307013  0.2275207
3981.92982  0.2039784
3982.552627  0.2143059
3983.175434  0.2439349
3983.798241  0.2565148
3984.421048  0.2636951
3985.043855  0.2767438
3985.666662  0.2932837
3986.289469  0.2984781
3986.912276  0.2999754
3987.535083  0.308338
3988.15789  0.3191088
3988.780697  0.2981852
3989.403504  0.2557739
3990.026311  0.2329722
3990.649118  0.261655
3991.271925  0.2965766
3991.894732  0.3118253
3992.517539  0.3265172
3993.140346  0.341405
3993.763153  0.3426003
3994.38596  0.3231343
3995.008767  0.3037086
3995.631574  0.299523
3996.254381  0.3066014
3996.877188  0.3055096
3997.499995  0.2868463
3998.122802  0.2646251
3998.745609  0.2672607
3999.368416  0.3142951
3999.991223  0.3594949
4000.61403  0.3723013
4001.236837  0.3790526
4001.859644  0.3938919
4002.482451  0.4121611
4003.105258  0.4179569
4003.728065  0.4046205
4004.350872  0.3575019
4004.973679  0.29305
4005.596486  0.2676291
4006.219293  0.2944567
4006.8421  0.3430676
4007.464907  0.3688872
4008.087714  0.3634317
4008.710521  0.3527393
4009.333328  0.3621153
4009.956135  0.3859563
4010.578942  0.4005022
4011.201749  0.3926837
4011.824556  0.3738295
4012.447363  0.3773679
4013.07017  0.3958094
4013.692977  0.4061616
4014.315784  0.4092066
4014.938591  0.4278887
4015.561398  0.4589665
4016.184205  0.4685758
4016.807012  0.4439757
4017.429819  0.4118474
4018.052626  0.408298
4018.675433  0.4365941
4019.29824  0.4563311
4019.921047  0.4437635
4020.543854  0.416979
4021.166661  0.3975995
4021.789468  0.3946441
4022.412275  0.3994512
4023.035082  0.390638
4023.657889  0.3535142
4024.280696  0.313397
4024.903503  0.3262783
4025.52631  0.3859496
4026.149117  0.4380815
4026.771924  0.4446042
4027.394731  0.4618748
4028.017538  0.5058902
4028.640345  0.5406324
4029.263152  0.5081682
4029.885959  0.4014775
4030.508766  0.2961102
4031.131573  0.2775982
4031.75438  0.3015859
4032.377187  0.3017336
4032.999994  0.2649852
4033.622801  0.2577602
4034.245608  0.2857513
4034.868415  0.332089
4035.491222  0.3842644
4036.114029  0.4462103
4036.736836  0.5043828
4037.359643  0.5358571
4037.98245  0.5284781
4038.605257  0.5108658
4039.228064  0.4971682
4039.850871  0.4734626
4040.473678  0.4470518
4041.096485  0.4350984
4041.719292  0.4459201
4042.342099  0.4615345
4042.964906  0.4529962
4043.587713  0.4069175
4044.21052  0.3355666
4044.833327  0.257212
4045.456134  0.2045943
4046.078941  0.2083924
4046.701748  0.2715308
4047.324555  0.3585096
4047.947362  0.4262741
4048.570169  0.4557868
4049.192976  0.4733304
4049.815783  0.4913655
4050.43859  0.5025846
4051.061397  0.5090994
4051.684204  0.5078514
4052.307011  0.5009887
4052.929818  0.499633
4053.552625  0.4772213
4054.175432  0.4324566
4054.798239  0.4003151
4055.421046  0.4210429
4056.043853  0.4537482
4056.66666  0.4417031
4057.289467  0.393066
4057.912274  0.3669761
4058.535081  0.3839237
4059.157888  0.4117168
4059.780695  0.4478743
4060.403502  0.4822931
4061.026309  0.4983823
4061.649116  0.4821643
4062.271923  0.414315
4062.89473  0.3112469
4063.517537  0.2339855
4064.140344  0.2466455
4064.763151  0.3410231
4065.385958  0.4449994
4066.008765  0.4776322
4066.631572  0.4521847
4067.254379  0.4223587
4067.877186  0.4262651
4068.499993  0.4726434
4069.1228  0.5377197
4069.745607  0.5714124
4070.368414  0.5123768
4070.991221  0.393904
4071.614028  0.3075242
4072.236835  0.3321662
4072.859642  0.4318264
4073.482449  0.5249377
4074.105256  0.5489115
4074.728063  0.5127652
4075.35087  0.4442131
4075.973677  0.3688462
4076.596484  0.300313
4077.219291  0.2610418
4077.842098  0.2691969
4078.464905  0.3241972
4079.087712  0.3922529
4079.710519  0.4666977
4080.333326  0.5466214
4080.956133  0.6014838
4081.57894  0.5894923
4082.201747  0.5247935
4082.824554  0.4786998
4083.447361  0.4879292
4084.070168  0.5220916
4084.692975  0.5304487
4085.315782  0.5127615
4085.938589  0.5003249
4086.561396  0.5238986
4087.184203  0.5868647
4087.80701  0.6584868
4088.429817  0.7097863
4089.052624  0.7216828
4089.675431  0.6794145
4090.298238  0.631111
4090.921045  0.6073016
4091.543852  0.5766083
4092.166659  0.5307179
4092.789466  0.5262892
4093.412273  0.604303
4094.03508  0.6400615
4094.657887  0.585893
4095.280694  0.4794123
4095.903501  0.3969902
4096.526308  0.3812047
4097.149115  0.4138615
4097.771922  0.4420789
4098.394729  0.4487579
4099.017536  0.4368448
4099.640343  0.405993
4100.26315  0.3416815
4100.885957  0.2881373
4101.508764  0.28916
4102.131571  0.3472082
4102.754378  0.4139117
4103.377185  0.4471366
4103.999992  0.4453994
4104.622799  0.4568907
4105.245606  0.5122526
4105.868413  0.5795962
4106.49122  0.5877212
4107.114027  0.5654644
4107.736834  0.5544212
4108.359641  0.5604177
4108.982448  0.5359634
4109.605255  0.4893163
4110.228062  0.447626
4110.850869  0.4207087
4111.473676  0.3999705
4112.096483  0.4022196
4112.71929  0.4472705
4113.342097  0.5003554
4113.964904  0.5279101
4114.587711  0.5177877
4115.210518  0.4868848
4115.833325  0.4727221
4116.456132  0.4914659
4117.078939  0.5173298
4117.701746  0.4830867
4118.324553  0.418839
4118.94736  0.3980571
4119.570167  0.4475834
4120.192974  0.4990098
4120.815781  0.50343
4121.438588  0.4793431
4122.061395  0.4742395
4122.684202  0.4703633
4123.307009  0.4595182
4123.929816  0.5281534
4124.552623  0.614348
4125.17543  0.6512702
4125.798237  0.645457
4126.421044  0.6213582
4127.043851  0.5726934
4127.666658  0.502124
4128.289465  0.4810704
4128.912272  0.4767103
4129.535079  0.4578103
4130.157886  0.4524531
4130.780693  0.4496539
4131.4035  0.4228993
4132.026307  0.3742135
4132.649114  0.3795443
4133.271921  0.4064654
4133.894728  0.4126166
4134.517535  0.4308196
4135.140342  0.4880171
4135.763149  0.5421684
4136.385956  0.5309574
4137.008763  0.5087848
4137.63157  0.5252986
4138.254377  0.5678539
4138.877184  0.5569714
4139.499991  0.5242531
4140.122798  0.5225024
4140.745605  0.5522174
4141.368412  0.5096052
4141.991219  0.3887236
4142.614026  0.2657346
4143.236833  0.2150129
4143.85964  0.2475158
4144.482447  0.3356252
4145.105254  0.4369424
4145.728061  0.4971134
4146.350868  0.5208885
4146.973675  0.540913
4147.596482  0.5529376
4148.219289  0.5430529
4148.842096  0.5103881
4149.464903  0.4752086
4150.08771  0.4615636
4150.710517  0.472864
4151.333324  0.4874402
4151.956131  0.4696043
4152.578938  0.4571206
4153.201745  0.480701
4153.824552  0.5076894
4154.447359  0.5294877
4155.070166  0.5332579
4155.692973  0.5156582
4156.31578  0.5216257
4156.938587  0.5654485
4157.561394  0.6198105
4158.184201  0.6362413
4158.807008  0.6196429
4159.429815  0.5947438
4160.052622  0.5788879
4160.675429  0.5709615
4161.298236  0.5819495
4161.921043  0.624281
4162.54385  0.688485
4163.166657  0.692658
4163.789464  0.6083896
4164.412271  0.5056147
4165.035078  0.4704903
4165.657885  0.5007579
4166.280692  0.5292025
4166.903499  0.5043289
4167.526306  0.4665403
4168.149113  0.4606495
4168.77192  0.4797466
4169.394727  0.5192424
4170.017534  0.5612744
4170.640341  0.5673109
4171.263148  0.4783873
4171.885955  0.367415
4172.508762  0.322672
4173.131569  0.3445837
4173.754376  0.3813872
4174.377183  0.4107209
4174.99999  0.4471655
4175.622797  0.4910858
4176.245604  0.5157995
4176.868411  0.5029781
4177.491218  0.4768817
4178.114025  0.4969389
4178.736832  0.5664384
4179.359639  0.62698
4179.982446  0.6503923
4180.605253  0.6137977
4181.22806  0.5357739
4181.850867  0.4964368
4182.473674  0.5102081
4183.096481  0.5463246
4183.719288  0.5686301
4184.342095  0.6000136
4184.964902  0.6396779
4185.587709  0.6515937
4186.210516  0.5876957
4186.833323  0.5033025
4187.45613  0.4817524
4188.078937  0.5506021
4188.701744  0.6067104
4189.324551  0.5977581
4189.947358  0.5433102
4190.570165  0.4664436
4191.192972  0.4452591
4191.815779  0.521111
4192.438586  0.6366921
4193.061393  0.6914796
4193.6842  0.664426
4194.307007  0.6130746
4194.929814  0.5759051
4195.552621  0.5563826
4196.175428  0.5380834
4196.798235  0.5080333
4197.421042  0.4612714
4198.043849  0.4144983
4198.666656  0.3958073
4199.289463  0.4124419
4199.91227  0.4347053
4200.535077  0.4298359
4201.157884  0.4031132
4201.780691  0.4000264
4202.403498  0.4465337
4203.026305  0.5153856
4203.649112  0.5271491
4204.271919  0.490568
4204.894726  0.4727564
4205.517533  0.5047536
4206.14034  0.5482783
4206.763147  0.5840487
4207.385954  0.6438546
4208.008761  0.6861672
4208.631568  0.6837692
4209.254375  0.6463931
4209.877182  0.6013845
4210.499989  0.5909638
4211.122796  0.6197798
4211.745603  0.638298
4212.36841  0.6292091
4212.991217  0.6012293
4213.614024  0.5682214
4214.236831  0.5223551
4214.859638  0.4513798
4215.482445  0.3980206
4216.105252  0.4681376
4216.728059  0.5706227
4217.350866  0.6168094
4217.973673  0.6113618
4218.59648  0.6127586
4219.219287  0.626147
4219.842094  0.6303025
4220.464901  0.6335934
4221.087708  0.6168987
4221.710515  0.5641855
4222.333322  0.4837423
4222.956129  0.4134434
4223.578936  0.3560099
4224.201743  0.2910529
4224.82455  0.2173616
4225.447357  0.1462537
4226.070164  0.09394486
4226.692971  0.07494978
4227.315778  0.1059114
4227.938585  0.1760675
4228.561392  0.2539103
4229.184199  0.315322
4229.807006  0.3858322
4230.429813  0.4782478
4231.05262  0.5480115
4231.675427  0.548667
4232.298234  0.4988535
4232.921041  0.4667501
4233.543848  0.482926
4234.166655  0.5181783
4234.789462  0.5299482
4235.412269  0.5134238
4236.035076  0.5060223
4236.657883  0.527199
4237.28069  0.5597434
4237.903497  0.5896471
4238.526304  0.6011235
4239.149111  0.5881514
4239.771918  0.5659361
4240.394725  0.5636314
4241.017532  0.5874022
4241.640339  0.6135281
4242.263146  0.6386031
4242.885953  0.6819619
4243.50876  0.7575519
4244.131567  0.8399069
4244.754374  0.8534979
4245.377181  0.7825088
4245.999988  0.707177
4246.622795  0.6462209
4247.245602  0.6169035
4247.868409  0.6336749
4248.491216  0.677212
4249.114023  0.6698633
4249.73683  0.5766286
4250.359637  0.473379
4250.982444  0.4509645
4251.605251  0.5086114
4252.228058  0.559323
4252.850865  0.5409569
4253.473672  0.4502167
4254.096479  0.3593577
4254.719286  0.3864843
4255.342093  0.4870328
4255.9649  0.5942367
4256.587707  0.6805536
4257.210514  0.6952409
4257.833321  0.6484949
4258.456128  0.5901637
4259.078935  0.5544985
4259.701742  0.5125315
4260.324549  0.4702397
4260.947356  0.4914306
4261.570163  0.5505313
4262.19297  0.616938
4262.815777  0.680528
4263.438584  0.752568
4264.061391  0.7984987
4264.684198  0.8028209
4265.307005  0.8003289
4265.929812  0.7952304
4266.552619  0.7755311
4267.175426  0.7327958
4267.798233  0.6786686
4268.42104  0.6557026
4269.043847  0.6665574
4269.666654  0.6341376
4270.289461  0.5338964
4270.912268  0.4028871
4271.535075  0.3201627
4272.157882  0.3604721
4272.780689  0.4569395
4273.403496  0.4888332
4274.026303  0.4198407
4274.64911  0.3731788
4275.271917  0.4305356
4275.894724  0.5433015
4276.517531  0.626601
4277.140338  0.6870121
4277.763145  0.7626725
4278.385952  0.8059933
4279.008759  0.773559
4279.631566  0.6798773
4280.254373  0.6033716
4280.87718  0.6092184
4281.499987  0.6360263
4282.122794  0.6022059
4282.745601  0.6112733
4283.368408  0.6590188
4283.991215  0.6835824
4284.614022  0.6491996
4285.236829  0.6049743
4285.859636  0.5898505
4286.482443  0.5958735
4287.10525  0.5838559
4287.728057  0.5532656
4288.350864  0.5000596
4288.973671  0.3892399
4289.596478  0.3154262
4290.219285  0.3255677
4290.842092  0.3777469
4291.464899  0.4668054
4292.087706  0.5928261
4292.710513  0.7044894
4293.33332  0.6743577
4293.956127  0.5992709
4294.578934  0.5942898
4295.201741  0.657585
4295.824548  0.6942772
4296.447355  0.6906795
4297.070162  0.6826023
4297.692969  0.6402702
4298.315776  0.5405762
4298.938583  0.4197646
4299.56139  0.3695722
4300.184197  0.4023646
4300.807004  0.4709455
4301.429811  0.5103884
4302.052618  0.494249
4302.675425  0.4946287
4303.298232  0.5593726
4303.921039  0.6204166
4304.543846  0.6066663
4305.166653  0.5279115
4305.78946  0.4586572
4306.412267  0.4252007
4307.035074  0.3908183
4307.657881  0.3433027
4308.280688  0.3614
4308.903495  0.4168675
4309.526302  0.4837349
4310.149109  0.5745568
4310.771916  0.6737871
4311.394723  0.7412121
4312.01753  0.7565909
4312.640337  0.763341
4313.263144  0.7243667
4313.885951  0.6350436
4314.508758  0.5865767
4315.131565  0.7210593
4315.754372  0.9408737
4316.377179  1.043108
4316.999986  1.052424
4317.622793  0.9999744
4318.2456  0.934298
4318.868407  0.9142123
4319.491214  0.9185227
4320.114021  0.8829551
4320.736828  0.7909881
4321.359635  0.7912737
4321.982442  0.8458565
4322.605249  0.8501862
4323.228056  0.794448
4323.850863  0.719478
4324.47367  0.616687
4325.096477  0.4602006
4325.719284  0.3875727
4326.342091  0.4695612
4326.964898  0.6714302
4327.587705  0.8835446
4328.210512  1.013668
4328.833319  1.017591
4329.456126  0.9215122
4330.078933  0.8419785
4330.70174  0.8436438
4331.324547  0.9057975
4331.947354  0.9541938
4332.570161  0.9719937
4333.192968  0.9748967
4333.815775  0.9825671
4334.438582  1.033991
4335.061389  1.112065
4335.684196  1.13211
4336.307003  0.9824809
4336.92981  0.7637984
4337.552617  0.6445104
4338.175424  0.6786807
4338.798231  0.7090814
4339.421038  0.6398081
4340.043845  0.5333293
4340.666652  0.5369306
4341.289459  0.6778509
4341.912266  0.8572826
4342.535073  0.929539
4343.15788  0.8961297
4343.780687  0.8499878
4344.403494  0.8825623
4345.026301  0.9541197
4345.649108  0.9734948
4346.271915  0.9069039
4346.894722  0.8629008
4347.517529  0.9054669
4348.140336  1.025817
4348.763143  1.146095
4349.38595  1.154744
4350.008757  1.01715
4350.631564  0.8019609
4351.254371  0.6460041
4351.877178  0.6156767
4352.499985  0.6941499
4353.122792  0.8064411
4353.745599  0.8647848
4354.368406  0.8689681
4354.991213  0.8860832
4355.61402  0.9366671
4356.236827  1.02388
4356.859634  1.102522
4357.482441  1.08168
4358.105248  0.9733471
4358.728055  0.8652599
4359.350862  0.8398035
4359.973669  0.8412462
4360.596476  0.868178
4361.219283  0.9391925
4361.84209  1.012998
4362.464897  1.032501
4363.087704  1.013354
4363.710511  1.038064
4364.333318  1.105471
4364.956125  1.152909
4365.578932  1.129066
4366.201739  1.07467
4366.824546  0.9720345
4367.447353  0.847096
4368.07016  0.8035466
4368.692967  0.8593565
4369.315774  0.9510257
4369.938581  0.9954559
4370.561388  0.9823649
4371.184195  0.9681219
4371.807002  0.9758525
4372.429809  0.9414228
4373.052616  0.8709081
4373.675423  0.7925807
4374.29823  0.7275501
4374.921037  0.6742963
4375.543844  0.6993418
4376.166651  0.8369879
4376.789458  0.9889199
4377.412265  1.08867
4378.035072  1.100322
4378.657879  1.026853
4379.280686  0.9402184
4379.903493  0.9007013
4380.5263  0.9148658
4381.149107  0.9212632
4381.771914  0.8408116
4382.394721  0.6548406
4383.017528  0.4395595
4383.640335  0.322827
4384.263142  0.3626925
4384.885949  0.5314632
4385.508756  0.7681599
4386.131563  0.9344238
4386.75437  0.9547961
4387.377177  0.9038312
4387.999984  0.8807367
4388.622791  0.8818182
4389.245598  0.8381562
4389.868405  0.7917503
4390.491212  0.7845266
4391.114019  0.8296949
4391.736826  0.9036939
4392.359633  0.9650714
4392.98244  0.9705567
4393.605247  0.9011417
4394.228054  0.7903926
4394.850861  0.7438918
4395.473668  0.8432875
4396.096475  1.041244
4396.719282  1.170015
4397.342089  1.158038
4397.964896  1.099525
4398.587703  1.051028
4399.21051  0.9806556
4399.833317  0.8566037
4400.456124  0.7879054
4401.078931  0.8614194
4401.701738  1.0321
4402.324545  1.116954
4402.947352  1.013607
4403.570159  0.7674519
4404.192966  0.5332357
4404.815773  0.4575408
4405.43858  0.5493739
4406.061387  0.7025083
4406.684194  0.7774248
4407.307001  0.7333199
4407.929808  0.6463973
4408.552615  0.6486933
4409.175422  0.7972438
4409.798229  0.9885012
4410.421036  1.087259
4411.043843  1.089066
4411.66665  1.057364
4412.289457  1.064752
4412.912264  1.11809
4413.535071  1.051929
4414.157878  0.8598663
4414.780685  0.694436
4415.403492  0.7107562
4416.026299  0.8162467
4416.649106  0.8931112
4417.271913  0.9567527
4417.89472  1.043078
4418.517527  1.134025
4419.140334  1.170349
4419.763141  1.132561
4420.385948  1.049923
4421.008755  0.9608918
4421.631562  0.8771858
4422.254369  0.8281069
4422.877176  0.8468141
4423.499983  0.9381614
4424.12279  1.0227
4424.745597  1.030301
4425.368404  0.9696125
4425.991211  0.9462293
4426.614018  0.9310774
4427.236825  0.9286366
4427.859632  1.000677
4428.482439  1.053233
4429.105246  0.9926889
4429.728053  0.8476425
4430.35086  0.8294154
4430.973667  0.9564683
4431.596474  1.111381
4432.219281  1.155497
4432.842088  1.083573
4433.464895  0.9467736
4434.087702  0.8041886
4434.710509  0.6916515
4435.333316  0.6644229
4435.956123  0.7507583
4436.57893  0.9117762
4437.201737  1.028042
4437.824544  1.095254
4438.447351  1.193976
4439.070158  1.264232
4439.692965  1.247574
4440.315772  1.14295
4440.938579  1.022996
4441.561386  0.9191578
4442.184193  0.8551983
4442.807  0.8498006
4443.429807  0.8640174
4444.052614  0.9274009
4444.675421  1.066667
4445.298228  1.201004
4445.921035  1.239674
4446.543842  1.183821
4447.166649  1.140907
4447.789456  1.200198
4448.412263  1.256296
4449.03507  1.160836
4449.657877  1.025844
4450.280684  0.9917164
4450.903491  1.083409
4451.526298  1.166402
4452.149105  1.149123
4452.771912  1.06351
4453.394719  0.9987342
4454.017526  0.9178032
4454.640333  0.8372139
4455.26314  0.8111091
4455.885947  0.8717317
4456.508754  0.9371596
4457.131561  0.9598798
4457.754368  0.9638022
4458.377175  0.932965
4458.999982  0.8844234
4459.622789  0.8533323
4460.245596  0.8517876
4460.868403  0.8020278
4461.49121  0.7187856
4462.114017  0.7456101
4462.736824  0.9075848
4463.359631  1.084188
4463.982438  1.130271
4464.605245  1.061842
4465.228052  0.9879971
4465.850859  0.9792818
4466.473666  0.9966024
4467.096473  1.033926
4467.71928  1.036449
4468.342087  0.9582753
4468.964894  0.9123611
4469.587701  0.9426789
4470.210508  1.004809
4470.833315  1.014574
4471.456122  1.019433
4472.078929  1.069821
4472.701736  1.152895
4473.324543  1.219257
4473.94735  1.209893
4474.570157  1.133158
4475.192964  1.107445
4475.815771  1.172199
4476.438578  1.284447
4477.061385  1.363392
4477.684192  1.38181
4478.306999  1.339892
4478.929806  1.250743
4479.552613  1.124807
4480.17542  1.036866
4480.798227  1.008314
4481.421034  0.9650694
4482.043841  0.9609871
4482.666648  1.049224
4483.289455  1.205939
4483.912262  1.29089
4484.535069  1.321377
4485.157876  1.366382
4485.780683  1.412533
4486.40349  1.42591
4487.026297  1.372669
4487.649104  1.262724
4488.271911  0.6590063
4488.894718  0.
4489.517525  0.
4490.140332  0.
4490.763139  0.
4491.385946  0.
4492.008753  0.
4492.63156  0.
4493.254367  0.
4493.877174  0.
4494.499981  0.
4495.122788  0.
4495.745595  0.
4496.368402  0.
4496.991209  0.
4497.614016  0.
4498.236823  0.
4498.85963  0.
4499.482437  0.
4500.105244  0.
4500.728051  0.
4501.350858  0.
4501.973665  0.
4502.596472  0.
4503.219279  0.
4503.842086  0.
4504.464893  0.
4505.0877  0.
4505.710507  0.
4506.333314  0.
4506.956121  0.
4507.578928  0.
4508.201735  0.
4508.824542  0.
