3820.  0.08158219
3820.622807  0.05990976
3821.245614  0.0671823
3821.868421  0.09772445
3822.491228  0.1266723
3823.114035  0.1360634
3823.736842  0.1225196
3824.359649  0.09730508
3824.982456  0.07920138
3825.605263  0.06985003
3826.22807  0.07062151
3826.850877  0.08341881
3827.473684  0.09508419
3828.096491  0.1007603
3828.719298  0.1048158
3829.342105  0.1142419
3829.964912  0.1273474
3830.587719  0.138611
3831.210526  0.1416445
3831.833333  0.1254706
3832.45614  0.1026812
3833.078947  0.09078619
3833.701754  0.08271385
3834.324561  0.08391428
3834.947368  0.1022092
3835.570175  0.1354341
3836.192982  0.1597616
3836.815789  0.1620851
3837.438596  0.144815
3838.061403  0.1145907
3838.68421  0.09545244
3839.307017  0.09633306
3839.929824  0.09531024
3840.552631  0.08418977
3841.175438  0.08145111
3841.798245  0.1108093
3842.421052  0.1547322
3843.043859  0.1822348
3843.666666  0.1834889
3844.289473  0.1861327
3844.91228  0.183605
3845.535087  0.1714333
3846.157894  0.1601118
3846.780701  0.1597178
3847.403508  0.1683647
3848.026315  0.1742185
3848.649122  0.164585
3849.271929  0.1399358
3849.894736  0.1141894
3850.517543  0.1073971
3851.14035  0.129833
3851.763157  0.1634282
3852.385964  0.1790418
3853.008771  0.1676199
3853.631578  0.1474439
3854.254385  0.1396328
3854.877192  0.1468782
3855.499999  0.1435693
3856.122806  0.1277186
3856.745613  0.119175
3857.36842  0.1252788
3857.991227  0.126946
3858.614034  0.110615
3859.236841  0.09105604
3859.859648  0.07804215
3860.482455  0.07806172
3861.105262  0.09381369
3861.728069  0.1230832
3862.350876  0.1550167
3862.973683  0.1764466
3863.59649  0.1801243
3864.219297  0.1724496
3864.842104  0.1581904
3865.464911  0.1399181
3866.087718  0.1380885
3866.710525  0.1499765
3867.333332  0.1576162
3867.956139  0.1505517
3868.578946  0.1431101
3869.201753  0.1413281
3869.82456  0.1320234
3870.447367  0.1174621
3871.070174  0.1073929
3871.692981  0.1072652
3872.315788  0.1071641
3872.938595  0.1130533
3873.561402  0.1359605
3874.184209  0.1766556
3874.807016  0.2064641
3875.429823  0.212636
3876.05263  0.2036382
3876.675437  0.1870039
3877.298244  0.1583643
3877.921051  0.1214852
3878.543858  0.1014852
3879.166665  0.1230287
3879.789472  0.1632053
3880.412279  0.1719014
3881.035086  0.1550166
3881.657893  0.1255244
3882.2807  0.1055235
3882.903507  0.1284784
3883.526314  0.2030288
3884.149121  0.2775643
3884.771928  0.2735995
3885.394735  0.2091844
3886.017542  0.1371318
3886.640349  0.1060144
3887.263156  0.12914
3887.885963  0.1683444
3888.50877  0.1917145
3889.131577  0.2061836
3889.754384  0.2322921
3890.377191  0.263623
3890.999998  0.2864366
3891.622805  0.3247248
3892.245612  0.3557368
3892.868419  0.356125
3893.491226  0.3388247
3894.114033  0.3253225
3894.73684  0.2999915
3895.359647  0.2451733
3895.982454  0.2285299
3896.605261  0.2669486
3897.228068  0.3157915
3897.850875  0.3048654
3898.473682  0.2740528
3899.096489  0.2483297
3899.719296  0.2164659
3900.342103  0.2255226
3900.96491  0.2784999
3901.587717  0.3268858
3902.210524  0.3043601
3902.833331  0.2546754
3903.456138  0.2453939
3904.078945  0.2897916
3904.701752  0.2961547
3905.324559  0.2487098
3905.947366  0.2022418
3906.570173  0.2013961
3907.19298  0.2367291
3907.815787  0.2803582
3908.438594  0.3175122
3909.061401  0.3449821
3909.684208  0.3506761
3910.307015  0.330508
3910.929822  0.3226815
3911.552629  0.3338922
3912.175436  0.3502314
3912.798243  0.3580248
3913.42105  0.3469971
3914.043857  0.3348811
3914.666664  0.3445127
3915.289471  0.3462892
3915.912278  0.3238727
3916.535085  0.2919487
3917.157892  0.2891933
3917.780699  0.3010026
3918.403506  0.3013803
3919.026313  0.2805268
3919.64912  0.2497189
3920.271927  0.2098009
3920.894734  0.171262
3921.517541  0.1750676
3922.140348  0.1886009
3922.763155  0.1891161
3923.385962  0.1994991
3924.008769  0.2294828
3924.631576  0.2521954
3925.254383  0.2399196
3925.87719  0.2187427
3926.499997  0.2050005
3927.122804  0.1910125
3927.745611  0.1562319
3928.368418  0.1283696
3928.991225  0.117365
3929.614032  0.1081079
3930.236839  0.09015999
3930.859646  0.07352477
3931.482453  0.06649125
3932.10526  0.05892305
3932.728067  0.04866317
3933.350874  0.03963349
3933.973681  0.03693972
3934.596488  0.03923369
3935.219295  0.04747761
3935.842102  0.06243022
3936.464909  0.08093859
3937.087716  0.09839888
3937.710523  0.1162545
3938.33333  0.1397667
3938.956137  0.1622506
3939.578944  0.1829312
3940.201751  0.198937
3940.824558  0.1945266
3941.447365  0.1891382
3942.070172  0.1966981
3942.692979  0.2032679
3943.315786  0.1819486
3943.938593  0.1486261
3944.5614  0.1453639
3945.184207  0.1895688
3945.807014  0.2604354
3946.429821  0.3144646
3947.052628  0.3150668
3947.675435  0.2874836
3948.298242  0.2648916
3948.921049  0.2667739
3949.543856  0.299745
3950.166663  0.3478143
3950.78947  0.3854479
3951.412277  0.3914978
3952.035084  0.3433698
3952.657891  0.2826395
3953.280698  0.2877755
3953.903505  0.3553336
3954.526312  0.4186406
3955.149119  0.4168258
3955.771926  0.3633283
3956.394733  0.3135203
3957.01754  0.3010121
3957.640347  0.3124094
3958.263154  0.3244021
3958.885961  0.3379416
3959.508768  0.3516317
3960.131575  0.322112
3960.754382  0.2484619
3961.377189  0.1692447
3961.999996  0.1349538
3962.622803  0.1444693
3963.24561  0.168188
3963.868417  0.1767592
3964.491224  0.1710393
3965.114031  0.1533938
3965.736838  0.1280487
3966.359645  0.1015334
3966.982452  0.07763378
3967.605259  0.0583409
3968.228066  0.04544244
3968.850873  0.04166308
3969.47368  0.05124823
3970.096487  0.07257979
3970.719294  0.09484009
3971.342101  0.1155739
3971.964908  0.1363979
3972.587715  0.1582028
3973.210522  0.1751659
3973.833329  0.1929864
3974.456136  0.2223824
3975.078943  0.2659786
3975.70175  0.2944962
3976.324557  0.2998482
3976.947364  0.3096905
3977.570171  0.3401864
3978.192978  0.3729899
3978.815785  0.3888902
3979.438592  0.4140064
3980.061399  0.4479968
3980.684206  0.463662
3981.307013  0.4326749
3981.92982  0.397699
3982.552627  0.3908039
3983.175434  0.4060991
3983.798241  0.4063718
3984.421048  0.4097948
3985.043855  0.4386109
3985.666662  0.472752
3986.289469  0.4724814
3986.912276  0.4575437
3987.535083  0.4840668
3988.15789  0.5382911
3988.780697  0.5434799
3989.403504  0.4699498
3990.026311  0.4157248
3990.649118  0.4314955
3991.271925  0.4820012
3991.894732  0.4924938
3992.517539  0.5042769
3993.140346  0.5228692
3993.763153  0.5241893
3994.38596  0.5046309
3995.008767  0.4896325
3995.631574  0.4885165
3996.254381  0.4798639
3996.877188  0.4649299
3997.499995  0.4468306
3998.122802  0.4377046
3998.745609  0.470975
3999.368416  0.5409755
3999.991223  0.5983368
4000.61403  0.5844101
4001.236837  0.5579302
4001.859644  0.5655789
4002.482451  0.6027957
4003.105258  0.6381056
4003.728065  0.6355579
4004.350872  0.5675507
4004.973679  0.4340729
4005.596486  0.3536336
4006.219293  0.3775676
4006.8421  0.4506644
4007.464907  0.5167913
4008.087714  0.5581712
4008.710521  0.5805888
4009.333328  0.5842573
4009.956135  0.5884154
4010.578942  0.5938394
4011.201749  0.5806195
4011.824556  0.5585526
4012.447363  0.5609989
4013.07017  0.5945225
4013.692977  0.5954295
4014.315784  0.5866579
4014.938591  0.6076885
4015.561398  0.6530053
4016.184205  0.6597106
4016.807012  0.6113567
4017.429819  0.5521204
4018.052626  0.5490465
4018.675433  0.6040877
4019.29824  0.6593127
4019.921047  0.6464785
4020.543854  0.6139991
4021.166661  0.5962566
4021.789468  0.5883821
4022.412275  0.5967706
4023.035082  0.6088164
4023.657889  0.5967976
4024.280696  0.5408603
4024.903503  0.516213
4025.52631  0.5510972
4026.149117  0.5961828
4026.771924  0.6139193
4027.394731  0.6284147
4028.017538  0.6726818
4028.640345  0.7178409
4029.263152  0.7065013
4029.885959  0.6034575
4030.508766  0.4425534
4031.131573  0.3834282
4031.75438  0.4177188
4032.377187  0.4291762
4032.999994  0.3873464
4033.622801  0.3576896
4034.245608  0.37944
4034.868415  0.4112858
4035.491222  0.4655294
4036.114029  0.5407595
4036.736836  0.6157587
4037.359643  0.6722608
4037.98245  0.6951179
4038.605257  0.6857965
4039.228064  0.6623287
4039.850871  0.621909
4040.473678  0.5794367
4041.096485  0.5659563
4041.719292  0.5971224
4042.342099  0.6436888
4042.964906  0.6499126
4043.587713  0.5730341
4044.21052  0.4571069
4044.833327  0.3399819
4045.456134  0.2356383
4046.078941  0.2130886
4046.701748  0.2953203
4047.324555  0.4376764
4047.947362  0.5477633
4048.570169  0.5873513
4049.192976  0.5886555
4049.815783  0.6158769
4050.43859  0.6522674
4051.061397  0.6702753
4051.684204  0.6575768
4052.307011  0.6246344
4052.929818  0.6095242
4053.552625  0.6082028
4054.175432  0.5629261
4054.798239  0.5080101
4055.421046  0.4985664
4056.043853  0.5426082
4056.66666  0.5442696
4057.289467  0.4896237
4057.912274  0.4322421
4058.535081  0.4348356
4059.157888  0.4811577
4059.780695  0.5445148
4060.403502  0.6069683
4061.026309  0.631426
4061.649116  0.602264
4062.271923  0.5182964
4062.89473  0.3860229
4063.517537  0.2761185
4064.140344  0.2725825
4064.763151  0.3999024
4065.385958  0.5266845
4066.008765  0.5602818
4066.631572  0.5105875
4067.254379  0.4819672
4067.877186  0.5106269
4068.499993  0.5820865
4069.1228  0.6583233
4069.745607  0.6926652
4070.368414  0.6361167
4070.991221  0.4899764
4071.614028  0.3640917
4072.236835  0.3668721
4072.859642  0.4971552
4073.482449  0.6219199
4074.105256  0.661786
4074.728063  0.6267549
4075.35087  0.571885
4075.973677  0.4961345
4076.596484  0.4158522
4077.219291  0.3689457
4077.842098  0.3952109
4078.464905  0.4663292
4079.087712  0.5358982
4079.710519  0.5836294
4080.333326  0.6523272
4080.956133  0.7278528
4081.57894  0.7575379
4082.201747  0.7094935
4082.824554  0.6365766
4083.447361  0.5978128
4084.070168  0.6024095
4084.692975  0.6026554
4085.315782  0.5915809
4085.938589  0.5971773
4086.561396  0.6339095
4087.184203  0.6960161
4087.80701  0.7580549
4088.429817  0.7896863
4089.052624  0.7940939
4089.675431  0.764265
4090.298238  0.7081193
4090.921045  0.7052367
4091.543852  0.6989912
4092.166659  0.6455423
4092.789466  0.6210403
4093.412273  0.6827711
4094.03508  0.748988
4094.657887  0.69134
4095.280694  0.5926195
4095.903501  0.51634
4096.526308  0.4887636
4097.149115  0.5157788
4097.771922  0.5521752
4098.394729  0.5782332
4099.017536  0.6043902
4099.640343  0.5927923
4100.26315  0.5273257
4100.885957  0.4441327
4101.508764  0.4282911
4102.131571  0.4795301
4102.754378  0.5502009
4103.377185  0.5891819
4103.999992  0.5660749
4104.622799  0.5411092
4105.245606  0.5859141
4105.868413  0.6576101
4106.49122  0.6958558
4107.114027  0.6835256
4107.736834  0.6640517
4108.359641  0.6597472
4108.982448  0.6443316
4109.605255  0.5894601
4110.228062  0.5525711
4110.850869  0.5380525
4111.473676  0.525397
4112.096483  0.5150572
4112.71929  0.5457
4113.342097  0.6044102
4113.964904  0.6351333
4114.587711  0.6397843
4115.210518  0.6327594
4115.833325  0.6287265
4116.456132  0.6363421
4117.078939  0.6494615
4117.701746  0.6276229
4118.324553  0.5388951
4118.94736  0.4845457
4119.570167  0.5109516
4120.192974  0.5796056
4120.815781  0.6084135
4121.438588  0.5967413
4122.061395  0.5743734
4122.684202  0.5575743
4123.307009  0.5346949
4123.929816  0.5541932
4124.552623  0.6445889
4125.17543  0.6795663
4125.798237  0.6598504
4126.421044  0.635224
4127.043851  0.6175055
4127.666658  0.5872589
4128.289465  0.5658181
4128.912272  0.5784733
4129.535079  0.5456122
4130.157886  0.5224874
4130.780693  0.5427702
4131.4035  0.4966046
4132.026307  0.4260064
4132.649114  0.4085185
4133.271921  0.4606877
4133.894728  0.4606488
4134.517535  0.4486839
4135.140342  0.5155368
4135.763149  0.6214143
4136.385956  0.6523094
4137.008763  0.6012484
4137.63157  0.5840113
4138.254377  0.6059645
4138.877184  0.6229818
4139.499991  0.6085192
4140.122798  0.6101651
4140.745605  0.6242046
4141.368412  0.6008756
4141.991219  0.4922002
4142.614026  0.3617913
4143.236833  0.2776407
4143.85964  0.2750837
4144.482447  0.3600153
4145.105254  0.4629659
4145.728061  0.5239629
4146.350868  0.5524956
4146.973675  0.5626018
4147.596482  0.567945
4148.219289  0.5682732
4148.842096  0.5353958
4149.464903  0.4880391
4150.08771  0.4646729
4150.710517  0.4779999
4151.333324  0.4833064
4151.956131  0.4739447
4152.578938  0.4871386
4153.201745  0.5048593
4153.824552  0.5040346
4154.447359  0.488347
4155.070166  0.4991859
4155.692973  0.4949105
4156.31578  0.468308
4156.938587  0.4782323
4157.561394  0.517188
4158.184201  0.5717745
4158.807008  0.6241115
4159.429815  0.6397618
4160.052622  0.6217558
4160.675429  0.593277
4161.298236  0.5790179
4161.921043  0.609661
4162.54385  0.6609561
4163.166657  0.6747662
4163.789464  0.626105
4164.412271  0.5623819
4165.035078  0.541155
4165.657885  0.5651121
4166.280692  0.5591277
4166.903499  0.5072598
4167.526306  0.4721093
4168.149113  0.5063379
4168.77192  0.5597715
4169.394727  0.5798336
4170.017534  0.6123371
4170.640341  0.6380791
4171.263148  0.6054837
4171.885955  0.4927836
4172.508762  0.4045793
4173.131569  0.3958365
4173.754376  0.4450927
4174.377183  0.4905932
4174.99999  0.5109478
4175.622797  0.5198732
4176.245604  0.5361092
4176.868411  0.5172115
4177.491218  0.4800326
4178.114025  0.4789605
4178.736832  0.5203915
4179.359639  0.5525737
4179.982446  0.5442555
4180.605253  0.5274696
4181.22806  0.5084581
4181.850867  0.5040876
4182.473674  0.5293982
4183.096481  0.5595451
4183.719288  0.5935552
4184.342095  0.6439528
4184.964902  0.7091125
4185.587709  0.7183672
4186.210516  0.6378906
4186.833323  0.5169892
4187.45613  0.4691437
4188.078937  0.522916
4188.701744  0.6154365
4189.324551  0.6479403
4189.947358  0.6352013
4190.570165  0.600009
4191.192972  0.5433059
4191.815779  0.5510836
4192.438586  0.6203145
4193.061393  0.679104
4193.6842  0.6785007
4194.307007  0.6337618
4194.929814  0.5783162
4195.552621  0.5271305
4196.175428  0.4796017
4196.798235  0.4624502
4197.421042  0.4880957
4198.043849  0.4784375
4198.666656  0.4737152
4199.289463  0.5165201
4199.91227  0.5580842
4200.535077  0.5578671
4201.157884  0.5073405
4201.780691  0.4446798
4202.403498  0.4576985
4203.026305  0.5338816
4203.649112  0.5952384
4204.271919  0.5820284
4204.894726  0.5743872
4205.517533  0.6155668
4206.14034  0.6614259
4206.763147  0.6833077
4207.385954  0.7001135
4208.008761  0.7276997
4208.631568  0.7215435
4209.254375  0.6731541
4209.877182  0.6133144
4210.499989  0.590014
4211.122796  0.617844
4211.745603  0.6609465
4212.36841  0.6694992
4212.991217  0.6352687
4213.614024  0.5875521
4214.236831  0.5307891
4214.859638  0.4378457
4215.482445  0.3936044
4216.105252  0.4753086
4216.728059  0.6629196
4217.350866  0.7853808
4217.973673  0.8267981
4218.59648  0.8375864
4219.219287  0.8271943
4219.842094  0.8315617
4220.464901  0.8615076
4221.087708  0.8850552
4221.710515  0.8366967
4222.333322  0.7403734
4222.956129  0.6584625
4223.578936  0.6092913
4224.201743  0.5563571
4224.82455  0.4653727
4225.447357  0.3384166
4226.070164  0.2078034
4226.692971  0.1402595
4227.315778  0.1964035
4227.938585  0.3788394
4228.561392  0.5686874
4229.184199  0.6694927
4229.807006  0.6974589
4230.429813  0.7583467
4231.05262  0.8295854
4231.675427  0.8161706
4232.298234  0.7314543
4232.921041  0.6427091
4233.543848  0.623097
4234.166655  0.691204
4234.789462  0.7126914
4235.412269  0.6460497
4236.035076  0.5747826
4236.657883  0.5844101
4237.28069  0.6421526
4237.903497  0.6794317
4238.526304  0.6861052
4239.149111  0.6707857
4239.771918  0.6638713
4240.394725  0.6968927
4241.017532  0.7650715
4241.640339  0.8017324
4242.263146  0.7679274
4242.885953  0.7363095
4243.50876  0.7916019
4244.131567  0.9071828
4244.754374  0.9575687
4245.377181  0.9295178
4245.999988  0.8657448
4246.622795  0.8060741
4247.245602  0.7347776
4247.868409  0.6856448
4248.491216  0.6737413
4249.114023  0.6591349
4249.73683  0.5814431
4250.359637  0.5017508
4250.982444  0.5265654
4251.605251  0.6257897
4252.228058  0.7177947
4252.850865  0.7263966
4253.473672  0.6337633
4254.096479  0.5229513
4254.719286  0.4862821
4255.342093  0.5581251
4255.9649  0.6775107
4256.587707  0.8076184
4257.210514  0.8871031
4257.833321  0.8079276
4258.456128  0.6972318
4259.078935  0.6328694
4259.701742  0.5675719
4260.324549  0.5028718
4260.947356  0.4996067
4261.570163  0.594997
4262.19297  0.7173136
4262.815777  0.8279395
4263.438584  0.8910201
4264.061391  0.8810028
4264.684198  0.871123
4265.307005  0.8946855
4265.929812  0.9225557
4266.552619  0.8986081
4267.175426  0.8172664
4267.798233  0.7322286
4268.42104  0.7152219
4269.043847  0.7118148
4269.666654  0.6749796
4270.289461  0.592062
4270.912268  0.4474517
4271.535075  0.3425543
4272.157882  0.3713927
4272.780689  0.5009983
4273.403496  0.5645942
4274.026303  0.5101197
4274.64911  0.4462941
4275.271917  0.5004305
4275.894724  0.631574
4276.517531  0.7355682
4277.140338  0.7932568
4277.763145  0.8561946
4278.385952  0.9076056
4279.008759  0.8574322
4279.631566  0.7143558
4280.254373  0.6076604
4280.87718  0.6366856
4281.499987  0.7084163
4282.122794  0.7283541
4282.745601  0.7166325
4283.368408  0.7759455
4283.991215  0.7848639
4284.614022  0.7164851
4285.236829  0.648154
4285.859636  0.6277669
4286.482443  0.6674719
4287.10525  0.7338156
4287.728057  0.7594713
4288.350864  0.6937158
4288.973671  0.5594697
4289.596478  0.4479322
4290.219285  0.4650097
4290.842092  0.5332536
4291.464899  0.5774822
4292.087706  0.6754265
4292.710513  0.7726902
4293.33332  0.7750083
4293.956127  0.6606333
4294.578934  0.6156078
4295.201741  0.6707467
4295.824548  0.7274139
4296.447355  0.6953838
4297.070162  0.6423917
4297.692969  0.612869
4298.315776  0.558377
4298.938583  0.4515731
4299.56139  0.3623981
4300.184197  0.377053
4300.807004  0.4687512
4301.429811  0.5342765
4302.052618  0.5160137
4302.675425  0.4661558
4303.298232  0.4771937
4303.921039  0.5261504
4304.543846  0.5253912
4305.166653  0.4834835
4305.78946  0.45566
4306.412267  0.4503163
4307.035074  0.3974683
4307.657881  0.3299417
4308.280688  0.3051307
4308.903495  0.3450292
4309.526302  0.3928863
4310.149109  0.4384292
4310.771916  0.4876621
4311.394723  0.5196217
4312.01753  0.5469354
4312.640337  0.6010631
4313.263144  0.686273
4313.885951  0.6889232
4314.508758  0.6810341
4315.131565  0.7957373
4315.754372  1.007808
4316.377179  1.142228
4316.999986  1.134678
4317.622793  1.098947
4318.2456  1.049727
4318.868407  1.028469
4319.491214  1.046388
4320.114021  0.9871814
4320.736828  0.9142479
4321.359635  0.9131677
4321.982442  0.9540445
4322.605249  0.8802035
4323.228056  0.713759
4323.850863  0.5960284
4324.47367  0.5051128
4325.096477  0.41155
4325.719284  0.3591515
4326.342091  0.4662312
4326.964898  0.6726094
4327.587705  0.8744012
4328.210512  1.002415
4328.833319  1.043776
4329.456126  0.9983978
4330.078933  0.9105815
4330.70174  0.8800229
4331.324547  0.9240116
4331.947354  0.9851235
4332.570161  0.9924617
4333.192968  0.988232
4333.815775  0.9966434
4334.438582  1.0284
4335.061389  1.108914
4335.684196  1.152486
4336.307003  1.062987
4336.92981  0.8414437
4337.552617  0.7023042
4338.175424  0.6999724
4338.798231  0.7256028
4339.421038  0.6953079
4340.043845  0.6359427
4340.666652  0.6324931
4341.289459  0.742489
4341.912266  0.9035394
4342.535073  0.9879167
4343.15788  0.9268203
4343.780687  0.8693802
4344.403494  0.9170924
4345.026301  1.033294
4345.649108  1.057488
4346.271915  0.9925897
4346.894722  0.9215009
4347.517529  0.925766
4348.140336  1.007842
4348.763143  1.129125
4349.38595  1.200324
4350.008757  1.099218
4350.631564  0.8829173
4351.254371  0.6831731
4351.877178  0.607022
4352.499985  0.6682677
4353.122792  0.7944109
4353.745599  0.8826832
4354.368406  0.8790321
4354.991213  0.855062
4355.61402  0.8820699
4356.236827  0.9478299
4356.859634  1.028514
4357.482441  1.042501
4358.105248  0.9385529
4358.728055  0.8309644
4359.350862  0.7956026
4359.973669  0.8456807
4360.596476  0.9448054
4361.219283  1.051481
4361.84209  1.086878
4362.464897  1.005302
4363.087704  0.9382892
4363.710511  0.9715612
4364.333318  1.087485
4364.956125  1.175714
4365.578932  1.158329
4366.201739  1.046998
4366.824546  0.9241292
4367.447353  0.8302447
4368.07016  0.8309346
4368.692967  0.9233519
4369.315774  0.953894
4369.938581  0.9354089
4370.561388  0.9229572
4371.184195  0.9294066
4371.807002  0.95574
4372.429809  0.9466769
4373.052616  0.8636094
4373.675423  0.7866603
4374.29823  0.7181522
4374.921037  0.6623456
4375.543844  0.6758453
4376.166651  0.7761346
4376.789458  0.9052142
4377.412265  0.9844247
4378.035072  1.026353
4378.657879  1.016036
4379.280686  0.9554851
4379.903493  0.9014137
4380.5263  0.8812028
4381.149107  0.8718588
4381.771914  0.8070089
4382.394721  0.6148855
4383.017528  0.3918605
4383.640335  0.2830005
4384.263142  0.3231397
4384.885949  0.48772
4385.508756  0.7017086
4386.131563  0.8666381
4386.75437  0.892527
4387.377177  0.8435035
4387.999984  0.8285011
4388.622791  0.8321162
4389.245598  0.8081734
4389.868405  0.7599523
4390.491212  0.7531722
4391.114019  0.7813455
4391.736826  0.8360612
4392.359633  0.8972335
4392.98244  0.8958133
4393.605247  0.8660462
4394.228054  0.8392031
4394.850861  0.7878169
4395.473668  0.8270264
4396.096475  0.9636455
4396.719282  1.081982
4397.342089  1.101154
4397.964896  1.056378
4398.587703  1.006636
4399.21051  0.9414832
4399.833317  0.8461995
4400.456124  0.7759466
4401.078931  0.8251083
4401.701738  0.9886815
4402.324545  1.092235
4402.947352  0.9843801
4403.570159  0.7422908
4404.192966  0.5116888
4404.815773  0.4376513
4405.43858  0.5737073
4406.061387  0.7473543
4406.684194  0.8276864
4407.307001  0.7957165
4407.929808  0.7185817
4408.552615  0.72466
4409.175422  0.8516544
4409.798229  0.9936947
4410.421036  1.072869
4411.043843  1.07836
4411.66665  1.062503
4412.289457  1.097217
4412.912264  1.130769
4413.535071  1.060629
4414.157878  0.8484792
4414.780685  0.6751833
4415.403492  0.6735457
4416.026299  0.8093313
4416.649106  0.9072987
4417.271913  0.9521012
4417.89472  1.007676
4418.517527  1.07514
4419.140334  1.130235
4419.763141  1.140826
4420.385948  1.090889
4421.008755  1.007183
4421.631562  0.906601
4422.254369  0.8244259
4422.877176  0.8422707
4423.499983  0.9338731
4424.12279  1.013372
4424.745597  1.013089
4425.368404  0.9777766
4425.991211  0.9577009
4426.614018  0.9639971
4427.236825  0.9608853
4427.859632  1.012239
4428.482439  1.092143
4429.105246  1.028881
4429.728053  0.8785919
4430.35086  0.8063669
4430.973667  0.914399
4431.596474  1.054674
4432.219281  1.107646
4432.842088  1.050082
4433.464895  0.9486493
4434.087702  0.8418458
4434.710509  0.7607955
4435.333316  0.7389827
4435.956123  0.820084
4436.57893  0.9534108
4437.201737  1.05758
4437.824544  1.112843
4438.447351  1.170809
4439.070158  1.216083
4439.692965  1.164103
4440.315772  1.057347
4440.938579  0.9529397
4441.561386  0.8832538
4442.184193  0.8518378
4442.807  0.8589472
4443.429807  0.8997123
4444.052614  0.9701807
4444.675421  1.089179
4445.298228  1.2022
4445.921035  1.223327
4446.543842  1.142971
4447.166649  1.07752
4447.789456  1.112286
4448.412263  1.191801
4449.03507  1.168782
4449.657877  1.064596
4450.280684  1.030998
4450.903491  1.085469
4451.526298  1.137083
4452.149105  1.113487
4452.771912  1.062721
4453.394719  1.015101
4454.017526  0.9492636
4454.640333  0.8440052
4455.26314  0.8286717
4455.885947  0.8956079
4456.508754  0.9525329
4457.131561  0.961184
4457.754368  0.9312395
4458.377175  0.8860368
4458.999982  0.8466405
4459.622789  0.8656859
4460.245596  0.8830347
4460.868403  0.8150231
4461.49121  0.7239811
4462.114017  0.7467288
4462.736824  0.9158288
4463.359631  1.086586
4463.982438  1.111236
4464.605245  1.039682
4465.228052  1.016371
4465.850859  1.008904
4466.473666  1.021429
4467.096473  1.057321
4467.71928  1.07466
4468.342087  1.023635
4468.964894  0.9519542
4469.587701  0.9567865
4470.210508  0.9987287
4470.833315  1.036758
4471.456122  1.060925
4472.078929  1.091138
4472.701736  1.144162
4473.324543  1.193258
4473.94735  1.18862
4474.570157  1.143494
4475.192964  1.119562
4475.815771  1.166008
4476.438578  1.260961
4477.061385  1.330478
4477.684192  1.333582
4478.306999  1.287622
4478.929806  1.180203
4479.552613  1.053631
4480.17542  0.9780493
4480.798227  0.9684248
4481.421034  0.9532084
4482.043841  0.9351442
4482.666648  1.036009
4483.289455  1.150442
4483.912262  1.218718
4484.535069  1.268318
4485.157876  1.296338
4485.780683  1.308179
4486.40349  1.296236
4487.026297  1.238103
4487.649104  1.150945
4488.271911  1.059312
4488.894718  0.9826858
4489.517525  0.9584652
4490.140332  0.9045392
4490.763139  0.
4491.385946  0.
4492.008753  0.
4492.63156  0.
4493.254367  0.
4493.877174  0.
4494.499981  0.
4495.122788  0.
4495.745595  0.
4496.368402  0.
4496.991209  0.
4497.614016  0.
4498.236823  0.
4498.85963  0.
4499.482437  0.
4500.105244  0.
4500.728051  0.
4501.350858  0.
4501.973665  0.
4502.596472  0.
4503.219279  0.
4503.842086  0.
4504.464893  0.
4505.0877  0.
4505.710507  0.
4506.333314  0.
4506.956121  0.
4507.578928  0.
4508.201735  0.
4508.824542  0.
