  10.
 100.
 100.
 100.
 101.
 104.
 106.
 108.
 108.
 110.
 111.
 111.
 113.
 117.
 117.
 117.
 117.
 117.
 117.
 117.
 117.
 117.
 117.
 117.
 117.
 117.
 117.
 117.
 117.
 117.
 127.
 129.
  13.
 131.
 132.
 133.
 134.
 137.
  14.
  14.
 142.
 142.
 153.
 153.
 153.
 156.
 156.
 159.
 160.
 162.
  17.
  17.
 170.
 175.
 175.
 175.
 175.
 184.
 187.
 197.
 205.
  22.
 234.
 234.
 234.
 234.
 234.
 234.
 234.
 237.
  24.
 240.
 242.
 248.
  25.
  26.
  26.
  27.
 285.
  29.
 292.
 292.
  31.
  32.
  34.
  35.
  37.
  37.
  38.
  39.
  39.
  39.
  39.
  40.
  40.
  41.
  46.
  47.
  47.
  47.
  47.
  47.
  48.
  48.
  50.
  50.
  51.
  51.
  52.
  53.
  54.
  55.
  55.
  56.
  57.
  57.
  58.
  58.
  58.
  58.
  58.
  58.
  58.
  58.
  58.
  58.
  58.
  58.
  58.
  58.
  58.
  59.
  61.
  61.
  61.
  62.
  64.
  65.
  65.
  68.
  69.
  70.
  72.
  72.
  73.
  74.
  75.
  75.
  80.
  80.
  80.
  81.
  81.
  82.
  82.
  82.
  82.
  83.
  85.
  85.
  85.
  85.
  86.
  87.
  88.
  90.
  91.
  93.
  94.
  96.
  96.
  97.
  98.
 351.
 351.
 351.
 351.
 409.
 468.
