 10.300
 10.280
 10.260
 10.250
 10.240
 10.220
 10.200
 10.180
 10.160
 10.150
 10.140
 10.120
 10.100
 10.080
 10.060
 10.050
 10.040
 10.020
 10.000
  9.950
  9.900
  9.850
  9.800
  9.750
  9.700
  9.650
  9.600
  9.550
  9.500
  9.450
  9.400
  9.350
  9.300
  9.250
  9.200
  9.150
  9.100
  9.050
  9.000
  8.950
  8.900
  8.850
  8.800
  8.750
  8.700
  8.650
  8.600
  8.550
  8.500
  8.450
  8.400
  8.350
  8.300
  8.250
  8.200
  8.150
  8.100
  8.050
  8.000
  7.950
  7.900
  7.850
  7.800
  7.700
  7.600
  7.500
  7.400
  7.300
  7.200
  7.100
  7.000
  6.900
  6.800
  6.700
  6.600
