4780.  0.9415969
4780.622807  0.9632674
4781.245614  0.9709156
4781.868421  0.9755285
4782.491228  0.9691382
4783.114035  0.93997
4783.736842  0.9381521
4784.359649  0.9591671
4784.982456  0.9710267
4785.605263  0.9569502
4786.22807  0.9271044
4786.850877  0.9137431
4787.473684  0.9399262
4788.096491  0.9620234
4788.719298  0.9540991
4789.342105  0.9331301
4789.964912  0.9488345
4790.587719  0.9726986
4791.210526  0.9771116
4791.833333  0.9708356
4792.45614  0.9659721
4793.078947  0.9688042
4793.701754  0.9758189
4794.324561  0.9793783
4794.947368  0.9714953
4795.570175  0.9657972
4796.192982  0.98706
4796.815789  0.9926444
4797.438596  0.9743949
4798.061403  0.9568702
4798.68421  0.9441461
4799.307017  0.9479975
4799.929824  0.9655441
4800.552631  0.9723166
4801.175438  0.9781622
4801.798245  0.9838713
4802.421052  0.9802637
4803.043859  0.9798614
4803.666666  0.9731215
4804.289473  0.9534118
4804.91228  0.9444101
4805.535087  0.9567567
4806.157894  0.9735121
4806.780701  0.9678797
4807.403508  0.9637118
4808.026315  0.9708407
4808.649122  0.9785033
4809.271929  0.9722656
4809.894736  0.9596113
4810.517543  0.9539082
4811.14035  0.960107
4811.763157  0.973648
4812.385964  0.9807635
4813.008771  0.976656
4813.631578  0.9867037
4814.254385  0.994886
4814.877192  0.9866142
4815.499999  0.9802459
4816.122806  0.9875337
4816.745613  0.9966133
4817.36842  0.9898417
4817.991227  0.9894893
4818.614034  0.9903636
4819.236841  0.9838928
4819.859648  0.9847263
4820.482455  0.9863027
4821.105262  0.9872587
4821.728069  0.9907178
4822.350876  0.9771935
4822.973683  0.9463952
4823.59649  0.9225363
4824.219297  0.938705
4824.842104  0.9653129
4825.464911  0.9746653
4826.087718  0.9747632
4826.710525  0.9815607
4827.333332  0.9935713
4827.956139  0.9960559
4828.578946  0.9795281
4829.201753  0.9736807
4829.82456  0.98739
4830.447367  0.987437
4831.070174  0.9796322
4831.692981  0.9729071
4832.315788  0.9698219
4832.938595  0.9785805
4833.561402  0.9925675
4834.184209  0.9991469
4834.807016  0.9936386
4835.429823  0.9869165
4836.05263  0.9878936
4836.675437  0.9950027
4837.298244  1.002948
4837.921051  0.9978991
4838.543858  0.9764646
4839.166665  0.9621118
4839.789472  0.9588957
4840.412279  0.9611832
4841.035086  0.9630753
4841.657893  0.9719725
4842.2807  0.9804711
4842.903507  0.9797381
4843.526314  0.9801442
4844.149121  0.9861074
4844.771928  0.9926085
4845.394735  0.9905982
4846.017542  0.989391
4846.640349  0.9895445
4847.263156  0.9819016
4847.885963  0.9611155
4848.50877  0.9471669
4849.131577  0.9555486
4849.754384  0.9742243
4850.377191  0.9832155
4850.999998  0.9811533
4851.622805  0.9816998
4852.245612  0.9832167
4852.868419  0.9850422
4853.491226  0.982689
4854.114033  0.964745
4854.73684  0.9324439
4855.359647  0.9094914
4855.982454  0.9230224
4856.605261  0.9548877
4857.228068  0.9686065
4857.850875  0.9476961
4858.473682  0.921206
4859.096489  0.8823622
4859.719296  0.8001407
4860.342103  0.6615257
4860.96491  0.5554457
4861.587717  0.5771648
4862.210524  0.7299548
4862.833331  0.8533184
4863.456138  0.909364
4864.078945  0.9288206
4864.701752  0.9342563
4865.324559  0.9450648
4865.947366  0.9584821
4866.570173  0.9628384
4867.19298  0.9654717
4867.815787  0.9758329
4868.438594  0.9884379
4869.061401  0.9819829
4869.684208  0.9687667
4870.307015  0.9455833
4870.929822  0.8989289
4871.552629  0.8817891
4872.175436  0.9113019
4872.798243  0.9593875
4873.42105  0.9827988
4874.043857  0.9830877
4874.666664  0.9748632
4875.289471  0.9651885
4875.912278  0.9732042
4876.535085  0.9799033
4877.157892  0.9609621
4877.780699  0.9454278
4878.403506  0.9556308
4879.026313  0.9866959
4879.64912  1.008674
4880.271927  1.006944
4880.894734  0.991906
4881.517541  0.9842421
4882.140348  0.9793549
4882.763155  0.9755514
4883.385962  0.975681
4884.008769  0.982261
4884.631576  0.974468
4885.254383  0.9583681
4885.87719  0.961754
4886.499997  0.9704472
4887.122804  0.9755429
4887.745611  0.9726267
4888.368418  0.9539336
4888.991225  0.9426847
4889.614032  0.9396061
4890.236839  0.9175615
4890.859646  0.8933282
4891.482453  0.9011238
4892.10526  0.9511944
4892.728067  0.9947257
4893.350874  1.01027
4893.973681  1.010258
4894.596488  1.020744
4895.219295  1.019343
4895.842102  1.011948
4896.464909  1.02079
4897.087716  1.018673
4897.710523  1.015512
4898.33333  1.016528
4898.956137  0.9912216
4899.578944  0.9662439
4900.201751  0.9663911
4900.824558  0.9880729
4901.447365  1.000079
4902.070172  0.9902917
4902.692979  0.9692878
4903.315786  0.9548173
4903.938593  0.9642352
4904.5614  0.9862734
4905.184207  0.9931608
4905.807014  0.9997474
4906.429821  1.007677
4907.052628  1.003571
4907.675435  0.9823329
4908.298242  0.9769722
4908.921049  0.9875793
4909.543856  0.9668224
4910.166663  0.9455649
4910.78947  0.9464648
4911.412277  0.9656338
4912.035084  0.9895717
4912.657891  1.003087
4913.280698  1.003075
4913.903505  1.001109
4914.526312  1.003899
4915.149119  1.008669
4915.771926  1.008297
4916.394733  1.008113
4917.01754  0.9997021
4917.640347  0.9775912
4918.263154  0.9550107
4918.885961  0.9342935
4919.508768  0.9111348
4920.131575  0.8870223
4920.754382  0.8944142
4921.377189  0.9348086
4921.999996  0.9748535
4922.622803  0.9707314
4923.24561  0.9446958
4923.868417  0.9288629
4924.491224  0.9303038
4925.114031  0.9695731
4925.736838  1.013078
4926.359645  1.014638
4926.982452  1.004871
4927.605259  1.005753
4928.228066  1.016196
4928.850873  1.01886
4929.47368  1.021625
4930.096487  1.024102
4930.719294  1.017591
4931.342101  1.014458
4931.964908  1.01483
4932.587715  0.9958279
4933.210522  0.9264629
4933.833329  0.8881645
4934.456136  0.9229053
4935.078943  0.98238
4935.70175  1.007932
4936.324557  1.000707
4936.947364  0.9888053
4937.570171  0.9643687
4938.192978  0.9303951
4938.815785  0.9071715
4939.438592  0.9186311
4940.061399  0.9582971
4940.684206  0.9937125
4941.307013  1.000781
4941.92982  1.000593
4942.552627  1.002643
4943.175434  1.006909
4943.798241  1.013761
4944.421048  1.014711
4945.043855  1.007285
4945.666662  0.9967434
4946.289469  0.9899621
4946.912276  0.9941441
4947.535083  1.009942
4948.15789  1.027931
4948.780697  1.029149
4949.403504  1.01315
4950.026311  1.001131
4950.649118  1.004288
4951.271925  1.010139
4951.894732  1.005858
4952.517539  1.008152
4953.140346  1.013289
4953.763153  1.015291
4954.38596  1.016296
4955.008767  1.025053
4955.631574  1.015641
4956.254381  0.9588307
4956.877188  0.8801746
4957.499995  0.8539754
4958.122802  0.9092478
4958.745609  0.9829137
4959.368416  1.02255
4959.991223  1.020545
4960.61403  1.007321
4961.236837  1.010803
4961.859644  1.015573
4962.482451  1.008857
4963.105258  1.017972
4963.728065  1.026212
4964.350872  1.014788
4964.973679  0.9876774
4965.596486  0.9821829
4966.219293  0.9919755
4966.8421  0.9932585
4967.464907  0.9938801
4968.087714  0.9936838
4968.710521  0.9948223
4969.333328  1.000682
4969.956135  0.9953291
4970.578942  0.9922122
4971.201749  1.008021
4971.824556  1.007825
4972.447363  0.9990986
4973.07017  1.000529
4973.692977  1.011239
4974.315784  1.017571
4974.938591  1.019695
4975.561398  1.02439
4976.184205  1.020367
4976.807012  1.012946
4977.429819  1.010621
4978.052626  1.006703
4978.675433  1.002288
4979.29824  0.9985769
4979.921047  0.9946515
4980.543854  0.9821842
4981.166661  0.9606096
4981.789468  0.9378727
4982.412275  0.9259611
4983.035082  0.9226394
4983.657889  0.9228399
4984.280696  0.9281219
4984.903503  0.9376699
4985.52631  0.9532995
4986.149117  0.9774565
4986.771924  1.010546
4987.394731  1.024441
4988.017538  1.009368
4988.640345  0.995051
4989.263152  0.9951149
4989.885959  0.9927213
4990.508766  0.9693674
4991.131573  0.9585736
4991.75438  0.9823899
4992.377187  1.016152
4992.999994  0.9943219
4993.622801  0.9663864
4994.245608  0.9712795
4994.868415  0.9922594
4995.491222  1.009436
4996.114029  1.012986
4996.736836  1.007503
4997.359643  1.006107
4997.98245  0.996577
4998.605257  0.9743391
4999.228064  0.9557779
4999.850871  0.9619653
5000.473678  0.9755643
5001.096485  0.9704419
5001.719292  0.9658251
5002.342099  0.9698688
5002.964906  0.9793796
5003.587713  0.9848719
5004.21052  0.9888643
5004.833327  0.9748807
5005.456134  0.9306453
5006.078941  0.9038726
5006.701748  0.9109996
5007.324555  0.9448017
5007.947362  0.9920867
5008.570169  1.015132
5009.192976  1.011778
5009.815783  1.011127
5010.43859  1.001122
5011.061397  0.9790006
5011.684204  0.9537175
5012.307011  0.939127
5012.929818  0.9243939
5013.552625  0.9057571
5014.175432  0.9003166
5014.798239  0.9193761
5015.421046  0.9516
5016.043853  0.972639
5016.66666  0.9704678
5017.289467  0.9474103
5017.912274  0.9236045
5018.535081  0.9293823
5019.157888  0.9600306
5019.780695  0.9841297
5020.403502  0.9796963
5021.026309  0.9820154
5021.649116  0.976818
5022.271923  0.9590823
5022.89473  0.9757547
5023.517537  0.9912676
5024.140344  0.9903781
5024.763151  0.9960359
5025.385958  0.9996536
5026.008765  0.9904812
5026.631572  0.9685308
5027.254379  0.9518203
5027.877186  0.9594177
5028.499993  0.9839553
5029.1228  0.9935848
5029.745607  0.9842501
5030.368414  0.9732186
5030.991221  0.9798515
5031.614028  1.001203
5032.236835  1.016594
5032.859642  1.017419
5033.482449  1.01714
5034.105256  1.007717
5034.728063  0.9815027
5035.35087  0.9467042
5035.973677  0.9357352
5036.596484  0.9551787
5037.219291  0.9835961
5037.842098  0.9869547
5038.464905  0.9704057
5039.087712  0.9495562
5039.710519  0.931098
5040.333326  0.8964892
5040.956133  0.8677433
5041.57894  0.8800472
5042.201747  0.9332023
5042.824554  0.9793535
5043.447361  0.9916447
5044.070168  0.9911541
5044.692975  0.9952267
5045.315782  1.007028
5045.938589  1.01822
5046.561396  1.018472
5047.184203  1.007126
5047.80701  0.9906971
5048.429817  0.976607
5049.052624  0.9624678
5049.675431  0.9556927
5050.298238  0.9639428
5050.921045  0.9617168
5051.543852  0.9589393
5052.166659  0.9709154
5052.789466  0.9893515
5053.412273  0.9990707
5054.03508  0.9990373
5054.657887  1.001601
5055.280694  1.014493
5055.903501  1.021483
5056.526308  1.009456
5057.149115  1.00321
5057.771922  1.003041
5058.394729  1.002475
5059.017536  1.001355
5059.640343  0.9975697
5060.26315  0.9980127
5060.885957  1.007285
5061.508764  1.013392
5062.131571  1.016704
5062.754378  1.015338
5063.377185  0.9972088
5063.999992  0.9584516
5064.622799  0.9305047
5065.245606  0.948447
5065.868413  0.9776101
5066.49122  0.9971496
5067.114027  1.0001
5067.736834  0.984093
5068.359641  0.9644667
5068.982448  0.9640906
5069.605255  0.992067
5070.228062  1.008548
5070.850869  1.004952
5071.473676  0.99296
5072.096483  0.9731844
5072.71929  0.9771493
5073.342097  0.9991528
5073.964904  0.9919786
5074.587711  0.9848565
5075.210518  0.9894909
5075.833325  0.9944963
5076.456132  0.9953273
5077.078939  1.000123
5077.701746  0.9991172
5078.324553  0.959228
5078.94736  0.9113653
5079.570167  0.8873267
5080.192974  0.897818
5080.815781  0.9401683
5081.438588  0.9758638
5082.061395  0.9765314
5082.684202  0.9605914
5083.307009  0.9477916
5083.929816  0.9546927
5084.552623  0.983214
5085.17543  1.007864
5085.798237  1.008108
5086.421044  0.9889039
5087.043851  0.9840334
5087.666658  0.9904227
5088.289465  0.9945424
5088.912272  0.9918297
5089.535079  0.9982474
5090.157886  1.007225
5090.780693  1.002363
5091.4035  0.9948662
5092.026307  0.9966394
5092.649114  1.007994
5093.271921  1.014622
5093.894728  1.016445
5094.517535  1.016392
5095.140342  1.012429
5095.763149  0.994706
5096.385956  0.9772272
5097.008763  0.9721386
5097.63157  0.9667796
5098.254377  0.950106
5098.877184  0.9350779
5099.499991  0.9477366
5100.122798  0.982954
5100.745605  1.010014
5101.368412  1.007143
5101.991219  0.9951689
5102.614026  0.9963459
5103.236833  1.011537
5103.85964  1.01951
5104.482447  1.00945
5105.105254  0.9933354
5105.728061  0.9849398
5106.350868  0.9654195
5106.973675  0.9355511
5107.596482  0.9226422
5108.219289  0.9587284
5108.842096  0.9792093
5109.464903  0.9599065
5110.08771  0.9405967
5110.710517  0.9550855
5111.333324  0.9887413
5111.956131  1.009882
5112.578938  1.010559
5113.201745  1.00726
5113.824552  1.004808
5114.447359  0.9941194
5115.070166  0.9959472
5115.692973  1.009278
5116.31578  1.019777
5116.938587  1.027028
5117.561394  1.027821
5118.184201  1.024989
5118.807008  1.026571
5119.429815  1.022989
5120.052622  1.008879
5120.675429  0.9921044
5121.298236  0.9937326
5121.921043  0.9900048
5122.54385  0.9671586
5123.166657  0.9592698
5123.789464  0.9580408
5124.412271  0.9563961
5125.035078  0.9585423
5125.657885  0.9718139
5126.280692  0.9753333
5126.903499  0.9616874
5127.526306  0.967189
5128.149113  0.969898
5128.77192  0.9628616
5129.394727  0.9720994
5130.017534  0.981886
5130.640341  0.9814849
5131.263148  0.9778523
5131.885955  0.9894911
5132.508762  0.9972364
5133.131569  0.9892911
5133.754376  0.983841
5134.377183  0.9945834
5134.99999  1.01075
5135.622797  1.008545
5136.245604  0.978891
5136.868411  0.952833
5137.491218  0.9495612
5138.114025  0.9425543
5138.736832  0.9209843
5139.359639  0.9125943
5139.982446  0.9488081
5140.605253  0.9791185
5141.22806  0.9732176
5141.850867  0.9380765
5142.473674  0.9084715
5143.096481  0.9308929
5143.719288  0.9846679
5144.342095  0.9953528
5144.964902  0.9909613
5145.587709  0.9907491
5146.210516  0.9883108
5146.833323  0.9719242
5147.45613  0.9619106
5148.078937  0.9757855
5148.701744  1.002533
5149.324551  1.002404
5149.947358  0.974742
5150.570165  0.9506984
5151.192972  0.9383916
5151.815779  0.9486595
5152.438586  0.9740438
5153.061393  0.9796628
5153.6842  0.9700775
5154.307007  0.964999
5154.929814  0.9777564
5155.552621  0.9944896
5156.175428  1.002874
5156.798235  1.003917
5157.421042  1.011433
5158.043849  1.014425
5158.666656  1.008777
5159.289463  1.006866
5159.91227  1.013984
5160.535077  1.022869
5161.157884  1.017493
5161.780691  0.9865085
5162.403498  0.9719199
5163.026305  0.9918185
5163.649112  1.000235
5164.271919  0.9938709
5164.894726  0.9812186
5165.517533  0.9563493
5166.14034  0.8815409
5166.763147  0.8117428
5167.385954  0.7997152
5168.008761  0.8083359
5168.631568  0.8358782
5169.254375  0.8905318
5169.877182  0.9612802
5170.499989  0.9776214
5171.122796  0.9256518
5171.745603  0.8417666
5172.36841  0.7700202
5172.991217  0.7852192
5173.614024  0.8808157
5174.236831  0.9574654
5174.859638  0.9994084
5175.482445  1.008662
5176.105252  0.9970032
5176.728059  1.000741
5177.350866  1.00534
5177.973673  1.001593
5178.59648  1.016235
5179.219287  1.020017
5179.842094  1.006512
5180.464901  0.9994373
5181.087708  1.003606
5181.710515  0.9920362
5182.333322  0.9278137
5182.956129  0.8037754
5183.578936  0.7490068
5184.201743  0.8148187
5184.82455  0.916252
5185.447357  0.9742549
5186.070164  0.9922088
5186.692971  1.003811
5187.315778  0.9879506
5187.938585  0.9589618
5188.561392  0.9419563
5189.184199  0.9489323
5189.807006  0.972877
5190.429813  0.9833021
5191.05262  0.9545668
5191.675427  0.9049535
5192.298234  0.8864452
5192.921041  0.9197304
5193.543848  0.9580556
5194.166655  0.963735
5194.789462  0.9434523
5195.412269  0.9369346
5196.035076  0.9598192
5196.657883  0.9800511
5197.28069  0.9719377
5197.903497  0.9628598
5198.526304  0.9626544
5199.149111  0.9722455
5199.771918  0.9905931
5200.394725  1.006391
5201.017532  1.001001
5201.640339  0.9732941
5202.263146  0.9673238
5202.885953  0.9735957
5203.50876  0.9701233
5204.131567  0.954604
5204.754374  0.919898
5205.377181  0.898527
5205.999988  0.9276087
5206.622795  0.9690408
5207.245602  0.9666808
5207.868409  0.9211663
5208.491216  0.915886
5209.114023  0.9407536
5209.73683  0.9624362
5210.359637  0.9672992
5210.982444  0.981056
5211.605251  1.002158
5212.228058  1.015738
5212.850865  1.022647
5213.473672  1.020019
5214.096479  1.003697
5214.719286  0.9744466
5215.342093  0.9522803
5215.9649  0.9430502
5216.587707  0.9445821
5217.210514  0.9659117
5217.833321  0.9945287
5218.456128  1.014163
5219.078935  1.020151
5219.701742  1.015266
5220.324549  1.012255
5220.947356  1.020454
5221.570163  1.022613
5222.19297  1.02461
5222.815777  1.03045
5223.438584  1.019904
5224.061391  0.9955005
5224.684198  0.9743175
5225.307005  0.9617586
5225.929812  0.9041198
5226.552619  0.8420554
5227.175426  0.8505372
5227.798233  0.9255348
5228.42104  0.9880043
5229.043847  0.9951817
5229.666654  0.98714
5230.289461  0.9959586
5230.912268  1.010598
5231.535075  1.001754
5232.157882  0.9692731
5232.780689  0.9423872
5233.403496  0.9433998
5234.026303  0.9622061
5234.64911  0.9786049
5235.271917  0.9893931
5235.894724  1.006001
5236.517531  1.020137
5237.140338  1.024193
5237.763145  1.017062
5238.385952  1.008636
5239.008759  1.000937
5239.631566  1.001178
5240.254373  1.017535
5240.87718  1.022842
5241.499987  1.015863
5242.122794  1.010414
5242.745601  1.002309
5243.368408  0.9995239
5243.991215  1.009585
5244.614022  1.026726
5245.236829  1.032644
5245.859636  1.015285
5246.482443  0.983636
5247.10525  0.9728312
5247.728057  0.991101
5248.350864  1.013487
5248.973671  1.000533
5249.596478  0.9707742
5250.219285  0.9512833
5250.842092  0.9531525
5251.464899  0.980256
5252.087706  1.001105
5252.710513  0.9942865
5253.33332  0.9910048
5253.956127  0.986527
5254.578934  0.9775574
5255.201741  0.9779311
5255.824548  0.98968
5256.447355  1.012918
5257.070162  1.036757
5257.692969  1.029597
5258.315776  1.018478
5258.938583  1.02002
5259.56139  1.00794
5260.184197  1.010038
5260.807004  1.006127
5261.429811  0.9602904
5262.052618  0.9386181
5262.675425  0.9392613
5263.298232  0.9333299
5263.921039  0.9226429
5264.543846  0.9231821
5265.166653  0.9231164
5265.78946  0.9029852
5266.412267  0.9273314
5267.035074  0.9769149
5267.657881  0.9923895
5268.280688  0.9662684
5268.903495  0.9008383
5269.526302  0.8355781
5270.149109  0.8325949
5270.771916  0.9033247
5271.394723  0.9816783
5272.01753  0.9945914
5272.640337  0.9643699
5273.263144  0.9415873
5273.885951  0.9529418
5274.508758  0.9766442
5275.131565  0.9636382
5275.754372  0.9440717
5276.377179  0.9821435
5276.999986  1.012052
5277.622793  1.024773
5278.2456  1.035553
5278.868407  1.030064
5279.491214  1.017991
5280.114021  1.004726
5280.736828  0.9862967
5281.359635  0.9839686
5281.982442  0.9863363
5282.605249  0.9723583
5283.228056  0.9547549
5283.850863  0.9567652
5284.47367  0.9817701
5285.096477  1.006683
5285.719284  1.027589
5286.342091  1.038714
5286.964898  1.034851
5287.587705  1.025833
5288.210512  1.020845
5288.833319  1.021328
5289.456126  1.021102
5290.078933  1.023944
5290.70174  1.027863
5291.324547  1.026828
5291.947354  1.026917
5292.570161  1.02348
5293.192968  1.016477
5293.815775  1.02434
5294.438582  1.028224
5295.061389  1.020758
5295.684196  1.016805
5296.307003  0.9985783
5296.92981  0.9678293
5297.552617  0.9447173
5298.175424  0.9458335
5298.798231  0.9773788
5299.421038  1.017418
5300.043845  1.021772
5300.666652  1.008811
5301.289459  0.9941152
5301.912266  0.980812
5302.535073  0.9887358
5303.15788  1.007814
5303.780687  1.020996
5304.403494  1.026896
5305.026301  1.027763
5305.649108  1.021218
5306.271915  1.004754
5306.894722  0.9970597
5307.517529  1.003277
5308.140336  1.015019
5308.763143  1.025018
5309.38595  1.029923
5310.008757  1.030846
5310.631564  1.029749
5311.254371  1.028103
5311.877178  1.027104
5312.499985  1.027467
5313.122792  1.025865
5313.745599  1.02247
5314.368406  1.021606
5314.991213  1.025833
5315.61402  1.006667
5316.236827  0.9720172
5316.859634  0.9614417
5317.482441  0.9894245
5318.105248  1.01633
5318.728055  1.011479
5319.350862  1.013149
5319.973669  1.024042
5320.596476  1.03104
5321.219283  1.022922
5321.84209  1.016616
5322.464897  1.015312
5323.087704  1.005361
5323.710511  0.9729037
5324.333318  0.9561734
5324.956125  0.975976
5325.578932  0.9989454
5326.201739  1.010559
5326.824546  0.9880823
5327.447353  0.92292
5328.07016  0.8656703
5328.692967  0.8751914
5329.315774  0.9493115
5329.938581  1.001237
5330.561388  1.022865
5331.184195  1.024267
5331.807002  1.009317
5332.429809  0.9991176
5333.052616  1.003064
5333.675423  1.016517
5334.29823  1.026502
5334.921037  1.025772
5335.543844  1.016399
5336.166651  1.00742
5336.789458  0.9964033
5337.412265  0.9931039
5338.035072  1.006772
5338.657879  1.015537
5339.280686  0.9993771
5339.903493  0.9664416
5340.5263  0.9543028
5341.149107  0.9603115
5341.771914  0.9786502
5342.394721  1.004753
5343.017528  1.019554
5343.640335  1.027685
5344.263142  1.034488
5344.885949  1.020372
5345.508756  0.9976486
5346.131563  0.9874343
5346.75437  0.9973102
5347.377177  1.003618
5347.999984  0.9946873
5348.622791  0.9796808
5349.245598  0.9841723
5349.868405  1.000089
5350.491212  1.015941
5351.114019  1.032211
5351.736826  1.037793
5352.359633  1.028624
5352.98244  1.013772
5353.605247  1.017136
5354.228054  1.025971
5354.850861  1.025936
5355.473668  1.031352
5356.096475  1.038164
5356.719282  1.038761
5357.342089  1.032629
5357.964896  1.035224
5358.587703  1.044287
5359.21051  1.046125
5359.833317  1.035431
5360.456124  1.026706
5361.078931  1.025281
5361.701738  1.018833
5362.324545  1.009849
5362.947352  1.006104
5363.570159  1.008874
5364.192966  1.002246
5364.815773  0.9944889
5365.43858  0.9983279
5366.061387  1.010985
5366.684194  1.011299
5367.307001  1.00174
5367.929808  1.002009
5368.552615  1.003479
5369.175422  1.004566
5369.798229  0.9991126
5370.421036  0.9672526
5371.043843  0.9435818
5371.66665  0.9502338
5372.289457  0.9751093
5372.912264  1.014539
5373.535071  1.037992
5374.157878  1.029344
5374.780685  1.033872
5375.403492  1.04078
5376.026299  1.03245
5376.649106  1.020747
5377.271913  1.022135
5377.89472  1.028641
5378.517527  1.02319
5379.140334  1.01913
5379.763141  1.014459
5380.385948  1.006104
5381.008755  1.000582
5381.631562  1.005975
5382.254369  1.011176
5382.877176  1.00025
5383.499983  0.9930577
5384.12279  1.002361
5384.745597  1.021025
5385.368404  1.029176
5385.991211  1.035369
5386.614018  1.042317
5387.236825  1.035872
5387.859632  1.032684
5388.482439  1.028691
5389.105246  1.014648
5389.728053  1.013447
5390.35086  1.023289
5390.973667  1.029794
5391.596474  1.021053
5392.219281  1.006433
5392.842088  0.9963162
5393.464895  0.9970761
5394.087702  1.011514
5394.710509  1.025048
5395.333316  1.018176
5395.956123  0.9854666
5396.57893  0.9586408
5397.201737  0.9531583
5397.824544  0.9574045
5398.447351  0.9873113
5399.070158  1.015782
5399.692965  1.011831
5400.315772  1.005613
5400.938579  1.013196
5401.561386  1.026412
5402.184193  1.022865
5402.807  1.005588
5403.429807  0.9882334
5404.052614  0.9777951
5404.675421  0.9606654
5405.298228  0.9453902
5405.921035  0.9497675
5406.543842  0.9781227
5407.166649  1.005093
5407.789456  1.015036
5408.412263  1.009384
5409.03507  0.9856337
5409.657877  0.9593521
5410.280684  0.9541265
5410.903491  0.9774609
5411.526298  1.003442
5412.149105  1.013278
5412.771912  1.017737
5413.394719  1.033969
5414.017526  1.033123
5414.640333  0.9925314
5415.26314  0.9814733
5415.885947  1.003185
5416.508754  1.025497
5417.131561  1.023296
5417.754368  1.010851
5418.377175  1.004235
5418.999982  1.004275
5419.622789  1.004046
5420.245596  1.001944
5420.868403  1.003695
5421.49121  1.011386
5422.114017  1.021517
5422.736824  1.019801
5423.359631  0.9957365
5423.982438  0.9737594
5424.605245  0.974102
5425.228052  0.9960516
5425.850859  1.013586
5426.473666  1.020509
5427.096473  1.023198
5427.71928  1.025642
5428.342087  1.005622
5428.964894  0.9629489
5429.587701  0.927686
5430.210508  0.9463958
5430.833315  0.9835311
5431.456122  0.9994416
5432.078929  1.012927
5432.701736  1.012942
5433.324543  0.9884845
5433.94735  0.949442
5434.570157  0.9382944
5435.192964  0.9604965
5435.815771  0.9928665
5436.438578  1.011142
5437.061385  1.013335
5437.684192  1.010211
5438.306999  1.012875
5438.929806  1.017355
5439.552613  1.018194
5440.17542  1.01583
5440.798227  1.02078
5441.421034  1.020656
5442.043841  1.013255
5442.666648  1.020218
5443.289455  1.022626
5443.912262  1.009885
5444.535069  0.9929104
5445.157876  0.9882374
5445.780683  0.9727454
5446.40349  0.9357322
5447.026297  0.9272512
5447.649104  0.9510201
5448.271911  0.9864768
5448.894718  1.009647
5449.517525  1.012215
5450.140332  1.007737
5450.763139  1.011631
5451.385946  1.013748
5452.008753  1.011845
5452.63156  1.010521
5453.254367  1.012898
5453.877174  1.009418
5454.499981  0.9829779
5455.122788  0.9344093
5455.745595  0.9116052
5456.368402  0.9381484
5456.991209  0.991906
5457.614016  1.018503
5458.236823  1.021071
5458.85963  1.015933
5459.482437  1.009694
5460.105244  1.014724
5460.728051  1.019274
5461.350858  1.010662
5461.973665  1.000102
5462.596472  0.9822121
5463.219279  0.9683265
5463.842086  0.9840967
5464.464893  0.9998771
5465.0877  1.002954
5465.710507  1.002599
5466.333314  1.006817
5466.956121  1.004611
5467.578928  0.9976212
5468.201735  1.01041
5468.824542  1.024296
