4780.  1.076193
4780.622807  1.092221
4781.245614  1.109014
4781.868421  1.105646
4782.491228  1.079622
4783.114035  1.051854
4783.736842  1.051924
4784.359649  1.085322
4784.982456  1.100935
4785.605263  1.073516
4786.22807  1.029214
4786.850877  1.026553
4787.473684  1.054828
4788.096491  1.06983
4788.719298  1.046619
4789.342105  1.038982
4789.964912  1.060798
4790.587719  1.087948
4791.210526  1.089676
4791.833333  1.081345
4792.45614  1.082154
4793.078947  1.095088
4793.701754  1.114326
4794.324561  1.123709
4794.947368  1.11747
4795.570175  1.115618
4796.192982  1.115269
4796.815789  1.109031
4797.438596  1.095258
4798.061403  1.077872
4798.68421  1.066383
4799.307017  1.065813
4799.929824  1.067093
4800.552631  1.074867
4801.175438  1.088965
4801.798245  1.096269
4802.421052  1.093772
4803.043859  1.090728
4803.666666  1.091434
4804.289473  1.069546
4804.91228  1.051996
4805.535087  1.062912
4806.157894  1.081339
4806.780701  1.081913
4807.403508  1.071202
4808.026315  1.075403
4808.649122  1.079411
4809.271929  1.080122
4809.894736  1.0802
4810.517543  1.077196
4811.14035  1.082548
4811.763157  1.088109
4812.385964  1.077773
4813.008771  1.087154
4813.631578  1.105099
4814.254385  1.10679
4814.877192  1.109335
4815.499999  1.112923
4816.122806  1.113537
4816.745613  1.112502
4817.36842  1.107469
4817.991227  1.107616
4818.614034  1.118551
4819.236841  1.119751
4819.859648  1.110169
4820.482455  1.102481
4821.105262  1.106054
4821.728069  1.106888
4822.350876  1.082162
4822.973683  1.030847
4823.59649  1.00798
4824.219297  1.02669
4824.842104  1.063199
4825.464911  1.085644
4826.087718  1.098609
4826.710525  1.108029
4827.333332  1.107241
4827.956139  1.090404
4828.578946  1.068624
4829.201753  1.061163
4829.82456  1.07742
4830.447367  1.084284
4831.070174  1.072032
4831.692981  1.069898
4832.315788  1.079044
4832.938595  1.088902
4833.561402  1.092747
4834.184209  1.102782
4834.807016  1.102485
4835.429823  1.084884
4836.05263  1.072458
4836.675437  1.084088
4837.298244  1.099383
4837.921051  1.088811
4838.543858  1.067872
4839.166665  1.049483
4839.789472  1.039991
4840.412279  1.043927
4841.035086  1.062999
4841.657893  1.078157
4842.2807  1.067127
4842.903507  1.054314
4843.526314  1.057405
4844.149121  1.074075
4844.771928  1.085379
4845.394735  1.086862
4846.017542  1.082574
4846.640349  1.076841
4847.263156  1.059273
4847.885963  1.03745
4848.50877  1.028601
4849.131577  1.037522
4849.754384  1.054519
4850.377191  1.063636
4850.999998  1.056157
4851.622805  1.050167
4852.245612  1.052589
4852.868419  1.053407
4853.491226  1.039264
4854.114033  1.00228
4854.73684  0.9534038
4855.359647  0.921773
4855.982454  0.9284055
4856.605261  0.954119
4857.228068  0.9613896
4857.850875  0.9484287
4858.473682  0.9110769
4859.096489  0.8459419
4859.719296  0.7559113
4860.342103  0.6282105
4860.96491  0.5216704
4861.587717  0.5322327
4862.210524  0.6526829
4862.833331  0.7860069
4863.456138  0.8539035
4864.078945  0.8893852
4864.701752  0.9198955
4865.324559  0.9486045
4865.947366  0.9619989
4866.570173  0.9784051
4867.19298  0.997695
4867.815787  1.009703
4868.438594  1.020654
4869.061401  1.030323
4869.684208  1.024696
4870.307015  0.9876096
4870.929822  0.9333493
4871.552629  0.9070284
4872.175436  0.9395599
4872.798243  0.9941797
4873.42105  1.02609
4874.043857  1.03053
4874.666664  1.045856
4875.289471  1.042285
4875.912278  1.027999
4876.535085  1.037105
4877.157892  1.031126
4877.780699  1.012766
4878.403506  1.014577
4879.026313  1.060517
4879.64912  1.10521
4880.271927  1.111106
4880.894734  1.083497
4881.517541  1.056059
4882.140348  1.045963
4882.763155  1.050296
4883.385962  1.056914
4884.008769  1.04972
4884.631576  1.031167
4885.254383  1.022743
4885.87719  1.020226
4886.499997  1.025419
4887.122804  1.040048
4887.745611  1.048366
4888.368418  1.044343
4888.991225  1.034255
4889.614032  1.026421
4890.236839  0.9861109
4890.859646  0.9393132
4891.482453  0.9486198
4892.10526  1.015242
4892.728067  1.077466
4893.350874  1.094143
4893.973681  1.10061
4894.596488  1.10705
4895.219295  1.113711
4895.842102  1.117492
4896.464909  1.117582
4897.087716  1.11771
4897.710523  1.119268
4898.33333  1.116614
4898.956137  1.088132
4899.578944  1.048182
4900.201751  1.042899
4900.824558  1.074101
4901.447365  1.101455
4902.070172  1.09097
4902.692979  1.0648
4903.315786  1.045369
4903.938593  1.045597
4904.5614  1.064055
4905.184207  1.089919
4905.807014  1.111884
4906.429821  1.120679
4907.052628  1.108157
4907.675435  1.08967
4908.298242  1.078764
4908.921049  1.065355
4909.543856  1.033962
4910.166663  1.00227
4910.78947  1.004388
4911.412277  1.032716
4912.035084  1.067121
4912.657891  1.086358
4913.280698  1.081061
4913.903505  1.078955
4914.526312  1.094548
4915.149119  1.113746
4915.771926  1.118606
4916.394733  1.105918
4917.01754  1.078639
4917.640347  1.033044
4918.263154  0.9961211
4918.885961  0.9787521
4919.508768  0.9604881
4920.131575  0.9388932
4920.754382  0.9398201
4921.377189  0.9833643
4921.999996  1.034329
4922.622803  1.054643
4923.24561  1.0347
4923.868417  1.005099
4924.491224  1.006791
4925.114031  1.044522
4925.736838  1.087099
4926.359645  1.102019
4926.982452  1.092656
4927.605259  1.084088
4928.228066  1.096636
4928.850873  1.110837
4929.47368  1.110772
4930.096487  1.10062
4930.719294  1.09463
4931.342101  1.10022
4931.964908  1.102639
4932.587715  1.063176
4933.210522  0.9941759
4933.833329  0.9486225
4934.456136  0.9754413
4935.078943  1.043525
4935.70175  1.089626
4936.324557  1.080297
4936.947364  1.058255
4937.570171  1.033055
4938.192978  1.002955
4938.815785  0.9815521
4939.438592  0.994436
4940.061399  1.043671
4940.684206  1.097718
4941.307013  1.105078
4941.92982  1.092992
4942.552627  1.097133
4943.175434  1.10054
4943.798241  1.105506
4944.421048  1.104712
4945.043855  1.086468
4945.666662  1.064551
4946.289469  1.057856
4946.912276  1.074464
4947.535083  1.103184
4948.15789  1.1143
4948.780697  1.104625
4949.403504  1.100608
4950.026311  1.099621
4950.649118  1.103118
4951.271925  1.110274
4951.894732  1.100992
4952.517539  1.087563
4953.140346  1.08416
4953.763153  1.087811
4954.38596  1.090389
4955.008767  1.098363
4955.631574  1.103867
4956.254381  1.039943
4956.877188  0.9442763
4957.499995  0.8985205
4958.122802  0.9449382
4958.745609  1.035932
4959.368416  1.104024
4959.991223  1.1174
4960.61403  1.111702
4961.236837  1.103168
4961.859644  1.094494
4962.482451  1.097126
4963.105258  1.108208
4963.728065  1.115542
4964.350872  1.108133
4964.973679  1.087181
4965.596486  1.065838
4966.219293  1.058891
4966.8421  1.065723
4967.464907  1.066622
4968.087714  1.062049
4968.710521  1.073712
4969.333328  1.07138
4969.956135  1.05627
4970.578942  1.055152
4971.201749  1.075178
4971.824556  1.094334
4972.447363  1.094832
4973.07017  1.084831
4973.692977  1.086173
4974.315784  1.099871
4974.938591  1.108178
4975.561398  1.109014
4976.184205  1.106308
4976.807012  1.101439
4977.429819  1.089921
4978.052626  1.075578
4978.675433  1.063946
4979.29824  1.057425
4979.921047  1.057334
4980.543854  1.052793
4981.166661  1.031345
4981.789468  0.9943269
4982.412275  0.9583783
4983.035082  0.9429904
4983.657889  0.9575316
4984.280696  0.9815224
4984.903503  0.9995596
4985.52631  1.01428
4986.149117  1.046441
4986.771924  1.081713
4987.394731  1.097981
4988.017538  1.0907
4988.640345  1.080469
4989.263152  1.072068
4989.885959  1.054733
4990.508766  1.030441
4991.131573  1.029636
4991.75438  1.061357
4992.377187  1.083528
4992.999994  1.070306
4993.622801  1.045531
4994.245608  1.053433
4994.868415  1.072131
4995.491222  1.086287
4996.114029  1.09276
4996.736836  1.092499
4997.359643  1.088429
4997.98245  1.077191
4998.605257  1.05448
4999.228064  1.030083
4999.850871  1.024042
5000.473678  1.036573
5001.096485  1.02485
5001.719292  1.015189
5002.342099  1.030642
5002.964906  1.046061
5003.587713  1.060516
5004.21052  1.059302
5004.833327  1.026025
5005.456134  0.9764894
5006.078941  0.9471409
5006.701748  0.9621904
5007.324555  1.00762
5007.947362  1.057021
5008.570169  1.085873
5009.192976  1.085887
5009.815783  1.078746
5010.43859  1.067416
5011.061397  1.043093
5011.684204  1.008427
5012.307011  0.9893776
5012.929818  0.9884552
5013.552625  0.9810417
5014.175432  0.9773891
5014.798239  0.9914035
5015.421046  1.020457
5016.043853  1.035148
5016.66666  1.024292
5017.289467  0.9927238
5017.912274  0.9590079
5018.535081  0.9655387
5019.157888  1.006787
5019.780695  1.041547
5020.403502  1.05386
5021.026309  1.048033
5021.649116  1.034315
5022.271923  1.020125
5022.89473  1.029214
5023.517537  1.054424
5024.140344  1.064334
5024.763151  1.059487
5025.385958  1.056446
5026.008765  1.056519
5026.631572  1.031299
5027.254379  1.002341
5027.877186  1.003122
5028.499993  1.042786
5029.1228  1.069077
5029.745607  1.066822
5030.368414  1.057157
5030.991221  1.05765
5031.614028  1.06653
5032.236835  1.077637
5032.859642  1.08701
5033.482449  1.091059
5034.105256  1.076932
5034.728063  1.039161
5035.35087  0.9998804
5035.973677  0.9896238
5036.596484  1.015397
5037.219291  1.044295
5037.842098  1.047346
5038.464905  1.02948
5039.087712  1.01444
5039.710519  0.9932991
5040.333326  0.9489753
5040.956133  0.8979261
5041.57894  0.9048169
5042.201747  0.9669919
5042.824554  1.034972
5043.447361  1.05936
5044.070168  1.060854
5044.692975  1.0647
5045.315782  1.078978
5045.938589  1.092924
5046.561396  1.091954
5047.184203  1.073172
5047.80701  1.048052
5048.429817  1.019412
5049.052624  1.001825
5049.675431  1.007626
5050.298238  1.019961
5050.921045  1.022072
5051.543852  1.015475
5052.166659  1.021442
5052.789466  1.045069
5053.412273  1.072356
5054.03508  1.083938
5054.657887  1.077242
5055.280694  1.069318
5055.903501  1.072344
5056.526308  1.075189
5057.149115  1.07575
5057.771922  1.0791
5058.394729  1.087178
5059.017536  1.082974
5059.640343  1.071697
5060.26315  1.070486
5060.885957  1.081755
5061.508764  1.091352
5062.131571  1.092223
5062.754378  1.087058
5063.377185  1.065983
5063.999992  1.025947
5064.622799  0.9850018
5065.245606  0.9909049
5065.868413  1.029012
5066.49122  1.058599
5067.114027  1.055973
5067.736834  1.036688
5068.359641  1.02454
5068.982448  1.032368
5069.605255  1.062689
5070.228062  1.079852
5070.850869  1.059719
5071.473676  1.032165
5072.096483  1.018639
5072.71929  1.027004
5073.342097  1.047848
5073.964904  1.047641
5074.587711  1.030748
5075.210518  1.023333
5075.833325  1.034096
5076.456132  1.048595
5077.078939  1.055769
5077.701746  1.05572
5078.324553  1.019092
5078.94736  0.962886
5079.570167  0.9319304
5080.192974  0.9378687
5080.815781  0.9728787
5081.438588  1.011491
5082.061395  1.024299
5082.684202  1.017314
5083.307009  1.008173
5083.929816  1.012753
5084.552623  1.040721
5085.17543  1.069322
5085.798237  1.073554
5086.421044  1.057883
5087.043851  1.040988
5087.666658  1.03704
5088.289465  1.04663
5088.912272  1.054518
5089.535079  1.055284
5090.157886  1.051321
5090.780693  1.046261
5091.4035  1.053684
5092.026307  1.070391
5092.649114  1.074321
5093.271921  1.074613
5093.894728  1.07742
5094.517535  1.078804
5095.140342  1.07526
5095.763149  1.05869
5096.385956  1.032852
5097.008763  1.012916
5097.63157  0.9928973
5098.254377  0.9704918
5098.877184  0.9577477
5099.499991  0.9749685
5100.122798  1.010882
5100.745605  1.043187
5101.368412  1.067442
5101.991219  1.071687
5102.614026  1.061944
5103.236833  1.05863
5103.85964  1.053802
5104.482447  1.045115
5105.105254  1.038166
5105.728061  1.036008
5106.350868  1.022192
5106.973675  0.9978538
5107.596482  0.9913294
5108.219289  1.010726
5108.842096  1.025071
5109.464903  1.006181
5110.08771  0.9912809
5110.710517  1.002249
5111.333324  1.034388
5111.956131  1.063771
5112.578938  1.073829
5113.201745  1.0682
5113.824552  1.059159
5114.447359  1.042542
5115.070166  1.033889
5115.692973  1.044462
5116.31578  1.058685
5116.938587  1.070227
5117.561394  1.075548
5118.184201  1.072704
5118.807008  1.066168
5119.429815  1.061305
5120.052622  1.057691
5120.675429  1.045463
5121.298236  1.034233
5121.921043  1.024756
5122.54385  1.003065
5123.166657  0.9803063
5123.789464  0.9716141
5124.412271  0.9813221
5125.035078  0.991183
5125.657885  1.001317
5126.280692  1.012868
5126.903499  1.015445
5127.526306  1.015108
5128.149113  1.011075
5128.77192  1.001398
5129.394727  1.003975
5130.017534  1.016091
5130.640341  1.025424
5131.263148  1.025958
5131.885955  1.02424
5132.508762  1.021793
5133.131569  1.013494
5133.754376  1.016143
5134.377183  1.036358
5134.99999  1.059422
5135.622797  1.054536
5136.245604  1.019074
5136.868411  0.9854228
5137.491218  0.992511
5138.114025  0.9863122
5138.736832  0.9568225
5139.359639  0.9444429
5139.982446  0.9817107
5140.605253  1.026497
5141.22806  1.0244
5141.850867  0.9723029
5142.473674  0.9398656
5143.096481  0.9648016
5143.719288  1.020039
5144.342095  1.046896
5144.964902  1.041398
5145.587709  1.02817
5146.210516  1.01565
5146.833323  1.002267
5147.45613  0.9900123
5148.078937  0.9910184
5148.701744  1.022539
5149.324551  1.049111
5149.947358  1.033866
5150.570165  1.009549
5151.192972  0.9988316
5151.815779  1.004765
5152.438586  1.013948
5153.061393  1.009672
5153.6842  0.9971472
5154.307007  0.9934039
5154.929814  1.002919
5155.552621  1.019378
5156.175428  1.034081
5156.798235  1.043327
5157.421042  1.048489
5158.043849  1.046649
5158.666656  1.037115
5159.289463  1.039644
5159.91227  1.053894
5160.535077  1.060259
5161.157884  1.036175
5161.780691  1.005619
5162.403498  0.9979168
5163.026305  1.019592
5163.649112  1.035143
5164.271919  1.023766
5164.894726  0.9912834
5165.517533  0.9617262
5166.14034  0.8992976
5166.763147  0.8139625
5167.385954  0.7870292
5168.008761  0.8112164
5168.631568  0.8590467
5169.254375  0.9133095
5169.877182  0.9784833
5170.499989  0.9997561
5171.122796  0.9320457
5171.745603  0.8044434
5172.36841  0.7284893
5172.991217  0.7686692
5173.614024  0.8925621
5174.236831  0.9941254
5174.859638  1.038665
5175.482445  1.046923
5176.105252  1.042675
5176.728059  1.043859
5177.350866  1.053349
5177.973673  1.059564
5178.59648  1.053998
5179.219287  1.045438
5179.842094  1.044306
5180.464901  1.038075
5181.087708  1.031885
5181.710515  1.00069
5182.333322  0.8937814
5182.956129  0.75241
5183.578936  0.6904204
5184.201743  0.780778
5184.82455  0.908916
5185.447357  0.9893147
5186.070164  1.011618
5186.692971  1.024998
5187.315778  1.010692
5187.938585  0.9739303
5188.561392  0.959527
5189.184199  0.9950293
5189.807006  1.034595
5190.429813  1.021626
5191.05262  0.9634748
5191.675427  0.9064577
5192.298234  0.9017953
5192.921041  0.9610453
5193.543848  1.006637
5194.166655  1.001505
5194.789462  0.9688847
5195.412269  0.9613277
5196.035076  0.9766626
5196.657883  0.9900659
5197.28069  0.9915178
5197.903497  0.9951366
5198.526304  1.007613
5199.149111  1.020433
5199.771918  1.022389
5200.394725  1.020421
5201.017532  1.01834
5201.640339  1.004862
5202.263146  1.004315
5202.885953  1.016843
5203.50876  1.014251
5204.131567  0.9842994
5204.754374  0.9445164
5205.377181  0.9247578
5205.999988  0.9415497
5206.622795  0.9817756
5207.245602  0.9976071
5207.868409  0.9510195
5208.491216  0.9379775
5209.114023  0.9765986
5209.73683  1.013701
5210.359637  1.020184
5210.982444  1.023682
5211.605251  1.042067
5212.228058  1.049334
5212.850865  1.058603
5213.473672  1.062775
5214.096479  1.040739
5214.719286  1.000894
5215.342093  0.9696953
5215.9649  0.9632054
5216.587707  0.9702566
5217.210514  0.9867808
5217.833321  1.007418
5218.456128  1.025081
5219.078935  1.039816
5219.701742  1.049192
5220.324549  1.051081
5220.947356  1.051347
5221.570163  1.048448
5222.19297  1.044607
5222.815777  1.046648
5223.438584  1.040678
5224.061391  1.025423
5224.684198  1.007585
5225.307005  0.9777984
5225.929812  0.9198705
5226.552619  0.8605982
5227.175426  0.8747084
5227.798233  0.9435025
5228.42104  1.005262
5229.043847  1.013556
5229.666654  1.006348
5230.289461  1.014995
5230.912268  1.034148
5231.535075  1.02326
5232.157882  0.9826884
5232.780689  0.9497764
5233.403496  0.9601514
5234.026303  0.9784172
5234.64911  0.988133
5235.271917  0.9972227
5235.894724  1.012677
5236.517531  1.02561
5237.140338  1.032047
5237.763145  1.039472
5238.385952  1.042484
5239.008759  1.036038
5239.631566  1.026747
5240.254373  1.035937
5240.87718  1.046084
5241.499987  1.038779
5242.122794  1.02446
5242.745601  1.016132
5243.368408  1.020534
5243.991215  1.035369
5244.614022  1.051293
5245.236829  1.059531
5245.859636  1.053277
5246.482443  1.031069
5247.10525  1.011931
5247.728057  1.013166
5248.350864  1.031407
5248.973671  1.026053
5249.596478  1.000517
5250.219285  0.9864143
5250.842092  0.9985216
5251.464899  1.021319
5252.087706  1.033749
5252.710513  1.030019
5253.33332  1.018391
5253.956127  1.006218
5254.578934  0.9984156
5255.201741  1.001962
5255.824548  1.021144
5256.447355  1.045374
5257.070162  1.049195
5257.692969  1.051647
5258.315776  1.056203
5258.938583  1.048326
5259.56139  1.048953
5260.184197  1.04761
5260.807004  1.02375
5261.429811  0.9801756
5262.052618  0.9490893
5262.675425  0.9388238
5263.298232  0.9248241
5263.921039  0.9199741
5264.543846  0.9173853
5265.166653  0.9041618
5265.78946  0.8989645
5266.412267  0.9204013
5267.035074  0.9671636
5267.657881  1.00653
5268.280688  0.9886366
5268.903495  0.9157366
5269.526302  0.8485019
5270.149109  0.860298
5270.771916  0.9346743
5271.394723  1.004218
5272.01753  1.015825
5272.640337  0.988403
5273.263144  0.9666552
5273.885951  0.9750426
5274.508758  0.9713224
5275.131565  0.9517429
5275.754372  0.9467018
5276.377179  0.9840129
5276.999986  1.029704
5277.622793  1.053108
5278.2456  1.05925
5278.868407  1.045539
5279.491214  1.029713
5280.114021  1.026038
5280.736828  1.013648
5281.359635  0.9976857
5281.982442  0.9896017
5282.605249  0.9858021
5283.228056  0.9703791
5283.850863  0.9612492
5284.47367  0.9893304
5285.096477  1.025604
5285.719284  1.049295
5286.342091  1.057597
5286.964898  1.058814
5287.587705  1.048256
5288.210512  1.036675
5288.833319  1.043795
5289.456126  1.051805
5290.078933  1.055626
5290.70174  1.057924
5291.324547  1.057366
5291.947354  1.046584
5292.570161  1.033196
5293.192968  1.034867
5293.815775  1.042112
5294.438582  1.043906
5295.061389  1.038437
5295.684196  1.031092
5296.307003  1.014696
5296.92981  0.985177
5297.552617  0.9538422
5298.175424  0.956023
5298.798231  0.9905752
5299.421038  1.022146
5300.043845  1.040051
5300.666652  1.036147
5301.289459  1.014606
5301.912266  0.9960004
5302.535073  0.9988648
5303.15788  1.02139
5303.780687  1.042566
5304.403494  1.052692
5305.026301  1.051982
5305.649108  1.046017
5306.271915  1.035275
5306.894722  1.023543
5307.517529  1.018571
5308.140336  1.028113
5308.763143  1.047643
5309.38595  1.060453
5310.008757  1.054759
5310.631564  1.049273
5311.254371  1.053315
5311.877178  1.060632
5312.499985  1.054235
5313.122792  1.044206
5313.745599  1.04148
5314.368406  1.044986
5314.991213  1.03986
5315.61402  1.013815
5316.236827  0.9797012
5316.859634  0.9847179
5317.482441  1.013366
5318.105248  1.034922
5318.728055  1.037841
5319.350862  1.035867
5319.973669  1.036386
5320.596476  1.037834
5321.219283  1.037713
5321.84209  1.038809
5322.464897  1.033508
5323.087704  1.006031
5323.710511  0.9749462
5324.333318  0.96377
5324.956125  0.9824873
5325.578932  1.013062
5326.201739  1.02994
5326.824546  1.006235
5327.447353  0.9246925
5328.07016  0.8659934
5328.692967  0.8842143
5329.315774  0.9546989
5329.938581  1.007192
5330.561388  1.031758
5331.184195  1.047624
5331.807002  1.039025
5332.429809  1.023461
5333.052616  1.018843
5333.675423  1.023957
5334.29823  1.034763
5334.921037  1.041383
5335.543844  1.037263
5336.166651  1.030715
5336.789458  1.020888
5337.412265  1.015053
5338.035072  1.030248
5338.657879  1.027648
5339.280686  0.9972165
5339.903493  0.9674562
5340.5263  0.9518615
5341.149107  0.9704296
5341.771914  1.016871
5342.394721  1.039431
5343.017528  1.039951
5343.640335  1.03642
5344.263142  1.035615
5344.885949  1.024691
5345.508756  1.0092
5346.131563  1.007509
5346.75437  1.025878
5347.377177  1.036113
5347.999984  1.01965
5348.622791  0.9931575
5349.245598  0.980057
5349.868405  0.9920334
5350.491212  1.021338
5351.114019  1.045678
5351.736826  1.051311
5352.359633  1.038486
5352.98244  1.018942
5353.605247  1.020296
5354.228054  1.042415
5354.850861  1.056379
5355.473668  1.060376
5356.096475  1.059335
5356.719282  1.059105
5357.342089  1.054941
5357.964896  1.055634
5358.587703  1.057981
5359.21051  1.050524
5359.833317  1.051222
5360.456124  1.054285
5361.078931  1.042206
5361.701738  1.023406
5362.324545  1.012131
5362.947352  1.013088
5363.570159  1.013858
5364.192966  1.000042
5364.815773  0.9851165
5365.43858  0.9941755
5366.061387  1.014854
5366.684194  1.018217
5367.307001  1.001505
5367.929808  1.009887
5368.552615  1.018568
5369.175422  1.004186
5369.798229  0.9766943
5370.421036  0.9535984
5371.043843  0.9423164
5371.66665  0.9486268
5372.289457  0.9884441
5372.912264  1.024573
5373.535071  1.034885
5374.157878  1.042297
5374.780685  1.044356
5375.403492  1.043981
5376.026299  1.047054
5376.649106  1.044557
5377.271913  1.041583
5377.89472  1.039951
5378.517527  1.030658
5379.140334  1.024708
5379.763141  1.020083
5380.385948  1.007465
5381.008755  1.011967
5381.631562  1.020729
5382.254369  1.009167
5382.877176  0.9872159
5383.499983  0.9838517
5384.12279  1.00626
5384.745597  1.029045
5385.368404  1.03862
5385.991211  1.036724
5386.614018  1.031427
5387.236825  1.028639
5387.859632  1.03105
5388.482439  1.032403
5389.105246  1.020534
5389.728053  1.013048
5390.35086  1.012815
5390.973667  1.009155
5391.596474  1.003669
5392.219281  0.9957796
5392.842088  0.9882432
5393.464895  0.9924567
5394.087702  1.008412
5394.710509  1.027218
5395.333316  1.034001
5395.956123  1.010765
5396.57893  0.9731662
5397.201737  0.9524646
5397.824544  0.9621989
5398.447351  0.9900018
5399.070158  1.009161
5399.692965  0.999922
5400.315772  0.9897582
5400.938579  0.9930842
5401.561386  1.0049
5402.184193  1.019359
5402.807  1.010936
5403.429807  0.9732107
5404.052614  0.9397284
5404.675421  0.9262958
5405.298228  0.9311834
5405.921035  0.9456244
5406.543842  0.9753765
5407.166649  1.003616
5407.789456  1.011046
5408.412263  1.002227
5409.03507  0.9798257
5409.657877  0.9551176
5410.280684  0.9462529
5410.903491  0.9617413
5411.526298  0.9890572
5412.149105  1.010223
5412.771912  1.023258
5413.394719  1.022022
5414.017526  1.003748
5414.640333  0.977883
5415.26314  0.9719319
5415.885947  0.9900639
5416.508754  1.013908
5417.131561  1.031507
5417.754368  1.028338
5418.377175  1.010476
5418.999982  1.011644
5419.622789  1.01277
5420.245596  1.003536
5420.868403  1.001186
5421.49121  1.007595
5422.114017  1.018313
5422.736824  1.017741
5423.359631  0.9841448
5423.982438  0.9539385
5424.605245  0.9566324
5425.228052  0.9814238
5425.850859  1.01053
5426.473666  1.030318
5427.096473  1.035938
5427.71928  1.030948
5428.342087  1.004212
5428.964894  0.9593954
5429.587701  0.9317293
5430.210508  0.9467891
5430.833315  0.9890743
5431.456122  1.015921
5432.078929  1.014585
5432.701736  0.9981408
5433.324543  0.9817501
5433.94735  0.963651
5434.570157  0.9550472
5435.192964  0.963679
5435.815771  0.9826087
5436.438578  0.996977
5437.061385  1.00854
5437.684192  1.023749
5438.306999  1.027857
5438.929806  1.031699
5439.552613  1.037099
5440.17542  1.023931
5440.798227  1.015066
5441.421034  1.019457
5442.043841  1.025263
5442.666648  1.024202
5443.289455  1.01914
5443.912262  1.011715
5444.535069  0.9934607
5445.157876  0.9753036
5445.780683  0.9544116
5446.40349  0.9219888
5447.026297  0.9221064
5447.649104  0.9568834
5448.271911  0.9959256
5448.894718  1.016816
5449.517525  1.024127
5450.140332  1.025859
5450.763139  1.019929
5451.385946  1.017144
5452.008753  1.017994
5452.63156  1.01527
5453.254367  1.017089
5453.877174  1.007494
5454.499981  0.9721382
5455.122788  0.9220459
5455.745595  0.9094427
5456.368402  0.9474717
5456.991209  0.998458
5457.614016  1.02569
5458.236823  1.027987
5458.85963  1.023624
5459.482437  1.022426
5460.105244  1.019513
5460.728051  1.011608
5461.350858  1.001814
5461.973665  0.979217
5462.596472  0.9495602
5463.219279  0.9332201
5463.842086  0.9531031
5464.464893  0.9849484
5465.0877  0.9991528
5465.710507  0.9933117
5466.333314  0.9835293
5466.956121  0.9832001
5467.578928  0.9929842
5468.201735  1.003236
5468.824542  1.007464
