4780.  1.062506
4780.622807  1.069077
4781.245614  1.083709
4781.868421  1.083114
4782.491228  1.072003
4783.114035  1.063967
4783.736842  1.067446
4784.359649  1.07711
4784.982456  1.081531
4785.605263  1.072909
4786.22807  1.062453
4786.850877  1.060872
4787.473684  1.068793
4788.096491  1.072455
4788.719298  1.069786
4789.342105  1.064788
4789.964912  1.064472
4790.587719  1.073257
4791.210526  1.081992
4791.833333  1.083455
4792.45614  1.082255
4793.078947  1.083402
4793.701754  1.084682
4794.324561  1.08301
4794.947368  1.088519
4795.570175  1.092429
4796.192982  1.085059
4796.815789  1.085504
4797.438596  1.083446
4798.061403  1.074573
4798.68421  1.075953
4799.307017  1.081739
4799.929824  1.085278
4800.552631  1.084257
4801.175438  1.083761
4801.798245  1.083393
4802.421052  1.083217
4803.043859  1.088695
4803.666666  1.088773
4804.289473  1.076782
4804.91228  1.061419
4805.535087  1.069039
4806.157894  1.085648
4806.780701  1.087895
4807.403508  1.08389
4808.026315  1.081497
4808.649122  1.081447
4809.271929  1.078913
4809.894736  1.077138
4810.517543  1.078328
4811.14035  1.082931
4811.763157  1.094145
4812.385964  1.097265
4813.008771  1.089507
4813.631578  1.088216
4814.254385  1.086306
4814.877192  1.084747
4815.499999  1.089746
4816.122806  1.090525
4816.745613  1.08708
4817.36842  1.085057
4817.991227  1.087256
4818.614034  1.094322
4819.236841  1.099166
4819.859648  1.095806
4820.482455  1.093073
4821.105262  1.096774
4821.728069  1.102357
4822.350876  1.094971
4822.973683  1.075889
4823.59649  1.058688
4824.219297  1.058037
4824.842104  1.071888
4825.464911  1.087396
4826.087718  1.094634
4826.710525  1.097453
4827.333332  1.096785
4827.956139  1.090189
4828.578946  1.079086
4829.201753  1.082894
4829.82456  1.092151
4830.447367  1.088359
4831.070174  1.086867
4831.692981  1.086879
4832.315788  1.084048
4832.938595  1.081421
4833.561402  1.082104
4834.184209  1.086199
4834.807016  1.089923
4835.429823  1.087007
4836.05263  1.081976
4836.675437  1.081141
4837.298244  1.081652
4837.921051  1.080622
4838.543858  1.078762
4839.166665  1.079485
4839.789472  1.077254
4840.412279  1.072148
4841.035086  1.069361
4841.657893  1.073156
4842.2807  1.07776
4842.903507  1.078805
4843.526314  1.077629
4844.149121  1.076538
4844.771928  1.077709
4845.394735  1.081173
4846.017542  1.086754
4846.640349  1.082544
4847.263156  1.068632
4847.885963  1.062926
4848.50877  1.062734
4849.131577  1.062459
4849.754384  1.061232
4850.377191  1.067177
4850.999998  1.068727
4851.622805  1.061124
4852.245612  1.063028
4852.868419  1.060353
4853.491226  1.050492
4854.114033  1.045037
4854.73684  1.031391
4855.359647  1.014169
4855.982454  1.007185
4856.605261  1.011047
4857.228068  1.004186
4857.850875  0.9774976
4858.473682  0.9440762
4859.096489  0.9001816
4859.719296  0.8199648
4860.342103  0.69099
4860.96491  0.5624816
4861.587717  0.5510544
4862.210524  0.6822115
4862.833331  0.8280841
4863.456138  0.9173219
4864.078945  0.9525809
4864.701752  0.9749835
4865.324559  0.9845551
4865.947366  0.9960257
4866.570173  1.01713
4867.19298  1.032837
4867.815787  1.039846
4868.438594  1.043465
4869.061401  1.048645
4869.684208  1.050134
4870.307015  1.038988
4870.929822  1.013342
4871.552629  0.9881889
4872.175436  0.9997112
4872.798243  1.040782
4873.42105  1.059489
4874.043857  1.069548
4874.666664  1.075687
4875.289471  1.073511
4875.912278  1.070789
4876.535085  1.067965
4877.157892  1.058358
4877.780699  1.036733
4878.403506  1.037038
4879.026313  1.061865
4879.64912  1.082898
4880.271927  1.087794
4880.894734  1.080812
4881.517541  1.073596
4882.140348  1.071624
4882.763155  1.071056
4883.385962  1.070057
4884.008769  1.070302
4884.631576  1.072805
4885.254383  1.073722
4885.87719  1.07027
4886.499997  1.067117
4887.122804  1.073479
4887.745611  1.082384
4888.368418  1.077273
4888.991225  1.077687
4889.614032  1.073141
4890.236839  1.043426
4890.859646  1.007738
4891.482453  0.9995231
4892.10526  1.030118
4892.728067  1.071729
4893.350874  1.089561
4893.973681  1.08854
4894.596488  1.095949
4895.219295  1.101415
4895.842102  1.104394
4896.464909  1.105142
4897.087716  1.097344
4897.710523  1.093621
4898.33333  1.096534
4898.956137  1.093609
4899.578944  1.08101
4900.201751  1.07513
4900.824558  1.085726
4901.447365  1.091501
4902.070172  1.091315
4902.692979  1.084837
4903.315786  1.069956
4903.938593  1.067506
4904.5614  1.077995
4905.184207  1.087523
4905.807014  1.092211
4906.429821  1.092828
4907.052628  1.092341
4907.675435  1.093559
4908.298242  1.099856
4908.921049  1.103265
4909.543856  1.0929
4910.166663  1.070884
4910.78947  1.063834
4911.412277  1.080006
4912.035084  1.086741
4912.657891  1.089235
4913.280698  1.091191
4913.903505  1.088439
4914.526312  1.089002
4915.149119  1.093454
4915.771926  1.097667
4916.394733  1.100193
4917.01754  1.092415
4917.640347  1.074356
4918.263154  1.056258
4918.885961  1.040286
4919.508768  1.022921
4920.131575  1.006176
4920.754382  1.008464
4921.377189  1.037275
4921.999996  1.073209
4922.622803  1.078328
4923.24561  1.054191
4923.868417  1.032126
4924.491224  1.040463
4925.114031  1.062648
4925.736838  1.082295
4926.359645  1.091423
4926.982452  1.091515
4927.605259  1.086876
4928.228066  1.083434
4928.850873  1.084622
4929.47368  1.085477
4930.096487  1.085469
4930.719294  1.086701
4931.342101  1.091659
4931.964908  1.094558
4932.587715  1.084946
4933.210522  1.057408
4933.833329  1.026721
4934.456136  1.02203
4935.078943  1.053739
4935.70175  1.083436
4936.324557  1.09173
4936.947364  1.082701
4937.570171  1.072816
4938.192978  1.057938
4938.815785  1.045159
4939.438592  1.046284
4940.061399  1.05235
4940.684206  1.072796
4941.307013  1.097773
4941.92982  1.08696
4942.552627  1.077635
4943.175434  1.087401
4943.798241  1.095599
4944.421048  1.092198
4945.043855  1.082748
4945.666662  1.07786
4946.289469  1.079609
4946.912276  1.085137
4947.535083  1.0891
4948.15789  1.088948
4948.780697  1.093435
4949.403504  1.094109
4950.026311  1.08437
4950.649118  1.086351
4951.271925  1.09342
4951.894732  1.093424
4952.517539  1.08636
4953.140346  1.082807
4953.763153  1.08215
4954.38596  1.080118
4955.008767  1.089183
4955.631574  1.087148
4956.254381  1.055847
4956.877188  1.011937
4957.499995  0.9751419
4958.122802  0.982311
4958.745609  1.048635
4959.368416  1.092341
4959.991223  1.097954
4960.61403  1.092386
4961.236837  1.089853
4961.859644  1.092198
4962.482451  1.09201
4963.105258  1.084116
4963.728065  1.087691
4964.350872  1.091375
4964.973679  1.079545
4965.596486  1.073463
4966.219293  1.070349
4966.8421  1.067531
4967.464907  1.073804
4968.087714  1.077802
4968.710521  1.079593
4969.333328  1.084273
4969.956135  1.080982
4970.578942  1.078949
4971.201749  1.084749
4971.824556  1.086929
4972.447363  1.08271
4973.07017  1.078626
4973.692977  1.083025
4974.315784  1.091605
4974.938591  1.093831
4975.561398  1.086451
4976.184205  1.080719
4976.807012  1.080304
4977.429819  1.081373
4978.052626  1.078654
4978.675433  1.074407
4979.29824  1.071938
4979.921047  1.07114
4980.543854  1.066597
4981.166661  1.053076
4981.789468  1.034751
4982.412275  1.024444
4983.035082  1.02759
4983.657889  1.033144
4984.280696  1.031052
4984.903503  1.034826
4985.52631  1.045695
4986.149117  1.059585
4986.771924  1.074664
4987.394731  1.0844
4988.017538  1.085629
4988.640345  1.079942
4989.263152  1.069826
4989.885959  1.060979
4990.508766  1.055662
4991.131573  1.051291
4991.75438  1.052659
4992.377187  1.062342
4992.999994  1.073109
4993.622801  1.062301
4994.245608  1.044702
4994.868415  1.049021
4995.491222  1.073173
4996.114029  1.086485
4996.736836  1.08036
4997.359643  1.079986
4997.98245  1.080729
4998.605257  1.069996
4999.228064  1.048609
4999.850871  1.043763
5000.473678  1.053143
5001.096485  1.058433
5001.719292  1.048474
5002.342099  1.04906
5002.964906  1.061318
5003.587713  1.06594
5004.21052  1.068276
5004.833327  1.060818
5005.456134  1.037088
5006.078941  1.008331
5006.701748  1.000732
5007.324555  1.019721
5007.947362  1.043934
5008.570169  1.058855
5009.192976  1.06284
5009.815783  1.064263
5010.43859  1.071026
5011.061397  1.060701
5011.684204  1.034601
5012.307011  1.027735
5012.929818  1.032228
5013.552625  1.031302
5014.175432  1.021467
5014.798239  1.021882
5015.421046  1.032958
5016.043853  1.047723
5016.66666  1.060475
5017.289467  1.044446
5017.912274  1.013119
5018.535081  1.004085
5019.157888  1.017857
5019.780695  1.040037
5020.403502  1.054856
5021.026309  1.05851
5021.649116  1.056243
5022.271923  1.053393
5022.89473  1.051909
5023.517537  1.057868
5024.140344  1.063355
5024.763151  1.060799
5025.385958  1.059417
5026.008765  1.059315
5026.631572  1.054954
5027.254379  1.042754
5027.877186  1.043372
5028.499993  1.054858
5029.1228  1.062176
5029.745607  1.064113
5030.368414  1.059556
5030.991221  1.053447
5031.614028  1.054877
5032.236835  1.060594
5032.859642  1.064248
5033.482449  1.0624
5034.105256  1.055053
5034.728063  1.045395
5035.35087  1.03741
5035.973677  1.035925
5036.596484  1.044027
5037.219291  1.055161
5037.842098  1.056682
5038.464905  1.050528
5039.087712  1.043331
5039.710519  1.034334
5040.333326  1.008275
5040.956133  0.9807696
5041.57894  0.9746804
5042.201747  0.9993907
5042.824554  1.034165
5043.447361  1.056256
5044.070168  1.059572
5044.692975  1.059915
5045.315782  1.061382
5045.938589  1.060974
5046.561396  1.05804
5047.184203  1.055132
5047.80701  1.05291
5048.429817  1.047621
5049.052624  1.03359
5049.675431  1.025284
5050.298238  1.027918
5050.921045  1.022211
5051.543852  1.02008
5052.166659  1.032377
5052.789466  1.054391
5053.412273  1.063146
5054.03508  1.060704
5054.657887  1.059339
5055.280694  1.06007
5055.903501  1.059333
5056.526308  1.058495
5057.149115  1.063038
5057.771922  1.060236
5058.394729  1.055362
5059.017536  1.060332
5059.640343  1.065175
5060.26315  1.067095
5060.885957  1.066668
5061.508764  1.062664
5062.131571  1.058187
5062.754378  1.056499
5063.377185  1.054322
5063.999992  1.037471
5064.622799  1.023489
5065.245606  1.030065
5065.868413  1.047962
5066.49122  1.05755
5067.114027  1.053896
5067.736834  1.046093
5068.359641  1.030996
5068.982448  1.02184
5069.605255  1.029883
5070.228062  1.045254
5070.850869  1.054734
5071.473676  1.052424
5072.096483  1.044827
5072.71929  1.046367
5073.342097  1.052173
5073.964904  1.050424
5074.587711  1.043402
5075.210518  1.037028
5075.833325  1.040323
5076.456132  1.056359
5077.078939  1.061534
5077.701746  1.051288
5078.324553  1.036084
5078.94736  1.015464
5079.570167  1.002925
5080.192974  1.005818
5080.815781  1.014383
5081.438588  1.030285
5082.061395  1.042694
5082.684202  1.036368
5083.307009  1.020503
5083.929816  1.01605
5084.552623  1.032227
5085.17543  1.052049
5085.798237  1.058797
5086.421044  1.054472
5087.043851  1.056193
5087.666658  1.05292
5088.289465  1.047689
5088.912272  1.050169
5089.535079  1.052521
5090.157886  1.056128
5090.780693  1.056963
5091.4035  1.04659
5092.026307  1.047804
5092.649114  1.060481
5093.271921  1.067144
5093.894728  1.064029
5094.517535  1.053286
5095.140342  1.044655
5095.763149  1.047094
5096.385956  1.044723
5097.008763  1.036497
5097.63157  1.034884
5098.254377  1.024132
5098.877184  1.015182
5099.499991  1.023136
5100.122798  1.036447
5100.745605  1.050057
5101.368412  1.057641
5101.991219  1.056141
5102.614026  1.055697
5103.236833  1.056448
5103.85964  1.056126
5104.482447  1.059483
5105.105254  1.060447
5105.728061  1.053791
5106.350868  1.042524
5106.973675  1.01449
5107.596482  0.994051
5108.219289  1.008356
5108.842096  1.027095
5109.464903  1.028033
5110.08771  1.015171
5110.710517  1.015837
5111.333324  1.02899
5111.956131  1.043326
5112.578938  1.048434
5113.201745  1.04907
5113.824552  1.046471
5114.447359  1.043456
5115.070166  1.045722
5115.692973  1.046082
5116.31578  1.045177
5116.938587  1.053157
5117.561394  1.060097
5118.184201  1.060743
5118.807008  1.056008
5119.429815  1.052927
5120.052622  1.049705
5120.675429  1.04824
5121.298236  1.052218
5121.921043  1.050641
5122.54385  1.037655
5123.166657  1.021445
5123.789464  1.018226
5124.412271  1.018234
5125.035078  1.016705
5125.657885  1.031345
5126.280692  1.037902
5126.903499  1.032815
5127.526306  1.031131
5128.149113  1.028146
5128.77192  1.021077
5129.394727  1.018003
5130.017534  1.031846
5130.640341  1.040268
5131.263148  1.038847
5131.885955  1.045572
5132.508762  1.039583
5133.131569  1.023202
5133.754376  1.014177
5134.377183  1.023978
5134.99999  1.039755
5135.622797  1.04584
5136.245604  1.036427
5136.868411  1.01671
5137.491218  1.00579
5138.114025  1.009142
5138.736832  0.9906996
5139.359639  0.9736555
5139.982446  0.9907094
5140.605253  1.033323
5141.22806  1.045305
5141.850867  1.02026
5142.473674  1.000923
5143.096481  1.001554
5143.719288  1.020736
5144.342095  1.042419
5144.964902  1.044333
5145.587709  1.034953
5146.210516  1.030516
5146.833323  1.037736
5147.45613  1.033245
5148.078937  1.025557
5148.701744  1.031371
5149.324551  1.037547
5149.947358  1.032606
5150.570165  1.018627
5151.192972  1.011691
5151.815779  1.011257
5152.438586  1.015504
5153.061393  1.022738
5153.6842  1.028319
5154.307007  1.031962
5154.929814  1.035635
5155.552621  1.042225
5156.175428  1.044176
5156.798235  1.043567
5157.421042  1.04821
5158.043849  1.048246
5158.666656  1.042389
5159.289463  1.038362
5159.91227  1.044613
5160.535077  1.045378
5161.157884  1.035101
5161.780691  1.024957
5162.403498  1.016594
5163.026305  1.020472
5163.649112  1.037024
5164.271919  1.038164
5164.894726  1.032451
5165.517533  1.020206
5166.14034  0.9801456
5166.763147  0.912259
5167.385954  0.8661591
5168.008761  0.8809304
5168.631568  0.910547
5169.254375  0.949586
5169.877182  0.9931832
5170.499989  1.010391
5171.122796  0.9786235
5171.745603  0.9123431
5172.36841  0.8586962
5172.991217  0.8690673
5173.614024  0.9375035
5174.236831  1.013193
5174.859638  1.03966
5175.482445  1.042872
5176.105252  1.043591
5176.728059  1.038093
5177.350866  1.042238
5177.973673  1.045831
5178.59648  1.039276
5179.219287  1.041351
5179.842094  1.041431
5180.464901  1.035971
5181.087708  1.035643
5181.710515  1.02798
5182.333322  0.9829342
5182.956129  0.8975181
5183.578936  0.8391561
5184.201743  0.8719075
5184.82455  0.9682578
5185.447357  1.015348
5186.070164  1.02514
5186.692971  1.026681
5187.315778  1.027132
5187.938585  1.007391
5188.561392  0.9845238
5189.184199  0.9862802
5189.807006  1.01539
5190.429813  1.02597
5191.05262  1.003931
5191.675427  0.9778103
5192.298234  0.9702315
5192.921041  0.9840304
5193.543848  1.00216
5194.166655  1.002375
5194.789462  0.9924656
5195.412269  0.9930215
5196.035076  1.012727
5196.657883  1.022812
5197.28069  1.016408
5197.903497  1.008116
5198.526304  1.01388
5199.149111  1.025749
5199.771918  1.03423
5200.394725  1.039197
5201.017532  1.033339
5201.640339  1.018631
5202.263146  1.006287
5202.885953  1.010793
5203.50876  1.010744
5204.131567  0.9935605
5204.754374  0.9823616
5205.377181  0.9786183
5205.999988  0.983288
5206.622795  0.9974818
5207.245602  1.004482
5207.868409  0.9913989
5208.491216  0.9702975
5209.114023  0.9812386
5209.73683  1.002437
5210.359637  1.014732
5210.982444  1.024329
5211.605251  1.032158
5212.228058  1.038605
5212.850865  1.043846
5213.473672  1.0459
5214.096479  1.034424
5214.719286  1.012859
5215.342093  1.001539
5215.9649  0.9897047
5216.587707  0.9902372
5217.210514  1.015902
5217.833321  1.028544
5218.456128  1.033775
5219.078935  1.042273
5219.701742  1.038511
5220.324549  1.036025
5220.947356  1.038546
5221.570163  1.038458
5222.19297  1.04135
5222.815777  1.04486
5223.438584  1.04406
5224.061391  1.036869
5224.684198  1.030879
5225.307005  1.017199
5225.929812  0.9763764
5226.552619  0.9259335
5227.175426  0.9164848
5227.798233  0.9688617
5228.42104  1.017169
5229.043847  1.033531
5229.666654  1.026108
5230.289461  1.019241
5230.912268  1.029479
5231.535075  1.035518
5232.157882  1.011565
5232.780689  0.9882936
5233.403496  0.9898621
5234.026303  1.00961
5234.64911  1.013872
5235.271917  1.01123
5235.894724  1.017306
5236.517531  1.032844
5237.140338  1.032981
5237.763145  1.03057
5238.385952  1.038695
5239.008759  1.033425
5239.631566  1.030537
5240.254373  1.035507
5240.87718  1.034089
5241.499987  1.031177
5242.122794  1.029728
5242.745601  1.028529
5243.368408  1.028549
5243.991215  1.030694
5244.614022  1.03563
5245.236829  1.041797
5245.859636  1.040068
5246.482443  1.032829
5247.10525  1.02685
5247.728057  1.021499
5248.350864  1.022983
5248.973671  1.030356
5249.596478  1.031064
5250.219285  1.0199
5250.842092  1.009912
5251.464899  1.016629
5252.087706  1.028274
5252.710513  1.032798
5253.33332  1.029191
5253.956127  1.027508
5254.578934  1.019624
5255.201741  1.014024
5255.824548  1.029088
5256.447355  1.041359
5257.070162  1.040941
5257.692969  1.035976
5258.315776  1.040345
5258.938583  1.042289
5259.56139  1.039537
5260.184197  1.043933
5260.807004  1.023861
5261.429811  0.9936812
5262.052618  0.9852784
5262.675425  0.9855112
5263.298232  0.9883674
5263.921039  0.9898174
5264.543846  0.9834723
5265.166653  0.9728112
5265.78946  0.9640337
5266.412267  0.9654256
5267.035074  0.9881334
5267.657881  1.01393
5268.280688  1.011113
5268.903495  0.9643779
5269.526302  0.9166232
5270.149109  0.9114039
5270.771916  0.9543789
5271.394723  1.000544
5272.01753  1.02077
5272.640337  1.015609
5273.263144  1.008686
5273.885951  1.01631
5274.508758  1.024846
5275.131565  1.007573
5275.754372  0.9965727
5276.377179  1.006488
5276.999986  1.025976
5277.622793  1.039151
5278.2456  1.042357
5278.868407  1.040023
5279.491214  1.036915
5280.114021  1.033955
5280.736828  1.02505
5281.359635  1.010289
5281.982442  1.014092
5282.605249  1.014616
5283.228056  0.998117
5283.850863  0.9969877
5284.47367  1.010579
5285.096477  1.025467
5285.719284  1.031526
5286.342091  1.037467
5286.964898  1.041183
5287.587705  1.039229
5288.210512  1.038517
5288.833319  1.036004
5289.456126  1.034114
5290.078933  1.038932
5290.70174  1.03357
5291.324547  1.028164
5291.947354  1.037289
5292.570161  1.041835
5293.192968  1.038436
5293.815775  1.035389
5294.438582  1.040303
5295.061389  1.044037
5295.684196  1.039044
5296.307003  1.028625
5296.92981  1.023213
5297.552617  1.017821
5298.175424  1.009996
5298.798231  1.012567
5299.421038  1.024376
5300.043845  1.035431
5300.666652  1.034591
5301.289459  1.029646
5301.912266  1.020519
5302.535073  1.012316
5303.15788  1.026012
5303.780687  1.03401
5304.403494  1.029697
5305.026301  1.036967
5305.649108  1.038966
5306.271915  1.031534
5306.894722  1.024013
5307.517529  1.025354
5308.140336  1.033988
5308.763143  1.041163
5309.38595  1.039637
5310.008757  1.035249
5310.631564  1.03252
5311.254371  1.032755
5311.877178  1.040449
5312.499985  1.043793
5313.122792  1.036234
5313.745599  1.030765
5314.368406  1.034084
5314.991213  1.033903
5315.61402  1.01614
5316.236827  1.002563
5316.859634  1.000771
5317.482441  1.008248
5318.105248  1.024096
5318.728055  1.030835
5319.350862  1.026667
5319.973669  1.028944
5320.596476  1.038593
5321.219283  1.041132
5321.84209  1.029206
5322.464897  1.024755
5323.087704  1.017447
5323.710511  1.000775
5324.333318  0.9900849
5324.956125  0.9993078
5325.578932  1.022011
5326.201739  1.034107
5326.824546  1.009564
5327.447353  0.9587532
5328.07016  0.9229547
5328.692967  0.9456303
5329.315774  0.9903028
5329.938581  1.018986
5330.561388  1.025094
5331.184195  1.031781
5331.807002  1.035298
5332.429809  1.027697
5333.052616  1.023829
5333.675423  1.02066
5334.29823  1.01996
5334.921037  1.027747
5335.543844  1.030962
5336.166651  1.021787
5336.789458  1.008519
5337.412265  1.014114
5338.035072  1.0248
5338.657879  1.023888
5339.280686  1.011367
5339.903493  0.994131
5340.5263  0.9843421
5341.149107  0.9902845
5341.771914  1.004415
5342.394721  1.021352
5343.017528  1.034787
5343.640335  1.035762
5344.263142  1.030714
5344.885949  1.022877
5345.508756  1.015336
5346.131563  1.022274
5346.75437  1.032626
5347.377177  1.030245
5347.999984  1.018282
5348.622791  1.011887
5349.245598  1.015014
5349.868405  1.019101
5350.491212  1.027923
5351.114019  1.037941
5351.736826  1.041296
5352.359633  1.033044
5352.98244  1.028216
5353.605247  1.031526
5354.228054  1.031234
5354.850861  1.033964
5355.473668  1.039042
5356.096475  1.038654
5356.719282  1.033074
5357.342089  1.033656
5357.964896  1.040476
5358.587703  1.036491
5359.21051  1.036307
5359.833317  1.041574
5360.456124  1.040626
5361.078931  1.029709
5361.701738  1.020944
5362.324545  1.021356
5362.947352  1.017663
5363.570159  1.014712
5364.192966  1.012644
5364.815773  1.008766
5365.43858  1.017624
5366.061387  1.026199
5366.684194  1.019526
5367.307001  1.014336
5367.929808  1.020556
5368.552615  1.026577
5369.175422  1.010858
5369.798229  0.9959159
5370.421036  0.9826235
5371.043843  0.9642125
5371.66665  0.9689595
5372.289457  0.9931777
5372.912264  1.016788
5373.535071  1.023757
5374.157878  1.024381
5374.780685  1.028368
5375.403492  1.034477
5376.026299  1.030976
5376.649106  1.027367
5377.271913  1.030805
5377.89472  1.026949
5378.517527  1.025994
5379.140334  1.027852
5379.763141  1.022166
5380.385948  1.011463
5381.008755  1.01181
5381.631562  1.024038
5382.254369  1.017136
5382.877176  1.008876
5383.499983  1.011656
5384.12279  1.014452
5384.745597  1.021044
5385.368404  1.026207
5385.991211  1.024342
5386.614018  1.029386
5387.236825  1.030837
5387.859632  1.023495
5388.482439  1.021086
5389.105246  1.018589
5389.728053  1.01577
5390.35086  1.016202
5390.973667  1.017818
5391.596474  1.013298
5392.219281  1.001283
5392.842088  0.9932773
5393.464895  1.004467
5394.087702  1.023773
5394.710509  1.026443
5395.333316  1.020931
5395.956123  1.00042
5396.57893  0.968934
5397.201737  0.9627908
5397.824544  0.9828305
5398.447351  1.009011
5399.070158  1.021533
5399.692965  1.017045
5400.315772  1.008155
5400.938579  1.008418
5401.561386  1.014482
5402.184193  1.01821
5402.807  1.010408
5403.429807  0.9896493
5404.052614  0.9770691
5404.675421  0.9685724
5405.298228  0.9540637
5405.921035  0.9626097
5406.543842  0.9883676
5407.166649  1.012459
5407.789456  1.024544
5408.412263  1.019678
5409.03507  1.005929
5409.657877  0.9971849
5410.280684  0.9906179
5410.903491  0.9931936
5411.526298  1.005452
5412.149105  1.009391
5412.771912  1.010954
5413.394719  1.013276
5414.017526  1.008632
5414.640333  0.9906624
5415.26314  0.9820269
5415.885947  0.9997295
5416.508754  1.009259
5417.131561  1.011035
5417.754368  1.012231
5418.377175  1.009412
5418.999982  1.004737
5419.622789  1.003996
5420.245596  1.009262
5420.868403  1.011811
5421.49121  1.010613
5422.114017  1.010359
5422.736824  1.015036
5423.359631  0.9999712
5423.982438  0.9780881
5424.605245  0.9862525
5425.228052  1.007193
5425.850859  1.018148
5426.473666  1.013877
5427.096473  1.01273
5427.71928  1.012822
5428.342087  1.002962
5428.964894  0.9771784
5429.587701  0.9566771
5430.210508  0.9612184
5430.833315  0.9881491
5431.456122  1.005336
5432.078929  1.011186
5432.701736  1.007379
5433.324543  0.9874956
5433.94735  0.9616725
5434.570157  0.9531927
5435.192964  0.9740386
5435.815771  0.9993199
5436.438578  1.012163
5437.061385  1.011032
5437.684192  1.0112
5438.306999  1.013142
5438.929806  1.01161
5439.552613  1.003516
5440.17542  1.003693
5440.798227  1.009434
5441.421034  1.011224
5442.043841  1.009199
5442.666648  1.005905
5443.289455  1.006148
5443.912262  1.011089
5444.535069  1.003385
5445.157876  0.9887559
5445.780683  0.976387
5446.40349  0.9550962
5447.026297  0.9497171
5447.649104  0.9718191
5448.271911  1.000745
5448.894718  1.008206
5449.517525  1.003341
5450.140332  1.006945
5450.763139  1.005691
5451.385946  1.007544
5452.008753  1.011566
5452.63156  1.000849
5453.254367  0.9959291
5453.877174  0.9911271
5454.499981  0.9648501
5455.122788  0.9363129
5455.745595  0.9335942
5456.368402  0.9614289
5456.991209  0.9876541
5457.614016  0.9999218
5458.236823  1.004826
5458.85963  1.011369
5459.482437  1.014379
5460.105244  1.006868
5460.728051  0.9954269
5461.350858  0.9980874
5461.973665  1.001944
5462.596472  0.9942604
5463.219279  0.9824547
5463.842086  0.9853194
5464.464893  0.9969631
5465.0877  1.00034
5465.710507  1.000034
5466.333314  0.9989966
5466.956121  0.9983854
5467.578928  0.9968792
5468.201735  0.9957349
5468.824542  0.995863
