4780.  0.9840456
4780.622807  0.9989288
4781.245614  0.9983476
4781.868421  0.9789733
4782.491228  0.9325548
4783.114035  0.8861127
4783.736842  0.8876056
4784.359649  0.9632484
4784.982456  0.9959123
4785.605263  0.9344548
4786.22807  0.8488159
4786.850877  0.8519617
4787.473684  0.9226728
4788.096491  0.9670699
4788.719298  0.9313183
4789.342105  0.8861718
4789.964912  0.8855824
4790.587719  0.9114839
4791.210526  0.9274029
4791.833333  0.9294534
4792.45614  0.9411741
4793.078947  0.9838479
4793.701754  1.034906
4794.324561  1.07046
4794.947368  1.084112
4795.570175  1.060933
4796.192982  1.026462
4796.815789  1.011512
4797.438596  0.9886449
4798.061403  0.949715
4798.68421  0.9080384
4799.307017  0.8879752
4799.929824  0.8829958
4800.552631  0.9083967
4801.175438  0.97487
4801.798245  1.021792
4802.421052  1.034646
4803.043859  1.031284
4803.666666  1.025208
4804.289473  0.9763606
4804.91228  0.9219261
4805.535087  0.9388227
4806.157894  0.9634838
4806.780701  0.9556826
4807.403508  0.9193603
4808.026315  0.8880679
4808.649122  0.8976306
4809.271929  0.9405603
4809.894736  0.9720388
4810.517543  0.9763429
4811.14035  0.9713144
4811.763157  0.9737783
4812.385964  0.9637305
4813.008771  0.9547223
4813.631578  0.9585897
4814.254385  0.9680282
4814.877192  0.9787461
4815.499999  0.9942682
4816.122806  1.016411
4816.745613  1.031492
4817.36842  1.022603
4817.991227  1.009469
4818.614034  1.043142
4819.236841  1.068596
4819.859648  1.054837
4820.482455  1.024558
4821.105262  1.02126
4821.728069  1.024513
4822.350876  0.9860051
4822.973683  0.8934639
4823.59649  0.8530503
4824.219297  0.8947029
4824.842104  0.9498976
4825.464911  0.9960462
4826.087718  1.016187
4826.710525  1.006809
4827.333332  0.9878914
4827.956139  0.9632753
4828.578946  0.9401898
4829.201753  0.9377383
4829.82456  0.9789951
4830.447367  1.002359
4831.070174  0.9508317
4831.692981  0.8939337
4832.315788  0.8891733
4832.938595  0.9331774
4833.561402  0.9701183
4834.184209  0.9940119
4834.807016  1.003176
4835.429823  0.9932852
4836.05263  0.9695155
4836.675437  0.9730412
4837.298244  1.001164
4837.921051  0.9832547
4838.543858  0.9417881
4839.166665  0.9044143
4839.789472  0.8812757
4840.412279  0.890361
4841.035086  0.9321542
4841.657893  0.9711995
4842.2807  0.9479296
4842.903507  0.8960209
4843.526314  0.878799
4844.149121  0.9269785
4844.771928  0.9873399
4845.394735  1.022474
4846.017542  1.028365
4846.640349  1.021489
4847.263156  0.9898314
4847.885963  0.9299878
4848.50877  0.8718116
4849.131577  0.8762049
4849.754384  0.9416422
4850.377191  1.00707
4850.999998  1.002128
4851.622805  0.9698468
4852.245612  0.9647542
4852.868419  0.9778672
4853.491226  0.9698467
4854.114033  0.9155003
4854.73684  0.8288392
4855.359647  0.7722097
4855.982454  0.7985117
4856.605261  0.886637
4857.228068  0.9337738
4857.850875  0.9289703
4858.473682  0.8903642
4859.096489  0.8347624
4859.719296  0.7690103
4860.342103  0.6685067
4860.96491  0.5583348
4861.587717  0.5565137
4862.210524  0.6830066
4862.833331  0.8242323
4863.456138  0.8383378
4864.078945  0.826733
4864.701752  0.8453208
4865.324559  0.8828499
4865.947366  0.9198512
4866.570173  0.9344295
4867.19298  0.9167767
4867.815787  0.8819242
4868.438594  0.8927025
4869.061401  0.9327545
4869.684208  0.9309879
4870.307015  0.8549257
4870.929822  0.7437317
4871.552629  0.6833518
4872.175436  0.7428836
4872.798243  0.8343908
4873.42105  0.8893558
4874.043857  0.9032983
4874.666664  0.8905604
4875.289471  0.8785669
4875.912278  0.8949603
4876.535085  0.9464465
4877.157892  0.9472961
4877.780699  0.9119296
4878.403506  0.9415825
4879.026313  1.017569
4879.64912  1.062345
4880.271927  1.022977
4880.894734  0.9417765
4881.517541  0.8884234
4882.140348  0.9023568
4882.763155  0.9612662
4883.385962  0.9809089
4884.008769  0.9405513
4884.631576  0.8799044
4885.254383  0.8387049
4885.87719  0.8178093
4886.499997  0.8217505
4887.122804  0.8684785
4887.745611  0.8938906
4888.368418  0.8905058
4888.991225  0.8961089
4889.614032  0.9061573
4890.236839  0.8372645
4890.859646  0.7144817
4891.482453  0.7301528
4892.10526  0.8517247
4892.728067  0.9701098
4893.350874  1.014323
4893.973681  1.038652
4894.596488  1.068592
4895.219295  1.088289
4895.842102  1.070257
4896.464909  1.046499
4897.087716  1.039574
4897.710523  1.038589
4898.33333  1.036058
4898.956137  1.003388
4899.578944  0.9422738
4900.201751  0.9283788
4900.824558  0.9725573
4901.447365  1.022042
4902.070172  1.00808
4902.692979  0.9560086
4903.315786  0.9231908
4903.938593  0.9426528
4904.5614  0.9779556
4905.184207  1.022707
4905.807014  1.064473
4906.429821  1.067406
4907.052628  1.023466
4907.675435  0.9739572
4908.298242  0.9592324
4908.921049  0.9262463
4909.543856  0.8732028
4910.166663  0.8353809
4910.78947  0.84548
4911.412277  0.8789812
4912.035084  0.9194675
4912.657891  0.9645241
4913.280698  0.9696696
4913.903505  0.9728735
4914.526312  1.01572
4915.149119  1.054773
4915.771926  1.05488
4916.394733  1.020857
4917.01754  0.9798383
4917.640347  0.9017205
4918.263154  0.8104086
4918.885961  0.7491043
4919.508768  0.7076818
4920.131575  0.6962638
4920.754382  0.7321226
4921.377189  0.8163127
4921.999996  0.8922614
4922.622803  0.9221955
4923.24561  0.903615
4923.868417  0.8537754
4924.491224  0.8304163
4925.114031  0.8703347
4925.736838  0.9455031
4926.359645  0.9923832
4926.982452  0.9867568
4927.605259  0.9649593
4928.228066  0.9968683
4928.850873  1.050229
4929.47368  1.06159
4930.096487  1.031066
4930.719294  1.023401
4931.342101  1.05261
4931.964908  1.057607
4932.587715  0.9881237
4933.210522  0.8891721
4933.833329  0.8510725
4934.456136  0.9148097
4935.078943  0.9949556
4935.70175  1.010789
4936.324557  0.9648842
4936.947364  0.8982558
4937.570171  0.8369954
4938.192978  0.78997
4938.815785  0.7749037
4939.438592  0.8123341
4940.061399  0.9003316
4940.684206  1.000585
4941.307013  1.038176
4941.92982  1.019714
4942.552627  1.015816
4943.175434  1.046519
4943.798241  1.077142
4944.421048  1.06312
4945.043855  1.002895
4945.666662  0.9532186
4946.289469  0.9567835
4946.912276  1.00378
4947.535083  1.041132
4948.15789  1.051427
4948.780697  1.043105
4949.403504  1.022286
4950.026311  1.023128
4950.649118  1.052071
4951.271925  1.073241
4951.894732  1.048672
4952.517539  1.010436
4953.140346  1.006916
4953.763153  1.013751
4954.38596  1.023975
4955.008767  1.044852
4955.631574  1.068666
4956.254381  0.9674168
4956.877188  0.7847742
4957.499995  0.6972106
4958.122802  0.7875953
4958.745609  0.9497012
4959.368416  1.054716
4959.991223  1.093784
4960.61403  1.084177
4961.236837  1.051429
4961.859644  1.024315
4962.482451  1.050267
4963.105258  1.088167
4963.728065  1.07702
4964.350872  1.019198
4964.973679  0.9432132
4965.596486  0.9002737
4966.219293  0.9264076
4966.8421  0.9658178
4967.464907  0.9684644
4968.087714  0.9415213
4968.710521  0.9581807
4969.333328  0.972813
4969.956135  0.955178
4970.578942  0.954638
4971.201749  0.9981937
4971.824556  1.043028
4972.447363  1.037951
4973.07017  1.035233
4973.692977  1.054942
4974.315784  1.074406
4974.938591  1.051022
4975.561398  1.019446
4976.184205  1.008657
4976.807012  1.010074
4977.429819  0.9797431
4978.052626  0.9328257
4978.675433  0.9078311
4979.29824  0.913678
4979.921047  0.9435707
4980.543854  0.9630659
4981.166661  0.9311766
4981.789468  0.8593686
4982.412275  0.7903182
4983.035082  0.7676772
4983.657889  0.8018365
4984.280696  0.8402049
4984.903503  0.852279
4985.52631  0.866495
4986.149117  0.9190212
4986.771924  0.9910771
4987.394731  1.03195
4988.017538  1.020771
4988.640345  0.9999893
4989.263152  0.9985494
4989.885959  0.9906244
4990.508766  0.9478309
4991.131573  0.9160796
4991.75438  0.9544387
4992.377187  0.9909011
4992.999994  0.9824793
4993.622801  0.9459844
4994.245608  0.9425877
4994.868415  0.9748524
4995.491222  1.000139
4996.114029  0.9807761
4996.736836  0.9721566
4997.359643  0.9875165
4997.98245  0.9946058
4998.605257  0.9540348
4999.228064  0.9052609
4999.850871  0.8863513
5000.473678  0.890211
5001.096485  0.887623
5001.719292  0.8814276
5002.342099  0.8879508
5002.964906  0.8979145
5003.587713  0.9027227
5004.21052  0.8906368
5004.833327  0.8484477
5005.456134  0.7901084
5006.078941  0.7551344
5006.701748  0.7818427
5007.324555  0.8634434
5007.947362  0.9551706
5008.570169  1.001948
5009.192976  0.9755459
5009.815783  0.9487712
5010.43859  0.9465566
5011.061397  0.9244653
5011.684204  0.8686765
5012.307011  0.8177779
5012.929818  0.8008967
5013.552625  0.7811913
5014.175432  0.7812706
5014.798239  0.8205346
5015.421046  0.8803467
5016.043853  0.9100429
5016.66666  0.8908563
5017.289467  0.8418686
5017.912274  0.7991582
5018.535081  0.8087707
5019.157888  0.864283
5019.780695  0.901204
5020.403502  0.9118413
5021.026309  0.895708
5021.649116  0.8603941
5022.271923  0.8406781
5022.89473  0.8707421
5023.517537  0.9318331
5024.140344  0.9469907
5024.763151  0.9353178
5025.385958  0.9371022
5026.008765  0.9535453
5026.631572  0.8982646
5027.254379  0.8289254
5027.877186  0.8379028
5028.499993  0.9084285
5029.1228  0.9717705
5029.745607  0.9849462
5030.368414  0.9638907
5030.991221  0.9627966
5031.614028  0.9946476
5032.236835  1.035295
5032.859642  1.057247
5033.482449  1.069351
5034.105256  1.062955
5034.728063  1.002383
5035.35087  0.9037107
5035.973677  0.8469812
5036.596484  0.8889626
5037.219291  0.9487462
5037.842098  0.9535453
5038.464905  0.9026229
5039.087712  0.8663983
5039.710519  0.8215297
5040.333326  0.7417226
5040.956133  0.6574332
5041.57894  0.6917483
5042.201747  0.8279553
5042.824554  0.957103
5043.447361  0.9893904
5044.070168  0.9894484
5044.692975  1.015034
5045.315782  1.052685
5045.938589  1.08556
5046.561396  1.079829
5047.184203  1.01615
5047.80701  0.9198333
5048.429817  0.85317
5049.052624  0.852503
5049.675431  0.8955372
5050.298238  0.9183154
5050.921045  0.9039646
5051.543852  0.8824925
5052.166659  0.8860949
5052.789466  0.9136157
5053.412273  0.9507679
5054.03508  0.9888183
5054.657887  1.012773
5055.280694  1.020161
5055.903501  1.017731
5056.526308  1.004878
5057.149115  0.9952818
5057.771922  1.002426
5058.394729  1.021934
5059.017536  1.026842
5059.640343  1.024483
5060.26315  1.046316
5060.885957  1.07288
5061.508764  1.085739
5062.131571  1.082658
5062.754378  1.079617
5063.377185  1.029453
5063.999992  0.9291854
5064.622799  0.852295
5065.245606  0.8616063
5065.868413  0.9243051
5066.49122  0.961629
5067.114027  0.9579129
5067.736834  0.9261602
5068.359641  0.9038036
5068.982448  0.9314746
5069.605255  0.9882199
5070.228062  1.024582
5070.850869  1.001764
5071.473676  0.9300355
5072.096483  0.8804106
5072.71929  0.9035299
5073.342097  0.9668328
5073.964904  0.9929688
5074.587711  0.9674177
5075.210518  0.9445269
5075.833325  0.9441262
5076.456132  0.9758438
5077.078939  1.019446
5077.701746  1.01414
5078.324553  0.9313542
5078.94736  0.8098502
5079.570167  0.7353103
5080.192974  0.7419682
5080.815781  0.8109536
5081.438588  0.888729
5082.061395  0.9220843
5082.684202  0.9076614
5083.307009  0.8852887
5083.929816  0.9029827
5084.552623  0.9433602
5085.17543  0.9752372
5085.798237  0.9817775
5086.421044  0.9690546
5087.043851  0.9506544
5087.666658  0.943092
5088.289465  0.9584117
5088.912272  0.9863325
5089.535079  1.007613
5090.157886  1.007123
5090.780693  0.9887995
5091.4035  0.9780832
5092.026307  0.9975441
5092.649114  1.037042
5093.271921  1.057872
5093.894728  1.044888
5094.517535  1.024064
5095.140342  1.017708
5095.763149  1.002341
5096.385956  0.9540432
5097.008763  0.9134915
5097.63157  0.8680048
5098.254377  0.8086593
5098.877184  0.7693234
5099.499991  0.8087286
5100.122798  0.9040462
5100.745605  0.9804145
5101.368412  1.025144
5101.991219  1.027923
5102.614026  0.9943932
5103.236833  0.9550186
5103.85964  0.9425163
5104.482447  0.9512012
5105.105254  0.952313
5105.728061  0.9631573
5106.350868  0.9487039
5106.973675  0.8916645
5107.596482  0.8640484
5108.219289  0.8868333
5108.842096  0.9141198
5109.464903  0.8829917
5110.08771  0.8556988
5110.710517  0.884461
5111.333324  0.9561033
5111.956131  0.9871437
5112.578938  0.9825223
5113.201745  0.9788638
5113.824552  0.9880266
5114.447359  0.9854211
5115.070166  0.973649
5115.692973  0.9798762
5116.31578  1.014749
5116.938587  1.045948
5117.561394  1.049517
5118.184201  1.045969
5118.807008  1.04171
5119.429815  1.029917
5120.052622  0.9994971
5120.675429  0.9609096
5121.298236  0.9389024
5121.921043  0.9308981
5122.54385  0.8804407
5123.166657  0.8338413
5123.789464  0.8284018
5124.412271  0.8455642
5125.035078  0.8623075
5125.657885  0.8798584
5126.280692  0.9004378
5126.903499  0.8921508
5127.526306  0.8827173
5128.149113  0.8856748
5128.77192  0.8721685
5129.394727  0.8783916
5130.017534  0.9060645
5130.640341  0.9234686
5131.263148  0.9258894
5131.885955  0.933375
5132.508762  0.9452535
5133.131569  0.9260504
5133.754376  0.9279864
5134.377183  0.9731584
5134.99999  1.019531
5135.622797  1.006444
5136.245604  0.9378656
5136.868411  0.8761296
5137.491218  0.8908798
5138.114025  0.8932047
5138.736832  0.8414206
5139.359639  0.8167797
5139.982446  0.8928499
5140.605253  0.9804706
5141.22806  0.9510337
5141.850867  0.8471841
5142.473674  0.7906289
5143.096481  0.8414867
5143.719288  0.9305468
5144.342095  0.9603922
5144.964902  0.9236362
5145.587709  0.8849134
5146.210516  0.8723924
5146.833323  0.8620462
5147.45613  0.8412977
5148.078937  0.8512669
5148.701744  0.8997307
5149.324551  0.9433575
5149.947358  0.927817
5150.570165  0.8883551
5151.192972  0.8711975
5151.815779  0.888027
5152.438586  0.8932796
5153.061393  0.8850259
5153.6842  0.8807328
5154.307007  0.8930188
5154.929814  0.9112501
5155.552621  0.9292836
5156.175428  0.9497448
5156.798235  0.9729294
5157.421042  0.9901612
5158.043849  0.9899044
5158.666656  0.968973
5159.289463  0.9679416
5159.91227  0.9923815
5160.535077  1.005819
5161.157884  0.9683155
5161.780691  0.9115945
5162.403498  0.8897924
5163.026305  0.9156422
5163.649112  0.9182779
5164.271919  0.8694156
5164.894726  0.808806
5165.517533  0.7688873
5166.14034  0.7026817
5166.763147  0.5924574
5167.385954  0.5522372
5168.008761  0.5823876
5168.631568  0.6593631
5169.254375  0.7756184
5169.877182  0.8873102
5170.499989  0.9012828
5171.122796  0.7672337
5171.745603  0.5893573
5172.36841  0.4896198
5172.991217  0.5378084
5173.614024  0.7087073
5174.236831  0.8861411
5174.859638  0.9771197
5175.482445  0.9700359
5176.105252  0.9413243
5176.728059  0.940311
5177.350866  0.9695821
5177.973673  0.9990677
5178.59648  0.9993802
5179.219287  0.978205
5179.842094  0.9665483
5180.464901  0.9534585
5181.087708  0.9302303
5181.710515  0.8717518
5182.333322  0.7302045
5182.956129  0.5510596
5183.578936  0.4649406
5184.201743  0.5863882
5184.82455  0.7663031
5185.447357  0.8953036
5186.070164  0.9596373
5186.692971  0.9870125
5187.315778  0.9640568
5187.938585  0.9108397
5188.561392  0.909156
5189.184199  0.9719971
5189.807006  1.035483
5190.429813  1.011801
5191.05262  0.8854566
5191.675427  0.7573334
5192.298234  0.735149
5192.921041  0.8227313
5193.543848  0.9146313
5194.166655  0.9315254
5194.789462  0.8834198
5195.412269  0.850922
5196.035076  0.8644466
5196.657883  0.900212
5197.28069  0.9202356
5197.903497  0.9379095
5198.526304  0.9620809
5199.149111  0.9758267
5199.771918  0.9823239
5200.394725  0.9877983
5201.017532  0.9876596
5201.640339  0.9572617
5202.263146  0.9613189
5202.885953  1.00349
5203.50876  0.9718579
5204.131567  0.9027339
5204.754374  0.8360023
5205.377181  0.7884425
5205.999988  0.8100445
5206.622795  0.8686451
5207.245602  0.8809268
5207.868409  0.7922922
5208.491216  0.7672382
5209.114023  0.8483852
5209.73683  0.9037855
5210.359637  0.9201236
5210.982444  0.9350688
5211.605251  0.9717522
5212.228058  0.9899576
5212.850865  1.00568
5213.473672  1.015438
5214.096479  0.9776002
5214.719286  0.9072914
5215.342093  0.856371
5215.9649  0.8604394
5216.587707  0.8817374
5217.210514  0.9080763
5217.833321  0.9440958
5218.456128  0.9902672
5219.078935  1.008037
5219.701742  0.9967711
5220.324549  0.9907109
5220.947356  0.9986528
5221.570163  0.9991924
5222.19297  0.9766575
5222.815777  0.9509109
5223.438584  0.9228072
5224.061391  0.8891647
5224.684198  0.8498336
5225.307005  0.8078369
5225.929812  0.7442523
5226.552619  0.673515
5227.175426  0.6942196
5227.798233  0.8142755
5228.42104  0.9448841
5229.043847  0.9722876
5229.666654  0.9575956
5230.289461  0.9688512
5230.912268  1.006431
5231.535075  0.9918112
5232.157882  0.921642
5232.780689  0.8592952
5233.403496  0.8755574
5234.026303  0.9005372
5234.64911  0.8968707
5235.271917  0.9004003
5235.894724  0.9423048
5236.517531  0.9971958
5237.140338  1.026583
5237.763145  1.031468
5238.385952  1.021813
5239.008759  1.009469
5239.631566  1.001743
5240.254373  1.012326
5240.87718  1.026194
5241.499987  1.017814
5242.122794  0.9845042
5242.745601  0.9631377
5243.368408  0.9810331
5243.991215  1.025401
5244.614022  1.064191
5245.236829  1.063631
5245.859636  1.009416
5246.482443  0.9169935
5247.10525  0.8681424
5247.728057  0.9038478
5248.350864  0.9548135
5248.973671  0.9500222
5249.596478  0.8944972
5250.219285  0.8583466
5250.842092  0.8800547
5251.464899  0.932475
5252.087706  0.9681384
5252.710513  0.9776337
5253.33332  0.9741227
5253.956127  0.9440791
5254.578934  0.8674023
5255.201741  0.8512674
5255.824548  0.9193711
5256.447355  1.00905
5257.070162  1.055111
5257.692969  1.063636
5258.315776  1.062895
5258.938583  1.059499
5259.56139  1.039998
5260.184197  1.008488
5260.807004  0.9766957
5261.429811  0.9209784
5262.052618  0.8619267
5262.675425  0.820473
5263.298232  0.7804536
5263.921039  0.7669975
5264.543846  0.7614051
5265.166653  0.7182097
5265.78946  0.6883922
5266.412267  0.7374529
5267.035074  0.8575836
5267.657881  0.9192755
5268.280688  0.8503036
5268.903495  0.6975892
5269.526302  0.6008659
5270.149109  0.634782
5270.771916  0.7718511
5271.394723  0.9079317
5272.01753  0.9366937
5272.640337  0.9131074
5273.263144  0.9120165
5273.885951  0.9166711
5274.508758  0.8864631
5275.131565  0.8362838
5275.754372  0.8323762
5276.377179  0.9186103
5276.999986  1.018229
5277.622793  1.054383
5278.2456  1.059195
5278.868407  1.034879
5279.491214  0.9958617
5280.114021  0.9688014
5280.736828  0.9350447
5281.359635  0.9148848
5281.982442  0.9257572
5282.605249  0.9213361
5283.228056  0.8801626
5283.850863  0.8465205
5284.47367  0.9001449
5285.096477  0.9878876
5285.719284  1.062164
5286.342091  1.104311
5286.964898  1.090322
5287.587705  1.049596
5288.210512  1.026685
5288.833319  1.039507
5289.456126  1.067657
5290.078933  1.092809
5290.70174  1.107671
5291.324547  1.098988
5291.947354  1.072473
5292.570161  1.044776
5293.192968  1.0281
5293.815775  1.030151
5294.438582  1.041062
5295.061389  1.037653
5295.684196  0.9991553
5296.307003  0.9396914
5296.92981  0.8817845
5297.552617  0.8207204
5298.175424  0.815631
5298.798231  0.8895169
5299.421038  0.9796792
5300.043845  1.008182
5300.666652  0.9759573
5301.289459  0.9432963
5301.912266  0.9448125
5302.535073  0.9752954
5303.15788  1.01534
5303.780687  1.057847
5304.403494  1.08618
5305.026301  1.095306
5305.649108  1.091325
5306.271915  1.068273
5306.894722  1.038118
5307.517529  1.024059
5308.140336  1.039928
5308.763143  1.074169
5309.38595  1.102773
5310.008757  1.107299
5310.631564  1.099245
5311.254371  1.092173
5311.877178  1.086489
5312.499985  1.063517
5313.122792  1.04866
5313.745599  1.057124
5314.368406  1.062502
5314.991213  1.054444
5315.61402  1.023615
5316.236827  0.9786067
5316.859634  0.9789032
5317.482441  1.017125
5318.105248  1.04599
5318.728055  1.03334
5319.350862  1.022638
5319.973669  1.032108
5320.596476  1.034307
5321.219283  1.025025
5321.84209  1.02448
5322.464897  1.03096
5323.087704  0.9859003
5323.710511  0.9251239
5324.333318  0.9039365
5324.956125  0.9345601
5325.578932  0.9811513
5326.201739  0.9932242
5326.824546  0.9283803
5327.447353  0.7692625
5328.07016  0.6571276
5328.692967  0.696878
5329.315774  0.8191922
5329.938581  0.9429305
5330.561388  1.022565
5331.184195  1.051967
5331.807002  1.014784
5332.429809  0.9660355
5333.052616  0.9649528
5333.675423  1.002198
5334.29823  1.05275
5334.921037  1.085587
5335.543844  1.082007
5336.166651  1.059387
5336.789458  1.040991
5337.412265  1.039095
5338.035072  1.046369
5338.657879  1.033056
5339.280686  0.9778336
5339.903493  0.8947288
5340.5263  0.8538684
5341.149107  0.8932286
5341.771914  0.9839396
5342.394721  1.038264
5343.017528  1.04728
5343.640335  1.047504
5344.263142  1.060805
5344.885949  1.034105
5345.508756  0.9799092
5346.131563  0.9718767
5346.75437  0.9984403
5347.377177  1.015748
5347.999984  0.992803
5348.622791  0.9482164
5349.245598  0.9362904
5349.868405  0.974912
5350.491212  1.025622
5351.114019  1.061521
5351.736826  1.069313
5352.359633  1.054502
5352.98244  1.040227
5353.605247  1.051153
5354.228054  1.088573
5354.850861  1.124632
5355.473668  1.132681
5356.096475  1.121133
5356.719282  1.117712
5357.342089  1.122128
5357.964896  1.122223
5358.587703  1.112651
5359.21051  1.10852
5359.833317  1.113472
5360.456124  1.108453
5361.078931  1.070386
5361.701738  1.033515
5362.324545  1.026879
5362.947352  1.047585
5363.570159  1.054052
5364.192966  1.025501
5364.815773  0.9888412
5365.43858  0.9941975
5366.061387  1.012927
5366.684194  1.015418
5367.307001  1.003197
5367.929808  1.010916
5368.552615  1.005908
5369.175422  0.9621071
5369.798229  0.9131426
5370.421036  0.8558099
5371.043843  0.8204588
5371.66665  0.8562101
5372.289457  0.9464436
5372.912264  1.02781
5373.535071  1.056938
5374.157878  1.066155
5374.780685  1.082758
5375.403492  1.098818
5376.026299  1.082463
5376.649106  1.043898
5377.271913  1.020724
5377.89472  1.035284
5378.517527  1.053598
5379.140334  1.053796
5379.763141  1.038498
5380.385948  1.027402
5381.008755  1.032802
5381.631562  1.037217
5382.254369  1.016364
5382.877176  0.9925947
5383.499983  0.9961342
5384.12279  1.033617
5384.745597  1.075501
5385.368404  1.08472
5385.991211  1.059961
5386.614018  1.035944
5387.236825  1.032752
5387.859632  1.035874
5388.482439  1.022285
5389.105246  0.9918617
5389.728053  0.9725991
5390.35086  0.9704161
5390.973667  0.9608383
5391.596474  0.9548381
5392.219281  0.9594033
5392.842088  0.968556
5393.464895  0.9660296
5394.087702  0.9566837
5394.710509  0.960871
5395.333316  0.9880308
5395.956123  0.9566747
5396.57893  0.8717452
5397.201737  0.8283128
5397.824544  0.8727949
5398.447351  0.9597811
5399.070158  1.009255
5399.692965  0.9887156
5400.315772  0.9566748
5400.938579  0.9622561
5401.561386  0.9972989
5402.184193  1.037902
5402.807  1.031706
5403.429807  0.9569214
5404.052614  0.8847414
5404.675421  0.829597
5405.298228  0.7954097
5405.921035  0.8038203
5406.543842  0.8456389
5407.166649  0.9095916
5407.789456  0.9740546
5408.412263  0.9821138
5409.03507  0.9415764
5409.657877  0.8991227
5410.280684  0.8928428
5410.903491  0.9314426
5411.526298  0.9918597
5412.149105  1.034229
5412.771912  1.03321
5413.394719  1.015593
5414.017526  1.009338
5414.640333  0.9901835
5415.26314  0.9902427
5415.885947  1.026223
5416.508754  1.066719
5417.131561  1.075307
5417.754368  1.059345
5418.377175  1.04789
5418.999982  1.031504
5419.622789  0.9995551
5420.245596  0.9609625
5420.868403  0.9486233
5421.49121  0.9878144
5422.114017  1.042805
5422.736824  1.04618
5423.359631  0.9827743
5423.982438  0.9154884
5424.605245  0.9148969
5425.228052  0.9803947
5425.850859  1.042188
5426.473666  1.070504
5427.096473  1.09467
5427.71928  1.097262
5428.342087  1.032457
5428.964894  0.9013127
5429.587701  0.8262239
5430.210508  0.8733635
5430.833315  0.9905046
5431.456122  1.039829
5432.078929  1.004662
5432.701736  0.9497867
5433.324543  0.9375498
5433.94735  0.9176398
5434.570157  0.8968252
5435.192964  0.898172
5435.815771  0.9107664
5436.438578  0.9271795
5437.061385  0.9578568
5437.684192  1.01664
5438.306999  1.064934
5438.929806  1.089388
5439.552613  1.096218
5440.17542  1.089869
5440.798227  1.075647
5441.421034  1.063044
5442.043841  1.06352
5442.666648  1.074059
5443.289455  1.077316
5443.912262  1.057687
5444.535069  1.026413
5445.157876  0.9885303
5445.780683  0.9347457
5446.40349  0.8593298
5447.026297  0.8413201
5447.649104  0.9078494
5448.271911  1.005215
5448.894718  1.06912
5449.517525  1.089041
5450.140332  1.087547
5450.763139  1.078141
5451.385946  1.064682
5452.008753  1.047531
5452.63156  1.029614
5453.254367  1.021946
5453.877174  1.005731
5454.499981  0.9551452
5455.122788  0.8800989
5455.745595  0.8569922
5456.368402  0.917319
5456.991209  0.9979622
5457.614016  1.055521
5458.236823  1.083582
5458.85963  1.096502
5459.482437  1.090858
5460.105244  1.065592
5460.728051  1.033358
5461.350858  1.018545
5461.973665  0.9885087
5462.596472  0.935967
5463.219279  0.9007397
5463.842086  0.9296259
5464.464893  0.996367
5465.0877  1.04135
5465.710507  1.042179
5466.333314  1.016646
5466.956121  1.001076
5467.578928  1.019814
5468.201735  1.0415
5468.824542  1.045813
