4780.  1.033617
4780.622807  1.044713
4781.245614  1.023347
4781.868421  1.001957
4782.491228  0.9677621
4783.114035  0.9033431
4783.736842  0.9248729
4784.359649  1.002052
4784.982456  1.037225
4785.605263  0.9882101
4786.22807  0.9327459
4786.850877  0.9356531
4787.473684  0.9857412
4788.096491  1.008008
4788.719298  0.9860228
4789.342105  0.9558682
4789.964912  0.9605411
4790.587719  0.9794808
4791.210526  0.9919159
4791.833333  1.004482
4792.45614  1.017877
4793.078947  1.050548
4793.701754  1.107083
4794.324561  1.142372
4794.947368  1.148959
4795.570175  1.126181
4796.192982  1.073111
4796.815789  1.05871
4797.438596  1.055951
4798.061403  1.002348
4798.68421  0.9646711
4799.307017  0.9504086
4799.929824  0.945202
4800.552631  0.9579756
4801.175438  1.025391
4801.798245  1.104221
4802.421052  1.118188
4803.043859  1.121686
4803.666666  1.101764
4804.289473  1.045346
4804.91228  1.01094
4805.535087  1.022184
4806.157894  1.04751
4806.780701  1.032239
4807.403508  0.9861124
4808.026315  0.952607
4808.649122  0.9652514
4809.271929  1.011049
4809.894736  1.04369
4810.517543  1.047561
4811.14035  1.050517
4811.763157  1.04764
4812.385964  1.033881
4813.008771  1.016047
4813.631578  1.017127
4814.254385  1.031938
4814.877192  1.044562
4815.499999  1.049246
4816.122806  1.076564
4816.745613  1.102147
4817.36842  1.088043
4817.991227  1.092733
4818.614034  1.121329
4819.236841  1.139649
4819.859648  1.119208
4820.482455  1.093062
4821.105262  1.086958
4821.728069  1.086638
4822.350876  1.041228
4822.973683  0.9533057
4823.59649  0.8873442
4824.219297  0.9308439
4824.842104  1.006906
4825.464911  1.053259
4826.087718  1.084689
4826.710525  1.078028
4827.333332  1.04781
4827.956139  1.020939
4828.578946  0.9921605
4829.201753  0.9955754
4829.82456  1.035665
4830.447367  1.059895
4831.070174  1.003512
4831.692981  0.9269748
4832.315788  0.9324085
4832.938595  0.9840992
4833.561402  1.028387
4834.184209  1.048652
4834.807016  1.072572
4835.429823  1.053371
4836.05263  1.020565
4836.675437  1.043376
4837.298244  1.067963
4837.921051  1.056894
4838.543858  1.013107
4839.166665  0.9731361
4839.789472  0.9437208
4840.412279  0.9429929
4841.035086  0.9874932
4841.657893  1.019488
4842.2807  0.9975027
4842.903507  0.9415716
4843.526314  0.9390794
4844.149121  0.9978036
4844.771928  1.066122
4845.394735  1.086588
4846.017542  1.086711
4846.640349  1.080777
4847.263156  1.054878
4847.885963  0.9917718
4848.50877  0.9384195
4849.131577  0.9469828
4849.754384  1.016747
4850.377191  1.065782
4850.999998  1.045558
4851.622805  0.9894496
4852.245612  1.003413
4852.868419  1.039763
4853.491226  1.032635
4854.114033  1.008271
4854.73684  0.9270521
4855.359647  0.8445407
4855.982454  0.8672948
4856.605261  0.9481648
4857.228068  1.002818
4857.850875  0.994867
4858.473682  0.9769178
4859.096489  0.9252703
4859.719296  0.8435149
4860.342103  0.7729651
4860.96491  0.6709247
4861.587717  0.6469116
4862.210524  0.7812189
4862.833331  0.8998103
4863.456138  0.9240034
4864.078945  0.8953838
4864.701752  0.9133652
4865.324559  0.9539747
4865.947366  0.9909613
4866.570173  1.010067
4867.19298  0.9835251
4867.815787  0.9452303
4868.438594  0.9435948
4869.061401  0.9844012
4869.684208  0.9815837
4870.307015  0.893962
4870.929822  0.7689816
4871.552629  0.7159213
4872.175436  0.7690535
4872.798243  0.878233
4873.42105  0.9497059
4874.043857  0.966624
4874.666664  0.9443024
4875.289471  0.9160268
4875.912278  0.9507012
4876.535085  1.01185
4877.157892  1.020717
4877.780699  0.960659
4878.403506  0.9685898
4879.026313  1.065568
4879.64912  1.108178
4880.271927  1.07077
4880.894734  0.9817892
4881.517541  0.9096319
4882.140348  0.9388219
4882.763155  1.008746
4883.385962  1.041795
4884.008769  1.026239
4884.631576  0.9617351
4885.254383  0.8898721
4885.87719  0.8584645
4886.499997  0.8600624
4887.122804  0.8972394
4887.745611  0.9396259
4888.368418  0.9241269
4888.991225  0.9295447
4889.614032  0.9353059
4890.236839  0.8473473
4890.859646  0.7121332
4891.482453  0.6970187
4892.10526  0.8565525
4892.728067  0.9896301
4893.350874  1.060164
4893.973681  1.094591
4894.596488  1.11661
4895.219295  1.136321
4895.842102  1.134788
4896.464909  1.103997
4897.087716  1.08429
4897.710523  1.095288
4898.33333  1.104329
4898.956137  1.05511
4899.578944  0.9939255
4900.201751  0.9856405
4900.824558  1.039582
4901.447365  1.061632
4902.070172  1.031907
4902.692979  0.9834552
4903.315786  0.9578812
4903.938593  0.9691951
4904.5614  1.013981
4905.184207  1.07456
4905.807014  1.120518
4906.429821  1.122243
4907.052628  1.079099
4907.675435  1.027711
4908.298242  0.9964823
4908.921049  0.9722666
4909.543856  0.9264889
4910.166663  0.8886515
4910.78947  0.8918166
4911.412277  0.9372949
4912.035084  0.9813237
4912.657891  1.008781
4913.280698  1.016161
4913.903505  1.012511
4914.526312  1.051971
4915.149119  1.098793
4915.771926  1.09385
4916.394733  1.067202
4917.01754  1.02156
4917.640347  0.9431967
4918.263154  0.8295582
4918.885961  0.7477022
4919.508768  0.6994667
4920.131575  0.663877
4920.754382  0.7092734
4921.377189  0.8080101
4921.999996  0.9025854
4922.622803  0.9674163
4923.24561  0.9746069
4923.868417  0.9366758
4924.491224  0.8973929
4925.114031  0.8866692
4925.736838  0.944194
4926.359645  1.036155
4926.982452  1.034575
4927.605259  1.014024
4928.228066  1.047329
4928.850873  1.111301
4929.47368  1.112094
4930.096487  1.077215
4930.719294  1.077676
4931.342101  1.099735
4931.964908  1.100379
4932.587715  1.038735
4933.210522  0.9244632
4933.833329  0.8970333
4934.456136  0.9715503
4935.078943  1.052626
4935.70175  1.056624
4936.324557  1.006841
4936.947364  0.9415377
4937.570171  0.8596839
4938.192978  0.7961766
4938.815785  0.7808915
4939.438592  0.8268804
4940.061399  0.9329976
4940.684206  1.030594
4941.307013  1.059241
4941.92982  1.032176
4942.552627  1.029283
4943.175434  1.076826
4943.798241  1.122629
4944.421048  1.090252
4945.043855  1.02405
4945.666662  0.9981405
4946.289469  1.006855
4946.912276  1.050293
4947.535083  1.093849
4948.15789  1.089701
4948.780697  1.066214
4949.403504  1.050369
4950.026311  1.056859
4950.649118  1.093732
4951.271925  1.114947
4951.894732  1.092427
4952.517539  1.05198
4953.140346  1.044903
4953.763153  1.054266
4954.38596  1.042233
4955.008767  1.052823
4955.631574  1.059651
4956.254381  0.9799792
4956.877188  0.7625999
4957.499995  0.6441827
4958.122802  0.7380346
4958.745609  0.9431939
4959.368416  1.086243
4959.991223  1.129547
4960.61403  1.115708
4961.236837  1.077889
4961.859644  1.05429
4962.482451  1.061522
4963.105258  1.086975
4963.728065  1.105138
4964.350872  1.064759
4964.973679  0.9645773
4965.596486  0.9053136
4966.219293  0.9293485
4966.8421  0.9844078
4967.464907  0.9786452
4968.087714  0.9591898
4968.710521  0.9714534
4969.333328  1.00504
4969.956135  0.9888448
4970.578942  0.9758806
4971.201749  1.010382
4971.824556  1.050361
4972.447363  1.060933
4973.07017  1.057356
4973.692977  1.073981
4974.315784  1.090986
4974.938591  1.072663
4975.561398  1.034078
4976.184205  1.04619
4976.807012  1.055926
4977.429819  1.015542
4978.052626  0.9417868
4978.675433  0.9206378
4979.29824  0.9382893
4979.921047  0.9531494
4980.543854  0.976248
4981.166661  0.9561349
4981.789468  0.8821728
4982.412275  0.8082466
4983.035082  0.7718311
4983.657889  0.7994444
4984.280696  0.8662428
4984.903503  0.8811077
4985.52631  0.8732253
4986.149117  0.9049354
4986.771924  0.9868636
4987.394731  1.03035
4988.017538  1.015568
4988.640345  0.9895093
4989.263152  0.9814824
4989.885959  0.9817264
4990.508766  0.9678982
4991.131573  0.9369282
4991.75438  0.9612727
4992.377187  1.007234
4992.999994  0.9863019
4993.622801  0.9411681
4994.245608  0.9438345
4994.868415  1.000904
4995.491222  1.019512
4996.114029  0.9994406
4996.736836  0.980576
4997.359643  0.9898386
4997.98245  0.9962174
4998.605257  0.9662579
4999.228064  0.9088635
4999.850871  0.8903019
5000.473678  0.9004447
5001.096485  0.9012011
5001.719292  0.8775229
5002.342099  0.8809391
5002.964906  0.9038848
5003.587713  0.9063238
5004.21052  0.8922457
5004.833327  0.8535031
5005.456134  0.7975218
5006.078941  0.7575939
5006.701748  0.7717348
5007.324555  0.8450662
5007.947362  0.939739
5008.570169  0.9850045
5009.192976  0.972643
5009.815783  0.9457161
5010.43859  0.95315
5011.061397  0.9490526
5011.684204  0.8979771
5012.307011  0.821949
5012.929818  0.8033312
5013.552625  0.789553
5014.175432  0.7485485
5014.798239  0.7963504
5015.421046  0.881437
5016.043853  0.9300939
5016.66666  0.9206934
5017.289467  0.8689413
5017.912274  0.8333943
5018.535081  0.8561534
5019.157888  0.9048144
5019.780695  0.917298
5020.403502  0.8925506
5021.026309  0.8888025
5021.649116  0.8575011
5022.271923  0.8223767
5022.89473  0.8462721
5023.517537  0.9195505
5024.140344  0.9658104
5024.763151  0.9519919
5025.385958  0.9360906
5026.008765  0.9502928
5026.631572  0.9269654
5027.254379  0.8180782
5027.877186  0.8162901
5028.499993  0.8972504
5029.1228  0.9528783
5029.745607  0.9642049
5030.368414  0.9591009
5030.991221  0.9644287
5031.614028  0.986942
5032.236835  1.030105
5032.859642  1.060986
5033.482449  1.058115
5034.105256  1.050009
5034.728063  0.9908581
5035.35087  0.8876222
5035.973677  0.8275025
5036.596484  0.8645446
5037.219291  0.9337576
5037.842098  0.9417442
5038.464905  0.9046187
5039.087712  0.8622428
5039.710519  0.813151
5040.333326  0.716813
5040.956133  0.641187
5041.57894  0.667184
5042.201747  0.8038552
5042.824554  0.9258589
5043.447361  0.9676336
5044.070168  0.958382
5044.692975  0.9869537
5045.315782  1.041452
5045.938589  1.082488
5046.561396  1.078942
5047.184203  1.013021
5047.80701  0.9198965
5048.429817  0.8496269
5049.052624  0.8266254
5049.675431  0.8499103
5050.298238  0.8852786
5050.921045  0.8920622
5051.543852  0.8855882
5052.166659  0.8907903
5052.789466  0.9144784
5053.412273  0.9377122
5054.03508  0.9757338
5054.657887  1.017635
5055.280694  1.018482
5055.903501  0.998198
5056.526308  0.983955
5057.149115  0.9882416
5057.771922  0.9985636
5058.394729  1.006902
5059.017536  1.002667
5059.640343  0.9786869
5060.26315  1.011895
5060.885957  1.073026
5061.508764  1.07247
5062.131571  1.0498
5062.754378  1.031218
5063.377185  1.000609
5063.999992  0.9172803
5064.622799  0.8365679
5065.245606  0.8287534
5065.868413  0.9020975
5066.49122  0.9314034
5067.114027  0.9104812
5067.736834  0.8914166
5068.359641  0.8751718
5068.982448  0.8920826
5069.605255  0.9408723
5070.228062  0.9763591
5070.850869  0.9658873
5071.473676  0.9117913
5072.096483  0.8562859
5072.71929  0.8682132
5073.342097  0.9308717
5073.964904  0.9729173
5074.587711  0.9362504
5075.210518  0.9005306
5075.833325  0.9036808
5076.456132  0.9289925
5077.078939  0.9834132
5077.701746  1.000602
5078.324553  0.9239985
5078.94736  0.7827115
5079.570167  0.7083029
5080.192974  0.7348918
5080.815781  0.7930669
5081.438588  0.863418
5082.061395  0.8880734
5082.684202  0.8490776
5083.307009  0.8274283
5083.929816  0.8522942
5084.552623  0.8954049
5085.17543  0.9112698
5085.798237  0.9356721
5086.421044  0.9483142
5087.043851  0.927669
5087.666658  0.9303434
5088.289465  0.9358653
5088.912272  0.934988
5089.535079  0.956382
5090.157886  0.9548687
5090.780693  0.9425033
5091.4035  0.9619679
5092.026307  0.9950404
5092.649114  1.023869
5093.271921  1.030288
5093.894728  1.003757
5094.517535  0.9701391
5095.140342  0.9503598
5095.763149  0.9389996
5096.385956  0.9034498
5097.008763  0.880326
5097.63157  0.8748392
5098.254377  0.8058736
5098.877184  0.7545267
5099.499991  0.784657
5100.122798  0.8722867
5100.745605  0.9423784
5101.368412  0.9751821
5101.991219  0.979656
5102.614026  0.943344
5103.236833  0.911356
5103.85964  0.9023286
5104.482447  0.8921898
5105.105254  0.8960929
5105.728061  0.9087303
5106.350868  0.9018626
5106.973675  0.8505902
5107.596482  0.8250364
5108.219289  0.8551155
5108.842096  0.8691425
5109.464903  0.8378603
5110.08771  0.809077
5110.710517  0.8439046
5111.333324  0.907307
5111.956131  0.9395743
5112.578938  0.9265697
5113.201745  0.9269173
5113.824552  0.9586583
5114.447359  0.984588
5115.070166  0.9605679
5115.692973  0.9401568
5116.31578  0.9546757
5116.938587  0.9892901
5117.561394  0.995598
5118.184201  0.983188
5118.807008  0.9727184
5119.429815  0.9655567
5120.052622  0.9342014
5120.675429  0.8941502
5121.298236  0.8795463
5121.921043  0.8877124
5122.54385  0.8584653
5123.166657  0.7926216
5123.789464  0.7740422
5124.412271  0.7882999
5125.035078  0.8076138
5125.657885  0.8213838
5126.280692  0.8411188
5126.903499  0.8383538
5127.526306  0.8158592
5128.149113  0.8309692
5128.77192  0.8259094
5129.394727  0.8049672
5130.017534  0.8269011
5130.640341  0.8670835
5131.263148  0.8967284
5131.885955  0.9076455
5132.508762  0.9160925
5133.131569  0.8973337
5133.754376  0.8815613
5134.377183  0.9286625
5134.99999  0.9695085
5135.622797  0.9563214
5136.245604  0.8990549
5136.868411  0.8539831
5137.491218  0.8496704
5138.114025  0.8413586
5138.736832  0.7655069
5139.359639  0.7594004
5139.982446  0.8433356
5140.605253  0.9179425
5141.22806  0.9004535
5141.850867  0.8147996
5142.473674  0.7571381
5143.096481  0.8103908
5143.719288  0.8850166
5144.342095  0.9036977
5144.964902  0.8667699
5145.587709  0.8262985
5146.210516  0.8138642
5146.833323  0.8204063
5147.45613  0.8092881
5148.078937  0.8153346
5148.701744  0.8499225
5149.324551  0.8779611
5149.947358  0.857869
5150.570165  0.8250312
5151.192972  0.8260775
5151.815779  0.8362772
5152.438586  0.8416065
5153.061393  0.8300973
5153.6842  0.8024482
5154.307007  0.8174538
5154.929814  0.856184
5155.552621  0.8712748
5156.175428  0.8901451
5156.798235  0.9182997
5157.421042  0.9420401
5158.043849  0.9424429
5158.666656  0.922363
5159.289463  0.9125444
5159.91227  0.936076
5160.535077  0.9549752
5161.157884  0.9234785
5161.780691  0.8508805
5162.403498  0.8147795
5163.026305  0.8299583
5163.649112  0.8399365
5164.271919  0.7834738
5164.894726  0.7201374
5165.517533  0.6621519
5166.14034  0.5837783
5166.763147  0.4754162
5167.385954  0.4528459
5168.008761  0.5315243
5168.631568  0.6076835
5169.254375  0.7279981
5169.877182  0.817825
5170.499989  0.771653
5171.122796  0.6266478
5171.745603  0.4704206
5172.36841  0.3903487
5172.991217  0.4325661
5173.614024  0.5915939
5174.236831  0.773057
5174.859638  0.8695946
5175.482445  0.8827218
5176.105252  0.8669329
5176.728059  0.8711407
5177.350866  0.8968343
5177.973673  0.9183633
5178.59648  0.9142272
5179.219287  0.8846276
5179.842094  0.8585836
5180.464901  0.8273005
5181.087708  0.7706276
5181.710515  0.6913426
5182.333322  0.5617868
5182.956129  0.4182236
5183.578936  0.3633711
5184.201743  0.4717738
5184.82455  0.6589597
5185.447357  0.7983301
5186.070164  0.8861161
5186.692971  0.9367442
5187.315778  0.9435155
5187.938585  0.8947042
5188.561392  0.892704
5189.184199  0.9567512
5189.807006  1.013358
5190.429813  0.9820383
5191.05262  0.8593115
5191.675427  0.724624
5192.298234  0.6923835
5192.921041  0.7803555
5193.543848  0.8851183
5194.166655  0.8902965
5194.789462  0.851615
5195.412269  0.8311228
5196.035076  0.8538096
5196.657883  0.8965385
5197.28069  0.9271699
5197.903497  0.9382401
5198.526304  0.9479827
5199.149111  0.9674539
5199.771918  0.9758982
5200.394725  0.9599642
5201.017532  0.9519477
5201.640339  0.9297795
5202.263146  0.9091799
5202.885953  0.9367202
5203.50876  0.9064014
5204.131567  0.82355
5204.754374  0.7627752
5205.377181  0.7189021
5205.999988  0.729414
5206.622795  0.7798933
5207.245602  0.7765474
5207.868409  0.6940402
5208.491216  0.6501188
5209.114023  0.7505212
5209.73683  0.8104025
5210.359637  0.8428738
5210.982444  0.9104935
5211.605251  0.9635813
5212.228058  0.985655
5212.850865  0.9924433
5213.473672  1.004105
5214.096479  0.9873629
5214.719286  0.9234385
5215.342093  0.8444843
5215.9649  0.831535
5216.587707  0.8577331
5217.210514  0.8926302
5217.833321  0.9426011
5218.456128  0.9982289
5219.078935  1.014984
5219.701742  0.9830207
5220.324549  0.9963157
5220.947356  1.019955
5221.570163  1.005856
5222.19297  0.9709197
5222.815777  0.9433748
5223.438584  0.9088054
5224.061391  0.8457844
5224.684198  0.8092617
5225.307005  0.7881142
5225.929812  0.739492
5226.552619  0.6543744
5227.175426  0.6703464
5227.798233  0.8027371
5228.42104  0.9219193
5229.043847  0.9475961
5229.666654  0.9340663
5230.289461  0.9584965
5230.912268  0.9922291
5231.535075  0.969758
5232.157882  0.8835413
5232.780689  0.8078107
5233.403496  0.8323985
5234.026303  0.8939434
5234.64911  0.8987852
5235.271917  0.9105341
5235.894724  0.953181
5236.517531  1.00677
5237.140338  1.033197
5237.763145  1.027282
5238.385952  1.006044
5239.008759  0.989383
5239.631566  0.9764052
5240.254373  0.9891999
5240.87718  1.020834
5241.499987  1.018317
5242.122794  0.9886892
5242.745601  0.9672006
5243.368408  0.9816182
5243.991215  1.016727
5244.614022  1.054384
5245.236829  1.064234
5245.859636  1.006782
5246.482443  0.9076614
5247.10525  0.8498532
5247.728057  0.8984921
5248.350864  0.9536982
5248.973671  0.9492488
5249.596478  0.893589
5250.219285  0.8419622
5250.842092  0.853255
5251.464899  0.9191282
5252.087706  0.9649868
5252.710513  0.9704979
5253.33332  0.9580043
5253.956127  0.9410219
5254.578934  0.8621311
5255.201741  0.8293647
5255.824548  0.9132091
5256.447355  1.011206
5257.070162  1.063897
5257.692969  1.070545
5258.315776  1.064505
5258.938583  1.053774
5259.56139  1.03451
5260.184197  1.003361
5260.807004  0.9649463
5261.429811  0.9070308
5262.052618  0.8479539
5262.675425  0.820076
5263.298232  0.7694924
5263.921039  0.7367082
5264.543846  0.7510077
5265.166653  0.6955135
5265.78946  0.6462336
5266.412267  0.6957709
5267.035074  0.8221062
5267.657881  0.8876476
5268.280688  0.8086742
5268.903495  0.6261378
5269.526302  0.4967076
5270.149109  0.5456418
5270.771916  0.7402828
5271.394723  0.8886289
5272.01753  0.9261678
5272.640337  0.8984212
5273.263144  0.8901
5273.885951  0.9189385
5274.508758  0.902371
5275.131565  0.823417
5275.754372  0.8345584
5276.377179  0.9421852
5276.999986  1.049924
5277.622793  1.06213
5278.2456  1.063092
5278.868407  1.055002
5279.491214  1.006958
5280.114021  0.9639867
5280.736828  0.9159814
5281.359635  0.8783926
5281.982442  0.8970062
5282.605249  0.8997505
5283.228056  0.8656385
5283.850863  0.8431127
5284.47367  0.8974875
5285.096477  0.9952383
5285.719284  1.071768
5286.342091  1.100515
5286.964898  1.082899
5287.587705  1.044621
5288.210512  1.021249
5288.833319  1.035588
5289.456126  1.07276
5290.078933  1.103143
5290.70174  1.109447
5291.324547  1.099702
5291.947354  1.080239
5292.570161  1.050607
5293.192968  1.01757
5293.815775  1.014243
5294.438582  1.0453
5295.061389  1.037572
5295.684196  0.9914698
5296.307003  0.929198
5296.92981  0.8601516
5297.552617  0.7864723
5298.175424  0.7761478
5298.798231  0.8756509
5299.421038  0.9778221
5300.043845  0.9988722
5300.666652  0.9495774
5301.289459  0.9301352
5301.912266  0.9384164
5302.535073  0.9723525
5303.15788  1.031189
5303.780687  1.059031
5304.403494  1.077197
5305.026301  1.107153
5305.649108  1.099459
5306.271915  1.076184
5306.894722  1.052745
5307.517529  1.027618
5308.140336  1.040409
5308.763143  1.077347
5309.38595  1.1025
5310.008757  1.111057
5310.631564  1.103368
5311.254371  1.087293
5311.877178  1.072805
5312.499985  1.052414
5313.122792  1.040885
5313.745599  1.053576
5314.368406  1.063253
5314.991213  1.05664
5315.61402  1.031232
5316.236827  0.9938031
5316.859634  0.99641
5317.482441  1.027758
5318.105248  1.032193
5318.728055  1.019871
5319.350862  1.010798
5319.973669  1.016163
5320.596476  1.028177
5321.219283  1.025989
5321.84209  1.02116
5322.464897  1.031732
5323.087704  0.9672493
5323.710511  0.869534
5324.333318  0.8442836
5324.956125  0.9172769
5325.578932  0.9743405
5326.201739  0.9477443
5326.824546  0.8766631
5327.447353  0.6928615
5328.07016  0.5465583
5328.692967  0.624824
5329.315774  0.7912731
5329.938581  0.9268892
5330.561388  0.9931036
5331.184195  1.023426
5331.807002  1.002414
5332.429809  0.964487
5333.052616  0.9715582
5333.675423  1.009559
5334.29823  1.051293
5334.921037  1.076715
5335.543844  1.079705
5336.166651  1.056541
5336.789458  1.027846
5337.412265  1.025138
5338.035072  1.040587
5338.657879  1.033368
5339.280686  0.9700345
5339.903493  0.8687063
5340.5263  0.8145255
5341.149107  0.8602206
5341.771914  0.9692383
5342.394721  1.033799
5343.017528  1.039705
5343.640335  1.043963
5344.263142  1.062196
5344.885949  1.02792
5345.508756  0.9472192
5346.131563  0.9538894
5346.75437  1.00815
5347.377177  1.027298
5347.999984  0.9739876
5348.622791  0.9166542
5349.245598  0.9123813
5349.868405  0.9641894
5350.491212  1.015612
5351.114019  1.05382
5351.736826  1.069826
5352.359633  1.053134
5352.98244  1.033548
5353.605247  1.044219
5354.228054  1.092201
5354.850861  1.135356
5355.473668  1.137155
5356.096475  1.115269
5356.719282  1.124683
5357.342089  1.123253
5357.964896  1.109251
5358.587703  1.111853
5359.21051  1.11977
5359.833317  1.125674
5360.456124  1.118289
5361.078931  1.083559
5361.701738  1.05047
5362.324545  1.041637
5362.947352  1.054189
5363.570159  1.0629
5364.192966  1.024114
5364.815773  0.9594341
5365.43858  0.9891371
5366.061387  1.02292
5366.684194  1.004642
5367.307001  0.9888549
5367.929808  0.9983222
5368.552615  0.9954184
5369.175422  0.9440282
5369.798229  0.8889321
5370.421036  0.8111207
5371.043843  0.741812
5371.66665  0.7802119
5372.289457  0.9077341
5372.912264  1.023202
5373.535071  1.050038
5374.157878  1.073823
5374.780685  1.095673
5375.403492  1.092941
5376.026299  1.078478
5376.649106  1.036928
5377.271913  1.004057
5377.89472  1.034905
5378.517527  1.077221
5379.140334  1.086333
5379.763141  1.059084
5380.385948  1.036595
5381.008755  1.034096
5381.631562  1.039641
5382.254369  1.026263
5382.877176  0.9856074
5383.499983  0.9691569
5384.12279  1.017743
5384.745597  1.075178
5385.368404  1.094016
5385.991211  1.073032
5386.614018  1.052701
5387.236825  1.038484
5387.859632  1.025449
5388.482439  1.010419
5389.105246  0.9953652
5389.728053  0.9810174
5390.35086  0.9673952
5390.973667  0.9565334
5391.596474  0.9602261
5392.219281  0.9668854
5392.842088  0.9526774
5393.464895  0.9330397
5394.087702  0.9253032
5394.710509  0.9406465
5395.333316  0.9756038
5395.956123  0.9349
5396.57893  0.8227369
5397.201737  0.7750943
5397.824544  0.8528742
5398.447351  0.970049
5399.070158  1.008544
5399.692965  0.9916478
5400.315772  0.9679831
5400.938579  0.970573
5401.561386  0.99884
5402.184193  1.036319
5402.807  1.027963
5403.429807  0.9403051
5404.052614  0.8632362
5404.675421  0.7985727
5405.298228  0.7410188
5405.921035  0.7499211
5406.543842  0.8117192
5407.166649  0.8919528
5407.789456  0.9584237
5408.412263  0.9744959
5409.03507  0.928775
5409.657877  0.8592134
5410.280684  0.85062
5410.903491  0.9179848
5411.526298  1.00561
5412.149105  1.037922
5412.771912  1.032881
5413.394719  1.025499
5414.017526  1.023747
5414.640333  0.9883187
5415.26314  0.9873399
5415.885947  1.047856
5416.508754  1.082229
5417.131561  1.092183
5417.754368  1.086276
5418.377175  1.064728
5418.999982  1.056465
5419.622789  1.017828
5420.245596  0.9462169
5420.868403  0.9515283
5421.49121  1.004514
5422.114017  1.054852
5422.736824  1.071476
5423.359631  0.9850197
5423.982438  0.8944582
5424.605245  0.9201034
5425.228052  0.9997748
5425.850859  1.05984
5426.473666  1.081274
5427.096473  1.09985
5427.71928  1.107637
5428.342087  1.033383
5428.964894  0.8587075
5429.587701  0.764914
5430.210508  0.8340027
5430.833315  0.9874076
5431.456122  1.042157
5432.078929  0.9908221
5432.701736  0.930889
5433.324543  0.9361857
5433.94735  0.8875652
5434.570157  0.851005
5435.192964  0.8968515
5435.815771  0.904277
5436.438578  0.9036782
5437.061385  0.9473941
5437.684192  1.028196
5438.306999  1.073206
5438.929806  1.084733
5439.552613  1.098334
5440.17542  1.092156
5440.798227  1.078769
5441.421034  1.075216
5442.043841  1.082809
5442.666648  1.087914
5443.289455  1.08118
5443.912262  1.0602
5444.535069  1.019624
5445.157876  0.9808934
5445.780683  0.9276751
5446.40349  0.8008255
5447.026297  0.7847943
5447.649104  0.9061366
5448.271911  1.004639
5448.894718  1.051784
5449.517525  1.069945
5450.140332  1.081717
5450.763139  1.075086
5451.385946  1.069955
5452.008753  1.060447
5452.63156  1.018751
5453.254367  1.007766
5453.877174  1.013454
5454.499981  0.9671807
5455.122788  0.8409939
5455.745595  0.8000355
5456.368402  0.9052661
5456.991209  0.9881443
5457.614016  1.050905
5458.236823  1.098526
5458.85963  1.107314
5459.482437  1.078589
5460.105244  1.047914
5460.728051  1.042169
5461.350858  1.039578
5461.973665  1.004097
5462.596472  0.9386205
5463.219279  0.8962366
5463.842086  0.9461347
5464.464893  1.035439
5465.0877  1.068684
5465.710507  1.036135
5466.333314  1.003705
5466.956121  1.012048
5467.578928  1.033385
5468.201735  1.045776
5468.824542  1.040066
