4780.  0.8121054
4780.622807  0.817418
4781.245614  0.8136445
4781.868421  0.7913968
4782.491228  0.75351
4783.114035  0.7098569
4783.736842  0.7138351
4784.359649  0.7742034
4784.982456  0.8174043
4785.605263  0.7834082
4786.22807  0.7177691
4786.850877  0.7168193
4787.473684  0.7814157
4788.096491  0.8160682
4788.719298  0.7715424
4789.342105  0.7351725
4789.964912  0.7373924
4790.587719  0.761978
4791.210526  0.7760258
4791.833333  0.7825813
4792.45614  0.8016516
4793.078947  0.8433353
4793.701754  0.8864141
4794.324561  0.919031
4794.947368  0.9264957
4795.570175  0.8982648
4796.192982  0.860149
4796.815789  0.8355713
4797.438596  0.8247505
4798.061403  0.8008695
4798.68421  0.7755685
4799.307017  0.7597343
4799.929824  0.7472746
4800.552631  0.7759115
4801.175438  0.8358663
4801.798245  0.8824154
4802.421052  0.9022214
4803.043859  0.9095166
4803.666666  0.9015804
4804.289473  0.8475283
4804.91228  0.8006307
4805.535087  0.7971128
4806.157894  0.8190803
4806.780701  0.806865
4807.403508  0.7714067
4808.026315  0.7554864
4808.649122  0.7743224
4809.271929  0.8194445
4809.894736  0.8578478
4810.517543  0.8566855
4811.14035  0.8453238
4811.763157  0.8396719
4812.385964  0.8367061
4813.008771  0.828261
4813.631578  0.827354
4814.254385  0.8326707
4814.877192  0.8242847
4815.499999  0.825615
4816.122806  0.8516771
4816.745613  0.8889186
4817.36842  0.8962406
4817.991227  0.8953437
4818.614034  0.911468
4819.236841  0.9280872
4819.859648  0.9226971
4820.482455  0.9044324
4821.105262  0.9001763
4821.728069  0.9004846
4822.350876  0.8567335
4822.973683  0.7667729
4823.59649  0.7238021
4824.219297  0.7539905
4824.842104  0.8196062
4825.464911  0.8614475
4826.087718  0.8811593
4826.710525  0.872712
4827.333332  0.8384922
4827.956139  0.8127906
4828.578946  0.8046861
4829.201753  0.8214754
4829.82456  0.8656268
4830.447367  0.879069
4831.070174  0.8260569
4831.692981  0.7388524
4832.315788  0.7269999
4832.938595  0.7797557
4833.561402  0.840312
4834.184209  0.8788138
4834.807016  0.8830156
4835.429823  0.8586156
4836.05263  0.8312594
4836.675437  0.8492333
4837.298244  0.8760291
4837.921051  0.8642879
4838.543858  0.8278219
4839.166665  0.7860601
4839.789472  0.7627991
4840.412279  0.7753221
4841.035086  0.8192056
4841.657893  0.848229
4842.2807  0.8247698
4842.903507  0.7712405
4843.526314  0.7526215
4844.149121  0.7957488
4844.771928  0.8625036
4845.394735  0.9040429
4846.017542  0.908536
4846.640349  0.8908899
4847.263156  0.8614025
4847.885963  0.8106222
4848.50877  0.7621788
4849.131577  0.7763537
4849.754384  0.8442056
4850.377191  0.8969408
4850.999998  0.8779706
4851.622805  0.8436102
4852.245612  0.8497094
4852.868419  0.8883069
4853.491226  0.8817393
4854.114033  0.8234909
4854.73684  0.7439572
4855.359647  0.6923134
4855.982454  0.7296121
4856.605261  0.8117034
4857.228068  0.8614605
4857.850875  0.8609998
4858.473682  0.8212122
4859.096489  0.7730709
4859.719296  0.7378174
4860.342103  0.6593939
4860.96491  0.5687455
4861.587717  0.5565878
4862.210524  0.6773455
4862.833331  0.782019
4863.456138  0.7746816
4864.078945  0.7371663
4864.701752  0.7464463
4865.324559  0.7950541
4865.947366  0.8279981
4866.570173  0.8415268
4867.19298  0.8176553
4867.815787  0.7754045
4868.438594  0.7808415
4869.061401  0.8239796
4869.684208  0.8364446
4870.307015  0.7618322
4870.929822  0.6587983
4871.552629  0.6094355
4872.175436  0.6509826
4872.798243  0.7383668
4873.42105  0.803132
4874.043857  0.8127362
4874.666664  0.7875128
4875.289471  0.7586643
4875.912278  0.7802415
4876.535085  0.8513817
4877.157892  0.859238
4877.780699  0.8346602
4878.403506  0.8518879
4879.026313  0.9281275
4879.64912  0.9487128
4880.271927  0.8798597
4880.894734  0.7842163
4881.517541  0.7351009
4882.140348  0.7636821
4882.763155  0.8369474
4883.385962  0.8765677
4884.008769  0.8523917
4884.631576  0.7879564
4885.254383  0.7307874
4885.87719  0.6986358
4886.499997  0.7102215
4887.122804  0.7565528
4887.745611  0.7874311
4888.368418  0.7899942
4888.991225  0.7910002
4889.614032  0.8040279
4890.236839  0.7152507
4890.859646  0.6059793
4891.482453  0.6195714
4892.10526  0.7395478
4892.728067  0.8484238
4893.350874  0.8908767
4893.973681  0.9238224
4894.596488  0.9654237
4895.219295  0.9940593
4895.842102  0.9833421
4896.464909  0.955118
4897.087716  0.9440591
4897.710523  0.9561872
4898.33333  0.955178
4898.956137  0.9038833
4899.578944  0.8342151
4900.201751  0.8154631
4900.824558  0.8617449
4901.447365  0.9108743
4902.070172  0.9045942
4902.692979  0.8563977
4903.315786  0.8153815
4903.938593  0.8151625
4904.5614  0.8557556
4905.184207  0.9204445
4905.807014  0.9714524
4906.429821  0.9755901
4907.052628  0.930878
4907.675435  0.8792347
4908.298242  0.844644
4908.921049  0.8115712
4909.543856  0.7801204
4910.166663  0.7646697
4910.78947  0.7767102
4911.412277  0.8019392
4912.035084  0.834304
4912.657891  0.8613799
4913.280698  0.8632976
4913.903505  0.865893
4914.526312  0.8915789
4915.149119  0.9351447
4915.771926  0.9533696
4916.394733  0.9423221
4917.01754  0.9053413
4917.640347  0.8258159
4918.263154  0.7394049
4918.885961  0.6659854
4919.508768  0.6046922
4920.131575  0.5799438
4920.754382  0.6112714
4921.377189  0.6931864
4921.999996  0.7853574
4922.622803  0.847945
4923.24561  0.8560107
4923.868417  0.8116857
4924.491224  0.7558085
4925.114031  0.7464988
4925.736838  0.8073953
4926.359645  0.8849238
4926.982452  0.9052734
4927.605259  0.8789415
4928.228066  0.9027796
4928.850873  0.9533611
4929.47368  0.9732773
4930.096487  0.942536
4930.719294  0.9355776
4931.342101  0.9555844
4931.964908  0.9534952
4932.587715  0.8837871
4933.210522  0.7884836
4933.833329  0.7514791
4934.456136  0.8189803
4935.078943  0.9009671
4935.70175  0.927454
4936.324557  0.8867795
4936.947364  0.8186015
4937.570171  0.746711
4938.192978  0.6902284
4938.815785  0.6711581
4939.438592  0.7160422
4940.061399  0.8079303
4940.684206  0.8922623
4941.307013  0.9105584
4941.92982  0.8942591
4942.552627  0.8973343
4943.175434  0.9366645
4943.798241  0.968854
4944.421048  0.9591494
4945.043855  0.9115201
4945.666662  0.8708068
4946.289469  0.8766869
4946.912276  0.9196606
4947.535083  0.9395501
4948.15789  0.944313
4948.780697  0.9424216
4949.403504  0.9341773
4950.026311  0.9427409
4950.649118  0.9712488
4951.271925  0.994587
4951.894732  0.9715416
4952.517539  0.9284241
4953.140346  0.9040775
4953.763153  0.9127942
4954.38596  0.9299551
4955.008767  0.954434
4955.631574  0.9652438
4956.254381  0.8739465
4956.877188  0.7006832
4957.499995  0.576598
4958.122802  0.6450779
4958.745609  0.8032717
4959.368416  0.9328356
4959.991223  0.9846511
4960.61403  0.9871767
4961.236837  0.9555075
4961.859644  0.9199539
4962.482451  0.9341036
4963.105258  0.9697969
4963.728065  0.9740294
4964.350872  0.9164564
4964.973679  0.8328938
4965.596486  0.7857747
4966.219293  0.803001
4966.8421  0.8376874
4967.464907  0.8375923
4968.087714  0.8213552
4968.710521  0.8512794
4969.333328  0.8777642
4969.956135  0.8747739
4970.578942  0.8651919
4971.201749  0.9015194
4971.824556  0.9385215
4972.447363  0.9430208
4973.07017  0.9464816
4973.692977  0.9649873
4974.315784  0.9770076
4974.938591  0.9565734
4975.561398  0.924749
4976.184205  0.9137455
4976.807012  0.9177232
4977.429819  0.8883347
4978.052626  0.8411202
4978.675433  0.8113672
4979.29824  0.8217677
4979.921047  0.8569379
4980.543854  0.8691576
4981.166661  0.8270217
4981.789468  0.7529853
4982.412275  0.6982808
4983.035082  0.6918939
4983.657889  0.7241586
4984.280696  0.7701321
4984.903503  0.7935299
4985.52631  0.788044
4986.149117  0.8049292
4986.771924  0.853595
4987.394731  0.8999632
4988.017538  0.900753
4988.640345  0.8839281
4989.263152  0.8762776
4989.885959  0.8741852
4990.508766  0.841718
4991.131573  0.8234339
4991.75438  0.8590645
4992.377187  0.9161884
4992.999994  0.9037722
4993.622801  0.8433946
4994.245608  0.8328806
4994.868415  0.8714618
4995.491222  0.9024679
4996.114029  0.8908627
4996.736836  0.8747079
4997.359643  0.8823767
4997.98245  0.8936825
4998.605257  0.8631616
4999.228064  0.8025245
4999.850871  0.7654054
5000.473678  0.7808335
5001.096485  0.7988985
5001.719292  0.8085563
5002.342099  0.8134234
5002.964906  0.81384
5003.587713  0.8123634
5004.21052  0.7988707
5004.833327  0.7619101
5005.456134  0.7134115
5006.078941  0.6820997
5006.701748  0.6980513
5007.324555  0.7702228
5007.947362  0.8569531
5008.570169  0.8998071
5009.192976  0.874324
5009.815783  0.84476
5010.43859  0.8413782
5011.061397  0.8382313
5011.684204  0.7807776
5012.307011  0.7309002
5012.929818  0.7108777
5013.552625  0.6837056
5014.175432  0.6678736
5014.798239  0.6973124
5015.421046  0.770765
5016.043853  0.8196629
5016.66666  0.8147257
5017.289467  0.7752416
5017.912274  0.7511727
5018.535081  0.7661829
5019.157888  0.796461
5019.780695  0.8060389
5020.403502  0.8034411
5021.026309  0.7859824
5021.649116  0.7511334
5022.271923  0.7141839
5022.89473  0.7380592
5023.517537  0.8072284
5024.140344  0.8482714
5024.763151  0.8418802
5025.385958  0.8445593
5026.008765  0.8683719
5026.631572  0.8213593
5027.254379  0.746898
5027.877186  0.7261147
5028.499993  0.7919471
5029.1228  0.8595162
5029.745607  0.8804079
5030.368414  0.8674027
5030.991221  0.8713654
5031.614028  0.8966298
5032.236835  0.9289326
5032.859642  0.9565863
5033.482449  0.9784065
5034.105256  0.9687811
5034.728063  0.9034027
5035.35087  0.8027858
5035.973677  0.7430434
5036.596484  0.769762
5037.219291  0.8438488
5037.842098  0.8630744
5038.464905  0.8143988
5039.087712  0.7569544
5039.710519  0.7012005
5040.333326  0.6216967
5040.956133  0.5441124
5041.57894  0.5767416
5042.201747  0.6975674
5042.824554  0.8137609
5043.447361  0.8511678
5044.070168  0.8681848
5044.692975  0.9008307
5045.315782  0.9454514
5045.938589  0.979517
5046.561396  0.9824691
5047.184203  0.9383472
5047.80701  0.849802
5048.429817  0.7727669
5049.052624  0.7415643
5049.675431  0.7536269
5050.298238  0.7830678
5050.921045  0.7947581
5051.543852  0.7850386
5052.166659  0.7882428
5052.789466  0.811313
5053.412273  0.8445165
5054.03508  0.8753621
5054.657887  0.9063545
5055.280694  0.9177274
5055.903501  0.9025573
5056.526308  0.8888237
5057.149115  0.8930466
5057.771922  0.9127436
5058.394729  0.9281251
5059.017536  0.9169943
5059.640343  0.9092513
5060.26315  0.9342692
5060.885957  0.9642959
5061.508764  0.9762938
5062.131571  0.9686915
5062.754378  0.9525661
5063.377185  0.9009638
5063.999992  0.80898
5064.622799  0.7222314
5065.245606  0.7320732
5065.868413  0.798992
5066.49122  0.8459697
5067.114027  0.8410581
5067.736834  0.8032511
5068.359641  0.7740954
5068.982448  0.7877939
5069.605255  0.842091
5070.228062  0.891772
5070.850869  0.8894095
5071.473676  0.8260197
5072.096483  0.7700881
5072.71929  0.7799947
5073.342097  0.8500599
5073.964904  0.8943833
5074.587711  0.8864313
5075.210518  0.8494784
5075.833325  0.8088459
5076.456132  0.8111923
5077.078939  0.8602849
5077.701746  0.8984074
5078.324553  0.8453125
5078.94736  0.7285085
5079.570167  0.6424227
5080.192974  0.6398203
5080.815781  0.6954613
5081.438588  0.7512428
5082.061395  0.7674653
5082.684202  0.7541228
5083.307009  0.7488421
5083.929816  0.776356
5084.552623  0.805814
5085.17543  0.8255239
5085.798237  0.8343167
5086.421044  0.8285283
5087.043851  0.8268663
5087.666658  0.8336952
5088.289465  0.8389393
5088.912272  0.8579412
5089.535079  0.8781924
5090.157886  0.8793933
5090.780693  0.863934
5091.4035  0.8582994
5092.026307  0.8783169
5092.649114  0.9138191
5093.271921  0.9426466
5093.894728  0.9352929
5094.517535  0.8889666
5095.140342  0.8585667
5095.763149  0.8372408
5096.385956  0.8186572
5097.008763  0.8228863
5097.63157  0.8021425
5098.254377  0.7390333
5098.877184  0.6758309
5099.499991  0.6979169
5100.122798  0.7756001
5100.745605  0.840196
5101.368412  0.8691619
5101.991219  0.8722162
5102.614026  0.8585314
5103.236833  0.8316214
5103.85964  0.8114733
5104.482447  0.8032466
5105.105254  0.8055643
5105.728061  0.8214949
5106.350868  0.8068735
5106.973675  0.7603919
5107.596482  0.7395487
5108.219289  0.7669216
5108.842096  0.7896596
5109.464903  0.7566471
5110.08771  0.7265077
5110.710517  0.7450638
5111.333324  0.8002471
5111.956131  0.8265251
5112.578938  0.8089123
5113.201745  0.7967848
5113.824552  0.8383102
5114.447359  0.8751935
5115.070166  0.8730931
5115.692973  0.850688
5116.31578  0.8668826
5116.938587  0.904777
5117.561394  0.9251273
5118.184201  0.9114283
5118.807008  0.8974811
5119.429815  0.8849346
5120.052622  0.8593488
5120.675429  0.8260369
5121.298236  0.8161681
5121.921043  0.8135609
5122.54385  0.7619896
5123.166657  0.6907735
5123.789464  0.658648
5124.412271  0.6904829
5125.035078  0.7294077
5125.657885  0.7582478
5126.280692  0.7690998
5126.903499  0.7489662
5127.526306  0.7392815
5128.149113  0.7451298
5128.77192  0.7363198
5129.394727  0.7093903
5130.017534  0.7138348
5130.640341  0.7697508
5131.263148  0.8171988
5131.885955  0.842697
5132.508762  0.8432381
5133.131569  0.8216785
5133.754376  0.8086646
5134.377183  0.8355734
5134.99999  0.888685
5135.622797  0.8909584
5136.245604  0.839637
5136.868411  0.7923832
5137.491218  0.8024631
5138.114025  0.7822835
5138.736832  0.7217968
5139.359639  0.6953911
5139.982446  0.7724315
5140.605253  0.8609751
5141.22806  0.8541395
5141.850867  0.7536256
5142.473674  0.6807604
5143.096481  0.7058412
5143.719288  0.7914371
5144.342095  0.8234997
5144.964902  0.7889672
5145.587709  0.7428846
5146.210516  0.73447
5146.833323  0.7313592
5147.45613  0.7256534
5148.078937  0.7467165
5148.701744  0.7782289
5149.324551  0.7880353
5149.947358  0.7662625
5150.570165  0.7480995
5151.192972  0.7397122
5151.815779  0.7353346
5152.438586  0.731078
5153.061393  0.7254316
5153.6842  0.7226216
5154.307007  0.7342852
5154.929814  0.7767709
5155.552621  0.8145099
5156.175428  0.8320885
5156.798235  0.8659801
5157.421042  0.9031761
5158.043849  0.9083582
5158.666656  0.8678269
5159.289463  0.8424745
5159.91227  0.8622848
5160.535077  0.901818
5161.157884  0.8955449
5161.780691  0.8415009
5162.403498  0.7892883
5163.026305  0.7897159
5163.649112  0.8052981
5164.271919  0.7797736
5164.894726  0.7014498
5165.517533  0.6352922
5166.14034  0.5545188
5166.763147  0.4633861
5167.385954  0.4312736
5168.008761  0.4583338
5168.631568  0.5423273
5169.254375  0.6659392
5169.877182  0.7641239
5170.499989  0.7555779
5171.122796  0.62559
5171.745603  0.4617896
5172.36841  0.3565912
5172.991217  0.3759659
5173.614024  0.5192879
5174.236831  0.6902656
5174.859638  0.790903
5175.482445  0.7973192
5176.105252  0.7828038
5176.728059  0.7903926
5177.350866  0.8183563
5177.973673  0.8366567
5178.59648  0.8289635
5179.219287  0.809266
5179.842094  0.7929891
5180.464901  0.7659742
5181.087708  0.7280477
5181.710515  0.6639036
5182.333322  0.5486112
5182.956129  0.4070322
5183.578936  0.3405286
5184.201743  0.4306481
5184.82455  0.6059229
5185.447357  0.7598685
5186.070164  0.8437319
5186.692971  0.8946338
5187.315778  0.8960018
5187.938585  0.8600953
5188.561392  0.841113
5189.184199  0.9043481
5189.807006  0.9785606
5190.429813  0.9591572
5191.05262  0.8368245
5191.675427  0.6979451
5192.298234  0.6374183
5192.921041  0.6878647
5193.543848  0.7812576
5194.166655  0.8275553
5194.789462  0.7981623
5195.412269  0.7770292
5196.035076  0.7942528
5196.657883  0.8361165
5197.28069  0.8713685
5197.903497  0.8830749
5198.526304  0.8899066
5199.149111  0.9114124
5199.771918  0.9136385
5200.394725  0.9047576
5201.017532  0.8933662
5201.640339  0.8646544
5202.263146  0.8637857
5202.885953  0.8800134
5203.50876  0.8532001
5204.131567  0.7716843
5204.754374  0.6782659
5205.377181  0.6283041
5205.999988  0.6411654
5206.622795  0.6963831
5207.245602  0.7094086
5207.868409  0.6133515
5208.491216  0.5735569
5209.114023  0.6221099
5209.73683  0.6844321
5210.359637  0.7259958
5210.982444  0.7828156
5211.605251  0.8618771
5212.228058  0.9089665
5212.850865  0.9343251
5213.473672  0.945133
5214.096479  0.9332972
5214.719286  0.8868946
5215.342093  0.8309715
5215.9649  0.8038436
5216.587707  0.8264804
5217.210514  0.8658057
5217.833321  0.9057354
5218.456128  0.9481544
5219.078935  0.9534665
5219.701742  0.9357474
5220.324549  0.934914
5220.947356  0.9641751
5221.570163  0.9654766
5222.19297  0.9291216
5222.815777  0.9039164
5223.438584  0.8524004
5224.061391  0.7876331
5224.684198  0.7478684
5225.307005  0.731357
5225.929812  0.6821127
5226.552619  0.6123306
5227.175426  0.6265799
5227.798233  0.7460394
5228.42104  0.8838964
5229.043847  0.9375065
5229.666654  0.9309078
5230.289461  0.9300117
5230.912268  0.9576075
5231.535075  0.9579805
5232.157882  0.892961
5232.780689  0.8112127
5233.403496  0.7980967
5234.026303  0.8250459
5234.64911  0.8517659
5235.271917  0.8711053
5235.894724  0.9225736
5236.517531  0.982049
5237.140338  1.010575
5237.763145  0.9950151
5238.385952  0.972077
5239.008759  0.9529219
5239.631566  0.935345
5240.254373  0.9432582
5240.87718  0.9732333
5241.499987  0.9957079
5242.122794  0.9790713
5242.745601  0.9591988
5243.368408  0.968783
5243.991215  1.010565
5244.614022  1.056501
5245.236829  1.042907
5245.859636  0.9432747
5246.482443  0.8152306
5247.10525  0.7534797
5247.728057  0.7919965
5248.350864  0.8760742
5248.973671  0.9033605
5249.596478  0.8526564
5250.219285  0.781994
5250.842092  0.7737519
5251.464899  0.8254337
5252.087706  0.8894781
5252.710513  0.9218218
5253.33332  0.9365304
5253.956127  0.9062366
5254.578934  0.8209965
5255.201741  0.7853373
5255.824548  0.8449122
5256.447355  0.9549615
5257.070162  1.015747
5257.692969  1.038368
5258.315776  1.04391
5258.938583  1.034029
5259.56139  1.006884
5260.184197  0.9733256
5260.807004  0.9392136
5261.429811  0.8934159
5262.052618  0.8403553
5262.675425  0.7846947
5263.298232  0.7340196
5263.921039  0.720951
5264.543846  0.7093053
5265.166653  0.6605884
5265.78946  0.621514
5266.412267  0.6714891
5267.035074  0.7969018
5267.657881  0.8675706
5268.280688  0.7798311
5268.903495  0.590779
5269.526302  0.4621449
5270.149109  0.5057947
5270.771916  0.6727874
5271.394723  0.8367882
5272.01753  0.9020545
5272.640337  0.891434
5273.263144  0.8749269
5273.885951  0.890039
5274.508758  0.8660471
5275.131565  0.8188201
5275.754372  0.8155056
5276.377179  0.8974667
5276.999986  0.9905652
5277.622793  1.037319
5278.2456  1.046502
5278.868407  1.029493
5279.491214  0.9989665
5280.114021  0.958873
5280.736828  0.907156
5281.359635  0.8805891
5281.982442  0.8858986
5282.605249  0.8780322
5283.228056  0.8358995
5283.850863  0.8119027
5284.47367  0.8684526
5285.096477  0.9661466
5285.719284  1.053574
5286.342091  1.094435
5286.964898  1.081429
5287.587705  1.039455
5288.210512  1.003332
5288.833319  0.9978192
5289.456126  1.031108
5290.078933  1.071398
5290.70174  1.088127
5291.324547  1.087774
5291.947354  1.058517
5292.570161  1.012495
5293.192968  0.9874123
5293.815775  0.9966437
5294.438582  1.016345
5295.061389  1.008776
5295.684196  0.9579893
5296.307003  0.8848449
5296.92981  0.8089195
5297.552617  0.7380125
5298.175424  0.7443188
5298.798231  0.833011
5299.421038  0.9334105
5300.043845  0.959577
5300.666652  0.9238313
5301.289459  0.8880868
5301.912266  0.8984092
5302.535073  0.9415154
5303.15788  0.9940984
5303.780687  1.042233
5304.403494  1.073479
5305.026301  1.091296
5305.649108  1.09491
5306.271915  1.065002
5306.894722  1.031365
5307.517529  1.019076
5308.140336  1.02737
5308.763143  1.068375
5309.38595  1.104067
5310.008757  1.096877
5310.631564  1.082617
5311.254371  1.076961
5311.877178  1.069531
5312.499985  1.042871
5313.122792  1.025415
5313.745599  1.02778
5314.368406  1.036728
5314.991213  1.044546
5315.61402  1.031371
5316.236827  1.000288
5316.859634  0.9910285
5317.482441  1.003626
5318.105248  1.013661
5318.728055  1.002114
5319.350862  0.9967604
5319.973669  1.003143
5320.596476  1.010244
5321.219283  1.009439
5321.84209  1.016988
5322.464897  1.015848
5323.087704  0.962814
5323.710511  0.8998818
5324.333318  0.8804842
5324.956125  0.9204602
5325.578932  0.9669588
5326.201739  0.9644762
5326.824546  0.869122
5327.447353  0.6804374
5328.07016  0.5572706
5328.692967  0.5929804
5329.315774  0.7449702
5329.938581  0.8814235
5330.561388  0.9620552
5331.184195  0.9954283
5331.807002  0.9729718
5332.429809  0.9366822
5333.052616  0.9301016
5333.675423  0.9704709
5334.29823  1.035443
5334.921037  1.076696
5335.543844  1.068004
5336.166651  1.047682
5336.789458  1.030171
5337.412265  1.027232
5338.035072  1.045503
5338.657879  1.031597
5339.280686  0.9625624
5339.903493  0.8670558
5340.5263  0.8105157
5341.149107  0.8427821
5341.771914  0.9404914
5342.394721  1.009702
5343.017528  1.024133
5343.640335  1.019968
5344.263142  1.032982
5344.885949  1.001422
5345.508756  0.9553187
5346.131563  0.9546395
5346.75437  0.9930032
5347.377177  1.005601
5347.999984  0.9644164
5348.622791  0.9110098
5349.245598  0.8940294
5349.868405  0.9264635
5350.491212  0.9850813
5351.114019  1.03753
5351.736826  1.060879
5352.359633  1.053168
5352.98244  1.035491
5353.605247  1.046876
5354.228054  1.084079
5354.850861  1.114234
5355.473668  1.126252
5356.096475  1.123268
5356.719282  1.117848
5357.342089  1.120346
5357.964896  1.122061
5358.587703  1.119849
5359.21051  1.119076
5359.833317  1.121271
5360.456124  1.103805
5361.078931  1.056687
5361.701738  1.015146
5362.324545  1.013669
5362.947352  1.045715
5363.570159  1.064707
5364.192966  1.041842
5364.815773  1.005604
5365.43858  0.9981698
5366.061387  1.007637
5366.684194  1.00926
5367.307001  1.003952
5367.929808  1.019639
5368.552615  1.005034
5369.175422  0.9519645
5369.798229  0.8888207
5370.421036  0.8040889
5371.043843  0.7470751
5371.66665  0.7717757
5372.289457  0.8753684
5372.912264  0.9866889
5373.535071  1.054553
5374.157878  1.080732
5374.780685  1.101415
5375.403492  1.105682
5376.026299  1.072693
5376.649106  1.02565
5377.271913  1.009076
5377.89472  1.035033
5378.517527  1.07039
5379.140334  1.085355
5379.763141  1.06913
5380.385948  1.038125
5381.008755  1.030068
5381.631562  1.035542
5382.254369  1.029097
5382.877176  1.00307
5383.499983  0.9978975
5384.12279  1.020839
5384.745597  1.044809
5385.368404  1.059618
5385.991211  1.051896
5386.614018  1.025801
5387.236825  1.015258
5387.859632  1.008401
5388.482439  0.9896346
5389.105246  0.9604917
5389.728053  0.943878
5390.35086  0.9342448
5390.973667  0.9225134
5391.596474  0.9344494
5392.219281  0.9493228
5392.842088  0.9519851
5393.464895  0.9537492
5394.087702  0.942651
5394.710509  0.9431438
5395.333316  0.9619334
5395.956123  0.9006245
5396.57893  0.7944554
5397.201737  0.7474763
5397.824544  0.8234453
5398.447351  0.9404047
5399.070158  1.005219
5399.692965  0.9894063
5400.315772  0.950164
5400.938579  0.940486
5401.561386  0.9755769
5402.184193  1.024702
5402.807  1.018217
5403.429807  0.9499947
5404.052614  0.8803235
5404.675421  0.7943967
5405.298228  0.7300956
5405.921035  0.7368844
5406.543842  0.7924781
5407.166649  0.8762263
5407.789456  0.9465188
5408.412263  0.9472872
5409.03507  0.8864334
5409.657877  0.8305366
5410.280684  0.8467288
5410.903491  0.9172508
5411.526298  0.9920964
5412.149105  1.03282
5412.771912  1.041697
5413.394719  1.040551
5414.017526  1.033063
5414.640333  1.011662
5415.26314  1.01
5415.885947  1.041236
5416.508754  1.085743
5417.131561  1.102477
5417.754368  1.088873
5418.377175  1.06471
5418.999982  1.04529
5419.622789  1.006229
5420.245596  0.9657159
5420.868403  0.9640936
5421.49121  1.003577
5422.114017  1.055663
5422.736824  1.069939
5423.359631  1.006861
5423.982438  0.9413432
5424.605245  0.9360008
5425.228052  0.9896411
5425.850859  1.04213
5426.473666  1.079011
5427.096473  1.108773
5427.71928  1.118527
5428.342087  1.022098
5428.964894  0.8538868
5429.587701  0.771978
5430.210508  0.8322758
5430.833315  0.9572416
5431.456122  1.023195
5432.078929  0.9830731
5432.701736  0.9271743
5433.324543  0.9072106
5433.94735  0.8715329
5434.570157  0.8541954
5435.192964  0.8641057
5435.815771  0.8801594
5436.438578  0.8973979
5437.061385  0.936268
5437.684192  0.9999354
5438.306999  1.050403
5438.929806  1.082575
5439.552613  1.101938
5440.17542  1.113403
5440.798227  1.107583
5441.421034  1.096907
5442.043841  1.094135
5442.666648  1.091292
5443.289455  1.089192
5443.912262  1.078367
5444.535069  1.044254
5445.157876  0.9986169
5445.780683  0.9150012
5446.40349  0.8013442
5447.026297  0.7864113
5447.649104  0.8742439
5448.271911  0.9884013
5448.894718  1.049528
5449.517525  1.084486
5450.140332  1.100805
5450.763139  1.086189
5451.385946  1.073194
5452.008753  1.065822
5452.63156  1.052892
5453.254367  1.031851
5453.877174  1.000682
5454.499981  0.9397424
5455.122788  0.8447883
5455.745595  0.8162728
5456.368402  0.8788094
5456.991209  0.9805037
5457.614016  1.051638
5458.236823  1.099148
5458.85963  1.123747
5459.482437  1.096562
5460.105244  1.048279
5460.728051  1.022368
5461.350858  1.030017
5461.973665  1.014974
5462.596472  0.9659047
5463.219279  0.9246646
5463.842086  0.95108
5464.464893  1.015653
5465.0877  1.05881
5465.710507  1.048289
5466.333314  1.023964
5466.956121  1.019445
5467.578928  1.039333
5468.201735  1.059403
5468.824542  1.057383
