4780.  0.6693246
4780.622807  0.6704257
4781.245614  0.6708155
4781.868421  0.6696426
4782.491228  0.660231
4783.114035  0.6412037
4783.736842  0.6354879
4784.359649  0.6729413
4784.982456  0.6920989
4785.605263  0.6593653
4786.22807  0.6061165
4786.850877  0.6123169
4787.473684  0.6591236
4788.096491  0.67848
4788.719298  0.6360887
4789.342105  0.61202
4789.964912  0.6406165
4790.587719  0.6772148
4791.210526  0.6886389
4791.833333  0.6877161
4792.45614  0.6992108
4793.078947  0.7189764
4793.701754  0.731083
4794.324561  0.7343931
4794.947368  0.7398286
4795.570175  0.7284279
4796.192982  0.7133244
4796.815789  0.7134991
4797.438596  0.7015359
4798.061403  0.66671
4798.68421  0.6341044
4799.307017  0.6484218
4799.929824  0.671981
4800.552631  0.6900849
4801.175438  0.7147041
4801.798245  0.7305595
4802.421052  0.7322444
4803.043859  0.7266271
4803.666666  0.7259675
4804.289473  0.701174
4804.91228  0.6672602
4805.535087  0.6728587
4806.157894  0.696211
4806.780701  0.7045282
4807.403508  0.6917275
4808.026315  0.693858
4808.649122  0.7077481
4809.271929  0.7198802
4809.894736  0.7227361
4810.517543  0.7063497
4811.14035  0.6949804
4811.763157  0.7096627
4812.385964  0.7175027
4813.008771  0.7239043
4813.631578  0.7380151
4814.254385  0.7466241
4814.877192  0.7304673
4815.499999  0.7098351
4816.122806  0.7166432
4816.745613  0.7283115
4817.36842  0.735203
4817.991227  0.7426316
4818.614034  0.7585188
4819.236841  0.7533146
4819.859648  0.7268377
4820.482455  0.7131765
4821.105262  0.7291535
4821.728069  0.7515712
4822.350876  0.7403145
4822.973683  0.6798218
4823.59649  0.6490133
4824.219297  0.6784776
4824.842104  0.7115789
4825.464911  0.7342803
4826.087718  0.7385801
4826.710525  0.7249058
4827.333332  0.7126808
4827.956139  0.7053865
4828.578946  0.7025499
4829.201753  0.708364
4829.82456  0.7257221
4830.447367  0.7313223
4831.070174  0.700045
4831.692981  0.654869
4832.315788  0.651032
4832.938595  0.7011499
4833.561402  0.7391494
4834.184209  0.7519978
4834.807016  0.7469081
4835.429823  0.7353162
4836.05263  0.7320161
4836.675437  0.7439383
4837.298244  0.7597241
4837.921051  0.750536
4838.543858  0.7311393
4839.166665  0.7132914
4839.789472  0.6897632
4840.412279  0.6699862
4841.035086  0.6812309
4841.657893  0.7266496
4842.2807  0.7422418
4842.903507  0.7230208
4843.526314  0.706665
4844.149121  0.7307199
4844.771928  0.7558082
4845.394735  0.7668642
4846.017542  0.7775269
4846.640349  0.7736369
4847.263156  0.7538941
4847.885963  0.7227655
4848.50877  0.6861737
4849.131577  0.6928683
4849.754384  0.7370744
4850.377191  0.7584455
4850.999998  0.7306208
4851.622805  0.7076614
4852.245612  0.7349641
4852.868419  0.7587026
4853.491226  0.7583225
4854.114033  0.7278965
4854.73684  0.6734087
4855.359647  0.635799
4855.982454  0.6584145
4856.605261  0.7340641
4857.228068  0.7648482
4857.850875  0.7537769
4858.473682  0.7253172
4859.096489  0.6721795
4859.719296  0.6273328
4860.342103  0.5597093
4860.96491  0.4491501
4861.587717  0.4489219
4862.210524  0.5715369
4862.833331  0.7049338
4863.456138  0.7167848
4864.078945  0.6857588
4864.701752  0.6785416
4865.324559  0.6823866
4865.947366  0.701247
4866.570173  0.7200215
4867.19298  0.7190188
4867.815787  0.6969557
4868.438594  0.701407
4869.061401  0.7321758
4869.684208  0.731432
4870.307015  0.7047224
4870.929822  0.6623291
4871.552629  0.625
4872.175436  0.6425658
4872.798243  0.6966689
4873.42105  0.7397696
4874.043857  0.7420544
4874.666664  0.7134259
4875.289471  0.6845915
4875.912278  0.6853457
4876.535085  0.7294093
4877.157892  0.7501551
4877.780699  0.7194864
4878.403506  0.7191542
4879.026313  0.7617793
4879.64912  0.8015056
4880.271927  0.7828966
4880.894734  0.7190598
4881.517541  0.663725
4882.140348  0.6640447
4882.763155  0.7176278
4883.385962  0.7533717
4884.008769  0.7379063
4884.631576  0.7099748
4885.254383  0.6905343
4885.87719  0.6932981
4886.499997  0.7189665
4887.122804  0.7497854
4887.745611  0.7505962
4888.368418  0.7158813
4888.991225  0.6846187
4889.614032  0.6885607
4890.236839  0.6904795
4890.859646  0.6498664
4891.482453  0.6540129
4892.10526  0.7152146
4892.728067  0.7847097
4893.350874  0.8102423
4893.973681  0.8178257
4894.596488  0.8280833
4895.219295  0.8335517
4895.842102  0.834275
4896.464909  0.8311458
4897.087716  0.8286446
4897.710523  0.8356245
4898.33333  0.825623
4898.956137  0.7840369
4899.578944  0.7322382
4900.201751  0.7212753
4900.824558  0.754935
4901.447365  0.7932081
4902.070172  0.7937027
4902.692979  0.7640322
4903.315786  0.738299
4903.938593  0.7431298
4904.5614  0.7672837
4905.184207  0.8002905
4905.807014  0.8329274
4906.429821  0.8351492
4907.052628  0.8123838
4907.675435  0.7855732
4908.298242  0.7649252
4908.921049  0.7419333
4909.543856  0.7155924
4910.166663  0.7003329
4910.78947  0.7154525
4911.412277  0.7502106
4912.035084  0.7776437
4912.657891  0.7824895
4913.280698  0.7660447
4913.903505  0.7540104
4914.526312  0.7767166
4915.149119  0.8103253
4915.771926  0.8282132
4916.394733  0.8238084
4917.01754  0.816798
4917.640347  0.779313
4918.263154  0.7152891
4918.885961  0.6833251
4919.508768  0.6596265
4920.131575  0.6321103
4920.754382  0.6211321
4921.377189  0.6562396
4921.999996  0.7160695
4922.622803  0.7599856
4923.24561  0.767717
4923.868417  0.732482
4924.491224  0.6948319
4925.114031  0.7087798
4925.736838  0.7489984
4926.359645  0.7861901
4926.982452  0.8020509
4927.605259  0.7926564
4928.228066  0.7991002
4928.850873  0.8294335
4929.47368  0.8454395
4930.096487  0.8437548
4930.719294  0.8363281
4931.342101  0.8354252
4931.964908  0.8388336
4932.587715  0.8097501
4933.210522  0.7389899
4933.833329  0.675566
4934.456136  0.6933489
4935.078943  0.7671373
4935.70175  0.8109135
4936.324557  0.8117819
4936.947364  0.7736769
4937.570171  0.719741
4938.192978  0.6838933
4938.815785  0.6470026
4939.438592  0.635867
4940.061399  0.7016839
4940.684206  0.792108
4941.307013  0.8288031
4941.92982  0.7951582
4942.552627  0.7815733
4943.175434  0.7967298
4943.798241  0.8177192
4944.421048  0.8280832
4945.043855  0.8283373
4945.666662  0.8087493
4946.289469  0.7767495
4946.912276  0.7899622
4947.535083  0.8177965
4948.15789  0.8276277
4948.780697  0.8329443
4949.403504  0.8275163
4950.026311  0.82029
4950.649118  0.8283355
4951.271925  0.8521573
4951.894732  0.8513179
4952.517539  0.8180823
4953.140346  0.8145908
4953.763153  0.8261887
4954.38596  0.8264304
4955.008767  0.811564
4955.631574  0.8174953
4956.254381  0.7908418
4956.877188  0.6976067
4957.499995  0.6293633
4958.122802  0.6474998
4958.745609  0.7291417
4959.368416  0.7938671
4959.991223  0.8301666
4960.61403  0.839112
4961.236837  0.8250339
4961.859644  0.8032857
4962.482451  0.7977706
4963.105258  0.8147572
4963.728065  0.8293903
4964.350872  0.8091198
4964.973679  0.7655927
4965.596486  0.736421
4966.219293  0.7264451
4966.8421  0.7374511
4967.464907  0.754941
4968.087714  0.7508085
4968.710521  0.7644541
4969.333328  0.7913392
4969.956135  0.7879834
4970.578942  0.7803981
4971.201749  0.7916536
4971.824556  0.8170674
4972.447363  0.8243553
4973.07017  0.8209247
4973.692977  0.8283843
4974.315784  0.8531768
4974.938591  0.8486617
4975.561398  0.8218555
4976.184205  0.8089923
4976.807012  0.8140144
4977.429819  0.8083481
4978.052626  0.7853114
4978.675433  0.7780433
4979.29824  0.7883838
4979.921047  0.798399
4980.543854  0.7839282
4981.166661  0.7295443
4981.789468  0.6708217
4982.412275  0.6529338
4983.035082  0.6863515
4983.657889  0.7152762
4984.280696  0.7243318
4984.903503  0.7399433
4985.52631  0.7436065
4986.149117  0.7509326
4986.771924  0.7805521
4987.394731  0.8151833
4988.017538  0.8162726
4988.640345  0.7861959
4989.263152  0.767459
4989.885959  0.7620238
4990.508766  0.7454274
4991.131573  0.7203163
4991.75438  0.7591025
4992.377187  0.8199084
4992.999994  0.8279091
4993.622801  0.7634336
4994.245608  0.734001
4994.868415  0.7746862
4995.491222  0.8266526
4996.114029  0.8179681
4996.736836  0.7742068
4997.359643  0.7571105
4997.98245  0.7864767
4998.605257  0.7769946
4999.228064  0.7217337
4999.850871  0.6965421
5000.473678  0.720356
5001.096485  0.7524417
5001.719292  0.7574578
5002.342099  0.7603285
5002.964906  0.7646156
5003.587713  0.7711223
5004.21052  0.7797993
5004.833327  0.766876
5005.456134  0.7312179
5006.078941  0.6947126
5006.701748  0.6847346
5007.324555  0.714825
5007.947362  0.7707908
5008.570169  0.8126507
5009.192976  0.7914153
5009.815783  0.7536363
5010.43859  0.7659795
5011.061397  0.7664545
5011.684204  0.7279513
5012.307011  0.6805469
5012.929818  0.6802703
5013.552625  0.6523054
5014.175432  0.6092545
5014.798239  0.6346903
5015.421046  0.6957319
5016.043853  0.7416964
5016.66666  0.752564
5017.289467  0.7594935
5017.912274  0.751036
5018.535081  0.7359934
5019.157888  0.7441927
5019.780695  0.7545017
5020.403502  0.7685453
5021.026309  0.7858458
5021.649116  0.7659774
5022.271923  0.7254354
5022.89473  0.7123717
5023.517537  0.7563607
5024.140344  0.780441
5024.763151  0.7608961
5025.385958  0.7422789
5026.008765  0.7788559
5026.631572  0.8055872
5027.254379  0.7788163
5027.877186  0.7626156
5028.499993  0.7799917
5029.1228  0.8134935
5029.745607  0.8300858
5030.368414  0.8233688
5030.991221  0.8140949
5031.614028  0.8250485
5032.236835  0.8564278
5032.859642  0.8748798
5033.482449  0.8711228
5034.105256  0.8621682
5034.728063  0.8204018
5035.35087  0.750166
5035.973677  0.6932229
5036.596484  0.7003819
5037.219291  0.7515466
5037.842098  0.7831448
5038.464905  0.745546
5039.087712  0.6923013
5039.710519  0.6396612
5040.333326  0.5764142
5040.956133  0.537914
5041.57894  0.5644866
5042.201747  0.660334
5042.824554  0.7719465
5043.447361  0.8086919
5044.070168  0.791487
5044.692975  0.8067709
5045.315782  0.8341814
5045.938589  0.8606716
5046.561396  0.8772459
5047.184203  0.8661715
5047.80701  0.8384224
5048.429817  0.8039135
5049.052624  0.7662922
5049.675431  0.7476324
5050.298238  0.7530226
5050.921045  0.7592317
5051.543852  0.7279103
5052.166659  0.7334076
5052.789466  0.7970749
5053.412273  0.8420441
5054.03508  0.8634217
5054.657887  0.8726236
5055.280694  0.8781437
5055.903501  0.8799829
5056.526308  0.8821772
5057.149115  0.8852953
5057.771922  0.883939
5058.394729  0.8848848
5059.017536  0.8684207
5059.640343  0.8195172
5060.26315  0.798048
5060.885957  0.8264577
5061.508764  0.8750557
5062.131571  0.8841541
5062.754378  0.8743653
5063.377185  0.8442813
5063.999992  0.7658815
5064.622799  0.6805251
5065.245606  0.6685136
5065.868413  0.7493375
5066.49122  0.8136123
5067.114027  0.8359845
5067.736834  0.8226962
5068.359641  0.7855737
5068.982448  0.775734
5069.605255  0.8148291
5070.228062  0.8714787
5070.850869  0.8695244
5071.473676  0.8179548
5072.096483  0.7717254
5072.71929  0.7769309
5073.342097  0.8163183
5073.964904  0.84803
5074.587711  0.8450562
5075.210518  0.8299512
5075.833325  0.81664
5076.456132  0.8127181
5077.078939  0.8238578
5077.701746  0.8440146
5078.324553  0.8204026
5078.94736  0.7089989
5079.570167  0.6098786
5080.192974  0.607043
5080.815781  0.6976696
5081.438588  0.7793433
5082.061395  0.8024526
5082.684202  0.7719657
5083.307009  0.7330719
5083.929816  0.7510774
5084.552623  0.8038074
5085.17543  0.8355411
5085.798237  0.8585798
5086.421044  0.8488765
5087.043851  0.8129725
5087.666658  0.8068907
5088.289465  0.8304965
5088.912272  0.8576949
5089.535079  0.8615355
5090.157886  0.8412343
5090.780693  0.8328469
5091.4035  0.8492773
5092.026307  0.851348
5092.649114  0.860575
5093.271921  0.8810762
5093.894728  0.8887618
5094.517535  0.8826668
5095.140342  0.8679618
5095.763149  0.8495558
5096.385956  0.8274708
5097.008763  0.8197998
5097.63157  0.8130724
5098.254377  0.7742115
5098.877184  0.7386948
5099.499991  0.7462903
5100.122798  0.8006559
5100.745605  0.8522486
5101.368412  0.8707613
5101.991219  0.8601412
5102.614026  0.8482099
5103.236833  0.8451534
5103.85964  0.8435653
5104.482447  0.8331462
5105.105254  0.8204505
5105.728061  0.8182966
5106.350868  0.8091676
5106.973675  0.7472502
5107.596482  0.7057096
5108.219289  0.7390887
5108.842096  0.8130828
5109.464903  0.7933602
5110.08771  0.7223675
5110.710517  0.7126077
5111.333324  0.7872967
5111.956131  0.8490337
5112.578938  0.8436283
5113.201745  0.8165375
5113.824552  0.8252927
5114.447359  0.8546517
5115.070166  0.8622378
5115.692973  0.8592166
5116.31578  0.8663586
5116.938587  0.8847741
5117.561394  0.8939131
5118.184201  0.8881844
5118.807008  0.8782495
5119.429815  0.8741615
5120.052622  0.8654518
5120.675429  0.8507516
5121.298236  0.8367888
5121.921043  0.8259926
5122.54385  0.7861885
5123.166657  0.7185489
5123.789464  0.672233
5124.412271  0.7106624
5125.035078  0.780497
5125.657885  0.8080499
5126.280692  0.8025737
5126.903499  0.742211
5127.526306  0.6866686
5128.149113  0.730127
5128.77192  0.7673601
5129.394727  0.7708829
5130.017534  0.7746642
5130.640341  0.7848021
5131.263148  0.7909852
5131.885955  0.8007315
5132.508762  0.8345883
5133.131569  0.8379192
5133.754376  0.8213156
5134.377183  0.8340523
5134.99999  0.8699635
5135.622797  0.8813019
5136.245604  0.8400048
5136.868411  0.7781768
5137.491218  0.7816143
5138.114025  0.8082448
5138.736832  0.7606043
5139.359639  0.7242536
5139.982446  0.7622023
5140.605253  0.8420683
5141.22806  0.841078
5141.850867  0.7638134
5142.473674  0.6832675
5143.096481  0.6773896
5143.719288  0.7675718
5144.342095  0.8342123
5144.964902  0.7927467
5145.587709  0.7630471
5146.210516  0.7625381
5146.833323  0.757782
5147.45613  0.7315068
5148.078937  0.7593433
5148.701744  0.8274643
5149.324551  0.8585138
5149.947358  0.8181341
5150.570165  0.7495317
5151.192972  0.6925931
5151.815779  0.6454986
5152.438586  0.6791846
5153.061393  0.7542629
5153.6842  0.7760752
5154.307007  0.7879899
5154.929814  0.8147467
5155.552621  0.8494492
5156.175428  0.8694928
5156.798235  0.8847235
5157.421042  0.9003595
5158.043849  0.9057295
5158.666656  0.8886631
5159.289463  0.8732721
5159.91227  0.8863858
5160.535077  0.915996
5161.157884  0.9149749
5161.780691  0.8701177
5162.403498  0.8250011
5163.026305  0.8361372
5163.649112  0.8778506
5164.271919  0.8820493
5164.894726  0.8258321
5165.517533  0.7357732
5166.14034  0.644274
5166.763147  0.566381
5167.385954  0.5444248
5168.008761  0.5683715
5168.631568  0.6021866
5169.254375  0.6642982
5169.877182  0.7409825
5170.499989  0.7797431
5171.122796  0.7205943
5171.745603  0.6190568
5172.36841  0.544499
5172.991217  0.5357363
5173.614024  0.6106509
5174.236831  0.7264373
5174.859638  0.8142801
5175.482445  0.8323842
5176.105252  0.8258024
5176.728059  0.8363051
5177.350866  0.8593442
5177.973673  0.8722427
5178.59648  0.867074
5179.219287  0.8506814
5179.842094  0.830385
5180.464901  0.8183318
5181.087708  0.8144826
5181.710515  0.79997
5182.333322  0.7471147
5182.956129  0.6422369
5183.578936  0.5391876
5184.201743  0.6054627
5184.82455  0.7451871
5185.447357  0.8214554
5186.070164  0.8485398
5186.692971  0.8732517
5187.315778  0.8858147
5187.938585  0.8462024
5188.561392  0.806469
5189.184199  0.8252637
5189.807006  0.8890091
5190.429813  0.887562
5191.05262  0.8202546
5191.675427  0.7246223
5192.298234  0.6444713
5192.921041  0.6529655
5193.543848  0.7333002
5194.166655  0.797762
5194.789462  0.7622885
5195.412269  0.7460839
5196.035076  0.8116395
5196.657883  0.8603947
5197.28069  0.858816
5197.903497  0.8337483
5198.526304  0.831383
5199.149111  0.8497856
5199.771918  0.8662635
5200.394725  0.8675042
5201.017532  0.8645767
5201.640339  0.8399472
5202.263146  0.8222777
5202.885953  0.8440642
5203.50876  0.8326645
5204.131567  0.7758658
5204.754374  0.7122788
5205.377181  0.6843793
5205.999988  0.6992636
5206.622795  0.7507024
5207.245602  0.8089272
5207.868409  0.7588226
5208.491216  0.6960831
5209.114023  0.7297407
5209.73683  0.7357025
5210.359637  0.7257026
5210.982444  0.7550296
5211.605251  0.8380715
5212.228058  0.8900725
5212.850865  0.9064603
5213.473672  0.9280443
5214.096479  0.9267445
5214.719286  0.888155
5215.342093  0.8333754
5215.9649  0.8085487
5216.587707  0.8073264
5217.210514  0.8300453
5217.833321  0.8764306
5218.456128  0.9035472
5219.078935  0.8812463
5219.701742  0.840562
5220.324549  0.8682137
5220.947356  0.9235744
5221.570163  0.9452091
5222.19297  0.91875
5222.815777  0.9007272
5223.438584  0.8814704
5224.061391  0.8295345
5224.684198  0.7646648
5225.307005  0.720374
5225.929812  0.6880112
5226.552619  0.6387009
5227.175426  0.6575156
5227.798233  0.7661701
5228.42104  0.8916227
5229.043847  0.9087968
5229.666654  0.8719329
5230.289461  0.8740116
5230.912268  0.9263799
5231.535075  0.9455143
5232.157882  0.9027877
5232.780689  0.8447695
5233.403496  0.8292768
5234.026303  0.8328445
5234.64911  0.8313273
5235.271917  0.8595325
5235.894724  0.9122217
5236.517531  0.9573499
5237.140338  0.9645073
5237.763145  0.9464196
5238.385952  0.9259217
5239.008759  0.9159466
5239.631566  0.9107894
5240.254373  0.9281746
5240.87718  0.9553033
5241.499987  0.952848
5242.122794  0.9345288
5242.745601  0.9246921
5243.368408  0.9369217
5243.991215  0.9617815
5244.614022  0.9845408
5245.236829  0.9853011
5245.859636  0.9401892
5246.482443  0.8093951
5247.10525  0.6984053
5247.728057  0.7373078
5248.350864  0.8459429
5248.973671  0.886306
5249.596478  0.8095969
5250.219285  0.7193927
5250.842092  0.7166314
5251.464899  0.7780209
5252.087706  0.8111039
5252.710513  0.8410586
5253.33332  0.8711113
5253.956127  0.872254
5254.578934  0.8131437
5255.201741  0.7884458
5255.824548  0.846264
5256.447355  0.9336317
5257.070162  0.9758054
5257.692969  0.9841839
5258.315776  0.9950178
5258.938583  0.9784037
5259.56139  0.9592341
5260.184197  0.9496569
5260.807004  0.9243967
5261.429811  0.8743244
5262.052618  0.8275355
5262.675425  0.8073123
5263.298232  0.7698463
5263.921039  0.7491963
5264.543846  0.7603629
5265.166653  0.7519685
5265.78946  0.7283821
5266.412267  0.7492469
5267.035074  0.850215
5267.657881  0.9173112
5268.280688  0.8834133
5268.903495  0.7593883
5269.526302  0.6232147
5270.149109  0.6167586
5270.771916  0.7538696
5271.394723  0.9024605
5272.01753  0.9417399
5272.640337  0.8869142
5273.263144  0.8371008
5273.885951  0.8662259
5274.508758  0.9003625
5275.131565  0.8824767
5275.754372  0.8547021
5276.377179  0.8920333
5276.999986  0.9619811
5277.622793  0.9928294
5278.2456  1.00512
5278.868407  1.002727
5279.491214  0.9860772
5280.114021  0.9640518
5280.736828  0.932351
5281.359635  0.8968216
5281.982442  0.870272
5282.605249  0.861114
5283.228056  0.8468732
5283.850863  0.8371795
5284.47367  0.892225
5285.096477  0.9711305
5285.719284  1.01836
5286.342091  1.018502
5286.964898  1.014086
5287.587705  1.002483
5288.210512  0.9745302
5288.833319  0.966889
5289.456126  0.9775903
5290.078933  0.9949328
5290.70174  1.00896
5291.324547  0.9992593
5291.947354  0.9771779
5292.570161  0.9649909
5293.192968  0.9629134
5293.815775  0.9768283
5294.438582  0.9904805
5295.061389  0.9685495
5295.684196  0.9099773
5296.307003  0.8443669
5296.92981  0.8039015
5297.552617  0.7828966
5298.175424  0.7993343
5298.798231  0.8586309
5299.421038  0.9248765
5300.043845  0.931569
5300.666652  0.8940342
5301.289459  0.8822173
5301.912266  0.8872629
5302.535073  0.9117903
5303.15788  0.9540697
5303.780687  0.9886192
5304.403494  1.018367
5305.026301  1.037425
5305.649108  1.027974
5306.271915  0.9904412
5306.894722  0.9427105
5307.517529  0.9193121
5308.140336  0.9579968
5308.763143  1.011817
5309.38595  1.035363
5310.008757  1.032192
5310.631564  1.017857
5311.254371  1.00623
5311.877178  1.003922
5312.499985  1.00771
5313.122792  1.007055
5313.745599  1.002497
5314.368406  1.008216
5314.991213  1.018859
5315.61402  1.005826
5316.236827  0.9591296
5316.859634  0.9462565
5317.482441  0.9749578
5318.105248  1.009178
5318.728055  1.014678
5319.350862  0.9907081
5319.973669  0.9704224
5320.596476  0.9822074
5321.219283  0.9687876
5321.84209  0.9481421
5322.464897  0.9537563
5323.087704  0.9479455
5323.710511  0.9169615
5324.333318  0.8968282
5324.956125  0.9380083
5325.578932  0.9740594
5326.201739  0.9766489
5326.824546  0.9326742
5327.447353  0.7780781
5328.07016  0.6512778
5328.692967  0.6793084
5329.315774  0.8245249
5329.938581  0.9370545
5330.561388  0.9746132
5331.184195  0.986928
5331.807002  0.9605962
5332.429809  0.9226568
5333.052616  0.9173461
5333.675423  0.9650882
5334.29823  1.012149
5334.921037  1.027193
5335.543844  1.017433
5336.166651  0.9782276
5336.789458  0.9512566
5337.412265  0.9677997
5338.035072  0.9910636
5338.657879  0.9950274
5339.280686  0.9617426
5339.903493  0.8940449
5340.5263  0.8412224
5341.149107  0.8557946
5341.771914  0.9371766
5342.394721  0.9971325
5343.017528  1.018854
5343.640335  1.022276
5344.263142  1.022606
5344.885949  0.9787629
5345.508756  0.9280304
5346.131563  0.936787
5346.75437  0.9789938
5347.377177  0.9876291
5347.999984  0.9466092
5348.622791  0.9239793
5349.245598  0.9241927
5349.868405  0.9484418
5350.491212  0.9969236
5351.114019  1.035565
5351.736826  1.041848
5352.359633  1.016269
5352.98244  0.9869401
5353.605247  0.9906921
5354.228054  1.02827
5354.850861  1.06287
5355.473668  1.066347
5356.096475  1.056114
5356.719282  1.060645
5357.342089  1.066393
5357.964896  1.065397
5358.587703  1.060983
5359.21051  1.064561
5359.833317  1.063203
5360.456124  1.044548
5361.078931  1.013484
5361.701738  0.9956737
5362.324545  0.9930884
5362.947352  1.001011
5363.570159  1.019316
5364.192966  0.9915615
5364.815773  0.9470861
5365.43858  0.9565212
5366.061387  0.9852152
5366.684194  0.9922807
5367.307001  0.9791965
5367.929808  0.992605
5368.552615  0.991609
5369.175422  0.9561809
5369.798229  0.9111732
5370.421036  0.8728371
5371.043843  0.8443474
5371.66665  0.8475953
5372.289457  0.9339099
5372.912264  1.01669
5373.535071  1.044547
5374.157878  1.057382
5374.780685  1.065598
5375.403492  1.062858
5376.026299  1.045564
5376.649106  1.034628
5377.271913  1.043732
5377.89472  1.061354
5378.517527  1.058458
5379.140334  1.034854
5379.763141  1.0053
5380.385948  0.987568
5381.008755  0.9842308
5381.631562  1.000792
5382.254369  1.019089
5382.877176  0.9969258
5383.499983  0.9877209
5384.12279  1.008399
5384.745597  1.025249
5385.368404  1.030416
5385.991211  1.032735
5386.614018  1.038181
5387.236825  1.037971
5387.859632  1.028193
5388.482439  1.005634
5389.105246  0.9753499
5389.728053  0.9758655
5390.35086  0.9934076
5390.973667  0.9985703
5391.596474  1.006461
5392.219281  0.9973633
5392.842088  0.9668731
5393.464895  0.9430328
5394.087702  0.9205847
5394.710509  0.9233366
5395.333316  0.9510589
5395.956123  0.9017776
5396.57893  0.8099694
5397.201737  0.7827917
5397.824544  0.8887591
5398.447351  1.000437
5399.070158  1.041569
5399.692965  1.033946
5400.315772  1.000918
5400.938579  0.9955072
5401.561386  1.03165
5402.184193  1.047776
5402.807  1.020507
5403.429807  0.9659041
5404.052614  0.9168104
5404.675421  0.8789685
5405.298228  0.850971
5405.921035  0.8477478
5406.543842  0.9059361
5407.166649  0.9742895
5407.789456  0.9965269
5408.412263  0.9630675
5409.03507  0.8972513
5409.657877  0.8621166
5410.280684  0.8996562
5410.903491  0.9645088
5411.526298  1.020235
5412.149105  1.048012
5412.771912  1.049511
5413.394719  1.044427
5414.017526  1.030526
5414.640333  1.00229
5415.26314  0.9995861
5415.885947  1.029706
5416.508754  1.066406
5417.131561  1.072264
5417.754368  1.040995
5418.377175  1.007709
5418.999982  1.009734
5419.622789  1.01314
5420.245596  1.009854
5420.868403  1.013908
5421.49121  1.032485
5422.114017  1.052832
5422.736824  1.046461
5423.359631  0.997902
5423.982438  0.9518866
5424.605245  0.9464895
5425.228052  0.9754326
5425.850859  0.9778703
5426.473666  0.9909064
5427.096473  1.034845
5427.71928  1.057178
5428.342087  1.007819
5428.964894  0.9060749
5429.587701  0.8396292
5430.210508  0.9125046
5430.833315  1.007217
5431.456122  1.003613
5432.078929  0.9440297
5432.701736  0.932077
5433.324543  0.9436824
5433.94735  0.8930604
5434.570157  0.8755066
5435.192964  0.8986355
5435.815771  0.9279281
5436.438578  0.9593849
5437.061385  1.001474
5437.684192  1.048506
5438.306999  1.079274
5438.929806  1.088763
5439.552613  1.082861
5440.17542  1.074249
5440.798227  1.073238
5441.421034  1.072007
5442.043841  1.07302
5442.666648  1.08587
5443.289455  1.083221
5443.912262  1.053713
5444.535069  1.012428
5445.157876  0.9846299
5445.780683  0.9128502
5446.40349  0.8191161
5447.026297  0.842579
5447.649104  0.9449404
5448.271911  1.034028
5448.894718  1.054284
5449.517525  1.060171
5450.140332  1.062956
5450.763139  1.056447
5451.385946  1.050879
5452.008753  1.052164
5452.63156  1.051703
5453.254367  1.033875
5453.877174  1.010667
5454.499981  0.948631
5455.122788  0.8606435
5455.745595  0.8719327
5456.368402  0.9616045
5456.991209  1.046681
5457.614016  1.070566
5458.236823  1.085382
5458.85963  1.084319
5459.482437  1.038031
5460.105244  0.9816123
5460.728051  0.9834339
5461.350858  1.030103
5461.973665  1.021903
5462.596472  0.9855592
5463.219279  0.9745546
5463.842086  1.011035
5464.464893  1.051271
5465.0877  1.061203
5465.710507  1.044065
5466.333314  1.036924
5466.956121  1.043004
5467.578928  1.058307
5468.201735  1.074423
5468.824542  1.064858
