4780.  0.
4780.622807  0.
4781.245614  0.
4781.868421  0.
4782.491228  0.
4783.114035  0.
4783.736842  0.
4784.359649  0.
4784.982456  0.
4785.605263  0.
4786.22807  0.
4786.850877  0.
4787.473684  0.
4788.096491  0.
4788.719298  0.
4789.342105  0.
4789.964912  1.064947
4790.587719  1.298909
4791.210526  1.300303
4791.833333  1.306487
4792.45614  1.306671
4793.078947  1.308662
4793.701754  1.314699
4794.324561  1.309217
4794.947368  1.303367
4795.570175  1.30472
4796.192982  1.308408
4796.815789  1.303349
4797.438596  1.294565
4798.061403  1.29105
4798.68421  1.290388
4799.307017  1.293888
4799.929824  1.299377
4800.552631  1.302183
4801.175438  1.306787
4801.798245  1.308455
4802.421052  1.304503
4803.043859  1.303781
4803.666666  1.29209
4804.289473  1.267025
4804.91228  1.254701
4805.535087  1.265334
4806.157894  1.284116
4806.780701  1.291354
4807.403508  1.29567
4808.026315  1.294119
4808.649122  1.288855
4809.271929  1.296908
4809.894736  1.297794
4810.517543  1.289326
4811.14035  1.290157
4811.763157  1.283174
4812.385964  1.27324
4813.008771  1.274435
4813.631578  1.284949
4814.254385  1.292289
4814.877192  1.293152
4815.499999  1.297268
4816.122806  1.295789
4816.745613  1.289343
4817.36842  1.285488
4817.991227  1.286696
4818.614034  1.289615
4819.236841  1.288608
4819.859648  1.283255
4820.482455  1.282603
4821.105262  1.284838
4821.728069  1.279573
4822.350876  1.270894
4822.973683  1.24425
4823.59649  1.204678
4824.219297  1.204663
4824.842104  1.230364
4825.464911  1.248782
4826.087718  1.246868
4826.710525  1.245905
4827.333332  1.247628
4827.956139  1.243968
4828.578946  1.243514
4829.201753  1.245404
4829.82456  1.245297
4830.447367  1.244581
4831.070174  1.240638
4831.692981  1.234454
4832.315788  1.228527
4832.938595  1.222402
4833.561402  1.220324
4834.184209  1.224737
4834.807016  1.228051
4835.429823  1.215587
4836.05263  1.196036
4836.675437  1.194503
4837.298244  1.200673
4837.921051  1.198654
4838.543858  1.183964
4839.166665  1.174666
4839.789472  1.164418
4840.412279  1.151612
4841.035086  1.147141
4841.657893  1.144661
4842.2807  1.138265
4842.903507  1.129611
4843.526314  1.122202
4844.149121  1.112407
4844.771928  1.097206
4845.394735  1.082744
4846.017542  1.070174
4846.640349  1.054336
4847.263156  1.028776
4847.885963  0.9969314
4848.50877  0.972477
4849.131577  0.966801
4849.754384  0.9715496
4850.377191  0.9641027
4850.999998  0.9389266
4851.622805  0.9137829
4852.245612  0.895834
4852.868419  0.8746832
4853.491226  0.8409449
4854.114033  0.8133313
4854.73684  0.7894382
4855.359647  0.7615
4855.982454  0.7320157
4856.605261  0.701658
4857.228068  0.6693518
4857.850875  0.6349423
4858.473682  0.6042491
4859.096489  0.564841
4859.719296  0.5039527
4860.342103  0.4295632
4860.96491  0.3676831
4861.587717  0.355952
4862.210524  0.4144379
4862.833331  0.4913062
4863.456138  0.5506209
4864.078945  0.5888618
4864.701752  0.6237715
4865.324559  0.6613888
4865.947366  0.6977816
4866.570173  0.7279328
4867.19298  0.7568484
4867.815787  0.7876394
4868.438594  0.8187788
4869.061401  0.8507354
4869.684208  0.8706094
4870.307015  0.876132
4870.929822  0.8853111
4871.552629  0.9030744
4872.175436  0.9298154
4872.798243  0.9610269
4873.42105  0.9752983
4874.043857  0.988668
4874.666664  1.015381
4875.289471  1.027305
4875.912278  1.024594
4876.535085  1.025732
4877.157892  1.047647
4877.780699  1.064812
4878.403506  1.07647
4879.026313  1.095151
4879.64912  1.109488
4880.271927  1.121861
4880.894734  1.134081
4881.517541  1.142806
4882.140348  1.149768
4882.763155  1.149848
4883.385962  1.139461
4884.008769  1.14318
4884.631576  1.15868
4885.254383  1.172387
4885.87719  1.182589
4886.499997  1.187387
4887.122804  1.192183
4887.745611  1.202223
4888.368418  1.198739
4888.991225  1.197098
4889.614032  1.20714
4890.236839  1.186501
4890.859646  1.149321
4891.482453  1.135785
4892.10526  1.171731
4892.728067  1.212158
4893.350874  1.227381
4893.973681  1.225312
4894.596488  1.233284
4895.219295  1.240514
4895.842102  1.236608
4896.464909  1.240716
4897.087716  1.242651
4897.710523  1.240862
4898.33333  1.243026
4898.956137  1.2435
4899.578944  1.237221
4900.201751  1.229451
4900.824558  1.234872
4901.447365  1.247016
4902.070172  1.25157
4902.692979  1.241704
4903.315786  1.236253
4903.938593  1.235821
4904.5614  1.236665
4905.184207  1.253023
4905.807014  1.269257
4906.429821  1.268707
4907.052628  1.254482
4907.675435  1.259148
4908.298242  1.270603
4908.921049  1.256519
4909.543856  1.24589
4910.166663  1.238557
4910.78947  1.227989
4911.412277  1.226677
4912.035084  1.234991
4912.657891  1.246994
4913.280698  1.256207
4913.903505  1.26847
4914.526312  1.276399
4915.149119  1.274209
4915.771926  1.273994
4916.394733  1.269345
4917.01754  1.261834
4917.640347  1.260009
4918.263154  1.242088
4918.885961  1.21674
4919.508768  1.20603
4920.131575  1.200077
4920.754382  1.208583
4921.377189  1.235651
4921.999996  1.259306
4922.622803  1.247496
4923.24561  1.191846
4923.868417  1.128798
4924.491224  1.149811
4925.114031  1.216282
4925.736838  1.255069
4926.359645  1.26258
4926.982452  1.260496
4927.605259  1.265399
4928.228066  1.275357
4928.850873  1.278595
4929.47368  1.279719
4930.096487  1.28259
4930.719294  1.27251
4931.342101  1.260601
4931.964908  1.259241
4932.587715  1.262441
4933.210522  1.240952
4933.833329  1.212036
4934.456136  1.2144
4935.078943  1.238837
4935.70175  1.260076
4936.324557  1.265825
4936.947364  1.270112
4937.570171  1.2668
4938.192978  1.25523
4938.815785  1.245252
4939.438592  1.244128
4940.061399  1.249221
4940.684206  1.255589
4941.307013  1.262827
4941.92982  1.267798
4942.552627  1.268472
4943.175434  1.266976
4943.798241  1.268816
4944.421048  1.274718
4945.043855  1.277403
4945.666662  1.266667
4946.289469  1.261153
4946.912276  1.270711
4947.535083  1.277596
4948.15789  1.271027
4948.780697  1.261161
4949.403504  1.262371
4950.026311  1.26071
4950.649118  1.260845
4951.271925  1.264687
4951.894732  1.25763
4952.517539  1.248697
4953.140346  1.247576
4953.763153  1.252756
4954.38596  1.253324
4955.008767  1.251431
4955.631574  1.252421
4956.254381  1.247648
4956.877188  1.205969
4957.499995  1.156505
4958.122802  1.169533
4958.745609  1.213514
4959.368416  1.252522
4959.991223  1.267757
4960.61403  1.258564
4961.236837  1.249045
4961.859644  1.253344
4962.482451  1.258448
4963.105258  1.261227
4963.728065  1.261176
4964.350872  1.257312
4964.973679  1.250419
4965.596486  1.250815
4966.219293  1.256389
4966.8421  1.24619
4967.464907  1.238327
4968.087714  1.240138
4968.710521  1.240726
4969.333328  1.237763
4969.956135  1.238296
4970.578942  1.243804
4971.201749  1.24198
4971.824556  1.239987
4972.447363  1.244302
4973.07017  1.251945
4973.692977  1.24911
4974.315784  1.245102
4974.938591  1.252396
4975.561398  1.261076
4976.184205  1.253628
4976.807012  1.237839
4977.429819  1.244106
4978.052626  1.251843
4978.675433  1.250202
4979.29824  1.245547
4979.921047  1.24518
4980.543854  1.244483
4981.166661  1.237875
4981.789468  1.227553
4982.412275  1.21135
4983.035082  1.195864
4983.657889  1.193386
4984.280696  1.202056
4984.903503  1.21595
4985.52631  1.22676
4986.149117  1.229366
4986.771924  1.236133
4987.394731  1.248193
4988.017538  1.250166
4988.640345  1.248234
4989.263152  1.248181
4989.885959  1.249322
4990.508766  1.241539
4991.131573  1.227531
4991.75438  1.21883
4992.377187  1.224565
4992.999994  1.218202
4993.622801  1.209195
4994.245608  1.222096
4994.868415  1.233808
4995.491222  1.237458
4996.114029  1.238972
4996.736836  1.247033
4997.359643  1.248835
4997.98245  1.241869
4998.605257  1.23607
4999.228064  1.236844
4999.850871  1.234338
5000.473678  1.217852
5001.096485  1.188337
5001.719292  1.169348
5002.342099  1.176793
5002.964906  1.202984
5003.587713  1.21216
5004.21052  1.209345
5004.833327  1.213071
5005.456134  1.203825
5006.078941  1.188989
5006.701748  1.183502
5007.324555  1.192729
5007.947362  1.206999
5008.570169  1.217156
5009.192976  1.220865
5009.815783  1.221971
5010.43859  1.227378
5011.061397  1.232074
5011.684204  1.220415
5012.307011  1.216176
5012.929818  1.221587
5013.552625  1.21599
5014.175432  1.200881
5014.798239  1.192124
5015.421046  1.19822
5016.043853  1.206284
5016.66666  1.213056
5017.289467  1.19214
5017.912274  1.121207
5018.535081  1.077468
5019.157888  1.088385
5019.780695  1.129441
5020.403502  1.169565
5021.026309  1.190087
5021.649116  1.194377
5022.271923  1.19865
5022.89473  1.194807
5023.517537  1.195273
5024.140344  1.21486
5024.763151  1.225935
5025.385958  1.221928
5026.008765  1.212287
5026.631572  1.205122
5027.254379  1.197903
5027.877186  1.19278
5028.499993  1.1967
5029.1228  1.208207
5029.745607  1.209381
5030.368414  1.193438
5030.991221  1.18114
5031.614028  1.180322
5032.236835  1.189682
5032.859642  1.202076
5033.482449  1.203777
5034.105256  1.197279
5034.728063  1.188697
5035.35087  1.173911
5035.973677  1.16947
5036.596484  1.181182
5037.219291  1.192024
5037.842098  1.193415
5038.464905  1.192175
5039.087712  1.195944
5039.710519  1.193122
5040.333326  1.170979
5040.956133  1.142379
5041.57894  1.14093
5042.201747  1.154716
5042.824554  1.169403
5043.447361  1.179849
5044.070168  1.185033
5044.692975  1.189295
5045.315782  1.194527
5045.938589  1.195351
5046.561396  1.197266
5047.184203  1.199887
5047.80701  1.19597
5048.429817  1.185092
5049.052624  1.181446
5049.675431  1.188702
5050.298238  1.182375
5050.921045  1.179311
5051.543852  1.182824
5052.166659  1.174606
5052.789466  1.177616
5053.412273  1.189507
5054.03508  1.192586
5054.657887  1.193578
5055.280694  1.171667
5055.903501  1.136746
5056.526308  1.138597
5057.149115  1.158609
5057.771922  1.177046
5058.394729  1.188987
5059.017536  1.188159
5059.640343  1.186718
5060.26315  1.192629
5060.885957  1.194196
5061.508764  1.189159
5062.131571  1.181422
5062.754378  1.176676
5063.377185  1.183679
5063.999992  1.187531
5064.622799  1.177516
5065.245606  1.168962
5065.868413  1.169666
5066.49122  1.177332
5067.114027  1.184531
5067.736834  1.180341
5068.359641  1.171924
5068.982448  1.170903
5069.605255  1.176172
5070.228062  1.18105
5070.850869  1.17807
5071.473676  1.164832
5072.096483  1.157708
5072.71929  1.163029
5073.342097  1.171725
5073.964904  1.165878
5074.587711  1.162261
5075.210518  1.170515
5075.833325  1.170753
5076.456132  1.16948
5077.078939  1.174572
5077.701746  1.182384
5078.324553  1.17637
5078.94736  1.172383
5079.570167  1.176899
5080.192974  1.160892
5080.815781  1.153372
5081.438588  1.164682
5082.061395  1.171851
5082.684202  1.176181
5083.307009  1.175385
5083.929816  1.169465
5084.552623  1.171195
5085.17543  1.178884
5085.798237  1.183206
5086.421044  1.177089
5087.043851  1.16573
5087.666658  1.160127
5088.289465  1.165493
5088.912272  1.170657
5089.535079  1.171685
5090.157886  1.171687
5090.780693  1.175592
5091.4035  1.178708
5092.026307  1.1762
5092.649114  1.168801
5093.271921  1.164789
5093.894728  1.163398
5094.517535  1.164421
5095.140342  1.175209
5095.763149  1.179533
5096.385956  1.170707
5097.008763  1.158783
5097.63157  1.14889
5098.254377  1.150324
5098.877184  1.159482
5099.499991  1.15123
5100.122798  1.138952
5100.745605  1.135574
5101.368412  1.138625
5101.991219  1.151616
5102.614026  1.167365
5103.236833  1.175263
5103.85964  1.175184
5104.482447  1.172601
5105.105254  1.168237
5105.728061  1.160616
5106.350868  1.15888
5106.973675  1.163584
5107.596482  1.165432
5108.219289  1.159752
5108.842096  1.15574
5109.464903  1.158482
5110.08771  1.160728
5110.710517  1.164306
5111.333324  1.164225
5111.956131  1.156372
5112.578938  1.160156
5113.201745  1.166371
5113.824552  1.162374
5114.447359  1.158528
5115.070166  1.159403
5115.692973  1.164066
5116.31578  1.166195
5116.938587  1.160262
5117.561394  1.155368
5118.184201  1.158835
5118.807008  1.16419
5119.429815  1.162725
5120.052622  1.155135
5120.675429  1.149116
5121.298236  1.152177
5121.921043  1.153067
5122.54385  1.144018
5123.166657  1.150718
5123.789464  1.158549
5124.412271  1.153608
5125.035078  1.146134
5125.657885  1.139445
5126.280692  1.13891
5126.903499  1.144612
5127.526306  1.14065
5128.149113  1.129255
5128.77192  1.119219
5129.394727  1.112817
5130.017534  1.129235
5130.640341  1.152889
5131.263148  1.150388
5131.885955  1.140727
5132.508762  1.129448
5133.131569  1.117964
5133.754376  1.117872
5134.377183  1.130783
5134.99999  1.146526
5135.622797  1.149474
5136.245604  1.139192
5136.868411  1.12825
5137.491218  1.127391
5138.114025  1.130528
5138.736832  1.123556
5139.359639  1.110814
5139.982446  1.114704
5140.605253  1.131928
5141.22806  1.145898
5141.850867  1.14384
5142.473674  1.137611
5143.096481  1.130812
5143.719288  1.127386
5144.342095  1.134888
5144.964902  1.138873
5145.587709  1.133446
5146.210516  1.124187
5146.833323  1.122405
5147.45613  1.129084
5148.078937  1.133372
5148.701744  1.123288
5149.324551  1.116805
5149.947358  1.122327
5150.570165  1.129997
5151.192972  1.130121
5151.815779  1.131021
5152.438586  1.134523
5153.061393  1.118468
5153.6842  1.102516
5154.307007  1.103804
5154.929814  1.117112
5155.552621  1.127686
5156.175428  1.133782
5156.798235  1.137381
5157.421042  1.131725
5158.043849  1.129579
5158.666656  1.136082
5159.289463  1.137359
5159.91227  1.133839
5160.535077  1.127034
5161.157884  1.117454
5161.780691  1.109629
5162.403498  1.110456
5163.026305  1.121964
5163.649112  1.137674
5164.271919  1.135744
5164.894726  1.124093
5165.517533  1.119615
5166.14034  1.089839
5166.763147  1.044902
5167.385954  1.011123
5168.008761  0.9987378
5168.631568  0.992952
5169.254375  1.003112
5169.877182  1.04753
5170.499989  1.095095
5171.122796  1.106386
5171.745603  1.071484
5172.36841  1.031533
5172.991217  1.035512
5173.614024  1.077909
5174.236831  1.109662
5174.859638  1.131397
5175.482445  1.138082
5176.105252  1.127611
5176.728059  1.120475
5177.350866  1.120523
5177.973673  1.122271
5178.59648  1.120791
5179.219287  1.123495
5179.842094  1.12645
5180.464901  1.123134
5181.087708  1.125409
5181.710515  1.127258
5182.333322  1.107594
5182.956129  1.050646
5183.578936  1.010561
5184.201743  1.027004
5184.82455  1.082242
5185.447357  1.098951
5186.070164  1.091906
5186.692971  1.098038
5187.315778  1.104625
5187.938585  1.083965
5188.561392  1.057861
5189.184199  1.072337
5189.807006  1.096933
5190.429813  1.106681
5191.05262  1.094563
5191.675427  1.070969
5192.298234  1.074574
5192.921041  1.102054
5193.543848  1.109889
5194.166655  1.099914
5194.789462  1.090916
5195.412269  1.094399
5196.035076  1.097859
5196.657883  1.072804
5197.28069  1.034949
5197.903497  1.037769
5198.526304  1.075296
5199.149111  1.111752
5199.771918  1.11971
5200.394725  1.113932
5201.017532  1.105187
5201.640339  1.100619
5202.263146  1.102511
5202.885953  1.104508
5203.50876  1.102164
5204.131567  1.095949
5204.754374  1.088632
5205.377181  1.087443
5205.999988  1.094187
5206.622795  1.100398
5207.245602  1.095525
5207.868409  1.082729
5208.491216  1.076517
5209.114023  1.089979
5209.73683  1.104463
5210.359637  1.099245
5210.982444  1.085576
5211.605251  1.091289
5212.228058  1.113872
5212.850865  1.122367
5213.473672  1.112219
5214.096479  1.097488
5214.719286  1.089895
5215.342093  1.080772
5215.9649  1.069279
5216.587707  1.06812
5217.210514  1.090129
5217.833321  1.106795
5218.456128  1.106428
5219.078935  1.098493
5219.701742  1.095961
5220.324549  1.102687
5220.947356  1.110522
5221.570163  1.10885
5222.19297  1.102533
5222.815777  1.096289
5223.438584  1.092238
5224.061391  1.099191
5224.684198  1.098967
5225.307005  1.076129
5225.929812  1.036548
5226.552619  0.9892901
5227.175426  0.9780799
5227.798233  1.031829
5228.42104  1.07455
5229.043847  1.08922
5229.666654  1.092789
5230.289461  1.093663
5230.912268  1.100493
5231.535075  1.095732
5232.157882  1.062344
5232.780689  1.048493
5233.403496  1.041273
5234.026303  1.018706
5234.64911  1.013145
5235.271917  1.037732
5235.894724  1.068356
5236.517531  1.069026
5237.140338  1.060624
5237.763145  1.063694
5238.385952  1.077404
5239.008759  1.083238
5239.631566  1.085385
5240.254373  1.090435
5240.87718  1.095022
5241.499987  1.097428
5242.122794  1.097153
5242.745601  1.096039
5243.368408  1.096964
5243.991215  1.097319
5244.614022  1.096313
5245.236829  1.096164
5245.859636  1.096786
5246.482443  1.090555
5247.10525  1.074836
5247.728057  1.073452
5248.350864  1.080835
5248.973671  1.082484
5249.596478  1.07801
5250.219285  1.072534
5250.842092  1.074438
5251.464899  1.085111
5252.087706  1.091523
5252.710513  1.090861
5253.33332  1.082583
5253.956127  1.064814
5254.578934  1.048616
5255.201741  1.051796
5255.824548  1.078679
5256.447355  1.086322
5257.070162  1.080224
5257.692969  1.083253
5258.315776  1.086432
5258.938583  1.081115
5259.56139  1.066761
5260.184197  1.053928
5260.807004  1.053809
5261.429811  1.062394
5262.052618  1.070304
5262.675425  1.073496
5263.298232  1.059603
5263.921039  1.033412
5264.543846  1.021261
5265.166653  1.029628
5265.78946  1.045623
5266.412267  1.055856
5267.035074  1.065823
5267.657881  1.066849
5268.280688  1.050819
5268.903495  1.023004
5269.526302  1.009403
5270.149109  1.020636
5270.771916  1.044409
5271.394723  1.056568
5272.01753  1.059055
5272.640337  1.062304
5273.263144  1.068473
5273.885951  1.062139
5274.508758  1.033622
5275.131565  0.9955457
5275.754372  0.9879147
5276.377179  1.019761
5276.999986  1.061789
5277.622793  1.069696
5278.2456  1.06093
5278.868407  1.059486
5279.491214  1.067244
5280.114021  1.063266
5280.736828  1.057853
5281.359635  1.065233
5281.982442  1.066522
5282.605249  1.052326
5283.228056  1.03086
5283.850863  1.022591
5284.47367  1.043197
5285.096477  1.066048
5285.719284  1.065509
5286.342091  1.070273
5286.964898  1.078225
5287.587705  1.079551
5288.210512  1.076553
5288.833319  1.078721
5289.456126  1.080027
5290.078933  1.072147
5290.70174  1.073135
5291.324547  1.073103
5291.947354  1.070051
5292.570161  1.080128
5293.192968  1.077448
5293.815775  1.068864
5294.438582  1.07675
5295.061389  1.081981
5295.684196  1.076294
5296.307003  1.067362
5296.92981  1.071325
5297.552617  1.071415
5298.175424  1.065287
5298.798231  1.065644
5299.421038  1.068856
5300.043845  1.070081
5300.666652  1.065296
5301.289459  1.054748
5301.912266  1.053984
5302.535073  1.061072
5303.15788  1.062545
5303.780687  1.069201
5304.403494  1.069481
5305.026301  1.056034
5305.649108  1.048147
5306.271915  1.048198
5306.894722  1.04897
5307.517529  1.047344
5308.140336  1.058229
5308.763143  1.06833
5309.38595  1.063256
5310.008757  1.061321
5310.631564  1.064519
5311.254371  1.069087
5311.877178  1.072137
5312.499985  1.060368
5313.122792  1.050463
5313.745599  1.060827
5314.368406  1.068677
5314.991213  1.03547
5315.61402  0.9684849
5316.236827  0.9345839
5316.859634  0.9628233
5317.482441  1.021985
5318.105248  1.060677
5318.728055  1.07497
5319.350862  1.075094
5319.973669  1.073288
5320.596476  1.072011
5321.219283  1.075154
5321.84209  1.076448
5322.464897  1.066499
5323.087704  1.050318
5323.710511  1.034843
5324.333318  1.026537
5324.956125  1.030267
5325.578932  1.041002
5326.201739  1.04847
5326.824546  1.041921
5327.447353  1.022711
5328.07016  1.009741
5328.692967  1.017358
5329.315774  1.033784
5329.938581  1.047704
5330.561388  1.052408
5331.184195  1.050545
5331.807002  1.054426
5332.429809  1.061541
5333.052616  1.060598
5333.675423  1.047145
5334.29823  1.039445
5334.921037  1.042209
5335.543844  1.040242
5336.166651  1.030722
5336.789458  1.029839
5337.412265  1.042678
5338.035072  1.035019
5338.657879  1.021594
5339.280686  1.019792
5339.903493  1.025512
5340.5263  1.034703
5341.149107  1.048193
5341.771914  1.066133
5342.394721  1.074037
5343.017528  1.068962
5343.640335  1.061087
5344.263142  1.063893
5344.885949  1.066321
5345.508756  1.062186
5346.131563  1.054537
5346.75437  1.048426
5347.377177  1.04659
5347.999984  1.051355
5348.622791  1.064027
5349.245598  1.065027
5349.868405  1.058595
5350.491212  1.062541
5351.114019  1.06189
5351.736826  1.055582
5352.359633  1.050032
5352.98244  1.047222
5353.605247  1.047853
5354.228054  1.054166
5354.850861  1.06652
5355.473668  1.064888
5356.096475  1.056458
5356.719282  1.055323
5357.342089  1.056978
5357.964896  1.051972
5358.587703  1.046505
5359.21051  1.053396
5359.833317  1.055345
5360.456124  1.050355
5361.078931  1.038597
5361.701738  1.007442
5362.324545  0.9909318
5362.947352  1.003429
5363.570159  1.020133
5364.192966  1.026874
5364.815773  1.032498
5365.43858  1.042971
5366.061387  1.036615
5366.684194  1.026106
5367.307001  1.02917
5367.929808  1.042785
5368.552615  1.037006
5369.175422  1.017025
5369.798229  1.007535
5370.421036  1.008552
5371.043843  1.016961
5371.66665  1.030011
5372.289457  1.042961
5372.912264  1.040959
5373.535071  1.035524
5374.157878  1.043374
5374.780685  1.042779
5375.403492  1.041352
5376.026299  1.045625
5376.649106  1.042193
5377.271913  1.041921
5377.89472  1.043193
5378.517527  1.035352
5379.140334  1.020922
5379.763141  1.019746
5380.385948  1.033207
5381.008755  1.033647
5381.631562  1.020655
5382.254369  1.006783
5382.877176  1.004688
5383.499983  1.017672
5384.12279  1.030441
5384.745597  1.034829
5385.368404  1.04458
5385.991211  1.048232
5386.614018  1.042503
5387.236825  1.038725
5387.859632  1.04016
5388.482439  1.042417
5389.105246  1.041085
5389.728053  1.035663
5390.35086  1.031358
5390.973667  1.028209
5391.596474  1.022004
5392.219281  1.012986
5392.842088  1.013095
5393.464895  1.026956
5394.087702  1.028533
5394.710509  1.018467
5395.333316  1.006635
5395.956123  1.000199
5396.57893  1.000635
5397.201737  1.009102
5397.824544  1.02097
5398.447351  1.019202
5399.070158  1.012813
5399.692965  1.011175
5400.315772  1.010922
5400.938579  1.009976
5401.561386  1.013509
5402.184193  1.018721
5402.807  1.002428
5403.429807  0.9863344
5404.052614  0.9906915
5404.675421  1.003048
5405.298228  1.012181
5405.921035  1.013556
5406.543842  1.008975
5407.166649  1.006611
5407.789456  1.00744
5408.412263  1.008173
5409.03507  1.007018
5409.657877  0.9982681
5410.280684  0.9904639
5410.903491  0.9974276
5411.526298  1.009444
5412.149105  1.012866
5412.771912  1.002564
5413.394719  0.9865063
5414.017526  0.9749067
5414.640333  0.9792591
5415.26314  1.002155
5415.885947  1.015279
5416.508754  1.016176
5417.131561  1.015482
5417.754368  1.018652
5418.377175  1.015843
5418.999982  1.011942
5419.622789  1.018635
5420.245596  1.020528
5420.868403  1.014651
5421.49121  1.006986
5422.114017  0.9987355
5422.736824  0.9893804
5423.359631  0.9809567
5423.982438  0.9777704
5424.605245  0.9777932
5425.228052  0.9892297
5425.850859  1.007699
5426.473666  1.001309
5427.096473  0.9882511
5427.71928  0.9807374
5428.342087  0.9682435
5428.964894  0.9773414
5429.587701  0.9968886
5430.210508  1.003706
5430.833315  1.009061
5431.456122  1.009668
5432.078929  1.003059
5432.701736  0.9939661
5433.324543  0.9928703
5433.94735  0.9958968
5434.570157  0.9955823
5435.192964  0.9966463
5435.815771  1.002156
5436.438578  1.010095
5437.061385  1.01332
5437.684192  1.013612
5438.306999  1.0128
5438.929806  1.009471
5439.552613  0.9982416
5440.17542  0.9952371
5440.798227  1.003532
5441.421034  1.000521
5442.043841  1.000915
5442.666648  1.002023
5443.289455  0.9913168
5443.912262  0.98701
5444.535069  0.9805567
5445.157876  0.9714743
5445.780683  0.9814444
5446.40349  0.9967122
5447.026297  1.005721
5447.649104  1.008373
5448.271911  1.000419
5448.894718  0.9964045
5449.517525  1.003064
5450.140332  1.002268
5450.763139  0.9981891
5451.385946  0.9956599
5452.008753  0.9944631
5452.63156  0.9951233
5453.254367  0.9859782
5453.877174  0.9652368
5454.499981  0.9572872
5455.122788  0.9723042
5455.745595  0.9951618
5456.368402  1.001865
5456.991209  0.9999146
5457.614016  0.9991995
5458.236823  1.001246
5458.85963  0.996632
5459.482437  0.9999422
5460.105244  1.007926
5460.728051  0.9972841
5461.350858  0.9773266
5461.973665  0.9634752
5462.596472  0.9653354
5463.219279  0.9774587
5463.842086  0.9804323
5464.464893  0.9731469
5465.0877  0.976642
5465.710507  0.9809903
5466.333314  0.9827896
5466.956121  0.9870529
5467.578928  0.9959067
5468.201735  0.9997864
5468.824542  0.9953558
