4780.  0.9242565
4780.622807  0.9342129
4781.245614  0.9491993
4781.868421  0.9455054
4782.491228  0.9287632
4783.114035  0.9160858
4783.736842  0.9209775
4784.359649  0.9409924
4784.982456  0.9513136
4785.605263  0.9264125
4786.22807  0.8772658
4786.850877  0.8801047
4787.473684  0.912353
4788.096491  0.925702
4788.719298  0.9178866
4789.342105  0.9087191
4789.964912  0.9128456
4790.587719  0.927999
4791.210526  0.9422916
4791.833333  0.9435412
4792.45614  0.9382274
4793.078947  0.954587
4793.701754  0.9686384
4794.324561  0.9694087
4794.947368  0.9726604
4795.570175  0.9723073
4796.192982  0.9734691
4796.815789  0.9763668
4797.438596  0.9579782
4798.061403  0.9391283
4798.68421  0.9279137
4799.307017  0.9071376
4799.929824  0.9073253
4800.552631  0.9290209
4801.175438  0.9491206
4801.798245  0.9682364
4802.421052  0.9667513
4803.043859  0.9475436
4803.666666  0.9495807
4804.289473  0.9336765
4804.91228  0.9101959
4805.535087  0.923023
4806.157894  0.9342828
4806.780701  0.9375416
4807.403508  0.941038
4808.026315  0.9404452
4808.649122  0.9322683
4809.271929  0.9246096
4809.894736  0.9295306
4810.517543  0.9323721
4811.14035  0.9380586
4811.763157  0.9516622
4812.385964  0.951432
4813.008771  0.9545603
4813.631578  0.9651786
4814.254385  0.962637
4814.877192  0.9740354
4815.499999  0.9862393
4816.122806  0.9750831
4816.745613  0.9724668
4817.36842  0.973267
4817.991227  0.9707873
4818.614034  0.980767
4819.236841  0.9939345
4819.859648  0.9988284
4820.482455  0.989326
4821.105262  0.9652217
4821.728069  0.9513224
4822.350876  0.9496773
4822.973683  0.9136316
4823.59649  0.8824839
4824.219297  0.8936048
4824.842104  0.940037
4825.464911  0.9699993
4826.087718  0.9764501
4826.710525  0.9774504
4827.333332  0.9749172
4827.956139  0.9635379
4828.578946  0.9481536
4829.201753  0.9451627
4829.82456  0.9512445
4830.447367  0.9507084
4831.070174  0.9381592
4831.692981  0.9382437
4832.315788  0.9534212
4832.938595  0.9672067
4833.561402  0.960152
4834.184209  0.952577
4834.807016  0.9572981
4835.429823  0.9651009
4836.05263  0.9515261
4836.675437  0.9486843
4837.298244  0.9663528
4837.921051  0.9447591
4838.543858  0.9207953
4839.166665  0.9170946
4839.789472  0.9158499
4840.412279  0.9141508
4841.035086  0.9278094
4841.657893  0.9521689
4842.2807  0.9380292
4842.903507  0.9189357
4843.526314  0.9275191
4844.149121  0.9512924
4844.771928  0.9604967
4845.394735  0.9531605
4846.017542  0.9463121
4846.640349  0.943985
4847.263156  0.9362235
4847.885963  0.9170073
4848.50877  0.8967444
4849.131577  0.899354
4849.754384  0.921923
4850.377191  0.9416117
4850.999998  0.9440725
4851.622805  0.9348631
4852.245612  0.9248337
4852.868419  0.9186364
4853.491226  0.9114705
4854.114033  0.889357
4854.73684  0.8444896
4855.359647  0.8078045
4855.982454  0.8057507
4856.605261  0.8306803
4857.228068  0.8356385
4857.850875  0.8155905
4858.473682  0.7776542
4859.096489  0.7231613
4859.719296  0.6458343
4860.342103  0.5425205
4860.96491  0.4479284
4861.587717  0.4552853
4862.210524  0.5575502
4862.833331  0.6764416
4863.456138  0.73164
4864.078945  0.7609138
4864.701752  0.7895314
4865.324559  0.8133352
4865.947366  0.8369075
4866.570173  0.8605778
4867.19298  0.876799
4867.815787  0.8758148
4868.438594  0.8801557
4869.061401  0.8942907
4869.684208  0.8982311
4870.307015  0.8722838
4870.929822  0.8274268
4871.552629  0.7988521
4872.175436  0.8216527
4872.798243  0.8708431
4873.42105  0.9077356
4874.043857  0.9154038
4874.666664  0.9211902
4875.289471  0.9184752
4875.912278  0.8992178
4876.535085  0.9002908
4877.157892  0.8971714
4877.780699  0.8840908
4878.403506  0.8992137
4879.026313  0.9383326
4879.64912  0.9719189
4880.271927  0.9757009
4880.894734  0.9650903
4881.517541  0.9383174
4882.140348  0.9140803
4882.763155  0.9322106
4883.385962  0.9432757
4884.008769  0.934627
4884.631576  0.931792
4885.254383  0.9175091
4885.87719  0.8960871
4886.499997  0.8855223
4887.122804  0.8995815
4887.745611  0.9133227
4888.368418  0.9145851
4888.991225  0.9111135
4889.614032  0.8978035
4890.236839  0.8659245
4890.859646  0.829325
4891.482453  0.8396961
4892.10526  0.8908185
4892.728067  0.9497825
4893.350874  0.9893806
4893.973681  1.006587
4894.596488  1.007133
4895.219295  0.99797
4895.842102  0.9867868
4896.464909  0.9853995
4897.087716  0.994332
4897.710523  0.9982024
4898.33333  0.9912401
4898.956137  0.9722356
4899.578944  0.9499127
4900.201751  0.9476936
4900.824558  0.9672909
4901.447365  0.9885814
4902.070172  0.9832972
4902.692979  0.9473968
4903.315786  0.9161677
4903.938593  0.9281142
4904.5614  0.9464305
4905.184207  0.9668324
4905.807014  0.9944019
4906.429821  1.005821
4907.052628  0.9975833
4907.675435  0.9810218
4908.298242  0.9683401
4908.921049  0.9454843
4909.543856  0.9133183
4910.166663  0.8906485
4910.78947  0.8978176
4911.412277  0.9223937
4912.035084  0.9475651
4912.657891  0.9689732
4913.280698  0.971307
4913.903505  0.9664435
4914.526312  0.9763616
4915.149119  0.9948953
4915.771926  0.9969689
4916.394733  0.9765316
4917.01754  0.9578711
4917.640347  0.9204292
4918.263154  0.8767303
4918.885961  0.8587787
4919.508768  0.8400068
4920.131575  0.8301442
4920.754382  0.8481631
4921.377189  0.8852466
4921.999996  0.9229628
4922.622803  0.9383062
4923.24561  0.9209494
4923.868417  0.8934612
4924.491224  0.8960738
4925.114031  0.9417434
4925.736838  0.9794615
4926.359645  0.986341
4926.982452  0.9719445
4927.605259  0.9652347
4928.228066  0.9696084
4928.850873  0.9804048
4929.47368  0.9885864
4930.096487  0.9853993
4930.719294  0.9837435
4931.342101  0.990589
4931.964908  0.9916736
4932.587715  0.9597753
4933.210522  0.9099038
4933.833329  0.8892051
4934.456136  0.9231133
4935.078943  0.9597744
4935.70175  0.9551928
4936.324557  0.9398777
4936.947364  0.9294944
4937.570171  0.9162898
4938.192978  0.8872204
4938.815785  0.8732976
4939.438592  0.8931401
4940.061399  0.9396044
4940.684206  0.9853289
4941.307013  1.00692
4941.92982  1.004082
4942.552627  0.9987482
4943.175434  1.004547
4943.798241  1.015458
4944.421048  1.014697
4945.043855  0.994098
4945.666662  0.970319
4946.289469  0.9614459
4946.912276  0.9715983
4947.535083  0.99189
4948.15789  1.008845
4948.780697  1.011753
4949.403504  0.9981428
4950.026311  0.9911487
4950.649118  1.002628
4951.271925  1.011171
4951.894732  1.000448
4952.517539  0.981023
4953.140346  0.9768118
4953.763153  0.984281
4954.38596  0.9938729
4955.008767  0.9977164
4955.631574  0.9911763
4956.254381  0.9401481
4956.877188  0.8574941
4957.499995  0.8126299
4958.122802  0.8621387
4958.745609  0.9504097
4959.368416  0.9945656
4959.991223  1.00711
4960.61403  1.004032
4961.236837  0.9998474
4961.859644  1.003509
4962.482451  1.004706
4963.105258  1.003686
4963.728065  1.006685
4964.350872  1.007444
4964.973679  0.9909032
4965.596486  0.9645191
4966.219293  0.9624379
4966.8421  0.9674644
4967.464907  0.9689164
4968.087714  0.9714202
4968.710521  0.9741389
4969.333328  0.9737082
4969.956135  0.9672631
4970.578942  0.9565973
4971.201749  0.9688354
4971.824556  0.9931841
4972.447363  0.9931542
4973.07017  0.9947885
4973.692977  1.006402
4974.315784  1.018095
4974.938591  1.018297
4975.561398  1.008203
4976.184205  0.9973691
4976.807012  0.9955108
4977.429819  0.9963998
4978.052626  0.9818084
4978.675433  0.9530618
4979.29824  0.9617188
4979.921047  0.9779127
4980.543854  0.9648474
4981.166661  0.9320992
4981.789468  0.8943005
4982.412275  0.86932
4983.035082  0.8656167
4983.657889  0.8711011
4984.280696  0.8777436
4984.903503  0.8856699
4985.52631  0.9032938
4986.149117  0.9456227
4986.771924  1.000083
4987.394731  1.030379
4988.017538  1.007768
4988.640345  0.9787631
4989.263152  0.9847438
4989.885959  0.9821407
4990.508766  0.9557508
4991.131573  0.9366601
4991.75438  0.9662545
4992.377187  0.9898217
4992.999994  0.9814191
4993.622801  0.9604203
4994.245608  0.9619518
4994.868415  0.9838486
4995.491222  1.005303
4996.114029  1.008326
4996.736836  1.003144
4997.359643  0.9999443
4997.98245  0.9958183
4998.605257  0.9675506
4999.228064  0.9445976
4999.850871  0.9482528
5000.473678  0.9500951
5001.096485  0.9374642
5001.719292  0.9266694
5002.342099  0.941023
5002.964906  0.9577038
5003.587713  0.9751608
5004.21052  0.9849421
5004.833327  0.9556451
5005.456134  0.9047476
5006.078941  0.8704324
5006.701748  0.8794493
5007.324555  0.9184332
5007.947362  0.9643403
5008.570169  0.994417
5009.192976  0.9958822
5009.815783  0.9894642
5010.43859  0.9834878
5011.061397  0.9581085
5011.684204  0.909597
5012.307011  0.8786733
5012.929818  0.891822
5013.552625  0.8899367
5014.175432  0.891047
5014.798239  0.9136099
5015.421046  0.9291518
5016.043853  0.9443769
5016.66666  0.9489478
5017.289467  0.9251259
5017.912274  0.8812482
5018.535081  0.8713177
5019.157888  0.9118415
5019.780695  0.9413575
5020.403502  0.9524157
5021.026309  0.9543436
5021.649116  0.9503849
5022.271923  0.9335545
5022.89473  0.9323737
5023.517537  0.9592432
5024.140344  0.9698421
5024.763151  0.9697324
5025.385958  0.9736894
5026.008765  0.9766099
5026.631572  0.9528645
5027.254379  0.9220485
5027.877186  0.9187054
5028.499993  0.9330054
5029.1228  0.9651744
5029.745607  0.9905003
5030.368414  0.9687825
5030.991221  0.9601794
5031.614028  0.9800755
5032.236835  1.001724
5032.859642  1.020846
5033.482449  1.022381
5034.105256  0.9968477
5034.728063  0.9544491
5035.35087  0.9106384
5035.973677  0.8967404
5036.596484  0.9313984
5037.219291  0.9622909
5037.842098  0.9565499
5038.464905  0.9259791
5039.087712  0.9195642
5039.710519  0.9057688
5040.333326  0.8612143
5040.956133  0.8118049
5041.57894  0.8164816
5042.201747  0.883463
5042.824554  0.9632758
5043.447361  0.9869993
5044.070168  0.9797134
5044.692975  0.9871067
5045.315782  1.016645
5045.938589  1.028541
5046.561396  1.013393
5047.184203  0.987606
5047.80701  0.9593045
5048.429817  0.9362322
5049.052624  0.9281566
5049.675431  0.9390293
5050.298238  0.9506875
5050.921045  0.9469575
5051.543852  0.9325705
5052.166659  0.9396191
5052.789466  0.9657378
5053.412273  0.9911144
5054.03508  1.006794
5054.657887  1.009604
5055.280694  1.006402
5055.903501  1.004644
5056.526308  0.9978268
5057.149115  0.9991964
5057.771922  1.014264
5058.394729  1.014605
5059.017536  1.003867
5059.640343  0.9995245
5060.26315  1.010874
5060.885957  1.02046
5061.508764  1.02395
5062.131571  1.025611
5062.754378  1.025502
5063.377185  1.008788
5063.999992  0.9691154
5064.622799  0.9239631
5065.245606  0.9277034
5065.868413  0.9658223
5066.49122  0.9853219
5067.114027  0.9840963
5067.736834  0.9725849
5068.359641  0.9608502
5068.982448  0.9555146
5069.605255  0.9746042
5070.228062  1.005639
5070.850869  1.012882
5071.473676  0.978161
5072.096483  0.9425902
5072.71929  0.9480544
5073.342097  0.9820668
5073.964904  0.9884973
5074.587711  0.9640232
5075.210518  0.9585857
5075.833325  0.9549789
5076.456132  0.9676853
5077.078939  1.002378
5077.701746  1.003623
5078.324553  0.9517797
5078.94736  0.8806714
5079.570167  0.8538578
5080.192974  0.8693313
5080.815781  0.907521
5081.438588  0.9470265
5082.061395  0.9671022
5082.684202  0.9509813
5083.307009  0.9225966
5083.929816  0.938247
5084.552623  0.9781684
5085.17543  1.008617
5085.798237  1.01228
5086.421044  1.000726
5087.043851  0.9892963
5087.666658  0.9880724
5088.289465  0.9993732
5088.912272  1.011196
5089.535079  1.01327
5090.157886  1.003367
5090.780693  0.9879405
5091.4035  0.9940889
5092.026307  1.023522
5092.649114  1.024817
5093.271921  1.018046
5093.894728  1.019791
5094.517535  1.013709
5095.140342  1.001699
5095.763149  0.9919631
5096.385956  0.9857954
5097.008763  0.969813
5097.63157  0.9330929
5098.254377  0.8887344
5098.877184  0.8716761
5099.499991  0.8998802
5100.122798  0.9516923
5100.745605  0.9916745
5101.368412  1.015999
5101.991219  1.021849
5102.614026  1.014212
5103.236833  1.006831
5103.85964  1.002046
5104.482447  0.9948066
5105.105254  0.9841667
5105.728061  0.9920805
5106.350868  0.9868162
5106.973675  0.9531864
5107.596482  0.9475154
5108.219289  0.9695375
5108.842096  0.9828835
5109.464903  0.9594231
5110.08771  0.9459515
5110.710517  0.9686322
5111.333324  1.007925
5111.956131  1.012009
5112.578938  1.017673
5113.201745  1.036674
5113.824552  1.022938
5114.447359  1.008967
5115.070166  1.005597
5115.692973  1.004515
5116.31578  1.016795
5116.938587  1.030791
5117.561394  1.038695
5118.184201  1.050013
5118.807008  1.04364
5119.429815  1.022008
5120.052622  1.007571
5120.675429  1.007362
5121.298236  1.002024
5121.921043  0.9857454
5122.54385  0.9860909
5123.166657  0.9722528
5123.789464  0.9474542
5124.412271  0.9483545
5125.035078  0.9472182
5125.657885  0.9506016
5126.280692  0.9699091
5126.903499  0.9763582
5127.526306  0.9760192
5128.149113  0.9712808
5128.77192  0.955308
5129.394727  0.9540844
5130.017534  0.9678891
5130.640341  0.9784445
5131.263148  0.9770363
5131.885955  0.9728359
5132.508762  0.9682341
5133.131569  0.9533831
5133.754376  0.9562853
5134.377183  0.9847544
5134.99999  1.016768
5135.622797  1.020988
5136.245604  0.987875
5136.868411  0.9461966
5137.491218  0.9491802
5138.114025  0.9607003
5138.736832  0.9429755
5139.359639  0.9085367
5139.982446  0.9373891
5140.605253  0.9873115
5141.22806  0.9805011
5141.850867  0.9265174
5142.473674  0.9011678
5143.096481  0.9333569
5143.719288  0.9768933
5144.342095  1.001758
5144.964902  1.00402
5145.587709  0.9925857
5146.210516  0.9731417
5146.833323  0.9548446
5147.45613  0.9505848
5148.078937  0.9688298
5148.701744  0.995742
5149.324551  1.014536
5149.947358  1.012945
5150.570165  0.9861338
5151.192972  0.9621882
5151.815779  0.9605737
5152.438586  0.9676833
5153.061393  0.9721674
5153.6842  0.971344
5154.307007  0.9678208
5154.929814  0.9620531
5155.552621  0.9697586
5156.175428  0.9950266
5156.798235  1.01108
5157.421042  1.023575
5158.043849  1.028233
5158.666656  1.012912
5159.289463  1.010419
5159.91227  1.018056
5160.535077  1.012327
5161.157884  0.9838263
5161.780691  0.9588956
5162.403498  0.9640246
5163.026305  0.9976249
5163.649112  1.015156
5164.271919  1.002366
5164.894726  0.9717382
5165.517533  0.9283574
5166.14034  0.8604813
5166.763147  0.7819727
5167.385954  0.7433942
5168.008761  0.7654421
5168.631568  0.8242547
5169.254375  0.8832322
5169.877182  0.9489197
5170.499989  0.9620277
5171.122796  0.8816867
5171.745603  0.7612531
5172.36841  0.7127641
5172.991217  0.7690739
5173.614024  0.8698334
5174.236831  0.965365
5174.859638  1.015186
5175.482445  1.013247
5176.105252  1.001092
5176.728059  1.001725
5177.350866  1.016465
5177.973673  1.029517
5178.59648  1.02446
5179.219287  1.012083
5179.842094  1.010486
5180.464901  1.009162
5181.087708  0.9979619
5181.710515  0.957892
5182.333322  0.8660882
5182.956129  0.7348095
5183.578936  0.669882
5184.201743  0.7567979
5184.82455  0.8744878
5185.447357  0.9483671
5186.070164  0.9718776
5186.692971  0.9822178
5187.315778  0.9729752
5187.938585  0.9489889
5188.561392  0.9373662
5189.184199  0.968057
5189.807006  1.000708
5190.429813  0.988472
5191.05262  0.9474781
5191.675427  0.898013
5192.298234  0.8849745
5192.921041  0.9418489
5193.543848  0.9826057
5194.166655  0.971019
5194.789462  0.9359669
5195.412269  0.9304338
5196.035076  0.9478846
5196.657883  0.9596987
5197.28069  0.9525917
5197.903497  0.9523836
5198.526304  0.9726043
5199.149111  1.003027
5199.771918  1.019475
5200.394725  1.013639
5201.017532  0.9905876
5201.640339  0.9642816
5202.263146  0.970064
5202.885953  0.9943119
5203.50876  0.9908373
5204.131567  0.957848
5204.754374  0.9290963
5205.377181  0.9291788
5205.999988  0.9397277
5206.622795  0.9637359
5207.245602  0.9734243
5207.868409  0.9365428
5208.491216  0.9232596
5209.114023  0.9575357
5209.73683  1.005539
5210.359637  1.015718
5210.982444  1.017647
5211.605251  1.029728
5212.228058  1.028051
5212.850865  1.036188
5213.473672  1.038638
5214.096479  1.008138
5214.719286  0.968755
5215.342093  0.9500067
5215.9649  0.9529635
5216.587707  0.9510787
5217.210514  0.9582854
5217.833321  0.9874334
5218.456128  1.025147
5219.078935  1.02635
5219.701742  1.019215
5220.324549  1.033494
5220.947356  1.040883
5221.570163  1.038569
5222.19297  1.03549
5222.815777  1.03598
5223.438584  1.016121
5224.061391  0.9965159
5224.684198  0.9922741
5225.307005  0.9579126
5225.929812  0.8937445
5226.552619  0.8454636
5227.175426  0.8670414
5227.798233  0.9341967
5228.42104  0.991567
5229.043847  1.004611
5229.666654  1.005435
5230.289461  1.009646
5230.912268  1.016219
5231.535075  1.01368
5232.157882  0.9719904
5232.780689  0.9328124
5233.403496  0.9511718
5234.026303  0.9606696
5234.64911  0.9586325
5235.271917  0.9729329
5235.894724  1.010285
5236.517531  1.027446
5237.140338  1.024018
5237.763145  1.034714
5238.385952  1.035338
5239.008759  1.018001
5239.631566  1.000762
5240.254373  1.013437
5240.87718  1.02738
5241.499987  1.020329
5242.122794  1.004564
5242.745601  1.00422
5243.368408  1.018585
5243.991215  1.034847
5244.614022  1.052098
5245.236829  1.056047
5245.859636  1.03887
5246.482443  1.01374
5247.10525  0.9998418
5247.728057  1.009018
5248.350864  1.03031
5248.973671  1.019541
5249.596478  0.9922069
5250.219285  0.980319
5250.842092  0.9898433
5251.464899  1.011007
5252.087706  1.02262
5252.710513  1.010311
5253.33332  1.002088
5253.956127  1.000206
5254.578934  0.9967754
5255.201741  0.997988
5255.824548  1.015363
5256.447355  1.042833
5257.070162  1.059589
5257.692969  1.068789
5258.315776  1.071293
5258.938583  1.063595
5259.56139  1.044733
5260.184197  1.027275
5260.807004  1.004483
5261.429811  0.9537594
5262.052618  0.9249254
5262.675425  0.9218854
5263.298232  0.9132181
5263.921039  0.8967909
5264.543846  0.8834975
5265.166653  0.8791147
5265.78946  0.8802367
5266.412267  0.9166273
5267.035074  0.9743715
5267.657881  0.9997101
5268.280688  0.965419
5268.903495  0.8888337
5269.526302  0.82776
5270.149109  0.8531269
5270.771916  0.9299998
5271.394723  0.991824
5272.01753  0.9996369
5272.640337  0.9666017
5273.263144  0.9483607
5273.885951  0.9685162
5274.508758  0.9609617
5275.131565  0.9366587
5275.754372  0.9391821
5276.377179  0.9896306
5276.999986  1.036706
5277.622793  1.056935
5278.2456  1.057531
5278.868407  1.034296
5279.491214  1.010092
5280.114021  1.001043
5280.736828  0.9964301
5281.359635  0.9929798
5281.982442  0.9898749
5282.605249  0.9818543
5283.228056  0.9496015
5283.850863  0.9375397
5284.47367  0.9759899
5285.096477  1.016896
5285.719284  1.043812
5286.342091  1.061352
5286.964898  1.074614
5287.587705  1.052469
5288.210512  1.021511
5288.833319  1.024113
5289.456126  1.050195
5290.078933  1.06277
5290.70174  1.055942
5291.324547  1.063078
5291.947354  1.057581
5292.570161  1.0461
5293.192968  1.047499
5293.815775  1.037459
5294.438582  1.035935
5295.061389  1.04525
5295.684196  1.024524
5296.307003  0.9878361
5296.92981  0.9595122
5297.552617  0.9498597
5298.175424  0.94398
5298.798231  0.9703256
5299.421038  1.028601
5300.043845  1.041871
5300.666652  1.024205
5301.289459  1.003049
5301.912266  0.9884304
5302.535073  1.002252
5303.15788  1.03169
5303.780687  1.04892
5304.403494  1.043549
5305.026301  1.040017
5305.649108  1.045776
5306.271915  1.039473
5306.894722  1.023841
5307.517529  1.016045
5308.140336  1.026143
5308.763143  1.037522
5309.38595  1.045623
5310.008757  1.051075
5310.631564  1.054035
5311.254371  1.057455
5311.877178  1.057892
5312.499985  1.047551
5313.122792  1.034574
5313.745599  1.029791
5314.368406  1.033552
5314.991213  1.027932
5315.61402  0.9982054
5316.236827  0.9640763
5316.859634  0.9652361
5317.482441  1.004
5318.105248  1.038656
5318.728055  1.036264
5319.350862  1.023415
5319.973669  1.020579
5320.596476  1.026925
5321.219283  1.027725
5321.84209  1.038441
5322.464897  1.0397
5323.087704  1.005477
5323.710511  0.9587242
5324.333318  0.9495555
5324.956125  0.9849679
5325.578932  1.007107
5326.201739  1.010041
5326.824546  0.9752927
5327.447353  0.8953801
5328.07016  0.8465219
5328.692967  0.8756033
5329.315774  0.9575203
5329.938581  1.001574
5330.561388  1.0276
5331.184195  1.043145
5331.807002  1.023987
5332.429809  1.000345
5333.052616  1.00066
5333.675423  1.023685
5334.29823  1.032566
5334.921037  1.033729
5335.543844  1.029867
5336.166651  1.009792
5336.789458  1.01446
5337.412265  1.030809
5338.035072  1.021338
5338.657879  1.007177
5339.280686  0.9870512
5339.903493  0.9583603
5340.5263  0.9373484
5341.149107  0.9658279
5341.771914  1.018307
5342.394721  1.034058
5343.017528  1.037442
5343.640335  1.034773
5344.263142  1.023128
5344.885949  1.010388
5345.508756  0.9998317
5346.131563  0.9998612
5346.75437  1.015484
5347.377177  1.019304
5347.999984  1.003381
5348.622791  0.9814304
5349.245598  0.9793956
5349.868405  1.000291
5350.491212  1.033916
5351.114019  1.06383
5351.736826  1.067198
5352.359633  1.045245
5352.98244  1.020936
5353.605247  1.020232
5354.228054  1.041886
5354.850861  1.06534
5355.473668  1.073086
5356.096475  1.07418
5356.719282  1.075768
5357.342089  1.073459
5357.964896  1.06158
5358.587703  1.061912
5359.21051  1.078623
5359.833317  1.070917
5360.456124  1.062155
5361.078931  1.060156
5361.701738  1.040467
5362.324545  1.00833
5362.947352  0.9980189
5363.570159  1.02098
5364.192966  1.01731
5364.815773  1.001029
5365.43858  0.9959164
5366.061387  0.9978201
5366.684194  0.9950615
5367.307001  0.9996511
5367.929808  1.022191
5368.552615  1.026583
5369.175422  0.9951347
5369.798229  0.9503111
5370.421036  0.9418419
5371.043843  0.9327856
5371.66665  0.9367532
5372.289457  0.9937414
5372.912264  1.022968
5373.535071  1.024754
5374.157878  1.03411
5374.780685  1.045276
5375.403492  1.056341
5376.026299  1.060388
5376.649106  1.05174
5377.271913  1.04294
5377.89472  1.038846
5378.517527  1.036198
5379.140334  1.032115
5379.763141  1.017447
5380.385948  1.003998
5381.008755  1.02003
5381.631562  1.036443
5382.254369  1.023127
5382.877176  0.9870022
5383.499983  0.9861588
5384.12279  1.017863
5384.745597  1.046839
5385.368404  1.048337
5385.991211  1.04296
5386.614018  1.044634
5387.236825  1.046745
5387.859632  1.051162
5388.482439  1.042999
5389.105246  1.015224
5389.728053  0.9905629
5390.35086  0.9992382
5390.973667  1.022134
5391.596474  1.006938
5392.219281  0.993484
5392.842088  0.9937003
5393.464895  0.9963689
5394.087702  1.010901
5394.710509  1.022327
5395.333316  1.021099
5395.956123  1.014839
5396.57893  0.968804
5397.201737  0.9345686
5397.824544  0.9775734
5398.447351  1.000956
5399.070158  1.002458
5399.692965  1.007475
5400.315772  0.9994301
5400.938579  1.000047
5401.561386  1.016815
5402.184193  1.027338
5402.807  1.004316
5403.429807  0.958077
5404.052614  0.9216256
5404.675421  0.9199738
5405.298228  0.9351657
5405.921035  0.9525175
5406.543842  0.978381
5407.166649  1.00418
5407.789456  1.021686
5408.412263  1.018171
5409.03507  0.9696572
5409.657877  0.9329608
5410.280684  0.9470618
5410.903491  0.9736191
5411.526298  1.001096
5412.149105  1.017659
5412.771912  1.015942
5413.394719  1.006163
5414.017526  0.9903526
5414.640333  0.9743228
5415.26314  0.9779902
5415.885947  1.001225
5416.508754  1.024822
5417.131561  1.026104
5417.754368  1.017767
5418.377175  1.009099
5418.999982  1.003445
5419.622789  1.003456
5420.245596  0.9990052
5420.868403  0.9940895
5421.49121  1.007525
5422.114017  1.017631
5422.736824  1.01006
5423.359631  0.9856029
5423.982438  0.9486636
5424.605245  0.9458678
5425.228052  0.9917611
5425.850859  1.028583
5426.473666  1.039618
5427.096473  1.032381
5427.71928  1.021795
5428.342087  1.005289
5428.964894  0.9663048
5429.587701  0.9217816
5430.210508  0.9405912
5430.833315  0.9914511
5431.456122  1.024232
5432.078929  1.021877
5432.701736  0.9987437
5433.324543  0.9795011
5433.94735  0.9745542
5434.570157  0.9647422
5435.192964  0.9720526
5435.815771  0.9965541
5436.438578  0.998502
5437.061385  1.00115
5437.684192  1.012883
5438.306999  1.021523
5438.929806  1.023855
5439.552613  1.027293
5440.17542  1.029554
5440.798227  1.017844
5441.421034  1.021608
5442.043841  1.035781
5442.666648  1.024508
5443.289455  1.01992
5443.912262  1.013906
5444.535069  0.9875687
5445.157876  0.9598981
5445.780683  0.9382374
5446.40349  0.9212531
5447.026297  0.9130268
5447.649104  0.964949
5448.271911  1.027585
5448.894718  1.027013
5449.517525  1.02494
5450.140332  1.032187
5450.763139  1.032839
5451.385946  1.019333
5452.008753  1.00878
5452.63156  1.01155
5453.254367  1.018225
5453.877174  1.004355
5454.499981  0.9609045
5455.122788  0.9131512
5455.745595  0.9182663
5456.368402  0.9648843
5456.991209  1.014144
5457.614016  1.035287
5458.236823  1.02838
5458.85963  1.014693
5459.482437  1.014855
5460.105244  1.0302
5460.728051  1.032073
5461.350858  1.005725
5461.973665  0.9704832
5462.596472  0.9456104
5463.219279  0.9408133
5463.842086  0.9564998
5464.464893  0.9959524
5465.0877  1.021348
5465.710507  1.008962
5466.333314  0.9925182
5466.956121  0.9957623
5467.578928  1.014724
5468.201735  1.024217
5468.824542  1.01671
