4780.  1.041222
4780.622807  1.050231
4781.245614  1.070226
4781.868421  1.066574
4782.491228  1.024585
4783.114035  0.972607
4783.736842  0.9787871
4784.359649  1.02615
4784.982456  1.050277
4785.605263  1.006609
4786.22807  0.9457968
4786.850877  0.9349055
4787.473684  0.9878945
4788.096491  1.019301
4788.719298  1.00242
4789.342105  0.9722164
4789.964912  0.9812908
4790.587719  1.002308
4791.210526  1.008571
4791.833333  1.003099
4792.45614  1.004161
4793.078947  1.032776
4793.701754  1.081791
4794.324561  1.10297
4794.947368  1.107607
4795.570175  1.102894
4796.192982  1.078868
4796.815789  1.066745
4797.438596  1.050979
4798.061403  1.013541
4798.68421  0.9905497
4799.307017  0.9754296
4799.929824  0.9653454
4800.552631  0.9787086
4801.175438  1.022309
4801.798245  1.059591
4802.421052  1.060834
4803.043859  1.066483
4803.666666  1.061688
4804.289473  1.029189
4804.91228  0.9910797
4805.535087  0.9982877
4806.157894  1.026755
4806.780701  1.018423
4807.403508  0.9886958
4808.026315  0.9678001
4808.649122  0.975526
4809.271929  1.006061
4809.894736  1.02771
4810.517543  1.032269
4811.14035  1.03576
4811.763157  1.040306
4812.385964  1.031536
4813.008771  1.01454
4813.631578  1.027343
4814.254385  1.041624
4814.877192  1.049351
4815.499999  1.070664
4816.122806  1.084355
4816.745613  1.076971
4817.36842  1.057449
4817.991227  1.055524
4818.614034  1.078475
4819.236841  1.101441
4819.859648  1.09027
4820.482455  1.066069
4821.105262  1.05541
4821.728069  1.056731
4822.350876  1.031061
4822.973683  0.9732025
4823.59649  0.9300895
4824.219297  0.9641758
4824.842104  1.012923
4825.464911  1.044575
4826.087718  1.066506
4826.710525  1.062976
4827.333332  1.050836
4827.956139  1.03789
4828.578946  1.007398
4829.201753  1.002912
4829.82456  1.025511
4830.447367  1.033512
4831.070174  1.010843
4831.692981  0.9860821
4832.315788  0.9883654
4832.938595  1.007324
4833.561402  1.026216
4834.184209  1.038572
4834.807016  1.047143
4835.429823  1.036145
4836.05263  1.021016
4836.675437  1.024364
4837.298244  1.041311
4837.921051  1.030308
4838.543858  0.9898328
4839.166665  0.962828
4839.789472  0.946125
4840.412279  0.9500603
4841.035086  0.9799303
4841.657893  1.006754
4842.2807  0.9978094
4842.903507  0.9651411
4843.526314  0.9628097
4844.149121  0.9939514
4844.771928  1.027797
4845.394735  1.038401
4846.017542  1.046889
4846.640349  1.040299
4847.263156  1.011036
4847.885963  0.980207
4848.50877  0.9587365
4849.131577  0.9600521
4849.754384  0.9881765
4850.377191  1.018001
4850.999998  1.019608
4851.622805  0.9936017
4852.245612  0.9816647
4852.868419  0.9732075
4853.491226  0.9574059
4854.114033  0.9331753
4854.73684  0.8756887
4855.359647  0.8259348
4855.982454  0.8307264
4856.605261  0.8693466
4857.228068  0.8953109
4857.850875  0.8846738
4858.473682  0.8470445
4859.096489  0.7865244
4859.719296  0.7038137
4860.342103  0.6036031
4860.96491  0.5065683
4861.587717  0.5113447
4862.210524  0.6286965
4862.833331  0.7397471
4863.456138  0.7882924
4864.078945  0.8041139
4864.701752  0.840395
4865.324559  0.875699
4865.947366  0.901968
4866.570173  0.9205347
4867.19298  0.9304863
4867.815787  0.9264057
4868.438594  0.9325443
4869.061401  0.9649009
4869.684208  0.9502609
4870.307015  0.8792193
4870.929822  0.7983685
4871.552629  0.7693948
4872.175436  0.8114495
4872.798243  0.8809373
4873.42105  0.9164286
4874.043857  0.9416893
4874.666664  0.9541143
4875.289471  0.9478328
4875.912278  0.9488947
4876.535085  0.9687789
4877.157892  0.9773754
4877.780699  0.9425917
4878.403506  0.9605461
4879.026313  1.02783
4879.64912  1.07336
4880.271927  1.065216
4880.894734  1.015654
4881.517541  0.9702005
4882.140348  0.974142
4882.763155  1.002396
4883.385962  1.015523
4884.008769  0.9941834
4884.631576  0.9528241
4885.254383  0.9218557
4885.87719  0.9098876
4886.499997  0.8966333
4887.122804  0.9136418
4887.745611  0.9378887
4888.368418  0.9283162
4888.991225  0.9434358
4889.614032  0.9457112
4890.236839  0.8845475
4890.859646  0.7945435
4891.482453  0.8088942
4892.10526  0.9232544
4892.728067  1.007273
4893.350874  1.05226
4893.973681  1.073873
4894.596488  1.085899
4895.219295  1.087579
4895.842102  1.072739
4896.464909  1.052946
4897.087716  1.053483
4897.710523  1.066897
4898.33333  1.070396
4898.956137  1.046783
4899.578944  1.003094
4900.201751  0.9956229
4900.824558  1.037252
4901.447365  1.065595
4902.070172  1.051123
4902.692979  1.010746
4903.315786  0.9845433
4903.938593  0.985959
4904.5614  1.01237
4905.184207  1.050557
4905.807014  1.083447
4906.429821  1.084172
4907.052628  1.056118
4907.675435  1.027599
4908.298242  1.015598
4908.921049  0.9900422
4909.543856  0.9342791
4910.166663  0.8917997
4910.78947  0.8925401
4911.412277  0.9328136
4912.035084  0.9796191
4912.657891  1.000813
4913.280698  1.005109
4913.903505  1.020023
4914.526312  1.052188
4915.149119  1.072507
4915.771926  1.066507
4916.394733  1.045763
4917.01754  1.003281
4917.640347  0.9341898
4918.263154  0.854713
4918.885961  0.8143535
4919.508768  0.7979423
4920.131575  0.7947733
4920.754382  0.8293189
4921.377189  0.8971543
4921.999996  0.9583942
4922.622803  0.9691893
4923.24561  0.9334111
4923.868417  0.9020405
4924.491224  0.9139546
4925.114031  0.9572546
4925.736838  1.014665
4926.359645  1.045108
4926.982452  1.021446
4927.605259  1.004197
4928.228066  1.030145
4928.850873  1.076034
4929.47368  1.071169
4930.096487  1.046457
4930.719294  1.042537
4931.342101  1.057848
4931.964908  1.050181
4932.587715  0.9966235
4933.210522  0.9248953
4933.833329  0.9103298
4934.456136  0.9622349
4935.078943  1.02595
4935.70175  1.030302
4936.324557  0.9956921
4936.947364  0.9475644
4937.570171  0.8995537
4938.192978  0.8697681
4938.815785  0.8646383
4939.438592  0.8960583
4940.061399  0.9753444
4940.684206  1.051644
4941.307013  1.079366
4941.92982  1.057273
4942.552627  1.045593
4943.175434  1.070551
4943.798241  1.102672
4944.421048  1.080184
4945.043855  1.02243
4945.666662  0.9805381
4946.289469  0.9900826
4946.912276  1.030777
4947.535083  1.061742
4948.15789  1.063419
4948.780697  1.062188
4949.403504  1.049198
4950.026311  1.038314
4950.649118  1.059482
4951.271925  1.064595
4951.894732  1.044736
4952.517539  1.025712
4953.140346  1.026831
4953.763153  1.031679
4954.38596  1.03633
4955.008767  1.058574
4955.631574  1.049391
4956.254381  0.9586309
4956.877188  0.8099529
4957.499995  0.7619384
4958.122802  0.8513211
4958.745609  0.9993806
4959.368416  1.084038
4959.991223  1.098581
4960.61403  1.079368
4961.236837  1.061252
4961.859644  1.050763
4962.482451  1.058643
4963.105258  1.081671
4963.728065  1.091407
4964.350872  1.059791
4964.973679  1.004208
4965.596486  0.9760422
4966.219293  0.9909917
4966.8421  1.011619
4967.464907  1.002814
4968.087714  0.9902594
4968.710521  0.9913355
4969.333328  0.9960216
4969.956135  0.9817844
4970.578942  0.9833617
4971.201749  1.009728
4971.824556  1.038881
4972.447363  1.044255
4973.07017  1.045291
4973.692977  1.059747
4974.315784  1.072459
4974.938591  1.063227
4975.561398  1.042952
4976.184205  1.037682
4976.807012  1.041691
4977.429819  1.021382
4978.052626  0.9784095
4978.675433  0.9734301
4979.29824  0.9759929
4979.921047  0.975911
4980.543854  0.987775
4981.166661  0.9627969
4981.789468  0.899402
4982.412275  0.8333951
4983.035082  0.8020657
4983.657889  0.8324865
4984.280696  0.8864336
4984.903503  0.8954739
4985.52631  0.9142413
4986.149117  0.9727935
4986.771924  1.045724
4987.394731  1.072136
4988.017538  1.050714
4988.640345  1.02527
4989.263152  1.03699
4989.885959  1.02638
4990.508766  0.9832121
4991.131573  0.9576728
4991.75438  0.9953076
4992.377187  1.031045
4992.999994  1.010375
4993.622801  0.9775897
4994.245608  0.9900393
4994.868415  1.033025
4995.491222  1.04565
4996.114029  1.02971
4996.736836  1.020186
4997.359643  1.031889
4997.98245  1.030113
4998.605257  0.9998301
4999.228064  0.9607574
4999.850871  0.943638
5000.473678  0.9323088
5001.096485  0.916343
5001.719292  0.9068785
5002.342099  0.929737
5002.964906  0.9579439
5003.587713  0.9679417
5004.21052  0.9625782
5004.833327  0.9158133
5005.456134  0.8544323
5006.078941  0.8308119
5006.701748  0.8566221
5007.324555  0.9245434
5007.947362  1.001201
5008.570169  1.037806
5009.192976  1.027143
5009.815783  1.006167
5010.43859  1.006171
5011.061397  0.9755608
5011.684204  0.9250677
5012.307011  0.888699
5012.929818  0.8729833
5013.552625  0.8631698
5014.175432  0.8671352
5014.798239  0.9046547
5015.421046  0.9413944
5016.043853  0.9537003
5016.66666  0.9326816
5017.289467  0.8780556
5017.912274  0.8456695
5018.535081  0.8705322
5019.157888  0.9294318
5019.780695  0.9677529
5020.403502  0.9763722
5021.026309  0.971943
5021.649116  0.9407439
5022.271923  0.923616
5022.89473  0.9466085
5023.517537  0.9843939
5024.140344  0.9938537
5024.763151  0.9855109
5025.385958  0.9932165
5026.008765  0.9889851
5026.631572  0.9474317
5027.254379  0.8970309
5027.877186  0.9190906
5028.499993  0.9778359
5029.1228  1.016368
5029.745607  1.01345
5030.368414  1.005132
5030.991221  1.006586
5031.614028  1.018305
5032.236835  1.046125
5032.859642  1.073191
5033.482449  1.082815
5034.105256  1.064785
5034.728063  0.9932967
5035.35087  0.9119217
5035.973677  0.8900176
5036.596484  0.943399
5037.219291  0.9926608
5037.842098  0.9790968
5038.464905  0.9296219
5039.087712  0.9058403
5039.710519  0.8893424
5040.333326  0.8281943
5040.956133  0.7562903
5041.57894  0.7790617
5042.201747  0.9073951
5042.824554  0.9958104
5043.447361  1.025952
5044.070168  1.03062
5044.692975  1.04433
5045.315782  1.065984
5045.938589  1.084125
5046.561396  1.078336
5047.184203  1.024225
5047.80701  0.9495531
5048.429817  0.9054817
5049.052624  0.9219744
5049.675431  0.9518387
5050.298238  0.9638073
5050.921045  0.9543837
5051.543852  0.9360889
5052.166659  0.9428055
5052.789466  0.9751136
5053.412273  0.9974706
5054.03508  1.02909
5054.657887  1.051882
5055.280694  1.038884
5055.903501  1.024675
5056.526308  1.02178
5057.149115  1.02572
5057.771922  1.029517
5058.394729  1.044683
5059.017536  1.057094
5059.640343  1.047975
5060.26315  1.053505
5060.885957  1.071292
5061.508764  1.083488
5062.131571  1.088946
5062.754378  1.088255
5063.377185  1.060406
5063.999992  0.9859116
5064.622799  0.9178939
5065.245606  0.918972
5065.868413  0.9835579
5066.49122  1.000852
5067.114027  0.9865234
5067.736834  0.9745495
5068.359641  0.9646091
5068.982448  0.9851435
5069.605255  1.027557
5070.228062  1.053372
5070.850869  1.036566
5071.473676  0.9787516
5072.096483  0.9310629
5072.71929  0.9626465
5073.342097  1.003882
5073.964904  1.004731
5074.587711  0.9785862
5075.210518  0.9632666
5075.833325  0.9768912
5076.456132  1.013298
5077.078939  1.047983
5077.701746  1.033835
5078.324553  0.9609262
5078.94736  0.8709793
5079.570167  0.8249325
5080.192974  0.8351877
5080.815781  0.8827301
5081.438588  0.9477926
5082.061395  0.9792616
5082.684202  0.9630973
5083.307009  0.9403965
5083.929816  0.9497389
5084.552623  0.9879177
5085.17543  1.023905
5085.798237  1.03512
5086.421044  1.021573
5087.043851  1.002275
5087.666658  1.000299
5088.289465  1.010149
5088.912272  1.022451
5089.535079  1.029805
5090.157886  1.020993
5090.780693  1.013799
5091.4035  1.026018
5092.026307  1.048511
5092.649114  1.067799
5093.271921  1.066458
5093.894728  1.041991
5094.517535  1.037133
5095.140342  1.04598
5095.763149  1.032294
5096.385956  0.9751354
5097.008763  0.929725
5097.63157  0.9055876
5098.254377  0.856431
5098.877184  0.8364988
5099.499991  0.87448
5100.122798  0.9499419
5100.745605  1.010428
5101.368412  1.050724
5101.991219  1.065989
5102.614026  1.035976
5103.236833  1.009884
5103.85964  1.002951
5104.482447  0.9971573
5105.105254  1.001032
5105.728061  1.008845
5106.350868  0.9968204
5106.973675  0.943268
5107.596482  0.9246114
5108.219289  0.9557994
5108.842096  0.9751833
5109.464903  0.9539261
5110.08771  0.9363077
5110.710517  0.9681042
5111.333324  1.022074
5111.956131  1.048225
5112.578938  1.043259
5113.201745  1.047348
5113.824552  1.051453
5114.447359  1.039678
5115.070166  1.016072
5115.692973  1.017765
5116.31578  1.048728
5116.938587  1.078557
5117.561394  1.070766
5118.184201  1.065085
5118.807008  1.070614
5119.429815  1.063011
5120.052622  1.034459
5120.675429  1.002709
5121.298236  0.9909921
5121.921043  1.001839
5122.54385  0.9859901
5123.166657  0.9520532
5123.789464  0.9457466
5124.412271  0.9267863
5125.035078  0.915882
5125.657885  0.9384332
5126.280692  0.9581408
5126.903499  0.9683018
5127.526306  0.9694978
5128.149113  0.9609449
5128.77192  0.9436503
5129.394727  0.9436035
5130.017534  0.9727631
5130.640341  0.9839593
5131.263148  0.9829376
5131.885955  0.9851304
5132.508762  0.9847378
5133.131569  0.9655111
5133.754376  0.9593755
5134.377183  1.002311
5134.99999  1.043742
5135.622797  1.034418
5136.245604  0.974721
5136.868411  0.9248606
5137.491218  0.9344515
5138.114025  0.9487724
5138.736832  0.8939295
5139.359639  0.8867968
5139.982446  0.9470587
5140.605253  1.004847
5141.22806  0.9795375
5141.850867  0.9067639
5142.473674  0.868978
5143.096481  0.916641
5143.719288  0.9865783
5144.342095  1.016753
5144.964902  0.9936157
5145.587709  0.96391
5146.210516  0.9502892
5146.833323  0.9425979
5147.45613  0.9205844
5148.078937  0.9317961
5148.701744  0.9771277
5149.324551  1.01066
5149.947358  0.9955394
5150.570165  0.9661949
5151.192972  0.9608878
5151.815779  0.9692637
5152.438586  0.972802
5153.061393  0.9613546
5153.6842  0.9442461
5154.307007  0.9527056
5154.929814  0.9647375
5155.552621  0.9656301
5156.175428  0.9976088
5156.798235  1.026073
5157.421042  1.026837
5158.043849  1.015503
5158.666656  1.005832
5159.289463  1.015026
5159.91227  1.039307
5160.535077  1.035114
5161.157884  0.9910753
5161.780691  0.9388276
5162.403498  0.927659
5163.026305  0.951461
5163.649112  0.9593453
5164.271919  0.9180065
5164.894726  0.8878478
5165.517533  0.8543664
5166.14034  0.7834063
5166.763147  0.6871198
5167.385954  0.6496277
5168.008761  0.6876709
5168.631568  0.754824
5169.254375  0.8523535
5169.877182  0.9310924
5170.499989  0.9251666
5171.122796  0.8069397
5171.745603  0.660332
5172.36841  0.5901502
5172.991217  0.6506316
5173.614024  0.8027646
5174.236831  0.9536223
5174.859638  1.026665
5175.482445  1.029096
5176.105252  1.01443
5176.728059  1.017196
5177.350866  1.028174
5177.973673  1.043471
5178.59648  1.047479
5179.219287  1.030905
5179.842094  1.014041
5180.464901  0.9994346
5181.087708  0.9735036
5181.710515  0.9120873
5182.333322  0.7730684
5182.956129  0.6101667
5183.578936  0.5460746
5184.201743  0.6468576
5184.82455  0.8159218
5185.447357  0.931915
5186.070164  0.9876282
5186.692971  1.005694
5187.315778  0.9925588
5187.938585  0.9460115
5188.561392  0.9338477
5189.184199  0.9830178
5189.807006  1.04626
5190.429813  1.016768
5191.05262  0.9231771
5191.675427  0.84699
5192.298234  0.8439138
5192.921041  0.9204291
5193.543848  0.9967116
5194.166655  0.9906879
5194.789462  0.9440816
5195.412269  0.9129888
5196.035076  0.9214091
5196.657883  0.945147
5197.28069  0.9659631
5197.903497  0.982565
5198.526304  1.00283
5199.149111  1.021596
5199.771918  1.038136
5200.394725  1.045359
5201.017532  1.023416
5201.640339  0.9968706
5202.263146  0.9977957
5202.885953  1.02873
5203.50876  1.021032
5204.131567  0.9732366
5204.754374  0.9261591
5205.377181  0.898252
5205.999988  0.9185545
5206.622795  0.9667116
5207.245602  0.9728098
5207.868409  0.9164993
5208.491216  0.8851562
5209.114023  0.9526929
5209.73683  0.9988686
5210.359637  1.014231
5210.982444  1.029044
5211.605251  1.040172
5212.228058  1.053105
5212.850865  1.064532
5213.473672  1.057758
5214.096479  1.014583
5214.719286  0.9546669
5215.342093  0.9139954
5215.9649  0.9125572
5216.587707  0.9290398
5217.210514  0.9465038
5217.833321  0.9730226
5218.456128  1.021181
5219.078935  1.059431
5219.701742  1.056137
5220.324549  1.043205
5220.947356  1.043215
5221.570163  1.053447
5222.19297  1.051017
5222.815777  1.042774
5223.438584  1.023026
5224.061391  0.985491
5224.684198  0.9521931
5225.307005  0.9091126
5225.929812  0.8420962
5226.552619  0.7739099
5227.175426  0.7974166
5227.798233  0.9022204
5228.42104  0.9863088
5229.043847  1.005149
5229.666654  0.9956523
5230.289461  1.010542
5230.912268  1.04289
5231.535075  1.018913
5232.157882  0.9402966
5232.780689  0.8961217
5233.403496  0.9202818
5234.026303  0.9526284
5234.64911  0.9422643
5235.271917  0.9607119
5235.894724  0.9929554
5236.517531  1.015832
5237.140338  1.039486
5237.763145  1.054945
5238.385952  1.058289
5239.008759  1.05304
5239.631566  1.041849
5240.254373  1.044129
5240.87718  1.057122
5241.499987  1.044132
5242.122794  1.018223
5242.745601  1.000055
5243.368408  1.004347
5243.991215  1.043795
5244.614022  1.084255
5245.236829  1.087466
5245.859636  1.058596
5246.482443  1.00998
5247.10525  0.978682
5247.728057  0.9995854
5248.350864  1.023353
5248.973671  1.011677
5249.596478  0.9712071
5250.219285  0.9566606
5250.842092  0.9830477
5251.464899  1.023587
5252.087706  1.036213
5252.710513  1.026105
5253.33332  1.010743
5253.956127  0.9947115
5254.578934  0.9536986
5255.201741  0.9518704
5255.824548  1.018112
5256.447355  1.070724
5257.070162  1.086455
5257.692969  1.082464
5258.315776  1.083006
5258.938583  1.077947
5259.56139  1.068908
5260.184197  1.052548
5260.807004  1.005542
5261.429811  0.950506
5262.052618  0.91404
5262.675425  0.8988759
5263.298232  0.8712854
5263.921039  0.8498768
5264.543846  0.8498684
5265.166653  0.8076238
5265.78946  0.7781977
5266.412267  0.8204862
5267.035074  0.9124048
5267.657881  0.9624037
5268.280688  0.9217995
5268.903495  0.8201939
5269.526302  0.7430536
5270.149109  0.7650458
5270.771916  0.8777989
5271.394723  0.9755329
5272.01753  0.9955019
5272.640337  0.9630328
5273.263144  0.950465
5273.885951  0.9625102
5274.508758  0.9387104
5275.131565  0.8716611
5275.754372  0.8864091
5276.377179  0.9666294
5276.999986  1.044785
5277.622793  1.075712
5278.2456  1.070391
5278.868407  1.049711
5279.491214  1.026351
5280.114021  1.004217
5280.736828  0.9824679
5281.359635  0.9675121
5281.982442  0.9677455
5282.605249  0.9535819
5283.228056  0.9261777
5283.850863  0.9195121
5284.47367  0.9640482
5285.096477  1.030834
5285.719284  1.078552
5286.342091  1.099507
5286.964898  1.094296
5287.587705  1.073539
5288.210512  1.058301
5288.833319  1.069138
5289.456126  1.090053
5290.078933  1.099531
5290.70174  1.104986
5291.324547  1.096753
5291.947354  1.074735
5292.570161  1.056013
5293.192968  1.050569
5293.815775  1.05659
5294.438582  1.066584
5295.061389  1.069295
5295.684196  1.045347
5296.307003  0.9938293
5296.92981  0.9417938
5297.552617  0.8918067
5298.175424  0.8865476
5298.798231  0.95564
5299.421038  1.015957
5300.043845  1.035679
5300.666652  1.026326
5301.289459  1.007228
5301.912266  0.9875861
5302.535073  0.9931604
5303.15788  1.044231
5303.780687  1.082057
5304.403494  1.09002
5305.026301  1.083511
5305.649108  1.075815
5306.271915  1.066923
5306.894722  1.053511
5307.517529  1.039013
5308.140336  1.052394
5308.763143  1.079078
5309.38595  1.088737
5310.008757  1.092704
5310.631564  1.094796
5311.254371  1.093421
5311.877178  1.082412
5312.499985  1.06615
5313.122792  1.06015
5313.745599  1.071881
5314.368406  1.074929
5314.991213  1.056939
5315.61402  1.020255
5316.236827  0.9772734
5316.859634  0.9781165
5317.482441  1.021635
5318.105248  1.054353
5318.728055  1.06343
5319.350862  1.063473
5319.973669  1.066678
5320.596476  1.056647
5321.219283  1.042524
5321.84209  1.039006
5322.464897  1.043301
5323.087704  0.9943221
5323.710511  0.9274386
5324.333318  0.9189316
5324.956125  0.959339
5325.578932  1.005387
5326.201739  1.017573
5326.824546  0.9808891
5327.447353  0.8660479
5328.07016  0.762346
5328.692967  0.7909727
5329.315774  0.8905993
5329.938581  0.990533
5330.561388  1.048753
5331.184195  1.064035
5331.807002  1.036136
5332.429809  0.999517
5333.052616  1.003105
5333.675423  1.034938
5334.29823  1.066286
5334.921037  1.075788
5335.543844  1.063163
5336.166651  1.043879
5336.789458  1.035019
5337.412265  1.0415
5338.035072  1.0451
5338.657879  1.030703
5339.280686  0.9915134
5339.903493  0.9238566
5340.5263  0.8976061
5341.149107  0.9468492
5341.771914  1.010158
5342.394721  1.04161
5343.017528  1.045315
5343.640335  1.052764
5344.263142  1.054185
5344.885949  1.033532
5345.508756  1.001532
5346.131563  1.002216
5346.75437  1.023924
5347.377177  1.034171
5347.999984  1.01369
5348.622791  0.9728107
5349.245598  0.9562957
5349.868405  0.9924399
5350.491212  1.042769
5351.114019  1.077214
5351.736826  1.079558
5352.359633  1.054339
5352.98244  1.033213
5353.605247  1.035865
5354.228054  1.061463
5354.850861  1.089741
5355.473668  1.107639
5356.096475  1.107557
5356.719282  1.091358
5357.342089  1.094703
5357.964896  1.109013
5358.587703  1.099334
5359.21051  1.089411
5359.833317  1.090306
5360.456124  1.091545
5361.078931  1.067603
5361.701738  1.03031
5362.324545  1.009778
5362.947352  1.024595
5363.570159  1.036735
5364.192966  1.010261
5364.815773  0.9643748
5365.43858  0.9881931
5366.061387  1.025275
5366.684194  1.014626
5367.307001  0.9792166
5367.929808  0.9919032
5368.552615  1.014234
5369.175422  0.9718226
5369.798229  0.9290773
5370.421036  0.8975254
5371.043843  0.8847763
5371.66665  0.9248925
5372.289457  0.9949065
5372.912264  1.047805
5373.535071  1.056446
5374.157878  1.069027
5374.780685  1.080848
5375.403492  1.074299
5376.026299  1.064956
5376.649106  1.050023
5377.271913  1.035398
5377.89472  1.035794
5378.517527  1.051482
5379.140334  1.05027
5379.763141  1.01752
5380.385948  1.004325
5381.008755  1.015702
5381.631562  1.02936
5382.254369  1.018969
5382.877176  0.9814564
5383.499983  0.9680313
5384.12279  1.0213
5384.745597  1.075022
5385.368404  1.085879
5385.991211  1.060753
5386.614018  1.044474
5387.236825  1.044584
5387.859632  1.049984
5388.482439  1.044583
5389.105246  1.022917
5389.728053  1.003994
5390.35086  1.000156
5390.973667  0.9901375
5391.596474  0.9794454
5392.219281  0.9733881
5392.842088  0.9680758
5393.464895  0.9795826
5394.087702  1.000947
5394.710509  1.014123
5395.333316  1.018244
5395.956123  1.001011
5396.57893  0.9593025
5397.201737  0.9165906
5397.824544  0.9342777
5398.447351  0.9874579
5399.070158  1.003722
5399.692965  0.9864882
5400.315772  0.9704357
5400.938579  0.982757
5401.561386  1.013128
5402.184193  1.033451
5402.807  1.010435
5403.429807  0.939534
5404.052614  0.8929844
5404.675421  0.8757033
5405.298228  0.8678426
5405.921035  0.8902907
5406.543842  0.9309804
5407.166649  0.9743334
5407.789456  1.009907
5408.412263  1.008506
5409.03507  0.971009
5409.657877  0.9242713
5410.280684  0.899904
5410.903491  0.9288659
5411.526298  0.9924464
5412.149105  1.027684
5412.771912  1.028825
5413.394719  1.011979
5414.017526  0.9915223
5414.640333  0.9598008
5415.26314  0.9569835
5415.885947  0.9989914
5416.508754  1.035392
5417.131561  1.047897
5417.754368  1.040725
5418.377175  1.027108
5418.999982  1.024487
5419.622789  1.011397
5420.245596  0.9768292
5420.868403  0.9631352
5421.49121  0.9867231
5422.114017  1.023007
5422.736824  1.020727
5423.359631  0.9535784
5423.982438  0.8909346
5424.605245  0.9123607
5425.228052  0.9788402
5425.850859  1.038864
5426.473666  1.066814
5427.096473  1.073253
5427.71928  1.071286
5428.342087  1.031354
5428.964894  0.9378396
5429.587701  0.8829705
5430.210508  0.9227766
5430.833315  1.014452
5431.456122  1.034986
5432.078929  1.008833
5432.701736  0.9805201
5433.324543  0.9606208
5433.94735  0.9456548
5434.570157  0.9438896
5435.192964  0.9541736
5435.815771  0.9504367
5436.438578  0.9624707
5437.061385  1.00222
5437.684192  1.040003
5438.306999  1.058726
5438.929806  1.062397
5439.552613  1.064047
5440.17542  1.057606
5440.798227  1.046529
5441.421034  1.04028
5442.043841  1.046385
5442.666648  1.061899
5443.289455  1.063396
5443.912262  1.031182
5444.535069  0.9921829
5445.157876  0.9663258
5445.780683  0.9440581
5446.40349  0.8953406
5447.026297  0.8971612
5447.649104  0.9645333
5448.271911  1.026797
5448.894718  1.049178
5449.517525  1.052487
5450.140332  1.063752
5450.763139  1.060394
5451.385946  1.052179
5452.008753  1.044528
5452.63156  1.030372
5453.254367  1.024194
5453.877174  1.01162
5454.499981  0.9666345
5455.122788  0.8965858
5455.745595  0.8850662
5456.368402  0.9555016
5456.991209  1.018579
5457.614016  1.05067
5458.236823  1.060686
5458.85963  1.064254
5459.482437  1.058149
5460.105244  1.041686
5460.728051  1.023269
5461.350858  1.015674
5461.973665  0.9716649
5462.596472  0.9034206
5463.219279  0.8858115
5463.842086  0.9399467
5464.464893  1.010072
5465.0877  1.030879
5465.710507  1.006391
5466.333314  0.9799657
5466.956121  0.9810115
5467.578928  1.002011
5468.201735  1.02836
5468.824542  1.035841
