4780.  0.9220023
4780.622807  0.929298
4781.245614  0.9198951
4781.868421  0.9130593
4782.491228  0.8758964
4783.114035  0.8200948
4783.736842  0.8345006
4784.359649  0.9102226
4784.982456  0.946841
4785.605263  0.8664219
4786.22807  0.7896641
4786.850877  0.801443
4787.473684  0.8782014
4788.096491  0.8977597
4788.719298  0.8599629
4789.342105  0.8192501
4789.964912  0.8200861
4790.587719  0.8474375
4791.210526  0.8707407
4791.833333  0.875418
4792.45614  0.8806087
4793.078947  0.9184805
4793.701754  0.9796937
4794.324561  1.011989
4794.947368  1.017507
4795.570175  0.996062
4796.192982  0.9576942
4796.815789  0.946109
4797.438596  0.9248677
4798.061403  0.8744788
4798.68421  0.8400312
4799.307017  0.8262047
4799.929824  0.8289413
4800.552631  0.8541619
4801.175438  0.9247908
4801.798245  0.9789091
4802.421052  0.9806041
4803.043859  0.9908072
4803.666666  0.9782158
4804.289473  0.9278716
4804.91228  0.8773469
4805.535087  0.892781
4806.157894  0.9225353
4806.780701  0.8992146
4807.403508  0.8614163
4808.026315  0.8323724
4808.649122  0.8368942
4809.271929  0.8874438
4809.894736  0.9292338
4810.517543  0.9350135
4811.14035  0.9196721
4811.763157  0.9199395
4812.385964  0.917736
4813.008771  0.9028844
4813.631578  0.9019552
4814.254385  0.9125637
4814.877192  0.921499
4815.499999  0.9275949
4816.122806  0.9633022
4816.745613  0.9900395
4817.36842  0.9766806
4817.991227  0.961269
4818.614034  0.9845757
4819.236841  1.019104
4819.859648  1.005046
4820.482455  0.973133
4821.105262  0.9700475
4821.728069  0.988739
4822.350876  0.9438651
4822.973683  0.8537748
4823.59649  0.7997059
4824.219297  0.8450719
4824.842104  0.9128894
4825.464911  0.9568102
4826.087718  0.9703572
4826.710525  0.9466766
4827.333332  0.9246797
4827.956139  0.9161846
4828.578946  0.8928967
4829.201753  0.9023794
4829.82456  0.9446161
4830.447367  0.9637995
4831.070174  0.9032384
4831.692981  0.8302791
4832.315788  0.8211659
4832.938595  0.8668929
4833.561402  0.9198173
4834.184209  0.9501834
4834.807016  0.9567128
4835.429823  0.9363691
4836.05263  0.9212145
4836.675437  0.9360842
4837.298244  0.9608648
4837.921051  0.9464054
4838.543858  0.8977618
4839.166665  0.8669997
4839.789472  0.8394068
4840.412279  0.8405134
4841.035086  0.8880205
4841.657893  0.9249925
4842.2807  0.9079384
4842.903507  0.8534929
4843.526314  0.8328039
4844.149121  0.87745
4844.771928  0.9454502
4845.394735  0.9770739
4846.017542  0.9812859
4846.640349  0.971251
4847.263156  0.9443079
4847.885963  0.8886628
4848.50877  0.829151
4849.131577  0.829757
4849.754384  0.9184303
4850.377191  0.9769965
4850.999998  0.9603497
4851.622805  0.915107
4852.245612  0.9310459
4852.868419  0.9578111
4853.491226  0.9457245
4854.114033  0.8959423
4854.73684  0.8052678
4855.359647  0.7420021
4855.982454  0.7713425
4856.605261  0.8667068
4857.228068  0.9217649
4857.850875  0.9025427
4858.473682  0.8744805
4859.096489  0.8218906
4859.719296  0.7564705
4860.342103  0.6892729
4860.96491  0.5768587
4861.587717  0.5658855
4862.210524  0.7068508
4862.833331  0.8253681
4863.456138  0.8350044
4864.078945  0.7976729
4864.701752  0.8211301
4865.324559  0.8623254
4865.947366  0.8971573
4866.570173  0.9101543
4867.19298  0.8809915
4867.815787  0.8426123
4868.438594  0.8471186
4869.061401  0.9061124
4869.684208  0.912786
4870.307015  0.8337703
4870.929822  0.7187238
4871.552629  0.6537806
4872.175436  0.6961215
4872.798243  0.7994046
4873.42105  0.8526881
4874.043857  0.8739037
4874.666664  0.8615944
4875.289471  0.8243482
4875.912278  0.8425615
4876.535085  0.8979287
4877.157892  0.9217238
4877.780699  0.8789798
4878.403506  0.908815
4879.026313  1.004069
4879.64912  1.039806
4880.271927  0.9879506
4880.894734  0.8877638
4881.517541  0.8203396
4882.140348  0.8529716
4882.763155  0.9216784
4883.385962  0.9519399
4884.008769  0.9191654
4884.631576  0.8524757
4885.254383  0.7981041
4885.87719  0.7802716
4886.499997  0.7800428
4887.122804  0.8190089
4887.745611  0.8631024
4888.368418  0.8471402
4888.991225  0.8572318
4889.614032  0.8719281
4890.236839  0.8129183
4890.859646  0.6870962
4891.482453  0.6783319
4892.10526  0.8272946
4892.728067  0.9417954
4893.350874  0.9871754
4893.973681  1.005178
4894.596488  1.038574
4895.219295  1.050313
4895.842102  1.031733
4896.464909  1.004713
4897.087716  1.000974
4897.710523  1.023147
4898.33333  1.028138
4898.956137  0.9745196
4899.578944  0.9045942
4900.201751  0.8895423
4900.824558  0.9440774
4901.447365  0.9860686
4902.070172  0.9713778
4902.692979  0.9200607
4903.315786  0.890851
4903.938593  0.9035363
4904.5614  0.9446727
4905.184207  0.9910834
4905.807014  1.037801
4906.429821  1.039385
4907.052628  0.9893462
4907.675435  0.9415376
4908.298242  0.9200051
4908.921049  0.8928131
4909.543856  0.8338729
4910.166663  0.8093324
4910.78947  0.8198439
4911.412277  0.8488695
4912.035084  0.8979629
4912.657891  0.9316797
4913.280698  0.9348112
4913.903505  0.9304375
4914.526312  0.9644843
4915.149119  1.011861
4915.771926  1.027682
4916.394733  1.008489
4917.01754  0.9614301
4917.640347  0.8864701
4918.263154  0.7875851
4918.885961  0.7214755
4919.508768  0.6804608
4920.131575  0.6482945
4920.754382  0.6766157
4921.377189  0.7622074
4921.999996  0.8555884
4922.622803  0.8977883
4923.24561  0.8942873
4923.868417  0.8581496
4924.491224  0.8149982
4925.114031  0.8232208
4925.736838  0.8945535
4926.359645  0.9687171
4926.982452  0.9548018
4927.605259  0.9204187
4928.228066  0.9436458
4928.850873  1.0221
4929.47368  1.031186
4930.096487  0.9938157
4930.719294  0.9888366
4931.342101  1.025341
4931.964908  1.030575
4932.587715  0.9595704
4933.210522  0.8495301
4933.833329  0.8047668
4934.456136  0.866257
4935.078943  0.9716026
4935.70175  0.9843014
4936.324557  0.9381827
4936.947364  0.8811679
4937.570171  0.8062345
4938.192978  0.7527686
4938.815785  0.742131
4939.438592  0.7782217
4940.061399  0.8688378
4940.684206  0.9632333
4941.307013  1.005146
4941.92982  0.9835337
4942.552627  0.9708359
4943.175434  1.001745
4943.798241  1.042534
4944.421048  1.027751
4945.043855  0.9710736
4945.666662  0.925257
4946.289469  0.9255254
4946.912276  0.9713492
4947.535083  1.015653
4948.15789  1.012786
4948.780697  1.011053
4949.403504  1.001891
4950.026311  0.981912
4950.649118  1.025254
4951.271925  1.057242
4951.894732  1.025311
4952.517539  0.9734595
4953.140346  0.9663814
4953.763153  0.9855223
4954.38596  0.989337
4955.008767  1.014503
4955.631574  1.034407
4956.254381  0.9686009
4956.877188  0.7687296
4957.499995  0.6509667
4958.122802  0.7238457
4958.745609  0.9037431
4959.368416  1.017155
4959.991223  1.053033
4960.61403  1.056238
4961.236837  1.018976
4961.859644  0.9858865
4962.482451  0.993901
4963.105258  1.036386
4963.728065  1.048978
4964.350872  1.000347
4964.973679  0.9177608
4965.596486  0.8721979
4966.219293  0.8849971
4966.8421  0.9223328
4967.464907  0.9303684
4968.087714  0.911192
4968.710521  0.9124549
4969.333328  0.9483616
4969.956135  0.9297224
4970.578942  0.9133273
4971.201749  0.9524832
4971.824556  1.003809
4972.447363  1.00308
4973.07017  0.9874892
4973.692977  1.0239
4974.315784  1.040165
4974.938591  1.016952
4975.561398  0.982377
4976.184205  0.9731275
4976.807012  0.9769863
4977.429819  0.9537677
4978.052626  0.8892002
4978.675433  0.872206
4979.29824  0.8977537
4979.921047  0.9199575
4980.543854  0.9359444
4981.166661  0.9093302
4981.789468  0.8378193
4982.412275  0.7684062
4983.035082  0.7446888
4983.657889  0.7741765
4984.280696  0.8237142
4984.903503  0.8381552
4985.52631  0.8354642
4986.149117  0.8606164
4986.771924  0.9323269
4987.394731  0.9874433
4988.017538  0.987799
4988.640345  0.9535614
4989.263152  0.9497604
4989.885959  0.9493787
4990.508766  0.9171492
4991.131573  0.8829885
4991.75438  0.9202076
4992.377187  0.9827091
4992.999994  0.9603754
4993.622801  0.9053826
4994.245608  0.8944234
4994.868415  0.9417733
4995.491222  0.9666075
4996.114029  0.9528
4996.736836  0.9337625
4997.359643  0.9485349
4997.98245  0.9640315
4998.605257  0.9402539
4999.228064  0.8790206
4999.850871  0.8461458
5000.473678  0.848785
5001.096485  0.8623821
5001.719292  0.8637562
5002.342099  0.8670427
5002.964906  0.8713369
5003.587713  0.865689
5004.21052  0.8560252
5004.833327  0.8238093
5005.456134  0.7680666
5006.078941  0.7326089
5006.701748  0.7536974
5007.324555  0.8326822
5007.947362  0.928598
5008.570169  0.9767886
5009.192976  0.9555332
5009.815783  0.9071873
5010.43859  0.9100211
5011.061397  0.8986799
5011.684204  0.8369262
5012.307011  0.7753307
5012.929818  0.7597636
5013.552625  0.7526784
5014.175432  0.7256367
5014.798239  0.7706077
5015.421046  0.843753
5016.043853  0.8807091
5016.66666  0.873229
5017.289467  0.8230965
5017.912274  0.7823622
5018.535081  0.8014508
5019.157888  0.8474161
5019.780695  0.8753415
5020.403502  0.8706565
5021.026309  0.8589602
5021.649116  0.8249463
5022.271923  0.7969152
5022.89473  0.8255851
5023.517537  0.8904198
5024.140344  0.9232963
5024.763151  0.9007717
5025.385958  0.8980936
5026.008765  0.917078
5026.631572  0.8931472
5027.254379  0.7872959
5027.877186  0.7816851
5028.499993  0.8757529
5029.1228  0.947805
5029.745607  0.9489376
5030.368414  0.9217982
5030.991221  0.9218874
5031.614028  0.9593721
5032.236835  1.001703
5032.859642  1.027423
5033.482449  1.036088
5034.105256  1.032514
5034.728063  0.9761443
5035.35087  0.8705727
5035.973677  0.8055013
5036.596484  0.836071
5037.219291  0.911796
5037.842098  0.9294172
5038.464905  0.8800893
5039.087712  0.8228776
5039.710519  0.7846086
5040.333326  0.7008982
5040.956133  0.6141248
5041.57894  0.6229457
5042.201747  0.7758927
5042.824554  0.9030121
5043.447361  0.9410214
5044.070168  0.9414327
5044.692975  0.9698419
5045.315782  1.01211
5045.938589  1.0417
5046.561396  1.053649
5047.184203  0.9947383
5047.80701  0.892239
5048.429817  0.8238271
5049.052624  0.815254
5049.675431  0.8475908
5050.298238  0.8799019
5050.921045  0.8786246
5051.543852  0.8489199
5052.166659  0.8342023
5052.789466  0.8699921
5053.412273  0.9123883
5054.03508  0.9533592
5054.657887  0.9916986
5055.280694  0.9977386
5055.903501  0.9850952
5056.526308  0.9703841
5057.149115  0.9580395
5057.771922  0.9680307
5058.394729  0.985852
5059.017536  0.9883242
5059.640343  0.9799278
5060.26315  1.000174
5060.885957  1.043812
5061.508764  1.054022
5062.131571  1.044713
5062.754378  1.03331
5063.377185  1.006718
5063.999992  0.9067225
5064.622799  0.8086345
5065.245606  0.8005599
5065.868413  0.8736213
5066.49122  0.9268894
5067.114027  0.9185353
5067.736834  0.8867351
5068.359641  0.8659331
5068.982448  0.8845748
5069.605255  0.940105
5070.228062  0.987344
5070.850869  0.9812911
5071.473676  0.9154446
5072.096483  0.8390123
5072.71929  0.8526189
5073.342097  0.9278634
5073.964904  0.9692315
5074.587711  0.945884
5075.210518  0.9101235
5075.833325  0.9032519
5076.456132  0.9150619
5077.078939  0.9653465
5077.701746  0.9910817
5078.324553  0.9154896
5078.94736  0.7875284
5079.570167  0.6978411
5080.192974  0.6997424
5080.815781  0.7671664
5081.438588  0.856394
5082.061395  0.9045563
5082.684202  0.8783309
5083.307009  0.8456677
5083.929816  0.8557684
5084.552623  0.9000948
5085.17543  0.9190035
5085.798237  0.9224895
5086.421044  0.9204025
5087.043851  0.9054973
5087.666658  0.9099333
5088.289465  0.928521
5088.912272  0.9435633
5089.535079  0.9685506
5090.157886  0.9689909
5090.780693  0.9430765
5091.4035  0.9407768
5092.026307  0.960151
5092.649114  0.9918591
5093.271921  1.019343
5093.894728  1.009088
5094.517535  0.9821623
5095.140342  0.9670417
5095.763149  0.9581711
5096.385956  0.9231724
5097.008763  0.8763854
5097.63157  0.8483596
5098.254377  0.7780476
5098.877184  0.7247031
5099.499991  0.7654976
5100.122798  0.8712351
5100.745605  0.9544932
5101.368412  0.9788345
5101.991219  0.9767212
5102.614026  0.9490414
5103.236833  0.9174287
5103.85964  0.9026083
5104.482447  0.8908953
5105.105254  0.8949236
5105.728061  0.9152396
5106.350868  0.9198158
5106.973675  0.8665395
5107.596482  0.8207778
5108.219289  0.8567991
5108.842096  0.8786724
5109.464903  0.8505986
5110.08771  0.8113394
5110.710517  0.8317043
5111.333324  0.8988396
5111.956131  0.9485881
5112.578938  0.9363478
5113.201745  0.9241293
5113.824552  0.9366057
5114.447359  0.9537049
5115.070166  0.9431598
5115.692973  0.9353985
5116.31578  0.9591451
5116.938587  1.004952
5117.561394  1.014122
5118.184201  1.000733
5118.807008  1.00196
5119.429815  0.9878576
5120.052622  0.9543722
5120.675429  0.9192141
5121.298236  0.9027822
5121.921043  0.89389
5122.54385  0.8558311
5123.166657  0.7826036
5123.789464  0.7661788
5124.412271  0.7904898
5125.035078  0.814009
5125.657885  0.8406557
5126.280692  0.8529255
5126.903499  0.8451079
5127.526306  0.8307442
5128.149113  0.836841
5128.77192  0.8381691
5129.394727  0.8237392
5130.017534  0.8489854
5130.640341  0.8777996
5131.263148  0.8877503
5131.885955  0.9011994
5132.508762  0.9134914
5133.131569  0.9076325
5133.754376  0.8946684
5134.377183  0.9408014
5134.99999  0.9906656
5135.622797  0.9775733
5136.245604  0.9074159
5136.868411  0.855937
5137.491218  0.8606198
5138.114025  0.8794964
5138.736832  0.8021227
5139.359639  0.759832
5139.982446  0.8514174
5140.605253  0.9451385
5141.22806  0.9300274
5141.850867  0.8214154
5142.473674  0.7419889
5143.096481  0.7888386
5143.719288  0.8831936
5144.342095  0.909708
5144.964902  0.8784721
5145.587709  0.8378295
5146.210516  0.8176411
5146.833323  0.8100823
5147.45613  0.7999415
5148.078937  0.8100248
5148.701744  0.8566944
5149.324551  0.8909796
5149.947358  0.8841499
5150.570165  0.846034
5151.192972  0.8178807
5151.815779  0.820705
5152.438586  0.8379856
5153.061393  0.8410155
5153.6842  0.832012
5154.307007  0.8418081
5154.929814  0.8771251
5155.552621  0.8991399
5156.175428  0.9132684
5156.798235  0.9339522
5157.421042  0.960295
5158.043849  0.9540364
5158.666656  0.9291239
5159.289463  0.9238193
5159.91227  0.9502893
5160.535077  0.9793563
5161.157884  0.9635284
5161.780691  0.8888857
5162.403498  0.8578309
5163.026305  0.8798724
5163.649112  0.8861523
5164.271919  0.8313954
5164.894726  0.7675803
5165.517533  0.7237117
5166.14034  0.6518286
5166.763147  0.5569939
5167.385954  0.5014777
5168.008761  0.5398785
5168.631568  0.616883
5169.254375  0.7418612
5169.877182  0.8754724
5170.499989  0.8722463
5171.122796  0.7396454
5171.745603  0.56115
5172.36841  0.4417212
5172.991217  0.471262
5173.614024  0.633621
5174.236831  0.8254431
5174.859638  0.9240645
5175.482445  0.9228464
5176.105252  0.8881548
5176.728059  0.8917212
5177.350866  0.9310743
5177.973673  0.9642183
5178.59648  0.9593724
5179.219287  0.9379251
5179.842094  0.9177611
5180.464901  0.9029508
5181.087708  0.8811643
5181.710515  0.82832
5182.333322  0.6984888
5182.956129  0.5007563
5183.578936  0.4053542
5184.201743  0.5002014
5184.82455  0.7123034
5185.447357  0.8467267
5186.070164  0.9197472
5186.692971  0.9611367
5187.315778  0.9524744
5187.938585  0.8936197
5188.561392  0.8668776
5189.184199  0.9317455
5189.807006  1.015109
5190.429813  1.007566
5191.05262  0.8818278
5191.675427  0.7302845
5192.298234  0.6856123
5192.921041  0.767895
5193.543848  0.883765
5194.166655  0.9085109
5194.789462  0.8599922
5195.412269  0.8185337
5196.035076  0.8349122
5196.657883  0.8779745
5197.28069  0.9076911
5197.903497  0.9162736
5198.526304  0.9439771
5199.149111  0.9679809
5199.771918  0.9647954
5200.394725  0.9645213
5201.017532  0.9556131
5201.640339  0.9314187
5202.263146  0.9123892
5202.885953  0.9547604
5203.50876  0.9655348
5204.131567  0.8698007
5204.754374  0.7938555
5205.377181  0.7475016
5205.999988  0.7505936
5206.622795  0.8404748
5207.245602  0.8448341
5207.868409  0.7543895
5208.491216  0.7041378
5209.114023  0.7858486
5209.73683  0.8673866
5210.359637  0.867949
5210.982444  0.899294
5211.605251  0.9396126
5212.228058  0.9649245
5212.850865  0.978539
5213.473672  0.989943
5214.096479  0.9689076
5214.719286  0.9045922
5215.342093  0.8488198
5215.9649  0.8338991
5216.587707  0.8545356
5217.210514  0.8823726
5217.833321  0.925146
5218.456128  0.9675998
5219.078935  0.9848605
5219.701742  0.9728847
5220.324549  0.9661342
5220.947356  0.9796118
5221.570163  0.9861098
5222.19297  0.9697376
5222.815777  0.9418886
5223.438584  0.9136871
5224.061391  0.8541782
5224.684198  0.804082
5225.307005  0.7791725
5225.929812  0.7251856
5226.552619  0.6552228
5227.175426  0.6578454
5227.798233  0.7947043
5228.42104  0.9288518
5229.043847  0.9717175
5229.666654  0.9418301
5230.289461  0.9446271
5230.912268  0.9905062
5231.535075  1.007743
5232.157882  0.9279124
5232.780689  0.8521745
5233.403496  0.8465378
5234.026303  0.8866383
5234.64911  0.8761815
5235.271917  0.8779489
5235.894724  0.9349573
5236.517531  0.988024
5237.140338  1.013809
5237.763145  1.013553
5238.385952  1.001111
5239.008759  0.9851874
5239.631566  0.9729066
5240.254373  0.9799454
5240.87718  1.022112
5241.499987  1.02745
5242.122794  0.9878104
5242.745601  0.9634218
5243.368408  0.9711051
5243.991215  1.014604
5244.614022  1.066203
5245.236829  1.06267
5245.859636  0.9877287
5246.482443  0.8811473
5247.10525  0.8165878
5247.728057  0.8500826
5248.350864  0.9218234
5248.973671  0.9319195
5249.596478  0.8660837
5250.219285  0.8078218
5250.842092  0.8243275
5251.464899  0.8943982
5252.087706  0.9403756
5252.710513  0.9526145
5253.33332  0.9626872
5253.956127  0.9378973
5254.578934  0.861077
5255.201741  0.799391
5255.824548  0.8852366
5256.447355  0.9991972
5257.070162  1.047766
5257.692969  1.049646
5258.315776  1.058319
5258.938583  1.056572
5259.56139  1.022503
5260.184197  1.001366
5260.807004  0.9705654
5261.429811  0.9123902
5262.052618  0.8457972
5262.675425  0.7986048
5263.298232  0.768639
5263.921039  0.7449248
5264.543846  0.7436649
5265.166653  0.7044405
5265.78946  0.6465955
5266.412267  0.7024406
5267.035074  0.8364558
5267.657881  0.9226545
5268.280688  0.85485
5268.903495  0.6763515
5269.526302  0.543091
5270.149109  0.576462
5270.771916  0.7471957
5271.394723  0.8998664
5272.01753  0.9429592
5272.640337  0.9105167
5273.263144  0.8910463
5273.885951  0.9012769
5274.508758  0.8931695
5275.131565  0.8213467
5275.754372  0.8147159
5276.377179  0.9173917
5276.999986  1.013361
5277.622793  1.049269
5278.2456  1.047325
5278.868407  1.043596
5279.491214  1.004107
5280.114021  0.9529359
5280.736828  0.9205395
5281.359635  0.9040039
5281.982442  0.9107638
5282.605249  0.9105963
5283.228056  0.8712425
5283.850863  0.8361861
5284.47367  0.8731031
5285.096477  0.9859586
5285.719284  1.075303
5286.342091  1.105187
5286.964898  1.088215
5287.587705  1.059145
5288.210512  1.027912
5288.833319  1.026074
5289.456126  1.064954
5290.078933  1.095547
5290.70174  1.108778
5291.324547  1.103646
5291.947354  1.071615
5292.570161  1.023666
5293.192968  0.9948301
5293.815775  1.007872
5294.438582  1.025034
5295.061389  1.021095
5295.684196  0.988114
5296.307003  0.9303552
5296.92981  0.8518027
5297.552617  0.7808823
5298.175424  0.7683507
5298.798231  0.8650757
5299.421038  0.9760879
5300.043845  0.9963294
5300.666652  0.9517545
5301.289459  0.9205932
5301.912266  0.9357018
5302.535073  0.966047
5303.15788  1.008059
5303.780687  1.050657
5304.403494  1.082681
5305.026301  1.106234
5305.649108  1.100269
5306.271915  1.063922
5306.894722  1.031733
5307.517529  1.023912
5308.140336  1.045285
5308.763143  1.082523
5309.38595  1.104329
5310.008757  1.102338
5310.631564  1.08871
5311.254371  1.083182
5311.877178  1.074036
5312.499985  1.059474
5313.122792  1.051915
5313.745599  1.051778
5314.368406  1.055778
5314.991213  1.052628
5315.61402  1.024256
5316.236827  0.9856123
5316.859634  0.9737449
5317.482441  1.012087
5318.105248  1.038338
5318.728055  1.027723
5319.350862  1.00569
5319.973669  1.011272
5320.596476  1.025528
5321.219283  1.026082
5321.84209  1.023703
5322.464897  1.018156
5323.087704  0.9827068
5323.710511  0.9105916
5324.333318  0.8922213
5324.956125  0.9343252
5325.578932  0.9843498
5326.201739  0.9826503
5326.824546  0.9028426
5327.447353  0.756883
5328.07016  0.6154397
5328.692967  0.6491517
5329.315774  0.8011183
5329.938581  0.9273536
5330.561388  1.007111
5331.184195  1.030438
5331.807002  1.002055
5332.429809  0.9466736
5333.052616  0.942844
5333.675423  0.994224
5334.29823  1.052481
5334.921037  1.090639
5335.543844  1.085983
5336.166651  1.050342
5336.789458  1.033373
5337.412265  1.041936
5338.035072  1.058021
5338.657879  1.048542
5339.280686  0.9825273
5339.903493  0.8865451
5340.5263  0.8282727
5341.149107  0.8688022
5341.771914  0.967003
5342.394721  1.04087
5343.017528  1.041648
5343.640335  1.046942
5344.263142  1.056135
5344.885949  1.027118
5345.508756  0.9657962
5346.131563  0.9559544
5346.75437  1.007153
5347.377177  1.022813
5347.999984  0.9913444
5348.622791  0.9400104
5349.245598  0.9127241
5349.868405  0.9454862
5350.491212  1.007106
5351.114019  1.05302
5351.736826  1.069644
5352.359633  1.05339
5352.98244  1.027436
5353.605247  1.030182
5354.228054  1.07975
5354.850861  1.128849
5355.473668  1.134733
5356.096475  1.125261
5356.719282  1.120708
5357.342089  1.118613
5357.964896  1.106058
5358.587703  1.106565
5359.21051  1.119973
5359.833317  1.125366
5360.456124  1.103488
5361.078931  1.059896
5361.701738  1.020945
5362.324545  1.016868
5362.947352  1.041304
5363.570159  1.060008
5364.192966  1.040701
5364.815773  0.9928132
5365.43858  0.9819281
5366.061387  1.020186
5366.684194  1.021611
5367.307001  1.002055
5367.929808  0.9995324
5368.552615  1.015581
5369.175422  0.965605
5369.798229  0.8885844
5370.421036  0.8453298
5371.043843  0.7957107
5371.66665  0.8195989
5372.289457  0.9327011
5372.912264  1.037605
5373.535071  1.074139
5374.157878  1.075125
5374.780685  1.095929
5375.403492  1.103163
5376.026299  1.082644
5376.649106  1.044017
5377.271913  1.016809
5377.89472  1.033084
5378.517527  1.070223
5379.140334  1.078036
5379.763141  1.057117
5380.385948  1.030559
5381.008755  1.022246
5381.631562  1.039514
5382.254369  1.034336
5382.877176  1.000572
5383.499983  0.987903
5384.12279  1.032201
5384.745597  1.078744
5385.368404  1.07022
5385.991211  1.045527
5386.614018  1.026611
5387.236825  1.022742
5387.859632  1.030227
5388.482439  1.022923
5389.105246  0.9933458
5389.728053  0.9601977
5390.35086  0.952203
5390.973667  0.9502913
5391.596474  0.9434081
5392.219281  0.9558353
5392.842088  0.9593803
5393.464895  0.950894
5394.087702  0.9541296
5394.710509  0.967899
5395.333316  0.9781644
5395.956123  0.9505116
5396.57893  0.8487226
5397.201737  0.79869
5397.824544  0.8610013
5398.447351  0.961561
5399.070158  1.01239
5399.692965  0.9921341
5400.315772  0.9478953
5400.938579  0.9521268
5401.561386  1.000084
5402.184193  1.042836
5402.807  1.032464
5403.429807  0.9623154
5404.052614  0.876056
5404.675421  0.8198887
5405.298228  0.7747619
5405.921035  0.7779022
5406.543842  0.8408805
5407.166649  0.9002051
5407.789456  0.9582353
5408.412263  0.9787069
5409.03507  0.9185994
5409.657877  0.8666419
5410.280684  0.8714808
5410.903491  0.9258162
5411.526298  0.9930437
5412.149105  1.036713
5412.771912  1.044635
5413.394719  1.031262
5414.017526  1.008273
5414.640333  0.9870911
5415.26314  0.9856248
5415.885947  1.033487
5416.508754  1.077586
5417.131561  1.080731
5417.754368  1.071236
5418.377175  1.057987
5418.999982  1.035755
5419.622789  0.9969604
5420.245596  0.9480873
5420.868403  0.9389286
5421.49121  0.9905694
5422.114017  1.043309
5422.736824  1.050755
5423.359631  0.9974265
5423.982438  0.9164863
5424.605245  0.9128661
5425.228052  0.9775856
5425.850859  1.040825
5426.473666  1.073508
5427.096473  1.096879
5427.71928  1.100386
5428.342087  1.031213
5428.964894  0.8882256
5429.587701  0.7952356
5430.210508  0.8644099
5430.833315  0.9988773
5431.456122  1.053318
5432.078929  0.9939185
5432.701736  0.940345
5433.324543  0.9254126
5433.94735  0.914849
5434.570157  0.8753203
5435.192964  0.8820097
5435.815771  0.9043759
5436.438578  0.9084371
5437.061385  0.9548183
5437.684192  1.020743
5438.306999  1.070495
5438.929806  1.095359
5439.552613  1.107697
5440.17542  1.104908
5440.798227  1.086705
5441.421034  1.079039
5442.043841  1.079471
5442.666648  1.083715
5443.289455  1.09346
5443.912262  1.066088
5444.535069  1.018303
5445.157876  0.9872988
5445.780683  0.9283189
5446.40349  0.8449197
5447.026297  0.8104727
5447.649104  0.9160486
5448.271911  1.026087
5448.894718  1.070438
5449.517525  1.093861
5450.140332  1.093553
5450.763139  1.078662
5451.385946  1.06401
5452.008753  1.056648
5452.63156  1.041683
5453.254367  1.023127
5453.877174  1.016518
5454.499981  0.9609306
5455.122788  0.8732487
5455.745595  0.8356273
5456.368402  0.9123087
5456.991209  1.01238
5457.614016  1.062642
5458.236823  1.100268
5458.85963  1.112539
5459.482437  1.090933
5460.105244  1.049416
5460.728051  1.020977
5461.350858  1.016429
5461.973665  1.005128
5462.596472  0.9341638
5463.219279  0.8918256
5463.842086  0.9314927
5464.464893  1.011092
5465.0877  1.062989
5465.710507  1.051429
5466.333314  1.001846
5466.956121  0.9952055
5467.578928  1.023442
5468.201735  1.050453
5468.824542  1.053131
