4780.  0.2024743
4780.622807  0.4689969
4781.245614  0.4698031
4781.868421  0.4629961
4782.491228  0.8011216
4783.114035  0.8434349
4783.736842  0.8467603
4784.359649  0.9039412
4784.982456  0.9253597
4785.605263  0.8710523
4786.22807  0.8050196
4786.850877  0.8107935
4787.473684  0.8696437
4788.096491  0.894114
4788.719298  0.8647653
4789.342105  0.8334399
4789.964912  0.8380691
4790.587719  0.860389
4791.210526  0.866701
4791.833333  0.8635862
4792.45614  0.8767805
4793.078947  0.9168019
4793.701754  0.9614354
4794.324561  0.9906306
4794.947368  1.000668
4795.570175  0.9753749
4796.192982  0.943105
4796.815789  0.9316575
4797.438596  0.9185173
4798.061403  0.8751817
4798.68421  0.8344283
4799.307017  0.8243497
4799.929824  0.8196286
4800.552631  0.8423061
4801.175438  0.906428
4801.798245  0.9538442
4802.421052  0.9597521
4803.043859  0.9580922
4803.666666  0.9523685
4804.289473  0.9059156
4804.91228  0.8613729
4805.535087  0.8795788
4806.157894  0.906148
4806.780701  0.8890892
4807.403508  0.8483471
4808.026315  0.8252622
4808.649122  0.8337921
4809.271929  0.8712202
4809.894736  0.9054591
4810.517543  0.9070122
4811.14035  0.9057643
4811.763157  0.9139382
4812.385964  0.9029574
4813.008771  0.889798
4813.631578  0.8938795
4814.254385  0.908016
4814.877192  0.9134338
4815.499999  0.9209886
4816.122806  0.9456877
4816.745613  0.9571898
4817.36842  0.9487086
4817.991227  0.9455225
4818.614034  0.9606308
4819.236841  0.9826608
4819.859648  0.9755698
4820.482455  0.9474114
4821.105262  0.9421698
4821.728069  0.9473188
4822.350876  0.9140497
4822.973683  0.8423806
4823.59649  0.8036449
4824.219297  0.8335961
4824.842104  0.8853077
4825.464911  0.9253069
4826.087718  0.9448549
4826.710525  0.9391999
4827.333332  0.9235381
4827.956139  0.9035587
4828.578946  0.8761846
4829.201753  0.8711426
4829.82456  0.9108731
4830.447367  0.9334677
4831.070174  0.8860258
4831.692981  0.8313923
4832.315788  0.8296633
4832.938595  0.8698052
4833.561402  0.903437
4834.184209  0.9206446
4834.807016  0.9262476
4835.429823  0.9136282
4836.05263  0.9017771
4836.675437  0.921268
4837.298244  0.9408524
4837.921051  0.9146013
4838.543858  0.873227
4839.166665  0.842815
4839.789472  0.8206421
4840.412279  0.8246097
4841.035086  0.8631539
4841.657893  0.8957215
4842.2807  0.8783232
4842.903507  0.8427495
4843.526314  0.8383924
4844.149121  0.8769857
4844.771928  0.9274591
4845.394735  0.9505918
4846.017542  0.9471176
4846.640349  0.9398361
4847.263156  0.9127268
4847.885963  0.8586302
4848.50877  0.8183573
4849.131577  0.8288584
4849.754384  0.8893386
4850.377191  0.9401278
4850.999998  0.9290181
4851.622805  0.8960143
4852.245612  0.894708
4852.868419  0.9136254
4853.491226  0.909925
4854.114033  0.8595832
4854.73684  0.7776464
4855.359647  0.7271898
4855.982454  0.7571234
4856.605261  0.8283767
4857.228068  0.8659765
4857.850875  0.8590956
4858.473682  0.830323
4859.096489  0.7838854
4859.719296  0.7247761
4860.342103  0.6431022
4860.96491  0.547964
4861.587717  0.5453674
4862.210524  0.6615567
4862.833331  0.7760726
4863.456138  0.7912658
4864.078945  0.7751076
4864.701752  0.7978366
4865.324559  0.8334439
4865.947366  0.8614237
4866.570173  0.8711733
4867.19298  0.8516226
4867.815787  0.8246239
4868.438594  0.8352829
4869.061401  0.8710405
4869.684208  0.8611236
4870.307015  0.7924365
4870.929822  0.7011098
4871.552629  0.6580697
4872.175436  0.70576
4872.798243  0.7865673
4873.42105  0.8320252
4874.043857  0.841823
4874.666664  0.8267015
4875.289471  0.8140219
4875.912278  0.8362455
4876.535085  0.8763036
4877.157892  0.8814475
4877.780699  0.8544421
4878.403506  0.8817746
4879.026313  0.9548435
4879.64912  0.9860563
4880.271927  0.9437968
4880.894734  0.8679312
4881.517541  0.8193864
4882.140348  0.8397122
4882.763155  0.8981722
4883.385962  0.9194782
4884.008769  0.8838791
4884.631576  0.8262907
4885.254383  0.7795168
4885.87719  0.7648321
4886.499997  0.778622
4887.122804  0.803762
4887.745611  0.8267267
4888.368418  0.8270265
4888.991225  0.8285397
4889.614032  0.835346
4890.236839  0.7789167
4890.859646  0.6785499
4891.482453  0.6899169
4892.10526  0.8115442
4892.728067  0.9084448
4893.350874  0.9460911
4893.973681  0.9658999
4894.596488  0.9920722
4895.219295  1.00642
4895.842102  0.9890909
4896.464909  0.9644959
4897.087716  0.9650956
4897.710523  0.977666
4898.33333  0.9758636
4898.956137  0.9373826
4899.578944  0.8807705
4900.201751  0.8684089
4900.824558  0.9143516
4901.447365  0.9536737
4902.070172  0.9360928
4902.692979  0.8905637
4903.315786  0.8654884
4903.938593  0.8740787
4904.5614  0.9058603
4905.184207  0.9459785
4905.807014  0.9802927
4906.429821  0.9874835
4907.052628  0.9521476
4907.675435  0.9066772
4908.298242  0.8905102
4908.921049  0.8663331
4909.543856  0.816826
4910.166663  0.7870024
4910.78947  0.7941473
4911.412277  0.8235067
4912.035084  0.8641077
4912.657891  0.8986605
4913.280698  0.9000965
4913.903505  0.8963878
4914.526312  0.9307592
4915.149119  0.9716806
4915.771926  0.9779671
4916.394733  0.9505081
4917.01754  0.9111397
4917.640347  0.8458135
4918.263154  0.7623435
4918.885961  0.707976
4919.508768  0.6766272
4920.131575  0.6553124
4920.754382  0.6772995
4921.377189  0.7526236
4921.999996  0.8321049
4922.622803  0.8654113
4923.24561  0.8453724
4923.868417  0.8050734
4924.491224  0.7854567
4925.114031  0.8114285
4925.736838  0.8803774
4926.359645  0.9323032
4926.982452  0.9195454
4927.605259  0.8954728
4928.228066  0.9250708
4928.850873  0.9831638
4929.47368  0.9885769
4930.096487  0.9515847
4930.719294  0.9431497
4931.342101  0.9782425
4931.964908  0.9765444
4932.587715  0.9080856
4933.210522  0.8176529
4933.833329  0.7868495
4934.456136  0.8473182
4935.078943  0.9267271
4935.70175  0.9373368
4936.324557  0.8975537
4936.947364  0.8456593
4937.570171  0.7899566
4938.192978  0.7432719
4938.815785  0.7288622
4939.438592  0.7635231
4940.061399  0.8476731
4940.684206  0.9406436
4941.307013  0.9779943
4941.92982  0.9552864
4942.552627  0.947178
4943.175434  0.9725345
4943.798241  0.9953119
4944.421048  0.9854487
4945.043855  0.9382205
4945.666662  0.8919273
4946.289469  0.8961329
4946.912276  0.937076
4947.535083  0.9727353
4948.15789  0.9829218
4948.780697  0.9736483
4949.403504  0.9559551
4950.026311  0.9524255
4950.649118  0.9804557
4951.271925  1.000724
4951.894732  0.9761623
4952.517539  0.9340931
4953.140346  0.9277465
4953.763153  0.9419394
4954.38596  0.9530408
4955.008767  0.9759256
4955.631574  0.9848574
4956.254381  0.9026414
4956.877188  0.7300014
4957.499995  0.6396219
4958.122802  0.7183535
4958.745609  0.8802694
4959.368416  0.9875483
4959.991223  1.011696
4960.61403  0.9976199
4961.236837  0.9724585
4961.859644  0.9492193
4962.482451  0.9603944
4963.105258  1.000014
4963.728065  1.004136
4964.350872  0.9586369
4964.973679  0.8941035
4965.596486  0.8535033
4966.219293  0.8695074
4966.8421  0.9060231
4967.464907  0.8998836
4968.087714  0.8770115
4968.710521  0.8811758
4969.333328  0.8997089
4969.956135  0.8879612
4970.578942  0.883626
4971.201749  0.9231628
4971.824556  0.9640869
4972.447363  0.9639288
4973.07017  0.952619
4973.692977  0.9746603
4974.315784  0.997267
4974.938591  0.9826382
4975.561398  0.951627
4976.184205  0.9464231
4976.807012  0.9434062
4977.429819  0.9130136
4978.052626  0.869446
4978.675433  0.858617
4979.29824  0.8736826
4979.921047  0.8857424
4980.543854  0.8960926
4981.166661  0.8778502
4981.789468  0.8171751
4982.412275  0.7521565
4983.035082  0.7288534
4983.657889  0.7580144
4984.280696  0.8036988
4984.903503  0.8122685
4985.52631  0.8156339
4986.149117  0.8557678
4986.771924  0.9221001
4987.394731  0.9711966
4988.017538  0.968098
4988.640345  0.9355513
4989.263152  0.9264317
4989.885959  0.9181302
4990.508766  0.88349
4991.131573  0.8638804
4991.75438  0.9020697
4992.377187  0.9481101
4992.999994  0.9244898
4993.622801  0.8793283
4994.245608  0.880829
4994.868415  0.9257669
4995.491222  0.9458566
4996.114029  0.9278103
4996.736836  0.9111573
4997.359643  0.9207738
4997.98245  0.9292313
4998.605257  0.9069177
4999.228064  0.8626503
4999.850871  0.8354907
5000.473678  0.8386156
5001.096485  0.8466548
5001.719292  0.8414845
5002.342099  0.8408185
5002.964906  0.8491648
5003.587713  0.8534323
5004.21052  0.8476955
5004.833327  0.8134267
5005.456134  0.7571139
5006.078941  0.7259664
5006.701748  0.746597
5007.324555  0.8179864
5007.947362  0.9053336
5008.570169  0.9511512
5009.192976  0.9300498
5009.815783  0.8903732
5010.43859  0.8916815
5011.061397  0.8815328
5011.684204  0.8238044
5012.307011  0.7684014
5012.929818  0.7520139
5013.552625  0.7469535
5014.175432  0.7393957
5014.798239  0.7814593
5015.421046  0.8393117
5016.043853  0.8621746
5016.66666  0.8478566
5017.289467  0.8017306
5017.912274  0.7632042
5018.535081  0.7753254
5019.157888  0.8250249
5019.780695  0.8624054
5020.403502  0.8670486
5021.026309  0.855418
5021.649116  0.8198767
5022.271923  0.7960362
5022.89473  0.8315154
5023.517537  0.8800943
5024.140344  0.893366
5024.763151  0.8788208
5025.385958  0.8903465
5026.008765  0.9076545
5026.631572  0.8675792
5027.254379  0.786187
5027.877186  0.7877553
5028.499993  0.8680848
5029.1228  0.9195666
5029.745607  0.9225703
5030.368414  0.9054065
5030.991221  0.9046466
5031.614028  0.9317889
5032.236835  0.9675879
5032.859642  0.9991429
5033.482449  1.020583
5034.105256  1.008851
5034.728063  0.9420821
5035.35087  0.8421823
5035.973677  0.7898106
5036.596484  0.8285505
5037.219291  0.8979896
5037.842098  0.896818
5038.464905  0.8485157
5039.087712  0.8092223
5039.710519  0.7784463
5040.333326  0.7017314
5040.956133  0.6208984
5041.57894  0.6360135
5042.201747  0.7673731
5042.824554  0.8892811
5043.447361  0.928802
5044.070168  0.9341975
5044.692975  0.9524935
5045.315782  0.9906735
5045.938589  1.025448
5046.561396  1.024861
5047.184203  0.9642057
5047.80701  0.8723854
5048.429817  0.8169087
5049.052624  0.8118707
5049.675431  0.8441824
5050.298238  0.8766277
5050.921045  0.8693392
5051.543852  0.8473325
5052.166659  0.8512899
5052.789466  0.8801754
5053.412273  0.9145032
5054.03508  0.9455355
5054.657887  0.9703711
5055.280694  0.9767764
5055.903501  0.9661864
5056.526308  0.9502808
5057.149115  0.9382751
5057.771922  0.9403678
5058.394729  0.9595673
5059.017536  0.9760678
5059.640343  0.9740308
5060.26315  0.9865015
5060.885957  1.022927
5061.508764  1.02981
5062.131571  1.023955
5062.754378  1.023945
5063.377185  0.9939463
5063.999992  0.9040532
5064.622799  0.8145158
5065.245606  0.8150093
5065.868413  0.8824571
5066.49122  0.9254563
5067.114027  0.9084749
5067.736834  0.8808488
5068.359641  0.8659626
5068.982448  0.8893873
5069.605255  0.9537826
5070.228062  0.991794
5070.850869  0.967503
5071.473676  0.8985316
5072.096483  0.8476902
5072.71929  0.8589116
5073.342097  0.9146397
5073.964904  0.9464009
5074.587711  0.9291955
5075.210518  0.8989341
5075.833325  0.8952415
5076.456132  0.924158
5077.078939  0.9670593
5077.701746  0.9699386
5078.324553  0.8869128
5078.94736  0.7674591
5079.570167  0.7010217
5080.192974  0.7240723
5080.815781  0.7933547
5081.438588  0.8668715
5082.061395  0.9006708
5082.684202  0.877767
5083.307009  0.8564884
5083.929816  0.8722813
5084.552623  0.9043484
5085.17543  0.9343822
5085.798237  0.9461284
5086.421044  0.9351921
5087.043851  0.9113029
5087.666658  0.9082179
5088.289465  0.9309745
5088.912272  0.9525275
5089.535079  0.9616297
5090.157886  0.9560933
5090.780693  0.9470627
5091.4035  0.9505355
5092.026307  0.9687564
5092.649114  0.9910553
5093.271921  1.006635
5093.894728  0.9963483
5094.517535  0.9808757
5095.140342  0.9863396
5095.763149  0.9736192
5096.385956  0.9297889
5097.008763  0.8804147
5097.63157  0.8419132
5098.254377  0.7856917
5098.877184  0.7450762
5099.499991  0.7929863
5100.122798  0.8764465
5100.745605  0.9472548
5101.368412  0.9862612
5101.991219  0.9853166
5102.614026  0.9618779
5103.236833  0.9351998
5103.85964  0.915417
5104.482447  0.9054727
5105.105254  0.9117768
5105.728061  0.9315797
5106.350868  0.9219845
5106.973675  0.875796
5107.596482  0.8436316
5108.219289  0.8744297
5108.842096  0.8972274
5109.464903  0.86638
5110.08771  0.8360961
5110.710517  0.8653447
5111.333324  0.932404
5111.956131  0.9672104
5112.578938  0.9543877
5113.201745  0.9438531
5113.824552  0.9591662
5114.447359  0.9621522
5115.070166  0.9493214
5115.692973  0.9477523
5116.31578  0.9776312
5116.938587  1.005856
5117.561394  1.01392
5118.184201  1.011415
5118.807008  1.012334
5119.429815  0.9955851
5120.052622  0.9621606
5120.675429  0.9369608
5121.298236  0.9246103
5121.921043  0.9096926
5122.54385  0.8684731
5123.166657  0.8143565
5123.789464  0.8035235
5124.412271  0.8332225
5125.035078  0.8471535
5125.657885  0.8674682
5126.280692  0.8851041
5126.903499  0.8776722
5127.526306  0.8702323
5128.149113  0.8694686
5128.77192  0.863877
5129.394727  0.8571444
5130.017534  0.8795064
5130.640341  0.9044545
5131.263148  0.8999043
5131.885955  0.9166963
5132.508762  0.9298853
5133.131569  0.9119076
5133.754376  0.9147385
5134.377183  0.9565894
5134.99999  1.001505
5135.622797  0.9865071
5136.245604  0.9189353
5136.868411  0.8660778
5137.491218  0.8753403
5138.114025  0.8808624
5138.736832  0.8314114
5139.359639  0.7958157
5139.982446  0.8761058
5140.605253  0.9533651
5141.22806  0.9287777
5141.850867  0.833679
5142.473674  0.7843896
5143.096481  0.8293715
5143.719288  0.9105539
5144.342095  0.9310454
5144.964902  0.9028997
5145.587709  0.872869
5146.210516  0.8604742
5146.833323  0.8487615
5147.45613  0.8351529
5148.078937  0.845633
5148.701744  0.897072
5149.324551  0.9339239
5149.947358  0.9206095
5150.570165  0.8851663
5151.192972  0.8584383
5151.815779  0.8592328
5152.438586  0.8743632
5153.061393  0.8725946
5153.6842  0.8702067
5154.307007  0.8877535
5154.929814  0.9079047
5155.552621  0.9183853
5156.175428  0.9282696
5156.798235  0.9542853
5157.421042  0.9823827
5158.043849  0.9814387
5158.666656  0.9545909
5159.289463  0.9515926
5159.91227  0.9749536
5160.535077  0.9903387
5161.157884  0.9600121
5161.780691  0.9072307
5162.403498  0.8873609
5163.026305  0.9154617
5163.649112  0.9214086
5164.271919  0.879415
5164.894726  0.8183948
5165.517533  0.7708476
5166.14034  0.6967286
5166.763147  0.6006216
5167.385954  0.5523899
5168.008761  0.5809869
5168.631568  0.661382
5169.254375  0.7675853
5169.877182  0.8780947
5170.499989  0.8833616
5171.122796  0.7599565
5171.745603  0.6016238
5172.36841  0.4955176
5172.991217  0.5276899
5173.614024  0.6962634
5174.236831  0.8637313
5174.859638  0.9551919
5175.482445  0.9631625
5176.105252  0.9343058
5176.728059  0.9244279
5177.350866  0.9515414
5177.973673  0.9849002
5178.59648  0.9828164
5179.219287  0.960207
5179.842094  0.9461632
5180.464901  0.9391353
5181.087708  0.9245316
5181.710515  0.8649216
5182.333322  0.7240289
5182.956129  0.5444291
5183.578936  0.4599318
5184.201743  0.5648134
5184.82455  0.749769
5185.447357  0.8857883
5186.070164  0.9375496
5186.692971  0.9647071
5187.315778  0.9465916
5187.938585  0.8978589
5188.561392  0.8848363
5189.184199  0.9460915
5189.807006  1.012494
5190.429813  0.9938163
5191.05262  0.8828542
5191.675427  0.7615954
5192.298234  0.7302163
5192.921041  0.8158049
5193.543848  0.9103473
5194.166655  0.9249487
5194.789462  0.8684331
5195.412269  0.8393977
5196.035076  0.8570982
5196.657883  0.8895708
5197.28069  0.9055898
5197.903497  0.9207092
5198.526304  0.9469063
5199.149111  0.9719562
5199.771918  0.9781579
5200.394725  0.9782906
5201.017532  0.9753655
5201.640339  0.9499003
5202.263146  0.9475576
5202.885953  0.9714304
5203.50876  0.9647466
5204.131567  0.9029347
5204.754374  0.823314
5205.377181  0.7810336
5205.999988  0.8029976
5206.622795  0.869148
5207.245602  0.8807701
5207.868409  0.7861543
5208.491216  0.7600392
5209.114023  0.8342115
5209.73683  0.9029813
5210.359637  0.9167514
5210.982444  0.9279493
5211.605251  0.9647042
5212.228058  0.985899
5212.850865  0.9987855
5213.473672  1.000084
5214.096479  0.9691987
5214.719286  0.9070857
5215.342093  0.8545494
5215.9649  0.8481441
5216.587707  0.871688
5217.210514  0.8940455
5217.833321  0.9219587
5218.456128  0.9721731
5219.078935  0.9968978
5219.701742  0.9879565
5220.324549  0.9778466
5220.947356  0.9896606
5221.570163  0.9898016
5222.19297  0.9660928
5222.815777  0.9473572
5223.438584  0.9223589
5224.061391  0.8839887
5224.684198  0.8446276
5225.307005  0.8124014
5225.929812  0.7513457
5226.552619  0.6797315
5227.175426  0.7056007
5227.798233  0.8229095
5228.42104  0.9392692
5229.043847  0.9662844
5229.666654  0.9513383
5230.289461  0.9592403
5230.912268  0.9981042
5231.535075  0.9907635
5232.157882  0.9201176
5232.780689  0.8544462
5233.403496  0.8712265
5234.026303  0.8931882
5234.64911  0.8872545
5235.271917  0.8914971
5235.894724  0.9360218
5236.517531  0.9856128
5237.140338  1.00717
5237.763145  1.013422
5238.385952  1.009257
5239.008759  0.9947782
5239.631566  0.9799582
5240.254373  0.9970729
5240.87718  1.024566
5241.499987  1.023677
5242.122794  0.9903212
5242.745601  0.9608474
5243.368408  0.9691676
5243.991215  1.015234
5244.614022  1.059028
5245.236829  1.060982
5245.859636  1.006271
5246.482443  0.9149323
5247.10525  0.8636519
5247.728057  0.8914225
5248.350864  0.9453579
5248.973671  0.9411973
5249.596478  0.8802192
5250.219285  0.8430566
5250.842092  0.8751509
5251.464899  0.9305645
5252.087706  0.9558574
5252.710513  0.9645206
5253.33332  0.962976
5253.956127  0.933645
5254.578934  0.8647938
5255.201741  0.8472806
5255.824548  0.9145535
5256.447355  1.009058
5257.070162  1.044882
5257.692969  1.053218
5258.315776  1.064353
5258.938583  1.053038
5259.56139  1.033769
5260.184197  1.010053
5260.807004  0.9708796
5261.429811  0.9126741
5262.052618  0.856505
5262.675425  0.8174462
5263.298232  0.7838086
5263.921039  0.7709329
5264.543846  0.7629242
5265.166653  0.7241002
5265.78946  0.688234
5266.412267  0.7278085
5267.035074  0.8485808
5267.657881  0.9188012
5268.280688  0.859187
5268.903495  0.7082958
5269.526302  0.6012643
5270.149109  0.6350717
5270.771916  0.7800333
5271.394723  0.9159546
5272.01753  0.9491337
5272.640337  0.9180393
5273.263144  0.9017851
5273.885951  0.9166562
5274.508758  0.8931064
5275.131565  0.836771
5275.754372  0.8357977
5276.377179  0.9203606
5276.999986  1.016187
5277.622793  1.050497
5278.2456  1.051596
5278.868407  1.034367
5279.491214  1.001126
5280.114021  0.9554299
5280.736828  0.9207082
5281.359635  0.9128378
5281.982442  0.9274932
5282.605249  0.9254165
5283.228056  0.8821611
5283.850863  0.8426914
5284.47367  0.8929059
5285.096477  0.9864314
5285.719284  1.063193
5286.342091  1.093183
5286.964898  1.080144
5287.587705  1.047859
5288.210512  1.02523
5288.833319  1.028486
5289.456126  1.054804
5290.078933  1.084525
5290.70174  1.096233
5291.324547  1.087538
5291.947354  1.060396
5292.570161  1.025999
5293.192968  1.009842
5293.815775  1.016952
5294.438582  1.030649
5295.061389  1.025919
5295.684196  0.9959182
5296.307003  0.9438053
5296.92981  0.877686
5297.552617  0.8110548
5298.175424  0.8092977
5298.798231  0.8931345
5299.421038  0.9768708
5300.043845  0.9969174
5300.666652  0.9647986
5301.289459  0.941776
5301.912266  0.9380903
5302.535073  0.9631268
5303.15788  1.01258
5303.780687  1.057192
5304.403494  1.083808
5305.026301  1.090626
5305.649108  1.080637
5306.271915  1.054012
5306.894722  1.02473
5307.517529  1.016296
5308.140336  1.040372
5308.763143  1.073808
5309.38595  1.091193
5310.008757  1.089527
5310.631564  1.087457
5311.254371  1.087403
5311.877178  1.075181
5312.499985  1.051171
5313.122792  1.036749
5313.745599  1.044699
5314.368406  1.05165
5314.991213  1.047446
5315.61402  1.021104
5316.236827  0.9732401
5316.859634  0.9674277
5317.482441  1.000977
5318.105248  1.025871
5318.728055  1.027845
5319.350862  1.020755
5319.973669  1.020738
5320.596476  1.023381
5321.219283  1.014776
5321.84209  1.008358
5322.464897  1.016408
5323.087704  0.9802188
5323.710511  0.9180474
5324.333318  0.8932016
5324.956125  0.9371294
5325.578932  0.9826931
5326.201739  0.9831156
5326.824546  0.9353034
5327.447353  0.7854044
5328.07016  0.6552791
5328.692967  0.6873421
5329.315774  0.8130381
5329.938581  0.93716
5330.561388  1.00722
5331.184195  1.034212
5331.807002  1.009009
5332.429809  0.9615302
5333.052616  0.9468303
5333.675423  0.9886431
5334.29823  1.043177
5334.921037  1.066097
5335.543844  1.065869
5336.166651  1.041801
5336.789458  1.016534
5337.412265  1.020983
5338.035072  1.043381
5338.657879  1.0371
5339.280686  0.9741324
5339.903493  0.8904485
5340.5263  0.847288
5341.149107  0.8814156
5341.771914  0.9708274
5342.394721  1.027329
5343.017528  1.034054
5343.640335  1.03449
5344.263142  1.044107
5344.885949  1.021688
5345.508756  0.9687216
5346.131563  0.9690123
5346.75437  1.00797
5347.377177  1.027949
5347.999984  0.9907889
5348.622791  0.9475381
5349.245598  0.9295695
5349.868405  0.9480152
5350.491212  1.004104
5351.114019  1.051223
5351.736826  1.059671
5352.359633  1.041609
5352.98244  1.02107
5353.605247  1.028729
5354.228054  1.072439
5354.850861  1.105675
5355.473668  1.116619
5356.096475  1.113051
5356.719282  1.104558
5357.342089  1.096735
5357.964896  1.094567
5358.587703  1.098935
5359.21051  1.10409
5359.833317  1.106692
5360.456124  1.096501
5361.078931  1.053867
5361.701738  1.013596
5362.324545  1.005905
5362.947352  1.027889
5363.570159  1.047519
5364.192966  1.027345
5364.815773  0.9750972
5365.43858  0.9759098
5366.061387  1.004895
5366.684194  1.012561
5367.307001  0.9978201
5367.929808  1.001356
5368.552615  1.003787
5369.175422  0.958881
5369.798229  0.9080346
5370.421036  0.8580113
5371.043843  0.8209125
5371.66665  0.8485412
5372.289457  0.9408167
5372.912264  1.033153
5373.535071  1.053219
5374.157878  1.057918
5374.780685  1.075457
5375.403492  1.089198
5376.026299  1.071807
5376.649106  1.03711
5377.271913  1.015783
5377.89472  1.025222
5378.517527  1.047279
5379.140334  1.055433
5379.763141  1.03891
5380.385948  1.020787
5381.008755  1.021608
5381.631562  1.033815
5382.254369  1.022083
5382.877176  0.9902852
5383.499983  0.982926
5384.12279  1.035335
5384.745597  1.075859
5385.368404  1.075393
5385.991211  1.050561
5386.614018  1.026441
5387.236825  1.017068
5387.859632  1.018314
5388.482439  1.014081
5389.105246  0.9913375
5389.728053  0.9678078
5390.35086  0.9648266
5390.973667  0.9594175
5391.596474  0.955108
5392.219281  0.9587945
5392.842088  0.9608289
5393.464895  0.9562787
5394.087702  0.9527734
5394.710509  0.9632096
5395.333316  0.9854252
5395.956123  0.9621997
5396.57893  0.87624
5397.201737  0.8264468
5397.824544  0.8731081
5398.447351  0.9697739
5399.070158  1.001456
5399.692965  0.9760813
5400.315772  0.9452305
5400.938579  0.9513991
5401.561386  0.9905124
5402.184193  1.030251
5402.807  1.025309
5403.429807  0.9483927
5404.052614  0.8736774
5404.675421  0.8314071
5405.298228  0.8022054
5405.921035  0.8100865
5406.543842  0.8527058
5407.166649  0.912576
5407.789456  0.9727322
5408.412263  0.9825997
5409.03507  0.9368653
5409.657877  0.8869215
5410.280684  0.8779408
5410.903491  0.9197229
5411.526298  0.9849393
5412.149105  1.029197
5412.771912  1.035601
5413.394719  1.015772
5414.017526  0.9962194
5414.640333  0.9759805
5415.26314  0.9779435
5415.885947  1.021425
5416.508754  1.058309
5417.131561  1.066644
5417.754368  1.05482
5418.377175  1.044665
5418.999982  1.032438
5419.622789  1.00547
5420.245596  0.9652333
5420.868403  0.9505559
5421.49121  0.9836107
5422.114017  1.04008
5422.736824  1.044294
5423.359631  0.9801652
5423.982438  0.907592
5424.605245  0.9156716
5425.228052  0.9799303
5425.850859  1.045225
5426.473666  1.077981
5427.096473  1.099769
5427.71928  1.096556
5428.342087  1.033189
5428.964894  0.8997666
5429.587701  0.8232253
5430.210508  0.8740147
5430.833315  0.9950733
5431.456122  1.038258
5432.078929  0.9958811
5432.701736  0.9460022
5433.324543  0.9371807
5433.94735  0.9259093
5434.570157  0.9014386
5435.192964  0.9153796
5435.815771  0.9207885
5436.438578  0.923816
5437.061385  0.9646547
5437.684192  1.026258
5438.306999  1.07105
5438.929806  1.084254
5439.552613  1.089391
5440.17542  1.089046
5440.798227  1.081802
5441.421034  1.07027
5442.043841  1.071841
5442.666648  1.083332
5443.289455  1.084892
5443.912262  1.059764
5444.535069  1.028006
5445.157876  0.9950199
5445.780683  0.9429887
5446.40349  0.8625166
5447.026297  0.8369914
5447.649104  0.9288665
5448.271911  1.021458
5448.894718  1.068692
5449.517525  1.080266
5450.140332  1.08156
5450.763139  1.075463
5451.385946  1.065514
5452.008753  1.057562
5452.63156  1.040388
5453.254367  1.02671
5453.877174  1.015261
5454.499981  0.9671083
5455.122788  0.8920173
5455.745595  0.8596511
5456.368402  0.9332249
5456.991209  1.018699
5457.614016  1.070157
5458.236823  1.09608
5458.85963  1.098825
5459.482437  1.081346
5460.105244  1.054842
5460.728051  1.031684
5461.350858  1.023288
5461.973665  1.000328
5462.596472  0.9363268
5463.219279  0.900563
5463.842086  0.934135
5464.464893  1.013267
5465.0877  1.057124
5465.710507  1.041008
5466.333314  1.00112
5466.956121  0.9942854
5467.578928  1.020122
5468.201735  1.05178
5468.824542  1.059265
