4780.  0.9704007
4780.622807  1.000686
4781.245614  1.012213
4781.868421  1.005545
4782.491228  0.9713355
4783.114035  0.9281366
4783.736842  0.9262314
4784.359649  0.9866064
4784.982456  0.9997875
4785.605263  0.9434648
4786.22807  0.8785008
4786.850877  0.8842545
4787.473684  0.9364601
4788.096491  0.9681928
4788.719298  0.9397833
4789.342105  0.9104353
4789.964912  0.916187
4790.587719  0.9461841
4791.210526  0.9591987
4791.833333  0.949859
4792.45614  0.9449185
4793.078947  0.9759617
4793.701754  1.021381
4794.324561  1.056947
4794.947368  1.069471
4795.570175  1.055497
4796.192982  1.036305
4796.815789  1.019916
4797.438596  0.9854026
4798.061403  0.9427141
4798.68421  0.9133147
4799.307017  0.9078645
4799.929824  0.9063488
4800.552631  0.925253
4801.175438  0.9730636
4801.798245  1.014865
4802.421052  1.034469
4803.043859  1.034778
4803.666666  1.024153
4804.289473  0.9811637
4804.91228  0.9446377
4805.535087  0.9561681
4806.157894  0.9812284
4806.780701  0.9754158
4807.403508  0.937429
4808.026315  0.9147589
4808.649122  0.9239471
4809.271929  0.9536837
4809.894736  0.9778275
4810.517543  0.981427
4811.14035  0.9798851
4811.763157  0.9837944
4812.385964  0.9794853
4813.008771  0.9721062
4813.631578  0.9729939
4814.254385  0.9863783
4814.877192  0.998822
4815.499999  1.010231
4816.122806  1.023037
4816.745613  1.031077
4817.36842  1.023415
4817.991227  1.016346
4818.614034  1.035796
4819.236841  1.048855
4819.859648  1.037824
4820.482455  1.017788
4821.105262  1.023747
4821.728069  1.028217
4822.350876  0.9950767
4822.973683  0.9270526
4823.59649  0.8985311
4824.219297  0.9235255
4824.842104  0.9648613
4825.464911  0.9991045
4826.087718  1.020465
4826.710525  1.02674
4827.333332  1.011889
4827.956139  0.9835729
4828.578946  0.9539459
4829.201753  0.9412035
4829.82456  0.9756277
4830.447367  0.9961471
4831.070174  0.9572288
4831.692981  0.9126053
4832.315788  0.9055271
4832.938595  0.9381028
4833.561402  0.977686
4834.184209  1.00484
4834.807016  1.007322
4835.429823  0.9890401
4836.05263  0.9756603
4836.675437  0.9909864
4837.298244  1.013727
4837.921051  0.9950989
4838.543858  0.9598156
4839.166665  0.9239717
4839.789472  0.8958333
4840.412279  0.8984078
4841.035086  0.9339961
4841.657893  0.9709001
4842.2807  0.9603909
4842.903507  0.9267305
4843.526314  0.9175053
4844.149121  0.9553611
4844.771928  1.000317
4845.394735  1.023516
4846.017542  1.02509
4846.640349  1.024378
4847.263156  1.001169
4847.885963  0.9504607
4848.50877  0.9015274
4849.131577  0.9105164
4849.754384  0.9658898
4850.377191  1.010894
4850.999998  1.001493
4851.622805  0.9779083
4852.245612  0.9782719
4852.868419  0.9935086
4853.491226  0.9971904
4854.114033  0.9515832
4854.73684  0.8587101
4855.359647  0.8021785
4855.982454  0.8287435
4856.605261  0.9085923
4857.228068  0.9567419
4857.850875  0.9585256
4858.473682  0.9245821
4859.096489  0.8722046
4859.719296  0.8201415
4860.342103  0.7229834
4860.96491  0.610583
4861.587717  0.639123
4862.210524  0.7580877
4862.833331  0.8543265
4863.456138  0.865081
4864.078945  0.8587436
4864.701752  0.8745888
4865.324559  0.9067829
4865.947366  0.9294679
4866.570173  0.9425845
4867.19298  0.9390357
4867.815787  0.9105788
4868.438594  0.9168735
4869.061401  0.9489699
4869.684208  0.94951
4870.307015  0.8868637
4870.929822  0.8009804
4871.552629  0.7595794
4872.175436  0.8001525
4872.798243  0.8670447
4873.42105  0.9120984
4874.043857  0.9228124
4874.666664  0.9089139
4875.289471  0.8929479
4875.912278  0.900501
4876.535085  0.943787
4877.157892  0.9527857
4877.780699  0.9300988
4878.403506  0.9496203
4879.026313  1.012354
4879.64912  1.060617
4880.271927  1.037582
4880.894734  0.9540108
4881.517541  0.8935072
4882.140348  0.9057942
4882.763155  0.9586338
4883.385962  0.9861554
4884.008769  0.9648283
4884.631576  0.9166178
4885.254383  0.873988
4885.87719  0.8559921
4886.499997  0.8679611
4887.122804  0.8999422
4887.745611  0.9141039
4888.368418  0.9077238
4888.991225  0.9069632
4889.614032  0.9258194
4890.236839  0.8857634
4890.859646  0.7852623
4891.482453  0.7791486
4892.10526  0.8736998
4892.728067  0.9819989
4893.350874  1.02021
4893.973681  1.038438
4894.596488  1.059917
4895.219295  1.072514
4895.842102  1.060316
4896.464909  1.044932
4897.087716  1.047729
4897.710523  1.063152
4898.33333  1.050387
4898.956137  1.003653
4899.578944  0.9552511
4900.201751  0.946674
4900.824558  0.9820662
4901.447365  1.02257
4902.070172  1.014598
4902.692979  0.977438
4903.315786  0.9462248
4903.938593  0.9448116
4904.5614  0.9728357
4905.184207  1.019534
4905.807014  1.059576
4906.429821  1.060647
4907.052628  1.024849
4907.675435  0.9847895
4908.298242  0.9677345
4908.921049  0.9372557
4909.543856  0.8910729
4910.166663  0.8571943
4910.78947  0.8623009
4911.412277  0.8955665
4912.035084  0.9361047
4912.657891  0.9679862
4913.280698  0.9697499
4913.903505  0.9705783
4914.526312  1.004075
4915.149119  1.043061
4915.771926  1.059202
4916.394733  1.042026
4917.01754  0.9989438
4917.640347  0.931866
4918.263154  0.8609588
4918.885961  0.8116451
4919.508768  0.7784153
4920.131575  0.7581015
4920.754382  0.7669311
4921.377189  0.8348968
4921.999996  0.9081516
4922.622803  0.941438
4923.24561  0.9317084
4923.868417  0.8920035
4924.491224  0.86706
4925.114031  0.8929965
4925.736838  0.9576795
4926.359645  1.004435
4926.982452  1.001875
4927.605259  0.9756921
4928.228066  0.9909846
4928.850873  1.030842
4929.47368  1.040093
4930.096487  1.022121
4930.719294  1.021059
4931.342101  1.046656
4931.964908  1.04512
4932.587715  0.9764603
4933.210522  0.8865504
4933.833329  0.8629427
4934.456136  0.9258736
4935.078943  0.994499
4935.70175  1.001391
4936.324557  0.9758891
4936.947364  0.9326125
4937.570171  0.8812404
4938.192978  0.8347021
4938.815785  0.8138781
4939.438592  0.8472013
4940.061399  0.9332475
4940.684206  1.0147
4941.307013  1.040306
4941.92982  1.019213
4942.552627  1.011227
4943.175434  1.035109
4943.798241  1.061686
4944.421048  1.051409
4945.043855  1.004207
4945.666662  0.9637802
4946.289469  0.9674534
4946.912276  1.008564
4947.535083  1.043076
4948.15789  1.053204
4948.780697  1.048964
4949.403504  1.032662
4950.026311  1.030998
4950.649118  1.053721
4951.271925  1.068612
4951.894732  1.044795
4952.517539  1.006755
4953.140346  1.005315
4953.763153  1.016385
4954.38596  1.029026
4955.008767  1.045981
4955.631574  1.057675
4956.254381  0.9965309
4956.877188  0.8662094
4957.499995  0.7768974
4958.122802  0.8393336
4958.745609  0.9789983
4959.368416  1.054066
4959.991223  1.078432
4960.61403  1.066078
4961.236837  1.036653
4961.859644  1.019662
4962.482451  1.03347
4963.105258  1.062738
4963.728065  1.069611
4964.350872  1.030642
4964.973679  0.9686774
4965.596486  0.9306917
4966.219293  0.9484794
4966.8421  0.9760762
4967.464907  0.9741564
4968.087714  0.951478
4968.710521  0.9597811
4969.333328  0.9743121
4969.956135  0.9586549
4970.578942  0.9552032
4971.201749  0.9863341
4971.824556  1.026373
4972.447363  1.026584
4973.07017  1.025881
4973.692977  1.04477
4974.315784  1.064752
4974.938591  1.045946
4975.561398  1.014583
4976.184205  1.005542
4976.807012  1.012347
4977.429819  0.9869859
4978.052626  0.9447598
4978.675433  0.938794
4979.29824  0.9508203
4979.921047  0.9633854
4980.543854  0.9631196
4981.166661  0.9364248
4981.789468  0.8812556
4982.412275  0.8252799
4983.035082  0.809986
4983.657889  0.8375221
4984.280696  0.8711758
4984.903503  0.8807192
4985.52631  0.8871897
4986.149117  0.9265022
4986.771924  0.9919714
4987.394731  1.031463
4988.017538  1.025789
4988.640345  1.00102
4989.263152  0.9890892
4989.885959  0.9760758
4990.508766  0.9480875
4991.131573  0.9308363
4991.75438  0.975808
4992.377187  1.012304
4992.999994  0.9917263
4993.622801  0.9422272
4994.245608  0.9473248
4994.868415  0.992
4995.491222  1.015888
4996.114029  0.9960728
4996.736836  0.9778847
4997.359643  0.986682
4997.98245  0.9951395
4998.605257  0.9653986
4999.228064  0.9199733
4999.850871  0.9026936
5000.473678  0.9100488
5001.096485  0.9205123
5001.719292  0.9230544
5002.342099  0.9269129
5002.964906  0.9342502
5003.587713  0.9391776
5004.21052  0.9295747
5004.833327  0.8961213
5005.456134  0.8494433
5006.078941  0.8200203
5006.701748  0.8431673
5007.324555  0.9103769
5007.947362  0.9835666
5008.570169  1.018726
5009.192976  0.9953673
5009.815783  0.9628835
5010.43859  0.9601895
5011.061397  0.9448099
5011.684204  0.8980244
5012.307011  0.8454296
5012.929818  0.8293809
5013.552625  0.8121651
5014.175432  0.8104135
5014.798239  0.855056
5015.421046  0.9098877
5016.043853  0.935263
5016.66666  0.9170011
5017.289467  0.8763795
5017.912274  0.8483275
5018.535081  0.8597318
5019.157888  0.9069813
5019.780695  0.9388379
5020.403502  0.9466847
5021.026309  0.9359891
5021.649116  0.9014501
5022.271923  0.8812185
5022.89473  0.9024206
5023.517537  0.9496472
5024.140344  0.9606966
5024.763151  0.9451322
5025.385958  0.9444149
5026.008765  0.9595158
5026.631572  0.9339053
5027.254379  0.8771876
5027.877186  0.8764921
5028.499993  0.9334812
5029.1228  0.9894382
5029.745607  0.9933786
5030.368414  0.9768268
5030.991221  0.9746429
5031.614028  0.9989204
5032.236835  1.035151
5032.859642  1.063695
5033.482449  1.072672
5034.105256  1.052376
5034.728063  0.9829458
5035.35087  0.8962756
5035.973677  0.8558386
5036.596484  0.906558
5037.219291  0.9564043
5037.842098  0.9475528
5038.464905  0.9068182
5039.087712  0.8755307
5039.710519  0.8406666
5040.333326  0.7742539
5040.956133  0.6951988
5041.57894  0.705555
5042.201747  0.8250202
5042.824554  0.9467409
5043.447361  0.9865463
5044.070168  0.9817464
5044.692975  1.009985
5045.315782  1.046302
5045.938589  1.073213
5046.561396  1.073964
5047.184203  1.030909
5047.80701  0.9535312
5048.429817  0.8911148
5049.052624  0.8894826
5049.675431  0.9182423
5050.298238  0.9373288
5050.921045  0.9281026
5051.543852  0.9065502
5052.166659  0.916516
5052.789466  0.959003
5053.412273  0.994092
5054.03508  1.021107
5054.657887  1.03744
5055.280694  1.038838
5055.903501  1.028184
5056.526308  1.014944
5057.149115  1.01071
5057.771922  1.020713
5058.394729  1.031335
5059.017536  1.02958
5059.640343  1.019314
5060.26315  1.034662
5060.885957  1.060705
5061.508764  1.073336
5062.131571  1.070126
5062.754378  1.064887
5063.377185  1.034561
5063.999992  0.9532841
5064.622799  0.8786954
5065.245606  0.8760604
5065.868413  0.9414811
5066.49122  0.9758675
5067.114027  0.969763
5067.736834  0.9473854
5068.359641  0.933417
5068.982448  0.9546537
5069.605255  1.003206
5070.228062  1.039235
5070.850869  1.0156
5071.473676  0.9492911
5072.096483  0.898948
5072.71929  0.9165952
5073.342097  0.9706271
5073.964904  1.002812
5074.587711  0.9846388
5075.210518  0.9631897
5075.833325  0.9608003
5076.456132  0.9826161
5077.078939  1.024619
5077.701746  1.021598
5078.324553  0.9442499
5078.94736  0.832565
5079.570167  0.7678132
5080.192974  0.7812208
5080.815781  0.8495447
5081.438588  0.9209585
5082.061395  0.9500726
5082.684202  0.9317826
5083.307009  0.9059261
5083.929816  0.9211267
5084.552623  0.9662966
5085.17543  0.9982824
5085.798237  1.003744
5086.421044  0.9888206
5087.043851  0.9709409
5087.666658  0.9655755
5088.289465  0.9785601
5088.912272  1.001045
5089.535079  1.015987
5090.157886  1.008704
5090.780693  0.9979082
5091.4035  1.003489
5092.026307  1.02009
5092.649114  1.039741
5093.271921  1.049641
5093.894728  1.04148
5094.517535  1.03053
5095.140342  1.024193
5095.763149  1.012002
5096.385956  0.9739195
5097.008763  0.9335584
5097.63157  0.8968503
5098.254377  0.8424169
5098.877184  0.8155712
5099.499991  0.8498819
5100.122798  0.9342944
5100.745605  1.003425
5101.368412  1.034558
5101.991219  1.02948
5102.614026  0.9987745
5103.236833  0.9703749
5103.85964  0.9563317
5104.482447  0.9535972
5105.105254  0.9637932
5105.728061  0.9706234
5106.350868  0.9531568
5106.973675  0.905634
5107.596482  0.9024284
5108.219289  0.9439554
5108.842096  0.9490672
5109.464903  0.9108304
5110.08771  0.8830053
5110.710517  0.9142711
5111.333324  0.9775164
5111.956131  1.012385
5112.578938  1.004226
5113.201745  0.9992587
5113.824552  1.003439
5114.447359  1.002357
5115.070166  0.9892688
5115.692973  0.9948688
5116.31578  1.021213
5116.938587  1.048607
5117.561394  1.055829
5118.184201  1.052467
5118.807008  1.045965
5119.429815  1.031976
5120.052622  1.005456
5120.675429  0.9796284
5121.298236  0.9646041
5121.921043  0.9481406
5122.54385  0.907805
5123.166657  0.8629138
5123.789464  0.8623331
5124.412271  0.8833918
5125.035078  0.9040968
5125.657885  0.9175832
5126.280692  0.9245942
5126.903499  0.9197621
5127.526306  0.908684
5128.149113  0.9095892
5128.77192  0.9012127
5129.394727  0.8984221
5130.017534  0.9265406
5130.640341  0.9410779
5131.263148  0.944266
5131.885955  0.9548873
5132.508762  0.9674733
5133.131569  0.9667808
5133.754376  0.9709648
5134.377183  1.009058
5134.99999  1.040474
5135.622797  1.025468
5136.245604  0.9674376
5136.868411  0.9246262
5137.491218  0.9268267
5138.114025  0.9346179
5138.736832  0.8818786
5139.359639  0.862744
5139.982446  0.9186476
5140.605253  0.9912078
5141.22806  0.9628947
5141.850867  0.8679685
5142.473674  0.8100711
5143.096481  0.8531281
5143.719288  0.9341326
5144.342095  0.9725872
5144.964902  0.942726
5145.587709  0.9121141
5146.210516  0.9002813
5146.833323  0.8921104
5147.45613  0.8789167
5148.078937  0.8954752
5148.701744  0.9443313
5149.324551  0.9783782
5149.947358  0.9557784
5150.570165  0.9080961
5151.192972  0.8904023
5151.815779  0.901019
5152.438586  0.912788
5153.061393  0.910391
5153.6842  0.9068802
5154.307007  0.919584
5154.929814  0.941574
5155.552621  0.9565651
5156.175428  0.9763353
5156.798235  0.9999054
5157.421042  1.013873
5158.043849  1.003156
5158.666656  0.9884684
5159.289463  0.9947388
5159.91227  1.022784
5160.535077  1.029856
5161.157884  0.996278
5161.780691  0.9466925
5162.403498  0.9373456
5163.026305  0.9568668
5163.649112  0.9596197
5164.271919  0.9129413
5164.894726  0.8577629
5165.517533  0.8015171
5166.14034  0.726796
5166.763147  0.6393415
5167.385954  0.6026893
5168.008761  0.6446778
5168.631568  0.7166175
5169.254375  0.8181646
5169.877182  0.9117938
5170.499989  0.9257042
5171.122796  0.8115394
5171.745603  0.6327351
5172.36841  0.5186883
5172.991217  0.5761074
5173.614024  0.7617189
5174.236831  0.9419131
5174.859638  0.9996264
5175.482445  0.9870963
5176.105252  0.9663168
5176.728059  0.9690638
5177.350866  0.9947181
5177.973673  1.012574
5178.59648  1.00692
5179.219287  0.9933866
5179.842094  0.9815598
5180.464901  0.9750209
5181.087708  0.9609793
5181.710515  0.905628
5182.333322  0.7676508
5182.956129  0.5861218
5183.578936  0.4998763
5184.201743  0.5908732
5184.82455  0.7807969
5185.447357  0.9120778
5186.070164  0.9729863
5186.692971  0.987852
5187.315778  0.9733385
5187.938585  0.9223204
5188.561392  0.9119927
5189.184199  0.9741179
5189.807006  1.045866
5190.429813  1.026424
5191.05262  0.9145327
5191.675427  0.7988763
5192.298234  0.7806981
5192.921041  0.8470408
5193.543848  0.921773
5194.166655  0.9382153
5194.789462  0.9055709
5195.412269  0.8798996
5196.035076  0.9015849
5196.657883  0.9253262
5197.28069  0.9384702
5197.903497  0.9519556
5198.526304  0.9757059
5199.149111  0.9974868
5199.771918  1.009219
5200.394725  1.011032
5201.017532  0.9968045
5201.640339  0.9778954
5202.263146  0.9739003
5202.885953  0.9941874
5203.50876  0.9859843
5204.131567  0.9298227
5204.754374  0.8731291
5205.377181  0.8435446
5205.999988  0.8653237
5206.622795  0.9212236
5207.245602  0.9187524
5207.868409  0.8671865
5208.491216  0.8416488
5209.114023  0.9018271
5209.73683  0.941205
5210.359637  0.936573
5210.982444  0.9556737
5211.605251  0.98619
5212.228058  1.01475
5212.850865  1.032561
5213.473672  1.032985
5214.096479  0.9996085
5214.719286  0.944949
5215.342093  0.9073197
5215.9649  0.8988106
5216.587707  0.9086789
5217.210514  0.9253786
5217.833321  0.9581248
5218.456128  0.9921043
5219.078935  1.007566
5219.701742  0.9991826
5220.324549  1.003286
5220.947356  1.019224
5221.570163  1.018983
5222.19297  1.002927
5222.815777  0.9817383
5223.438584  0.9580616
5224.061391  0.918053
5224.684198  0.8826261
5225.307005  0.8473584
5225.929812  0.7896366
5226.552619  0.7326263
5227.175426  0.750218
5227.798233  0.8643758
5228.42104  0.9655383
5229.043847  0.9912866
5229.666654  0.9720784
5230.289461  0.9914211
5230.912268  1.026205
5231.535075  1.021408
5232.157882  0.9594994
5232.780689  0.9142613
5233.403496  0.9100279
5234.026303  0.9226556
5234.64911  0.9136115
5235.271917  0.9244657
5235.894724  0.9688373
5236.517531  1.016754
5237.140338  1.040883
5237.763145  1.040731
5238.385952  1.027843
5239.008759  1.010891
5239.631566  1.00965
5240.254373  1.029024
5240.87718  1.051419
5241.499987  1.041321
5242.122794  1.008132
5242.745601  0.9873821
5243.368408  1.000892
5243.991215  1.036072
5244.614022  1.068155
5245.236829  1.073092
5245.859636  1.027724
5246.482443  0.9479759
5247.10525  0.8895126
5247.728057  0.9142161
5248.350864  0.9626582
5248.973671  0.9578015
5249.596478  0.9045848
5250.219285  0.8780601
5250.842092  0.905991
5251.464899  0.9482202
5252.087706  0.9698123
5252.710513  0.9768847
5253.33332  0.9792406
5253.956127  0.9481757
5254.578934  0.8963643
5255.201741  0.8761952
5255.824548  0.9356624
5256.447355  1.012495
5257.070162  1.057118
5257.692969  1.065199
5258.315776  1.066778
5258.938583  1.060271
5259.56139  1.041181
5260.184197  1.021309
5260.807004  0.981589
5261.429811  0.9240003
5262.052618  0.8733617
5262.675425  0.8433898
5263.298232  0.8265536
5263.921039  0.8113157
5264.543846  0.7980845
5265.166653  0.7618278
5265.78946  0.7353424
5266.412267  0.7894816
5267.035074  0.8977152
5267.657881  0.9620616
5268.280688  0.9058372
5268.903495  0.7719617
5269.526302  0.6733627
5270.149109  0.6967887
5270.771916  0.8320872
5271.394723  0.9494715
5272.01753  0.9743668
5272.640337  0.9347621
5273.263144  0.9261142
5273.885951  0.9366387
5274.508758  0.916558
5275.131565  0.8652301
5275.754372  0.8672812
5276.377179  0.9421811
5276.999986  1.024442
5277.622793  1.065557
5278.2456  1.065581
5278.868407  1.0474
5279.491214  1.013826
5280.114021  0.9771043
5280.736828  0.9513395
5281.359635  0.9452856
5281.982442  0.9506158
5282.605249  0.9356768
5283.228056  0.8898106
5283.850863  0.8781722
5284.47367  0.9291535
5285.096477  1.015006
5285.719284  1.071394
5286.342091  1.090111
5286.964898  1.078101
5287.587705  1.049266
5288.210512  1.033788
5288.833319  1.042923
5289.456126  1.06676
5290.078933  1.082909
5290.70174  1.089943
5291.324547  1.084166
5291.947354  1.056872
5292.570161  1.024591
5293.192968  1.00975
5293.815775  1.019485
5294.438582  1.030625
5295.061389  1.026803
5295.684196  0.9999533
5296.307003  0.9491346
5296.92981  0.8810171
5297.552617  0.827812
5298.175424  0.8305643
5298.798231  0.9020386
5299.421038  0.9803618
5300.043845  1.003174
5300.666652  0.9757035
5301.289459  0.9481769
5301.912266  0.9529208
5302.535073  0.9853377
5303.15788  1.028464
5303.780687  1.060155
5304.403494  1.070702
5305.026301  1.075497
5305.649108  1.069737
5306.271915  1.048534
5306.894722  1.020041
5307.517529  1.011728
5308.140336  1.031827
5308.763143  1.064303
5309.38595  1.084084
5310.008757  1.085511
5310.631564  1.077459
5311.254371  1.073004
5311.877178  1.06496
5312.499985  1.052088
5313.122792  1.04371
5313.745599  1.047034
5314.368406  1.052158
5314.991213  1.043564
5315.61402  1.012181
5316.236827  0.976478
5316.859634  0.9694164
5317.482441  1.009387
5318.105248  1.037917
5318.728055  1.03572
5319.350862  1.022735
5319.973669  1.023236
5320.596476  1.022983
5321.219283  1.014589
5321.84209  1.017227
5322.464897  1.018593
5323.087704  0.9956284
5323.710511  0.9486416
5324.333318  0.9341295
5324.956125  0.9585769
5325.578932  0.9943327
5326.201739  1.007013
5326.824546  0.9499383
5327.447353  0.827731
5328.07016  0.7144946
5328.692967  0.7240492
5329.315774  0.8335084
5329.938581  0.9468433
5330.561388  1.015097
5331.184195  1.028523
5331.807002  1.000844
5332.429809  0.9595821
5333.052616  0.9575666
5333.675423  0.996823
5334.29823  1.039405
5334.921037  1.058739
5335.543844  1.050221
5336.166651  1.026698
5336.789458  1.008375
5337.412265  1.015472
5338.035072  1.036483
5338.657879  1.033188
5339.280686  0.9829189
5339.903493  0.9119499
5340.5263  0.8745918
5341.149107  0.9124275
5341.771914  0.9782401
5342.394721  1.018211
5343.017528  1.022725
5343.640335  1.036604
5344.263142  1.046473
5344.885949  1.018601
5345.508756  0.9811382
5346.131563  0.9770777
5346.75437  1.00577
5347.377177  1.011571
5347.999984  0.9848921
5348.622791  0.948772
5349.245598  0.9369696
5349.868405  0.9659204
5350.491212  1.01497
5351.114019  1.047874
5351.736826  1.046462
5352.359633  1.024302
5352.98244  1.009117
5353.605247  1.020152
5354.228054  1.053064
5354.850861  1.084344
5355.473668  1.096738
5356.096475  1.098459
5356.719282  1.092694
5357.342089  1.083476
5357.964896  1.079072
5358.587703  1.081624
5359.21051  1.087089
5359.833317  1.0873
5360.456124  1.076745
5361.078931  1.051216
5361.701738  1.018041
5362.324545  0.9998373
5362.947352  1.011024
5363.570159  1.026205
5364.192966  1.007419
5364.815773  0.9776352
5365.43858  0.9760473
5366.061387  1.006006
5366.684194  1.008769
5367.307001  1.002905
5367.929808  1.005165
5368.552615  0.9967986
5369.175422  0.9636986
5369.798229  0.9188962
5370.421036  0.8833002
5371.043843  0.8548129
5371.66665  0.8783973
5372.289457  0.9603838
5372.912264  1.028804
5373.535071  1.054928
5374.157878  1.059001
5374.780685  1.075134
5375.403492  1.080293
5376.026299  1.065042
5376.649106  1.04098
5377.271913  1.032954
5377.89472  1.041722
5378.517527  1.051068
5379.140334  1.043514
5379.763141  1.023718
5380.385948  1.00643
5381.008755  1.005533
5381.631562  1.019871
5382.254369  1.017292
5382.877176  0.9942935
5383.499983  0.9927688
5384.12279  1.024246
5384.745597  1.059734
5385.368404  1.060367
5385.991211  1.039872
5386.614018  1.022897
5387.236825  1.021854
5387.859632  1.026886
5388.482439  1.016491
5389.105246  0.9939888
5389.728053  0.9816596
5390.35086  0.9761921
5390.973667  0.9714509
5391.596474  0.9678949
5392.219281  0.9711393
5392.842088  0.9709464
5393.464895  0.9626405
5394.087702  0.9575686
5394.710509  0.9735891
5395.333316  0.9876103
5395.956123  0.9615675
5396.57893  0.8952999
5397.201737  0.8590302
5397.824544  0.8981708
5398.447351  0.9700069
5399.070158  1.007641
5399.692965  0.993408
5400.315772  0.9663324
5400.938579  0.9694511
5401.561386  1.004617
5402.184193  1.035761
5402.807  1.016916
5403.429807  0.9611618
5404.052614  0.9026498
5404.675421  0.8654364
5405.298228  0.8460838
5405.921035  0.8511666
5406.543842  0.887498
5407.166649  0.9367532
5407.789456  0.9743658
5408.412263  0.9785259
5409.03507  0.9424026
5409.657877  0.9037123
5410.280684  0.8997341
5410.903491  0.9396899
5411.526298  0.9937609
5412.149105  1.029809
5412.771912  1.035389
5413.394719  1.023821
5414.017526  1.002973
5414.640333  0.985593
5415.26314  0.9887195
5415.885947  1.018853
5416.508754  1.050255
5417.131561  1.055009
5417.754368  1.040286
5418.377175  1.026129
5418.999982  1.016761
5419.622789  0.996702
5420.245596  0.9708975
5420.868403  0.9633473
5421.49121  0.9926483
5422.114017  1.033536
5422.736824  1.039145
5423.359631  0.993133
5423.982438  0.936754
5424.605245  0.9289373
5425.228052  0.9744112
5425.850859  1.026733
5426.473666  1.05934
5427.096473  1.077703
5427.71928  1.080141
5428.342087  1.02695
5428.964894  0.9255862
5429.587701  0.8517346
5430.210508  0.894356
5430.833315  0.9865667
5431.456122  1.031379
5432.078929  0.9940909
5432.701736  0.96031
5433.324543  0.945487
5433.94735  0.9319918
5434.570157  0.9209455
5435.192964  0.9202552
5435.815771  0.9274445
5436.438578  0.937153
5437.061385  0.9763751
5437.684192  1.029173
5438.306999  1.064937
5438.929806  1.079066
5439.552613  1.082657
5440.17542  1.080437
5440.798227  1.066902
5441.421034  1.058467
5442.043841  1.06233
5442.666648  1.071584
5443.289455  1.06847
5443.912262  1.048209
5444.535069  1.019808
5445.157876  0.9944239
5445.780683  0.9434345
5446.40349  0.8808423
5447.026297  0.862409
5447.649104  0.9227036
5448.271911  1.009786
5448.894718  1.058861
5449.517525  1.073415
5450.140332  1.07031
5450.763139  1.062729
5451.385946  1.054387
5452.008753  1.050488
5452.63156  1.048332
5453.254367  1.040511
5453.877174  1.020226
5454.499981  0.9687496
5455.122788  0.9033847
5455.745595  0.8861619
5456.368402  0.9395994
5456.991209  1.020383
5457.614016  1.0658
5458.236823  1.082409
5458.85963  1.080221
5459.482437  1.065504
5460.105244  1.042606
5460.728051  1.032053
5461.350858  1.027359
5461.973665  0.9979492
5462.596472  0.9468048
5463.219279  0.9184391
5463.842086  0.9494408
5464.464893  1.009076
5465.0877  1.044265
5465.710507  1.032745
5466.333314  1.006237
5466.956121  1.002194
5467.578928  1.024053
5468.201735  1.048492
5468.824542  1.053731
