4780.  0.
4780.622807  0.
4781.245614  0.
4781.868421  0.
4782.491228  0.
4783.114035  0.
4783.736842  0.
4784.359649  0.
4784.982456  0.
4785.605263  0.
4786.22807  0.
4786.850877  0.
4787.473684  0.
4788.096491  0.
4788.719298  0.
4789.342105  0.
4789.964912  0.1509256
4790.587719  0.464029
4791.210526  0.494033
4791.833333  0.507931
4792.45614  0.5243822
4793.078947  0.5709212
4793.701754  0.6292515
4794.324561  0.660448
4794.947368  0.654489
4795.570175  0.6305577
4796.192982  0.5761515
4796.815789  0.5318502
4797.438596  0.5224998
4798.061403  0.4906728
4798.68421  0.4504259
4799.307017  0.4283503
4799.929824  0.4325096
4800.552631  0.4794865
4801.175438  0.5525302
4801.798245  0.6157861
4802.421052  0.6474138
4803.043859  0.6514127
4803.666666  0.6256995
4804.289473  0.5592395
4804.91228  0.4920159
4805.535087  0.4618957
4806.157894  0.4717369
4806.780701  0.4762682
4807.403508  0.4684887
4808.026315  0.4602523
4808.649122  0.4609176
4809.271929  0.4990943
4809.894736  0.5477614
4810.517543  0.5535223
4811.14035  0.5325132
4811.763157  0.5151689
4812.385964  0.51926
4813.008771  0.5358899
4813.631578  0.5531984
4814.254385  0.5492928
4814.877192  0.5109975
4815.499999  0.4733018
4816.122806  0.4882574
4816.745613  0.5575151
4817.36842  0.5963755
4817.991227  0.606683
4818.614034  0.6175785
4819.236841  0.6377711
4819.859648  0.6266609
4820.482455  0.6044737
4821.105262  0.6135633
4821.728069  0.6417924
4822.350876  0.615435
4822.973683  0.5215502
4823.59649  0.448705
4824.219297  0.4754343
4824.842104  0.5606716
4825.464911  0.6114461
4826.087718  0.6285598
4826.710525  0.5938092
4827.333332  0.5235764
4827.956139  0.485071
4828.578946  0.483248
4829.201753  0.5239215
4829.82456  0.5987983
4830.447367  0.630203
4831.070174  0.5501856
4831.692981  0.4064211
4832.315788  0.3735215
4832.938595  0.4582533
4833.561402  0.5761097
4834.184209  0.6402658
4834.807016  0.6564112
4835.429823  0.6269389
4836.05263  0.5771249
4836.675437  0.5772474
4837.298244  0.6080725
4837.921051  0.6190698
4838.543858  0.5813491
4839.166665  0.5251254
4839.789472  0.4780519
4840.412279  0.4656954
4841.035086  0.5206932
4841.657893  0.5903887
4842.2807  0.6016817
4842.903507  0.5324162
4843.526314  0.4819085
4844.149121  0.5110324
4844.771928  0.5967146
4845.394735  0.6555873
4846.017542  0.6604887
4846.640349  0.6280103
4847.263156  0.5835512
4847.885963  0.5126402
4848.50877  0.4507254
4849.131577  0.4600538
4849.754384  0.5434943
4850.377191  0.5914996
4850.999998  0.5505821
4851.622805  0.5249107
4852.245612  0.5617747
4852.868419  0.6243712
4853.491226  0.6334586
4854.114033  0.5674902
4854.73684  0.462166
4855.359647  0.3988752
4855.982454  0.4600942
4856.605261  0.5731918
4857.228068  0.6412267
4857.850875  0.6282474
4858.473682  0.5702896
4859.096489  0.5101367
4859.719296  0.4605738
4860.342103  0.3952173
4860.96491  0.3026108
4861.587717  0.2665755
4862.210524  0.4009129
4862.833331  0.5308842
4863.456138  0.5345293
4864.078945  0.4454227
4864.701752  0.4237073
4865.324559  0.4624833
4865.947366  0.5047738
4866.570173  0.5412574
4867.19298  0.5403227
4867.815787  0.5170851
4868.438594  0.5199644
4869.061401  0.5717838
4869.684208  0.6010238
4870.307015  0.5466371
4870.929822  0.4470543
4871.552629  0.390888
4872.175436  0.4220729
4872.798243  0.5062402
4873.42105  0.5594954
4874.043857  0.5483167
4874.666664  0.4900885
4875.289471  0.4277256
4875.912278  0.4567997
4876.535085  0.5603945
4877.157892  0.6137517
4877.780699  0.5914698
4878.403506  0.6085095
4879.026313  0.7210212
4879.64912  0.731545
4880.271927  0.6135346
4880.894734  0.460622
4881.517541  0.392231
4882.140348  0.4360169
4882.763155  0.5384731
4883.385962  0.6129804
4884.008769  0.6066849
4884.631576  0.5431087
4885.254383  0.4721056
4885.87719  0.4287713
4886.499997  0.4500747
4887.122804  0.5226773
4887.745611  0.5877066
4888.368418  0.582241
4888.991225  0.5503066
4889.614032  0.527425
4890.236839  0.4627762
4890.859646  0.393077
4891.482453  0.4060747
4892.10526  0.5388842
4892.728067  0.6243929
4893.350874  0.6393912
4893.973681  0.6605964
4894.596488  0.7355341
4895.219295  0.7999894
4895.842102  0.8101947
4896.464909  0.7948657
4897.087716  0.7941142
4897.710523  0.8185808
4898.33333  0.8250942
4898.956137  0.7301366
4899.578944  0.5911669
4900.201751  0.525121
4900.824558  0.5957447
4901.447365  0.6700017
4902.070172  0.6653193
4902.692979  0.6047688
4903.315786  0.5695564
4903.938593  0.5762798
4904.5614  0.6237683
4905.184207  0.7197101
4905.807014  0.8161236
4906.429821  0.8387672
4907.052628  0.7592083
4907.675435  0.6769385
4908.298242  0.6193171
4908.921049  0.5681824
4909.543856  0.5161487
4910.166663  0.513684
4910.78947  0.559096
4911.412277  0.5988728
4912.035084  0.6283156
4912.657891  0.6343237
4913.280698  0.6116818
4913.903505  0.5871981
4914.526312  0.62336
4915.149119  0.7134417
4915.771926  0.7771598
4916.394733  0.792157
4917.01754  0.7530642
4917.640347  0.6698918
4918.263154  0.5700528
4918.885961  0.483217
4919.508768  0.4274361
4920.131575  0.4049366
4920.754382  0.4115582
4921.377189  0.4643548
4921.999996  0.5649278
4922.622803  0.6432459
4923.24561  0.6463285
4923.868417  0.574732
4924.491224  0.4903759
4925.114031  0.4778237
4925.736838  0.563413
4926.359645  0.6897017
4926.982452  0.7402406
4927.605259  0.7142187
4928.228066  0.6994978
4928.850873  0.779671
4929.47368  0.8308061
4930.096487  0.8091072
4930.719294  0.7979183
4931.342101  0.8238482
4931.964908  0.8168871
4932.587715  0.7089834
4933.210522  0.5423287
4933.833329  0.4543455
4934.456136  0.5154159
4935.078943  0.6599469
4935.70175  0.7487869
4936.324557  0.7357441
4936.947364  0.6551644
4937.570171  0.540238
4938.192978  0.4341384
4938.815785  0.3875329
4939.438592  0.4391896
4940.061399  0.5699938
4940.684206  0.6943687
4941.307013  0.728954
4941.92982  0.6913477
4942.552627  0.6518478
4943.175434  0.6655415
4943.798241  0.7230157
4944.421048  0.7584461
4945.043855  0.7408855
4945.666662  0.7006582
4946.289469  0.7010257
4946.912276  0.7337538
4947.535083  0.7525945
4948.15789  0.7339211
4948.780697  0.7367593
4949.403504  0.7782301
4950.026311  0.8212038
4950.649118  0.8932551
4951.271925  0.9233043
4951.894732  0.8496067
4952.517539  0.7512532
4953.140346  0.7054741
4953.763153  0.7106995
4954.38596  0.6978897
4955.008767  0.6749341
4955.631574  0.6495107
4956.254381  0.6018407
4956.877188  0.4867886
4957.499995  0.4044244
4958.122802  0.428619
4958.745609  0.5119643
4959.368416  0.6100378
4959.991223  0.6780073
4960.61403  0.6855093
4961.236837  0.6363953
4961.859644  0.5959561
4962.482451  0.6199301
4963.105258  0.68944
4963.728065  0.6905417
4964.350872  0.6094283
4964.973679  0.5343614
4965.596486  0.5024514
4966.219293  0.498531
4966.8421  0.4993006
4967.464907  0.5151706
4968.087714  0.5628378
4968.710521  0.6299692
4969.333328  0.6713259
4969.956135  0.6380224
4970.578942  0.5906722
4971.201749  0.60664
4971.824556  0.6521775
4972.447363  0.6676572
4973.07017  0.6612667
4973.692977  0.7039759
4974.315784  0.750227
4974.938591  0.752472
4975.561398  0.7140093
4976.184205  0.7037405
4976.807012  0.701731
4977.429819  0.667021
4978.052626  0.6051118
4978.675433  0.5838819
4979.29824  0.6150029
4979.921047  0.6433261
4980.543854  0.6123351
4981.166661  0.5234386
4981.789468  0.4293357
4982.412275  0.396627
4983.035082  0.4221175
4983.657889  0.4849215
4984.280696  0.556755
4984.903503  0.5749539
4985.52631  0.5504387
4986.149117  0.5407919
4986.771924  0.5889164
4987.394731  0.652468
4988.017538  0.6743145
4988.640345  0.6380979
4989.263152  0.5906701
4989.885959  0.5569877
4990.508766  0.5406777
4991.131573  0.5539346
4991.75438  0.6489347
4992.377187  0.7577782
4992.999994  0.7066016
4993.622801  0.5761318
4994.245608  0.5225857
4994.868415  0.6105555
4995.491222  0.6838726
4996.114029  0.6727096
4996.736836  0.6167498
4997.359643  0.6080434
4997.98245  0.6205159
4998.605257  0.5952883
4999.228064  0.5182666
4999.850871  0.483752
5000.473678  0.5104612
5001.096485  0.5549958
5001.719292  0.5688629
5002.342099  0.5666388
5002.964906  0.566393
5003.587713  0.5649028
5004.21052  0.5547485
5004.833327  0.5308481
5005.456134  0.4932026
5006.078941  0.4514949
5006.701748  0.4585987
5007.324555  0.543179
5007.947362  0.6636882
5008.570169  0.6943514
5009.192976  0.6349247
5009.815783  0.5832652
5010.43859  0.6086814
5011.061397  0.5945005
5011.684204  0.4938649
5012.307011  0.4357831
5012.929818  0.4161223
5013.552625  0.391857
5014.175432  0.3581785
5014.798239  0.40865
5015.421046  0.4950148
5016.043853  0.5438593
5016.66666  0.5666876
5017.289467  0.5559314
5017.912274  0.5251331
5018.535081  0.5070169
5019.157888  0.5182089
5019.780695  0.550532
5020.403502  0.5824894
5021.026309  0.5949468
5021.649116  0.5367167
5022.271923  0.4668319
5022.89473  0.5128888
5023.517537  0.598279
5024.140344  0.6184458
5024.763151  0.5676342
5025.385958  0.5987329
5026.008765  0.6694401
5026.631572  0.6753262
5027.254379  0.5896694
5027.877186  0.5685006
5028.499993  0.6387358
5029.1228  0.705992
5029.745607  0.719225
5030.368414  0.7041922
5030.991221  0.7136394
5031.614028  0.7701467
5032.236835  0.831472
5032.859642  0.8594471
5033.482449  0.8462576
5034.105256  0.809462
5034.728063  0.7097931
5035.35087  0.5558922
5035.973677  0.4713842
5036.596484  0.5135603
5037.219291  0.6087682
5037.842098  0.6193722
5038.464905  0.542223
5039.087712  0.4478492
5039.710519  0.3845353
5040.333326  0.3104653
5040.956133  0.2820142
5041.57894  0.365812
5042.201747  0.5515115
5042.824554  0.6728612
5043.447361  0.6982068
5044.070168  0.7130548
5044.692975  0.7772087
5045.315782  0.8475669
5045.938589  0.8825669
5046.561396  0.8965801
5047.184203  0.8366324
5047.80701  0.7263758
5048.429817  0.6421974
5049.052624  0.5976884
5049.675431  0.5991285
5050.298238  0.6198245
5050.921045  0.6025425
5051.543852  0.5642534
5052.166659  0.5678287
5052.789466  0.6516479
5053.412273  0.7291238
5054.03508  0.786925
5054.657887  0.8405513
5055.280694  0.8609288
5055.903501  0.8549967
5056.526308  0.8286248
5057.149115  0.7888916
5057.771922  0.7984513
5058.394729  0.8171081
5059.017536  0.775873
5059.640343  0.7094325
5060.26315  0.7343941
5060.885957  0.8519749
5061.508764  0.9133524
5062.131571  0.9201635
5062.754378  0.8735878
5063.377185  0.7577742
5063.999992  0.5816137
5064.622799  0.4773753
5065.245606  0.5309612
5065.868413  0.6650014
5066.49122  0.73736
5067.114027  0.7047598
5067.736834  0.6349316
5068.359641  0.5900894
5068.982448  0.6241526
5069.605255  0.7279262
5070.228062  0.8061971
5070.850869  0.7880871
5071.473676  0.6900961
5072.096483  0.6099895
5072.71929  0.6495253
5073.342097  0.7610261
5073.964904  0.8191142
5074.587711  0.75744
5075.210518  0.6658716
5075.833325  0.6346284
5076.456132  0.6695158
5077.078939  0.7608008
5077.701746  0.7935854
5078.324553  0.6696539
5078.94736  0.4833756
5079.570167  0.3777427
5080.192974  0.4106709
5080.815781  0.5067065
5081.438588  0.6146381
5082.061395  0.6559347
5082.684202  0.5928292
5083.307009  0.5485421
5083.929816  0.5859938
5084.552623  0.6748318
5085.17543  0.7251055
5085.798237  0.7236803
5086.421044  0.6916426
5087.043851  0.6637363
5087.666658  0.6949477
5088.289465  0.7577801
5088.912272  0.7928035
5089.535079  0.7846568
5090.157886  0.7570295
5090.780693  0.7395834
5091.4035  0.744172
5092.026307  0.7589345
5092.649114  0.7946228
5093.271921  0.8469031
5093.894728  0.8510275
5094.517535  0.8313933
5095.140342  0.8148407
5095.763149  0.781269
5096.385956  0.7455059
5097.008763  0.7208152
5097.63157  0.694629
5098.254377  0.6157775
5098.877184  0.5594579
5099.499991  0.5995324
5100.122798  0.7005349
5100.745605  0.7970079
5101.368412  0.8361422
5101.991219  0.8076479
5102.614026  0.7554349
5103.236833  0.736001
5103.85964  0.7504889
5104.482447  0.7202489
5105.105254  0.706679
5105.728061  0.7236195
5106.350868  0.6980943
5106.973675  0.6233308
5107.596482  0.5886796
5108.219289  0.6430527
5108.842096  0.6539978
5109.464903  0.5662568
5110.08771  0.4737094
5110.710517  0.5421093
5111.333324  0.6812369
5111.956131  0.7416452
5112.578938  0.6745337
5113.201745  0.645832
5113.824552  0.6886356
5114.447359  0.7475746
5115.070166  0.7693399
5115.692973  0.7884722
5116.31578  0.8310483
5116.938587  0.881238
5117.561394  0.9016202
5118.184201  0.8799251
5118.807008  0.8336278
5119.429815  0.798754
5120.052622  0.7849757
5120.675429  0.7752655
5121.298236  0.7401338
5121.921043  0.6759115
5122.54385  0.574881
5123.166657  0.4736823
5123.789464  0.4831277
5124.412271  0.5751044
5125.035078  0.6718547
5125.657885  0.7145575
5126.280692  0.6602768
5126.903499  0.5633782
5127.526306  0.523623
5128.149113  0.582306
5128.77192  0.6360238
5129.394727  0.634177
5130.017534  0.666355
5130.640341  0.6913004
5131.263148  0.6972979
5131.885955  0.7101141
5132.508762  0.7102135
5133.131569  0.7078492
5133.754376  0.7358655
5134.377183  0.8187589
5134.99999  0.8970345
5135.622797  0.8857703
5136.245604  0.7645989
5136.868411  0.6964517
5137.491218  0.7053258
5138.114025  0.7056434
5138.736832  0.6354804
5139.359639  0.6393548
5139.982446  0.7621754
5140.605253  0.8484232
5141.22806  0.7757005
5141.850867  0.5991969
5142.473674  0.4817947
5143.096481  0.526791
5143.719288  0.6429307
5144.342095  0.6930425
5144.964902  0.638363
5145.587709  0.6108215
5146.210516  0.6122829
5146.833323  0.5602893
5147.45613  0.5307923
5148.078937  0.5822378
5148.701744  0.6842657
5149.324551  0.719566
5149.947358  0.6659424
5150.570165  0.5695794
5151.192972  0.5000669
5151.815779  0.4948915
5152.438586  0.5483692
5153.061393  0.6138889
5153.6842  0.6294976
5154.307007  0.6505342
5154.929814  0.7008057
5155.552621  0.7356947
5156.175428  0.7772657
5156.798235  0.8362873
5157.421042  0.8874295
5158.043849  0.8724529
5158.666656  0.811719
5159.289463  0.7720541
5159.91227  0.8050182
5160.535077  0.8479223
5161.157884  0.8360524
5161.780691  0.7714792
5162.403498  0.7527807
5163.026305  0.7839628
5163.649112  0.7968007
5164.271919  0.7206551
5164.894726  0.5871813
5165.517533  0.4430927
5166.14034  0.3239419
5166.763147  0.2815732
5167.385954  0.2898633
5168.008761  0.3049974
5168.631568  0.3379617
5169.254375  0.4311343
5169.877182  0.5402037
5170.499989  0.5470126
5171.122796  0.4495147
5171.745603  0.3266394
5172.36841  0.2655854
5172.991217  0.2845075
5173.614024  0.3918134
5174.236831  0.5341215
5174.859638  0.606868
5175.482445  0.5885558
5176.105252  0.55719
5176.728059  0.596844
5177.350866  0.6554486
5177.973673  0.6841121
5178.59648  0.6690454
5179.219287  0.6365654
5179.842094  0.6213884
5180.464901  0.6306867
5181.087708  0.6381913
5181.710515  0.608057
5182.333322  0.5074083
5182.956129  0.3715651
5183.578936  0.3284417
5184.201743  0.4286454
5184.82455  0.5885263
5185.447357  0.6654322
5186.070164  0.6956853
5186.692971  0.7132084
5187.315778  0.7094682
5187.938585  0.6505384
5188.561392  0.6312193
5189.184199  0.7098011
5189.807006  0.8106787
5190.429813  0.7830809
5191.05262  0.6164889
5191.675427  0.4357393
5192.298234  0.3669309
5192.921041  0.4333
5193.543848  0.5464934
5194.166655  0.5724758
5194.789462  0.5382146
5195.412269  0.5445436
5196.035076  0.6467597
5196.657883  0.7191207
5197.28069  0.7104811
5197.903497  0.6735776
5198.526304  0.7127372
5199.149111  0.7577791
5199.771918  0.7487871
5200.394725  0.7121712
5201.017532  0.6948624
5201.640339  0.6880103
5202.263146  0.6754549
5202.885953  0.702132
5203.50876  0.6585096
5204.131567  0.5114331
5204.754374  0.390054
5205.377181  0.3555691
5205.999988  0.4185298
5206.622795  0.5213997
5207.245602  0.5325974
5207.868409  0.4688633
5208.491216  0.4275596
5209.114023  0.4745766
5209.73683  0.4914959
5210.359637  0.4917698
5210.982444  0.5845482
5211.605251  0.6729077
5212.228058  0.7256204
5212.850865  0.7646633
5213.473672  0.8046479
5214.096479  0.8006031
5214.719286  0.7299595
5215.342093  0.6325971
5215.9649  0.5985956
5216.587707  0.6369576
5217.210514  0.7035995
5217.833321  0.7726772
5218.456128  0.7768994
5219.078935  0.7126445
5219.701742  0.6685212
5220.324549  0.7153773
5220.947356  0.7932703
5221.570163  0.8023696
5222.19297  0.7798273
5222.815777  0.7317437
5223.438584  0.6456958
5224.061391  0.5249841
5224.684198  0.4341442
5225.307005  0.3988716
5225.929812  0.3952063
5226.552619  0.4030906
5227.175426  0.4760834
5227.798233  0.641911
5228.42104  0.8127202
5229.043847  0.8644035
5229.666654  0.8114774
5230.289461  0.8014613
5230.912268  0.8981825
5231.535075  0.9529039
5232.157882  0.8329055
5232.780689  0.6857477
5233.403496  0.6134081
5234.026303  0.6244576
5234.64911  0.6620534
5235.271917  0.7490062
5235.894724  0.860385
5236.517531  0.9298916
5237.140338  0.9197437
5237.763145  0.8702714
5238.385952  0.8255516
5239.008759  0.7837411
5239.631566  0.7613264
5240.254373  0.7813954
5240.87718  0.8418741
5241.499987  0.8697503
5242.122794  0.850088
5242.745601  0.828347
5243.368408  0.8682724
5243.991215  0.9618045
5244.614022  1.021887
5245.236829  0.9384567
5245.859636  0.6939276
5246.482443  0.4382123
5247.10525  0.3635094
5247.728057  0.5213759
5248.350864  0.699136
5248.973671  0.7004949
5249.596478  0.5370033
5250.219285  0.4231754
5250.842092  0.4508286
5251.464899  0.5510607
5252.087706  0.6167907
5252.710513  0.6869652
5253.33332  0.7623154
5253.956127  0.7167124
5254.578934  0.594353
5255.201741  0.5629039
5255.824548  0.7310176
5256.447355  0.8767772
5257.070162  0.9376273
5257.692969  0.9667081
5258.315776  0.9919295
5258.938583  0.9414363
5259.56139  0.8488477
5260.184197  0.8370178
5260.807004  0.8222357
5261.429811  0.7629501
5262.052618  0.6784323
5262.675425  0.6000009
5263.298232  0.5386924
5263.921039  0.5083714
5264.543846  0.5197517
5265.166653  0.4931215
5265.78946  0.4787061
5266.412267  0.5801048
5267.035074  0.7474444
5267.657881  0.8222643
5268.280688  0.6993406
5268.903495  0.4479845
5269.526302  0.290726
5270.149109  0.3457234
5270.771916  0.55159
5271.394723  0.7553298
5272.01753  0.8335431
5272.640337  0.7907419
5273.263144  0.7735026
5273.885951  0.7900521
5274.508758  0.7706989
5275.131565  0.6760588
5275.754372  0.6599827
5276.377179  0.7615553
5276.999986  0.903821
5277.622793  0.9998617
5278.2456  1.029153
5278.868407  1.006566
5279.491214  0.9532571
5280.114021  0.8938431
5280.736828  0.838995
5281.359635  0.7929473
5281.982442  0.76758
5282.605249  0.7447149
5283.228056  0.7142081
5283.850863  0.7080877
5284.47367  0.8032234
5285.096477  0.9667022
5285.719284  1.077815
5286.342091  1.103434
5286.964898  1.058583
5287.587705  0.9839552
5288.210512  0.9225491
5288.833319  0.901222
5289.456126  0.9211869
5290.078933  0.963534
5290.70174  1.013604
5291.324547  1.028971
5291.947354  0.979215
5292.570161  0.8994144
5293.192968  0.8786846
5293.815775  0.9321011
5294.438582  0.9609494
5295.061389  0.9063712
5295.684196  0.7779111
5296.307003  0.6332715
5296.92981  0.5277867
5297.552617  0.5178813
5298.175424  0.6245973
5298.798231  0.8015639
5299.421038  0.8856051
5300.043845  0.8342868
5300.666652  0.7523324
5301.289459  0.7363089
5301.912266  0.7693968
5302.535073  0.8094314
5303.15788  0.890822
5303.780687  0.9961834
5304.403494  1.092542
5305.026301  1.144709
5305.649108  1.094319
5306.271915  0.982575
5306.894722  0.9023149
5307.517529  0.8998301
5308.140336  0.9685859
5308.763143  1.057121
5309.38595  1.102533
5310.008757  1.081721
5310.631564  1.026868
5311.254371  0.9865314
5311.877178  0.9651212
5312.499985  0.9442955
5313.122792  0.9286238
5313.745599  0.9619619
5314.368406  1.011903
5314.991213  1.031904
5315.61402  1.003672
5316.236827  0.9560966
5316.859634  0.9369518
5317.482441  0.9548658
5318.105248  0.9477999
5318.728055  0.9160904
5319.350862  0.897729
5319.973669  0.9232535
5320.596476  0.9493694
5321.219283  0.943531
5321.84209  0.9143925
5322.464897  0.9110654
5323.087704  0.8893748
5323.710511  0.8408489
5324.333318  0.8473869
5324.956125  0.9126168
5325.578932  0.9705886
5326.201739  0.9384834
5326.824546  0.8032318
5327.447353  0.5890971
5328.07016  0.4127102
5328.692967  0.4587848
5329.315774  0.630235
5329.938581  0.7859906
5330.561388  0.868927
5331.184195  0.9116529
5331.807002  0.9072965
5332.429809  0.8584175
5333.052616  0.8484306
5333.675423  0.9333814
5334.29823  1.063028
5334.921037  1.111898
5335.543844  1.068063
5336.166651  0.9864035
5336.789458  0.9413292
5337.412265  0.979689
5338.035072  1.033091
5338.657879  1.019912
5339.280686  0.922537
5339.903493  0.7430068
5340.5263  0.6285085
5341.149107  0.7314464
5341.771914  0.9131884
5342.394721  1.000585
5343.017528  0.9642906
5343.640335  0.9726965
5344.263142  0.9727501
5344.885949  0.9131227
5345.508756  0.8479195
5346.131563  0.9060811
5346.75437  0.9981586
5347.377177  0.9702188
5347.999984  0.8532324
5348.622791  0.7645347
5349.245598  0.7626954
5349.868405  0.8057428
5350.491212  0.9151773
5351.114019  1.042722
5351.736826  1.1032
5352.359633  1.074605
5352.98244  1.049606
5353.605247  1.107511
5354.228054  1.217821
5354.850861  1.27303
5355.473668  1.237932
5356.096475  1.170513
5356.719282  1.135489
5357.342089  1.152464
5357.964896  1.190631
5358.587703  1.197392
5359.21051  1.210489
5359.833317  1.214207
5360.456124  1.134723
5361.078931  1.01951
5361.701738  0.953391
5362.324545  0.981102
5362.947352  1.046851
5363.570159  1.076464
5364.192966  1.0382
5364.815773  0.9685451
5365.43858  0.9536063
5366.061387  0.9763495
5366.684194  0.9731619
5367.307001  0.9947457
5367.929808  1.027604
5368.552615  1.015689
5369.175422  0.9173366
5369.798229  0.7975091
5370.421036  0.6944928
5371.043843  0.620748
5371.66665  0.6821918
5372.289457  0.8685358
5372.912264  1.063827
5373.535071  1.133703
5374.157878  1.166062
5374.780685  1.199927
5375.403492  1.152596
5376.026299  1.046346
5376.649106  0.969269
5377.271913  0.9951999
5377.89472  1.092359
5378.517527  1.17379
5379.140334  1.176893
5379.763141  1.112117
5380.385948  1.042607
5381.008755  1.015758
5381.631562  1.029472
5382.254369  1.023605
5382.877176  0.9929396
5383.499983  0.9668845
5384.12279  0.9685455
5384.745597  0.9649342
5385.368404  0.9527836
5385.991211  0.9620008
5386.614018  0.9700386
5387.236825  0.9848204
5387.859632  0.9976788
5388.482439  0.9354509
5389.105246  0.8472129
5389.728053  0.8016419
5390.35086  0.815236
5390.973667  0.8607172
5391.596474  0.9060075
5392.219281  0.9334018
5392.842088  0.9410239
5393.464895  0.8974687
5394.087702  0.8326793
5394.710509  0.8470492
5395.333316  0.8689857
5395.956123  0.7798642
5396.57893  0.5771741
5397.201737  0.5474095
5397.824544  0.73304
5398.447351  0.9669655
5399.070158  1.048114
5399.692965  1.006417
5400.315772  0.947681
5400.938579  0.942464
5401.561386  0.9849285
5402.184193  1.035652
5402.807  1.045947
5403.429807  0.979277
5404.052614  0.853057
5404.675421  0.7098396
5405.298228  0.5982967
5405.921035  0.5931393
5406.543842  0.6970542
5407.166649  0.8341848
5407.789456  0.8995057
5408.412263  0.8428304
5409.03507  0.7104913
5409.657877  0.631227
5410.280684  0.694903
5410.903491  0.8653902
5411.526298  1.019552
5412.149105  1.088703
5412.771912  1.08119
5413.394719  1.044994
5414.017526  1.018957
5414.640333  1.013186
5415.26314  1.042641
5415.885947  1.119141
5416.508754  1.167878
5417.131561  1.160026
5417.754368  1.118306
5418.377175  1.079465
5418.999982  1.040181
5419.622789  0.9946279
5420.245596  0.9589963
5420.868403  0.9666207
5421.49121  1.039936
5422.114017  1.147102
5422.736824  1.15887
5423.359631  1.056426
5423.982438  0.9338161
5424.605245  0.921082
5425.228052  0.9657922
5425.850859  1.010348
5426.473666  1.065995
5427.096473  1.180724
5427.71928  1.2262
5428.342087  1.069721
5428.964894  0.7994623
5429.587701  0.6580961
5430.210508  0.7610371
5430.833315  0.9681375
5431.456122  0.9965324
5432.078929  0.8821887
5432.701736  0.8295947
5433.324543  0.8128099
5433.94735  0.7679578
5434.570157  0.7130745
5435.192964  0.7584286
5435.815771  0.7945316
5436.438578  0.8038722
5437.061385  0.8703155
5437.684192  0.9721035
5438.306999  1.065829
5438.929806  1.130246
5439.552613  1.187982
5440.17542  1.216546
5440.798227  1.204515
5441.421034  1.176764
5442.043841  1.173083
5442.666648  1.213092
5443.289455  1.262372
5443.912262  1.227788
5444.535069  1.160926
5445.157876  1.078322
5445.780683  0.9073149
5446.40349  0.7162071
5447.026297  0.6510336
5447.649104  0.7737031
5448.271911  0.87841
5448.894718  0.9383152
5449.517525  0.9913853
5450.140332  1.014553
5450.763139  0.99209
5451.385946  0.9654617
5452.008753  0.9837134
5452.63156  0.9610267
5453.254367  0.9120574
5453.877174  0.8709661
5454.499981  0.7851706
5455.122788  0.6792816
5455.745595  0.6447209
5456.368402  0.7581745
5456.991209  0.8901995
5457.614016  0.9822721
5458.236823  1.046965
5458.85963  1.06609
5459.482437  0.9883965
5460.105244  0.8618565
5460.728051  0.8473274
5461.350858  0.9275904
5461.973665  0.9819878
5462.596472  0.9236069
5463.219279  0.8657784
5463.842086  0.9030472
5464.464893  1.011417
5465.0877  1.044334
5465.710507  0.997128
5466.333314  0.9525997
5466.956121  0.9866115
5467.578928  1.029035
5468.201735  1.045956
5468.824542  1.031728
