4780.  0.9280048
4780.622807  0.9467128
4781.245614  0.9634554
4781.868421  0.9570163
4782.491228  0.9288842
4783.114035  0.8909361
4783.736842  0.8858583
4784.359649  0.9335118
4784.982456  0.9550068
4785.605263  0.923896
4786.22807  0.8743433
4786.850877  0.8670639
4787.473684  0.9008802
4788.096491  0.9238702
4788.719298  0.8961664
4789.342105  0.8808051
4789.964912  0.8931764
4790.587719  0.9127427
4791.210526  0.9224013
4791.833333  0.9180201
4792.45614  0.9166983
4793.078947  0.9394361
4793.701754  0.9692333
4794.324561  0.9895222
4794.947368  0.9947278
4795.570175  0.9921974
4796.192982  0.9803319
4796.815789  0.9677092
4797.438596  0.9653082
4798.061403  0.9417821
4798.68421  0.9135288
4799.307017  0.9090689
4799.929824  0.9028726
4800.552631  0.9098608
4801.175438  0.9385256
4801.798245  0.9626308
4802.421052  0.9624636
4803.043859  0.9549687
4803.666666  0.961454
4804.289473  0.941432
4804.91228  0.9161037
4805.535087  0.9176562
4806.157894  0.9405617
4806.780701  0.9396371
4807.403508  0.9159079
4808.026315  0.9083116
4808.649122  0.9153504
4809.271929  0.9296448
4809.894736  0.9405761
4810.517543  0.9386348
4811.14035  0.9456638
4811.763157  0.9570835
4812.385964  0.9473668
4813.008771  0.9439048
4813.631578  0.9507501
4814.254385  0.95782
4814.877192  0.9693483
4815.499999  0.9808796
4816.122806  0.9887086
4816.745613  0.9910867
4817.36842  0.9788554
4817.991227  0.9695551
4818.614034  0.9816923
4819.236841  0.9935604
4819.859648  0.9890062
4820.482455  0.9745922
4821.105262  0.9730811
4821.728069  0.9756145
4822.350876  0.9552706
4822.973683  0.9046543
4823.59649  0.8775196
4824.219297  0.8897426
4824.842104  0.9258575
4825.464911  0.9609744
4826.087718  0.9753637
4826.710525  0.9743974
4827.333332  0.9743932
4827.956139  0.9578057
4828.578946  0.9321843
4829.201753  0.9210376
4829.82456  0.9385987
4830.447367  0.9504128
4831.070174  0.9423137
4831.692981  0.934
4832.315788  0.9280584
4832.938595  0.9321666
4833.561402  0.9484385
4834.184209  0.9610754
4834.807016  0.958679
4835.429823  0.9476445
4836.05263  0.9474717
4836.675437  0.9588738
4837.298244  0.965619
4837.921051  0.9517307
4838.543858  0.922366
4839.166665  0.8971971
4839.789472  0.8883602
4840.412279  0.8906298
4841.035086  0.9135453
4841.657893  0.9347879
4842.2807  0.9248171
4842.903507  0.9066061
4843.526314  0.9082208
4844.149121  0.9335293
4844.771928  0.9515627
4845.394735  0.9571763
4846.017542  0.9588476
4846.640349  0.9630696
4847.263156  0.9500204
4847.885963  0.9223353
4848.50877  0.9012548
4849.131577  0.9049126
4849.754384  0.9302028
4850.377191  0.9538306
4850.999998  0.9504994
4851.622805  0.9279827
4852.245612  0.9100103
4852.868419  0.9120656
4853.491226  0.9211554
4854.114033  0.8987279
4854.73684  0.8407831
4855.359647  0.7949214
4855.982454  0.7959762
4856.605261  0.8259393
4857.228068  0.841651
4857.850875  0.8321528
4858.473682  0.7983552
4859.096489  0.7457865
4859.719296  0.6775749
4860.342103  0.5725451
4860.96491  0.4775348
4861.587717  0.4764666
4862.210524  0.582396
4862.833331  0.6963586
4863.456138  0.743103
4864.078945  0.7714826
4864.701752  0.8040578
4865.324559  0.8351494
4865.947366  0.8500563
4866.570173  0.8684354
4867.19298  0.8813211
4867.815787  0.8795916
4868.438594  0.889069
4869.061401  0.9061565
4869.684208  0.9022782
4870.307015  0.8499844
4870.929822  0.7715029
4871.552629  0.7360057
4872.175436  0.782573
4872.798243  0.8441922
4873.42105  0.8858177
4874.043857  0.9015985
4874.666664  0.9007927
4875.289471  0.8955408
4875.912278  0.900815
4876.535085  0.9152355
4877.157892  0.9033974
4877.780699  0.883849
4878.403506  0.8938425
4879.026313  0.9454475
4879.64912  0.9919132
4880.271927  0.9930205
4880.894734  0.9494795
4881.517541  0.9126092
4882.140348  0.9152423
4882.763155  0.9450932
4883.385962  0.9499826
4884.008769  0.9316404
4884.631576  0.9059039
4885.254383  0.8812104
4885.87719  0.8668063
4886.499997  0.8673384
4887.122804  0.8801699
4887.745611  0.8920452
4888.368418  0.8931138
4888.991225  0.8924178
4889.614032  0.9003494
4890.236839  0.8433157
4890.859646  0.7662555
4891.482453  0.7699366
4892.10526  0.8554682
4892.728067  0.9417506
4893.350874  0.9770886
4893.973681  0.9928983
4894.596488  1.008574
4895.219295  1.015087
4895.842102  0.9995433
4896.464909  0.9901099
4897.087716  0.9908224
4897.710523  0.993907
4898.33333  0.9958521
4898.956137  0.975387
4899.578944  0.9457524
4900.201751  0.9426659
4900.824558  0.967558
4901.447365  0.993304
4902.070172  0.9869727
4902.692979  0.9392026
4903.315786  0.906157
4903.938593  0.9172844
4904.5614  0.9476042
4905.184207  0.9762848
4905.807014  0.9940352
4906.429821  0.9979922
4907.052628  0.9829274
4907.675435  0.9663982
4908.298242  0.9551927
4908.921049  0.933443
4909.543856  0.8891603
4910.166663  0.852664
4910.78947  0.8604091
4911.412277  0.894471
4912.035084  0.9317966
4912.657891  0.9533774
4913.280698  0.9525385
4913.903505  0.9566246
4914.526312  0.9793435
4915.149119  1.006302
4915.771926  1.00571
4916.394733  0.9845935
4917.01754  0.9532048
4917.640347  0.8958706
4918.263154  0.8365362
4918.885961  0.7951304
4919.508768  0.7732642
4920.131575  0.7627827
4920.754382  0.7908136
4921.377189  0.8634666
4921.999996  0.915846
4922.622803  0.929504
4923.24561  0.9097979
4923.868417  0.8754244
4924.491224  0.8705384
4925.114031  0.906304
4925.736838  0.9566876
4926.359645  0.9838624
4926.982452  0.9725006
4927.605259  0.9502693
4928.228066  0.967684
4928.850873  0.9942352
4929.47368  1.000004
4930.096487  0.9850035
4930.719294  0.9838475
4931.342101  0.9960366
4931.964908  0.9926062
4932.587715  0.945802
4933.210522  0.8812037
4933.833329  0.8551948
4934.456136  0.8993645
4935.078943  0.9529158
4935.70175  0.9664299
4936.324557  0.9376187
4936.947364  0.9117048
4937.570171  0.8857072
4938.192978  0.8534231
4938.815785  0.8296897
4939.438592  0.8563875
4940.061399  0.9233229
4940.684206  0.9839092
4941.307013  0.9986048
4941.92982  0.9862827
4942.552627  0.9828194
4943.175434  1.003
4943.798241  1.02202
4944.421048  1.010833
4945.043855  0.9678273
4945.666662  0.9360092
4946.289469  0.9391644
4946.912276  0.9702496
4947.535083  0.999077
4948.15789  1.008547
4948.780697  0.9988632
4949.403504  0.984077
4950.026311  0.9816312
4950.649118  0.9954869
4951.271925  1.00596
4951.894732  0.9821373
4952.517539  0.9638181
4953.140346  0.969712
4953.763153  0.9786449
4954.38596  0.973844
4955.008767  0.9797041
4955.631574  0.9907
4956.254381  0.9228997
4956.877188  0.793425
4957.499995  0.7185619
4958.122802  0.8085653
4958.745609  0.9395643
4959.368416  1.016844
4959.991223  1.027864
4960.61403  1.017401
4961.236837  1.00401
4961.859644  0.994245
4962.482451  0.9948379
4963.105258  1.010434
4963.728065  1.022307
4964.350872  1.005509
4964.973679  0.9610087
4965.596486  0.9303711
4966.219293  0.9392402
4966.8421  0.9615148
4967.464907  0.9569407
4968.087714  0.9430373
4968.710521  0.9604673
4969.333328  0.9613804
4969.956135  0.9439553
4970.578942  0.938062
4971.201749  0.9674883
4971.824556  0.9918759
4972.447363  0.9920095
4973.07017  0.9888937
4973.692977  1.001594
4974.315784  1.015888
4974.938591  1.01125
4975.561398  0.9971546
4976.184205  0.9929897
4976.807012  0.9969998
4977.429819  0.985952
4978.052626  0.9547513
4978.675433  0.9325848
4979.29824  0.9421239
4979.921047  0.9470004
4980.543854  0.9512615
4981.166661  0.9416714
4981.789468  0.8788192
4982.412275  0.8143551
4983.035082  0.7923653
4983.657889  0.8144094
4984.280696  0.8440819
4984.903503  0.8642995
4985.52631  0.8886058
4986.149117  0.9456497
4986.771924  0.9992641
4987.394731  1.016212
4988.017538  0.9982266
4988.640345  0.982228
4989.263152  0.9815916
4989.885959  0.9790376
4990.508766  0.9454123
4991.131573  0.9299785
4991.75438  0.9551281
4992.377187  0.9819028
4992.999994  0.9652249
4993.622801  0.9385021
4994.245608  0.9533546
4994.868415  0.9882773
4995.491222  1.001616
4996.114029  0.9873356
4996.736836  0.9819508
4997.359643  0.9901813
4997.98245  0.9882367
4998.605257  0.9574233
4999.228064  0.9251434
4999.850871  0.9134586
5000.473678  0.9168699
5001.096485  0.908449
5001.719292  0.8991181
5002.342099  0.9062324
5002.964906  0.9310707
5003.587713  0.9475861
5004.21052  0.9417096
5004.833327  0.9062899
5005.456134  0.841689
5006.078941  0.8085553
5006.701748  0.834801
5007.324555  0.8942883
5007.947362  0.95529
5008.570169  0.9880979
5009.192976  0.9851615
5009.815783  0.9696058
5010.43859  0.9605556
5011.061397  0.9447331
5011.684204  0.8970428
5012.307011  0.8674363
5012.929818  0.8625615
5013.552625  0.8566707
5014.175432  0.8496311
5014.798239  0.8723462
5015.421046  0.9179637
5016.043853  0.9289668
5016.66666  0.9104301
5017.289467  0.8735588
5017.912274  0.8376485
5018.535081  0.8536093
5019.157888  0.9000895
5019.780695  0.9361998
5020.403502  0.9527457
5021.026309  0.944109
5021.649116  0.9182528
5022.271923  0.8974229
5022.89473  0.9172814
5023.517537  0.951519
5024.140344  0.9619074
5024.763151  0.9590436
5025.385958  0.9630097
5026.008765  0.9640698
5026.631572  0.9322577
5027.254379  0.885067
5027.877186  0.8799775
5028.499993  0.9380943
5029.1228  0.9794642
5029.745607  0.9875427
5030.368414  0.9782231
5030.991221  0.9686812
5031.614028  0.9757666
5032.236835  0.9937888
5032.859642  1.008023
5033.482449  1.02027
5034.105256  1.008074
5034.728063  0.9578847
5035.35087  0.8919927
5035.973677  0.8709272
5036.596484  0.9099731
5037.219291  0.9626392
5037.842098  0.9578008
5038.464905  0.916554
5039.087712  0.8885792
5039.710519  0.8739731
5040.333326  0.8221325
5040.956133  0.7554024
5041.57894  0.7627693
5042.201747  0.859007
5042.824554  0.9575569
5043.447361  0.9835985
5044.070168  0.9857013
5044.692975  0.996759
5045.315782  1.018831
5045.938589  1.032334
5046.561396  1.03202
5047.184203  1.001006
5047.80701  0.9413927
5048.429817  0.906502
5049.052624  0.9034991
5049.675431  0.920248
5050.298238  0.9446371
5050.921045  0.9342136
5051.543852  0.9097775
5052.166659  0.924175
5052.789466  0.9556526
5053.412273  0.9828399
5054.03508  0.9980086
5054.657887  1.008741
5055.280694  1.005981
5055.903501  0.996609
5056.526308  0.99692
5057.149115  0.9970888
5057.771922  1.000651
5058.394729  1.007326
5059.017536  1.00123
5059.640343  1.001584
5060.26315  1.016072
5060.885957  1.027745
5061.508764  1.035264
5062.131571  1.040425
5062.754378  1.037805
5063.377185  1.010168
5063.999992  0.9477282
5064.622799  0.8882589
5065.245606  0.8985631
5065.868413  0.9444717
5066.49122  0.9757857
5067.114027  0.9693213
5067.736834  0.949402
5068.359641  0.9372712
5068.982448  0.948671
5069.605255  0.988366
5070.228062  1.015074
5070.850869  1.000036
5071.473676  0.9523292
5072.096483  0.9129646
5072.71929  0.924285
5073.342097  0.9722447
5073.964904  0.9721748
5074.587711  0.9486113
5075.210518  0.9416815
5075.833325  0.9581059
5076.456132  0.9818934
5077.078939  0.9988042
5077.701746  0.991235
5078.324553  0.9334362
5078.94736  0.8627437
5079.570167  0.8224459
5080.192974  0.8244475
5080.815781  0.8657649
5081.438588  0.9186789
5082.061395  0.9464955
5082.684202  0.9307918
5083.307009  0.9146013
5083.929816  0.9334818
5084.552623  0.9690955
5085.17543  0.9955152
5085.798237  1.005991
5086.421044  1.006861
5087.043851  0.984712
5087.666658  0.9654372
5088.289465  0.9727699
5088.912272  0.9902887
5089.535079  0.9955089
5090.157886  0.9847767
5090.780693  0.9750092
5091.4035  0.988726
5092.026307  1.012978
5092.649114  1.024583
5093.271921  1.027765
5093.894728  1.023351
5094.517535  1.017727
5095.140342  1.015379
5095.763149  0.992772
5096.385956  0.9536671
5097.008763  0.9184962
5097.63157  0.8953132
5098.254377  0.8654863
5098.877184  0.8397341
5099.499991  0.865783
5100.122798  0.9236855
5100.745605  0.9806271
5101.368412  1.013078
5101.991219  1.013129
5102.614026  0.9983819
5103.236833  0.9871833
5103.85964  0.9807912
5104.482447  0.9735987
5105.105254  0.9723445
5105.728061  0.9820483
5106.350868  0.9675241
5106.973675  0.9338953
5107.596482  0.9178087
5108.219289  0.9489767
5108.842096  0.9593698
5109.464903  0.9273974
5110.08771  0.9133147
5110.710517  0.940205
5111.333324  0.988952
5111.956131  1.023221
5112.578938  1.027366
5113.201745  1.020898
5113.824552  1.016466
5114.447359  1.003392
5115.070166  0.9914693
5115.692973  0.9953517
5116.31578  1.017121
5116.938587  1.030851
5117.561394  1.03467
5118.184201  1.034291
5118.807008  1.027015
5119.429815  1.015758
5120.052622  0.9996679
5120.675429  0.9804583
5121.298236  0.9747211
5121.921043  0.9775775
5122.54385  0.9702886
5123.166657  0.9408579
5123.789464  0.9196141
5124.412271  0.9160972
5125.035078  0.911424
5125.657885  0.9244556
5126.280692  0.9440718
5126.903499  0.9497429
5127.526306  0.9480828
5128.149113  0.9422881
5128.77192  0.9343334
5129.394727  0.9292141
5130.017534  0.9493281
5130.640341  0.9679756
5131.263148  0.9561779
5131.885955  0.9711258
5132.508762  0.9772377
5133.131569  0.9502842
5133.754376  0.9443517
5134.377183  0.9815303
5134.99999  1.026739
5135.622797  1.02057
5136.245604  0.9602231
5136.868411  0.9148861
5137.491218  0.9231375
5138.114025  0.9235517
5138.736832  0.8818657
5139.359639  0.8572712
5139.982446  0.9294084
5140.605253  0.984936
5141.22806  0.9621034
5141.850867  0.8911353
5142.473674  0.8618922
5143.096481  0.9076759
5143.719288  0.9797855
5144.342095  0.9929523
5144.964902  0.9715096
5145.587709  0.9511955
5146.210516  0.9439271
5146.833323  0.9307232
5147.45613  0.9148082
5148.078937  0.9214471
5148.701744  0.970903
5149.324551  1.000174
5149.947358  0.9854107
5150.570165  0.956332
5151.192972  0.9409577
5151.815779  0.9464507
5152.438586  0.9587857
5153.061393  0.9558797
5153.6842  0.9457446
5154.307007  0.9428382
5154.929814  0.9515908
5155.552621  0.9606225
5156.175428  0.9759029
5156.798235  1.000085
5157.421042  1.012892
5158.043849  1.002535
5158.666656  0.9855659
5159.289463  0.993768
5159.91227  1.013696
5160.535077  1.01574
5161.157884  0.9834555
5161.780691  0.9395366
5162.403498  0.9302627
5163.026305  0.9584453
5163.649112  0.9667248
5164.271919  0.9380207
5164.894726  0.8963372
5165.517533  0.8603756
5166.14034  0.7812375
5166.763147  0.693845
5167.385954  0.658541
5168.008761  0.6916489
5168.631568  0.7601785
5169.254375  0.8456106
5169.877182  0.9310929
5170.499989  0.923071
5171.122796  0.8158238
5171.745603  0.6766762
5172.36841  0.5883588
5172.991217  0.6360604
5173.614024  0.7897284
5174.236831  0.9200817
5174.859638  0.9954767
5175.482445  1.015099
5176.105252  1.001466
5176.728059  0.9959869
5177.350866  1.00702
5177.973673  1.019036
5178.59648  1.015772
5179.219287  1.008821
5179.842094  1.00371
5180.464901  0.9942113
5181.087708  0.9681069
5181.710515  0.9039667
5182.333322  0.7820742
5182.956129  0.6137842
5183.578936  0.5503452
5184.201743  0.6433393
5184.82455  0.8009802
5185.447357  0.9096876
5186.070164  0.9652679
5186.692971  0.9982889
5187.315778  0.985656
5187.938585  0.9408621
5188.561392  0.9174681
5189.184199  0.96358
5189.807006  1.009368
5190.429813  0.9936988
5191.05262  0.9149138
5191.675427  0.8416553
5192.298234  0.8404807
5192.921041  0.912455
5193.543848  0.9839928
5194.166655  0.9772795
5194.789462  0.924093
5195.412269  0.9075885
5196.035076  0.9247758
5196.657883  0.9505274
5197.28069  0.9627025
5197.903497  0.9611656
5198.526304  0.9765377
5199.149111  1.006312
5199.771918  1.022022
5200.394725  1.028324
5201.017532  1.012064
5201.640339  0.9795065
5202.263146  0.9772078
5202.885953  0.9992057
5203.50876  1.000248
5204.131567  0.9461198
5204.754374  0.9079919
5205.377181  0.898948
5205.999988  0.90822
5206.622795  0.9669089
5207.245602  0.9669105
5207.868409  0.8924742
5208.491216  0.8782151
5209.114023  0.9323453
5209.73683  0.9917642
5210.359637  1.001932
5210.982444  1.001128
5211.605251  1.01377
5212.228058  1.036964
5212.850865  1.047425
5213.473672  1.036728
5214.096479  1.003645
5214.719286  0.9552838
5215.342093  0.9196907
5215.9649  0.9172186
5216.587707  0.9392071
5217.210514  0.946093
5217.833321  0.9662315
5218.456128  1.006445
5219.078935  1.034269
5219.701742  1.040102
5220.324549  1.0347
5220.947356  1.03484
5221.570163  1.041625
5222.19297  1.039166
5222.815777  1.024759
5223.438584  1.01078
5224.061391  0.9869257
5224.684198  0.9584121
5225.307005  0.9255627
5225.929812  0.8512462
5226.552619  0.7869555
5227.175426  0.8019196
5227.798233  0.9030882
5228.42104  0.9788659
5229.043847  0.9885039
5229.666654  0.9814332
5230.289461  1.001208
5230.912268  1.024044
5231.535075  1.004534
5232.157882  0.9364269
5232.780689  0.8975187
5233.403496  0.9207296
5234.026303  0.9602458
5234.64911  0.9596031
5235.271917  0.9553084
5235.894724  0.9906892
5236.517531  1.0121
5237.140338  1.027035
5237.763145  1.043832
5238.385952  1.046836
5239.008759  1.037641
5239.631566  1.030005
5240.254373  1.036457
5240.87718  1.052024
5241.499987  1.044294
5242.122794  1.007065
5242.745601  0.9809957
5243.368408  0.9913505
5243.991215  1.029733
5244.614022  1.063894
5245.236829  1.069538
5245.859636  1.041984
5246.482443  1.002218
5247.10525  0.9861053
5247.728057  0.9963294
5248.350864  1.010851
5248.973671  1.003899
5249.596478  0.9708816
5250.219285  0.9537405
5250.842092  0.9813906
5251.464899  1.012517
5252.087706  1.026355
5252.710513  1.022878
5253.33332  1.011246
5253.956127  0.9926757
5254.578934  0.973336
5255.201741  0.9694012
5255.824548  1.008267
5256.447355  1.048121
5257.070162  1.057679
5257.692969  1.058517
5258.315776  1.064919
5258.938583  1.064751
5259.56139  1.04323
5260.184197  1.034671
5260.807004  1.00953
5261.429811  0.9527617
5262.052618  0.917606
5262.675425  0.8987983
5263.298232  0.8823439
5263.921039  0.8653743
5264.543846  0.856662
5265.166653  0.8360027
5265.78946  0.8079963
5266.412267  0.8444318
5267.035074  0.9252587
5267.657881  0.9768174
5268.280688  0.9341635
5268.903495  0.8284084
5269.526302  0.7512555
5270.149109  0.7764219
5270.771916  0.8799285
5271.394723  0.9712469
5272.01753  0.9869618
5272.640337  0.9496815
5273.263144  0.9471264
5273.885951  0.9716829
5274.508758  0.9509933
5275.131565  0.8957314
5275.754372  0.8891153
5276.377179  0.9652622
5276.999986  1.038248
5277.622793  1.065642
5278.2456  1.05913
5278.868407  1.052895
5279.491214  1.032629
5280.114021  1.002934
5280.736828  0.9776359
5281.359635  0.9606192
5281.982442  0.9686171
5282.605249  0.9738022
5283.228056  0.9280361
5283.850863  0.9119588
5284.47367  0.9544541
5285.096477  1.019791
5285.719284  1.059842
5286.342091  1.074199
5286.964898  1.073847
5287.587705  1.058475
5288.210512  1.046226
5288.833319  1.052065
5289.456126  1.073417
5290.078933  1.08604
5290.70174  1.08777
5291.324547  1.081577
5291.947354  1.059412
5292.570161  1.04341
5293.192968  1.042598
5293.815775  1.045685
5294.438582  1.059117
5295.061389  1.061679
5295.684196  1.034841
5296.307003  0.9932355
5296.92981  0.9412869
5297.552617  0.8966359
5298.175424  0.8941789
5298.798231  0.953933
5299.421038  1.021432
5300.043845  1.032998
5300.666652  1.017831
5301.289459  0.9958532
5301.912266  0.9848624
5302.535073  1.001868
5303.15788  1.032699
5303.780687  1.059911
5304.403494  1.073459
5305.026301  1.068484
5305.649108  1.058871
5306.271915  1.050387
5306.894722  1.027257
5307.517529  1.01976
5308.140336  1.039477
5308.763143  1.065865
5309.38595  1.082142
5310.008757  1.08188
5310.631564  1.073876
5311.254371  1.075383
5311.877178  1.075918
5312.499985  1.064403
5313.122792  1.046393
5313.745599  1.046397
5314.368406  1.057472
5314.991213  1.05142
5315.61402  1.01048
5316.236827  0.9652011
5316.859634  0.9625376
5317.482441  1.019285
5318.105248  1.051841
5318.728055  1.049873
5319.350862  1.058919
5319.973669  1.054918
5320.596476  1.037147
5321.219283  1.023958
5321.84209  1.031028
5322.464897  1.034514
5323.087704  1.000734
5323.710511  0.9314483
5324.333318  0.9202193
5324.956125  0.9653386
5325.578932  1.009605
5326.201739  1.024147
5326.824546  0.9702052
5327.447353  0.8624676
5328.07016  0.7815832
5328.692967  0.8160359
5329.315774  0.9170918
5329.938581  0.9885665
5330.561388  1.046046
5331.184195  1.065806
5331.807002  1.036797
5332.429809  0.997406
5333.052616  1.002116
5333.675423  1.036495
5334.29823  1.050864
5334.921037  1.062027
5335.543844  1.059443
5336.166651  1.03553
5336.789458  1.017486
5337.412265  1.023746
5338.035072  1.040402
5338.657879  1.031659
5339.280686  0.9939492
5339.903493  0.9406257
5340.5263  0.907095
5341.149107  0.9434837
5341.771914  1.005967
5342.394721  1.040114
5343.017528  1.036194
5343.640335  1.041832
5344.263142  1.052594
5344.885949  1.034892
5345.508756  0.9998411
5346.131563  0.9966203
5346.75437  1.028111
5347.377177  1.027578
5347.999984  1.005097
5348.622791  0.9825746
5349.245598  0.9753724
5349.868405  0.9937466
5350.491212  1.027916
5351.114019  1.05821
5351.736826  1.067604
5352.359633  1.047779
5352.98244  1.022883
5353.605247  1.030735
5354.228054  1.058267
5354.850861  1.082997
5355.473668  1.091166
5356.096475  1.086842
5356.719282  1.083286
5357.342089  1.08386
5357.964896  1.080473
5358.587703  1.077168
5359.21051  1.078043
5359.833317  1.08059
5360.456124  1.071704
5361.078931  1.048998
5361.701738  1.021727
5362.324545  1.005868
5362.947352  1.014608
5363.570159  1.0209
5364.192966  0.9922467
5364.815773  0.9644286
5365.43858  0.9785647
5366.061387  1.019359
5366.684194  1.006537
5367.307001  0.9860367
5367.929808  0.9965214
5368.552615  1.013636
5369.175422  0.9803668
5369.798229  0.9304429
5370.421036  0.9124888
5371.043843  0.890377
5371.66665  0.9142576
5372.289457  0.9871207
5372.912264  1.032488
5373.535071  1.042845
5374.157878  1.044644
5374.780685  1.058424
5375.403492  1.066641
5376.026299  1.0614
5376.649106  1.047815
5377.271913  1.036499
5377.89472  1.040478
5378.517527  1.04948
5379.140334  1.044811
5379.763141  1.02836
5380.385948  1.017271
5381.008755  1.023104
5381.631562  1.034635
5382.254369  1.014685
5382.877176  0.9759208
5383.499983  0.9734823
5384.12279  1.014806
5384.745597  1.057899
5385.368404  1.063589
5385.991211  1.049062
5386.614018  1.038689
5387.236825  1.044189
5387.859632  1.053912
5388.482439  1.040799
5389.105246  1.016604
5389.728053  1.006992
5390.35086  1.001109
5390.973667  0.9917423
5391.596474  0.9807884
5392.219281  0.9742879
5392.842088  0.9712417
5393.464895  0.9777963
5394.087702  0.9994395
5394.710509  1.012155
5395.333316  1.014406
5395.956123  1.002067
5396.57893  0.9546441
5397.201737  0.9208622
5397.824544  0.9350578
5398.447351  0.9799703
5399.070158  1.010981
5399.692965  0.9999901
5400.315772  0.9670832
5400.938579  0.980163
5401.561386  1.020628
5402.184193  1.043108
5402.807  1.022431
5403.429807  0.9554106
5404.052614  0.8948815
5404.675421  0.8873998
5405.298228  0.8780725
5405.921035  0.8941783
5406.543842  0.9489701
5407.166649  0.9834769
5407.789456  1.004229
5408.412263  1.002116
5409.03507  0.9616681
5409.657877  0.9287518
5410.280684  0.9225556
5410.903491  0.9445417
5411.526298  0.9941332
5412.149105  1.028955
5412.771912  1.032543
5413.394719  1.023124
5414.017526  0.9951215
5414.640333  0.9625172
5415.26314  0.9551336
5415.885947  0.993903
5416.508754  1.035747
5417.131561  1.043409
5417.754368  1.028301
5418.377175  1.016083
5418.999982  1.015428
5419.622789  1.012957
5420.245596  0.9920295
5420.868403  0.9834822
5421.49121  1.006676
5422.114017  1.029417
5422.736824  1.018345
5423.359631  0.9684927
5423.982438  0.9159343
5424.605245  0.9267037
5425.228052  0.9824812
5425.850859  1.03217
5426.473666  1.061397
5427.096473  1.067175
5427.71928  1.054174
5428.342087  1.024711
5428.964894  0.9449089
5429.587701  0.8828588
5430.210508  0.9177822
5430.833315  0.9980668
5431.456122  1.036623
5432.078929  1.013425
5432.701736  0.9931374
5433.324543  0.9733371
5433.94735  0.9521083
5434.570157  0.9421726
5435.192964  0.9577562
5435.815771  0.9718514
5436.438578  0.9737124
5437.061385  0.9999031
5437.684192  1.032298
5438.306999  1.048956
5438.929806  1.046889
5439.552613  1.043611
5440.17542  1.043547
5440.798227  1.042053
5441.421034  1.035903
5442.043841  1.037604
5442.666648  1.049712
5443.289455  1.056038
5443.912262  1.034314
5444.535069  0.9990938
5445.157876  0.971738
5445.780683  0.9366164
5446.40349  0.902357
5447.026297  0.9017121
5447.649104  0.9630365
5448.271911  1.0229
5448.894718  1.046903
5449.517525  1.047848
5450.140332  1.041949
5450.763139  1.041023
5451.385946  1.043604
5452.008753  1.035939
5452.63156  1.02518
5453.254367  1.021527
5453.877174  1.018297
5454.499981  0.9662824
5455.122788  0.8997732
5455.745595  0.8886848
5456.368402  0.9563076
5456.991209  1.020474
5457.614016  1.038198
5458.236823  1.048394
5458.85963  1.054721
5459.482437  1.050471
5460.105244  1.036134
5460.728051  1.027864
5461.350858  1.015498
5461.973665  0.9838656
5462.596472  0.9360225
5463.219279  0.915447
5463.842086  0.9460589
5464.464893  1.005152
5465.0877  1.027786
5465.710507  1.004775
5466.333314  0.974642
5466.956121  0.985204
5467.578928  1.012641
5468.201735  1.02763
5468.824542  1.026525
