4780.  0.8711
4780.622807  0.8764446
4781.245614  0.8633011
4781.868421  0.834348
4782.491228  0.8004348
4783.114035  0.7364826
4783.736842  0.7214955
4784.359649  0.7881936
4784.982456  0.8487769
4785.605263  0.8266472
4786.22807  0.7643211
4786.850877  0.7615853
4787.473684  0.8179904
4788.096491  0.8626811
4788.719298  0.8467553
4789.342105  0.8035961
4789.964912  0.7868389
4790.587719  0.8042689
4791.210526  0.8228447
4791.833333  0.8343775
4792.45614  0.850613
4793.078947  0.8883702
4793.701754  0.9489491
4794.324561  0.9922976
4794.947368  0.9960664
4795.570175  0.9696796
4796.192982  0.9206215
4796.815789  0.8872519
4797.438596  0.8862568
4798.061403  0.861966
4798.68421  0.8331037
4799.307017  0.8178515
4799.929824  0.8046376
4800.552631  0.8182824
4801.175438  0.8635799
4801.798245  0.9176309
4802.421052  0.9469536
4803.043859  0.9633267
4803.666666  0.9634036
4804.289473  0.9133717
4804.91228  0.8575472
4805.535087  0.8425091
4806.157894  0.86576
4806.780701  0.8485768
4807.403508  0.8080872
4808.026315  0.7919271
4808.649122  0.806995
4809.271929  0.8521131
4809.894736  0.8955903
4810.517543  0.9037452
4811.14035  0.9017978
4811.763157  0.8944274
4812.385964  0.8774477
4813.008771  0.8588327
4813.631578  0.8508936
4814.254385  0.8566105
4814.877192  0.8687971
4815.499999  0.8742759
4816.122806  0.8949437
4816.745613  0.9367332
4817.36842  0.9420696
4817.991227  0.9340934
4818.614034  0.9465622
4819.236841  0.9764442
4819.859648  0.9801521
4820.482455  0.957788
4821.105262  0.9390787
4821.728069  0.9326864
4822.350876  0.8843956
4822.973683  0.7893975
4823.59649  0.7345432
4824.219297  0.7662629
4824.842104  0.8408377
4825.464911  0.8837723
4826.087718  0.9078894
4826.710525  0.8940769
4827.333332  0.8494884
4827.956139  0.8370868
4828.578946  0.8320893
4829.201753  0.837809
4829.82456  0.8785827
4830.447367  0.9023401
4831.070174  0.8628858
4831.692981  0.7815572
4832.315788  0.7617138
4832.938595  0.8045321
4833.561402  0.8620135
4834.184209  0.8908197
4834.807016  0.9088738
4835.429823  0.9053099
4836.05263  0.8781406
4836.675437  0.8803506
4837.298244  0.8921016
4837.921051  0.8830423
4838.543858  0.8516951
4839.166665  0.8176782
4839.789472  0.7978522
4840.412279  0.8032404
4841.035086  0.8421466
4841.657893  0.8721837
4842.2807  0.8565536
4842.903507  0.80834
4843.526314  0.784777
4844.149121  0.819156
4844.771928  0.8927216
4845.394735  0.9381024
4846.017542  0.9419242
4846.640349  0.9247003
4847.263156  0.9031378
4847.885963  0.8572419
4848.50877  0.8045332
4849.131577  0.7973492
4849.754384  0.859246
4850.377191  0.9211182
4850.999998  0.9173091
4851.622805  0.883143
4852.245612  0.8722119
4852.868419  0.8888784
4853.491226  0.8827848
4854.114033  0.8295899
4854.73684  0.7484379
4855.359647  0.6946465
4855.982454  0.7253626
4856.605261  0.7936596
4857.228068  0.8411046
4857.850875  0.8541818
4858.473682  0.8274112
4859.096489  0.7726383
4859.719296  0.7115408
4860.342103  0.6651089
4860.96491  0.6154132
4861.587717  0.5935916
4862.210524  0.6830093
4862.833331  0.7744334
4863.456138  0.7883099
4864.078945  0.7487818
4864.701752  0.7543626
4865.324559  0.7954419
4865.947366  0.8282574
4866.570173  0.8535645
4867.19298  0.8368145
4867.815787  0.7971066
4868.438594  0.7957059
4869.061401  0.8341336
4869.684208  0.8450076
4870.307015  0.7695314
4870.929822  0.638993
4871.552629  0.5621173
4872.175436  0.6001794
4872.798243  0.7117031
4873.42105  0.8026249
4874.043857  0.8307324
4874.666664  0.8115502
4875.289471  0.7841997
4875.912278  0.8016715
4876.535085  0.8563088
4877.157892  0.8765507
4877.780699  0.8453847
4878.403506  0.8433412
4879.026313  0.9289301
4879.64912  0.9699234
4880.271927  0.9231913
4880.894734  0.8295175
4881.517541  0.7643337
4882.140348  0.7910812
4882.763155  0.8724396
4883.385962  0.9109279
4884.008769  0.8791536
4884.631576  0.8046656
4885.254383  0.7353889
4885.87719  0.7018234
4886.499997  0.7056869
4887.122804  0.7365018
4887.745611  0.7767392
4888.368418  0.7897453
4888.991225  0.7960712
4889.614032  0.7962668
4890.236839  0.7035507
4890.859646  0.58357
4891.482453  0.5602998
4892.10526  0.6933736
4892.728067  0.8299749
4893.350874  0.9002801
4893.973681  0.9363021
4894.596488  0.9762501
4895.219295  1.003468
4895.842102  0.9937121
4896.464909  0.9543142
4897.087716  0.9268602
4897.710523  0.931027
4898.33333  0.9441131
4898.956137  0.9100713
4899.578944  0.8511675
4900.201751  0.8297311
4900.824558  0.8798619
4901.447365  0.924168
4902.070172  0.9083754
4902.692979  0.8501412
4903.315786  0.8141273
4903.938593  0.8266014
4904.5614  0.8738105
4905.184207  0.9265392
4905.807014  0.9652684
4906.429821  0.9736091
4907.052628  0.9434229
4907.675435  0.8962297
4908.298242  0.8530706
4908.921049  0.8173655
4909.543856  0.7716935
4910.166663  0.7522517
4910.78947  0.771715
4911.412277  0.7959882
4912.035084  0.8317675
4912.657891  0.866002
4913.280698  0.8810186
4913.903505  0.89261
4914.526312  0.9150309
4915.149119  0.9397491
4915.771926  0.9372858
4916.394733  0.9246851
4917.01754  0.8953316
4917.640347  0.8223537
4918.263154  0.7120973
4918.885961  0.6119443
4919.508768  0.5548071
4920.131575  0.5249038
4920.754382  0.5659715
4921.377189  0.6682778
4921.999996  0.7631417
4922.622803  0.8227984
4923.24561  0.839471
4923.868417  0.8159978
4924.491224  0.7647805
4925.114031  0.7559895
4925.736838  0.8178087
4926.359645  0.8971646
4926.982452  0.9069003
4927.605259  0.8822917
4928.228066  0.9083573
4928.850873  0.9745455
4929.47368  0.9954281
4930.096487  0.9523716
4930.719294  0.9353663
4931.342101  0.9565978
4931.964908  0.9632958
4932.587715  0.9039549
4933.210522  0.8175883
4933.833329  0.7911937
4934.456136  0.8540953
4935.078943  0.9258171
4935.70175  0.9367428
4936.324557  0.879027
4936.947364  0.796113
4937.570171  0.7161055
4938.192978  0.6614138
4938.815785  0.648212
4939.438592  0.6862494
4940.061399  0.7763159
4940.684206  0.8714568
4941.307013  0.905485
4941.92982  0.8986951
4942.552627  0.9065504
4943.175434  0.9560807
4943.798241  0.9947238
4944.421048  0.9855404
4945.043855  0.9297805
4945.666662  0.8690285
4946.289469  0.8730788
4946.912276  0.9241851
4947.535083  0.9552763
4948.15789  0.9485518
4948.780697  0.9345827
4949.403504  0.9313783
4950.026311  0.9184662
4950.649118  0.9492227
4951.271925  0.9927755
4951.894732  0.9748708
4952.517539  0.9381596
4953.140346  0.9215048
4953.763153  0.929248
4954.38596  0.931407
4955.008767  0.9426336
4955.631574  0.9406331
4956.254381  0.8626826
4956.877188  0.6753156
4957.499995  0.5433971
4958.122802  0.6131908
4958.745609  0.7797048
4959.368416  0.9260948
4959.991223  0.9924998
4960.61403  0.9940938
4961.236837  0.9650116
4961.859644  0.9449313
4962.482451  0.9581097
4963.105258  0.9965113
4963.728065  0.9987931
4964.350872  0.9359753
4964.973679  0.8507632
4965.596486  0.791506
4966.219293  0.7955058
4966.8421  0.8501492
4967.464907  0.8564299
4968.087714  0.8396958
4968.710521  0.8540635
4969.333328  0.8875992
4969.956135  0.8901325
4970.578942  0.8826627
4971.201749  0.922846
4971.824556  0.9590828
4972.447363  0.9647725
4973.07017  0.9526312
4973.692977  0.9577284
4974.315784  0.9707159
4974.938591  0.9639928
4975.561398  0.9269866
4976.184205  0.9217719
4976.807012  0.9325376
4977.429819  0.9051314
4978.052626  0.8385727
4978.675433  0.7945421
4979.29824  0.8036487
4979.921047  0.8286714
4980.543854  0.8593392
4981.166661  0.8389763
4981.789468  0.7361432
4982.412275  0.6542184
4983.035082  0.6351297
4983.657889  0.6704623
4984.280696  0.7309887
4984.903503  0.7621296
4985.52631  0.771036
4986.149117  0.8083047
4986.771924  0.8779264
4987.394731  0.9244428
4988.017538  0.9115394
4988.640345  0.8822805
4989.263152  0.8922386
4989.885959  0.9075513
4990.508766  0.8531826
4991.131573  0.8188221
4991.75438  0.8519135
4992.377187  0.9131018
4992.999994  0.9039591
4993.622801  0.8549709
4994.245608  0.8341305
4994.868415  0.8655927
4995.491222  0.8922811
4996.114029  0.886503
4996.736836  0.8701506
4997.359643  0.8849315
4997.98245  0.8965796
4998.605257  0.8670065
4999.228064  0.8102956
4999.850871  0.7729641
5000.473678  0.7676253
5001.096485  0.7712656
5001.719292  0.765331
5002.342099  0.7686133
5002.964906  0.7877793
5003.587713  0.7884399
5004.21052  0.7736588
5004.833327  0.7386261
5005.456134  0.6760353
5006.078941  0.6322964
5006.701748  0.641586
5007.324555  0.7097459
5007.947362  0.8094248
5008.570169  0.8683866
5009.192976  0.8589845
5009.815783  0.8263493
5010.43859  0.8367085
5011.061397  0.8386162
5011.684204  0.7685972
5012.307011  0.7111188
5012.929818  0.6863923
5013.552625  0.6697552
5014.175432  0.6399104
5014.798239  0.6619723
5015.421046  0.7348339
5016.043853  0.7930599
5016.66666  0.7926957
5017.289467  0.7503287
5017.912274  0.7185702
5018.535081  0.7413458
5019.157888  0.7789994
5019.780695  0.7961178
5020.403502  0.7914271
5021.026309  0.7794521
5021.649116  0.7432607
5022.271923  0.6988995
5022.89473  0.7331295
5023.517537  0.8081878
5024.140344  0.8502946
5024.763151  0.8317404
5025.385958  0.8417491
5026.008765  0.8622835
5026.631572  0.8213814
5027.254379  0.7221429
5027.877186  0.6912224
5028.499993  0.7664508
5029.1228  0.8323115
5029.745607  0.8491587
5030.368414  0.8415536
5030.991221  0.8531118
5031.614028  0.8854061
5032.236835  0.9212865
5032.859642  0.9496576
5033.482449  0.9723158
5034.105256  0.9639696
5034.728063  0.8960356
5035.35087  0.7791877
5035.973677  0.7166617
5036.596484  0.7486039
5037.219291  0.8280541
5037.842098  0.853942
5038.464905  0.8084092
5039.087712  0.7426645
5039.710519  0.7065799
5040.333326  0.6266685
5040.956133  0.545404
5041.57894  0.5585352
5042.201747  0.6779416
5042.824554  0.790652
5043.447361  0.8329214
5044.070168  0.8562456
5044.692975  0.8861027
5045.315782  0.9286882
5045.938589  0.968465
5046.561396  0.9705586
5047.184203  0.9176743
5047.80701  0.8287882
5048.429817  0.752523
5049.052624  0.7178992
5049.675431  0.7285556
5050.298238  0.7616865
5050.921045  0.7772583
5051.543852  0.7754534
5052.166659  0.7752517
5052.789466  0.7840632
5053.412273  0.8042302
5054.03508  0.8372899
5054.657887  0.878048
5055.280694  0.8973249
5055.903501  0.8850685
5056.526308  0.8644005
5057.149115  0.8795557
5057.771922  0.9047314
5058.394729  0.9093068
5059.017536  0.8975958
5059.640343  0.8988981
5060.26315  0.9321293
5060.885957  0.9784974
5061.508764  0.9734722
5062.131571  0.9487869
5062.754378  0.9355602
5063.377185  0.9029455
5063.999992  0.8098041
5064.622799  0.7198437
5065.245606  0.7292456
5065.868413  0.7983869
5066.49122  0.8380192
5067.114027  0.8098747
5067.736834  0.7746214
5068.359641  0.7538399
5068.982448  0.7643683
5069.605255  0.813008
5070.228062  0.8661389
5070.850869  0.8721375
5071.473676  0.8161802
5072.096483  0.7548164
5072.71929  0.7570668
5073.342097  0.8194416
5073.964904  0.8668753
5074.587711  0.866007
5075.210518  0.829701
5075.833325  0.7962102
5076.456132  0.7941616
5077.078939  0.8366255
5077.701746  0.8762127
5078.324553  0.8273246
5078.94736  0.7162292
5079.570167  0.6271433
5080.192974  0.6254205
5080.815781  0.6722494
5081.438588  0.7272303
5082.061395  0.7535427
5082.684202  0.7295157
5083.307009  0.7207253
5083.929816  0.7474804
5084.552623  0.7730139
5085.17543  0.7963311
5085.798237  0.8132267
5086.421044  0.8209772
5087.043851  0.8225824
5087.666658  0.8195969
5088.289465  0.8210512
5088.912272  0.8372095
5089.535079  0.8623145
5090.157886  0.8680464
5090.780693  0.8436472
5091.4035  0.8365159
5092.026307  0.8671725
5092.649114  0.9165341
5093.271921  0.9405381
5093.894728  0.9179924
5094.517535  0.8698248
5095.140342  0.8319575
5095.763149  0.8096079
5096.385956  0.7991265
5097.008763  0.7922759
5097.63157  0.7758558
5098.254377  0.7096111
5098.877184  0.6458079
5099.499991  0.6749631
5100.122798  0.7481681
5100.745605  0.8111662
5101.368412  0.8430641
5101.991219  0.8625875
5102.614026  0.8581256
5103.236833  0.8306749
5103.85964  0.8026335
5104.482447  0.7867446
5105.105254  0.7912377
5105.728061  0.80563
5106.350868  0.7943003
5106.973675  0.7551771
5107.596482  0.7215792
5108.219289  0.7318864
5108.842096  0.7468473
5109.464903  0.7430782
5110.08771  0.7325184
5110.710517  0.744168
5111.333324  0.7877833
5111.956131  0.8296183
5112.578938  0.8149287
5113.201745  0.8095088
5113.824552  0.8421753
5114.447359  0.8753222
5115.070166  0.8712229
5115.692973  0.8509164
5116.31578  0.8561146
5116.938587  0.8957374
5117.561394  0.918559
5118.184201  0.9080487
5118.807008  0.8947438
5119.429815  0.8780903
5120.052622  0.8502262
5120.675429  0.8157043
5121.298236  0.8030333
5121.921043  0.8024606
5122.54385  0.7786675
5123.166657  0.7102468
5123.789464  0.676838
5124.412271  0.686491
5125.035078  0.6972625
5125.657885  0.7130717
5126.280692  0.7332363
5126.903499  0.7450625
5127.526306  0.7320898
5128.149113  0.7221456
5128.77192  0.712886
5129.394727  0.6925867
5130.017534  0.7174854
5130.640341  0.7736585
5131.263148  0.8207479
5131.885955  0.8458234
5132.508762  0.8378018
5133.131569  0.8059182
5133.754376  0.783276
5134.377183  0.8138412
5134.99999  0.8704799
5135.622797  0.8901223
5136.245604  0.838159
5136.868411  0.7854141
5137.491218  0.7709682
5138.114025  0.7532635
5138.736832  0.6974803
5139.359639  0.6764269
5139.982446  0.758241
5140.605253  0.8405988
5141.22806  0.8369691
5141.850867  0.7555996
5142.473674  0.6996921
5143.096481  0.7299973
5143.719288  0.8004135
5144.342095  0.8199233
5144.964902  0.788805
5145.587709  0.7413957
5146.210516  0.7127787
5146.833323  0.7104204
5147.45613  0.7147332
5148.078937  0.7220886
5148.701744  0.7434472
5149.324551  0.757889
5149.947358  0.7554842
5150.570165  0.7439121
5151.192972  0.7416301
5151.815779  0.7488664
5152.438586  0.7466217
5153.061393  0.7182925
5153.6842  0.6979131
5154.307007  0.7135609
5154.929814  0.7590075
5155.552621  0.7856979
5156.175428  0.8048841
5156.798235  0.836213
5157.421042  0.8688429
5158.043849  0.871507
5158.666656  0.8400149
5159.289463  0.8073905
5159.91227  0.8269058
5160.535077  0.8642714
5161.157884  0.8571202
5161.780691  0.7893848
5162.403498  0.7294837
5163.026305  0.7176
5163.649112  0.7247378
5164.271919  0.6866366
5164.894726  0.6213933
5165.517533  0.5664049
5166.14034  0.4993579
5166.763147  0.425466
5167.385954  0.3838425
5168.008761  0.4201161
5168.631568  0.5143809
5169.254375  0.6277226
5169.877182  0.705066
5170.499989  0.6741703
5171.122796  0.5509657
5171.745603  0.4054646
5172.36841  0.3169619
5172.991217  0.3399152
5173.614024  0.46619
5174.236831  0.628458
5174.859638  0.7339629
5175.482445  0.7711686
5176.105252  0.7755764
5176.728059  0.7791426
5177.350866  0.7944086
5177.973673  0.8128339
5178.59648  0.8160912
5179.219287  0.7948634
5179.842094  0.7614068
5180.464901  0.7240391
5181.087708  0.6647487
5181.710515  0.5834545
5182.333322  0.4770699
5182.956129  0.3541823
5183.578936  0.3012458
5184.201743  0.3711638
5184.82455  0.5332329
5185.447357  0.6704277
5186.070164  0.7720093
5186.692971  0.84363
5187.315778  0.8586211
5187.938585  0.8410528
5188.561392  0.8412771
5189.184199  0.8908051
5189.807006  0.9526284
5190.429813  0.9385908
5191.05262  0.8198342
5191.675427  0.6866348
5192.298234  0.6408249
5192.921041  0.7005333
5193.543848  0.7925094
5194.166655  0.8231619
5194.789462  0.7986436
5195.412269  0.7800807
5196.035076  0.8046523
5196.657883  0.8533948
5197.28069  0.8945845
5197.903497  0.9138533
5198.526304  0.9217306
5199.149111  0.9284745
5199.771918  0.93388
5200.394725  0.9279353
5201.017532  0.906468
5201.640339  0.8800642
5202.263146  0.8687268
5202.885953  0.8835759
5203.50876  0.8661497
5204.131567  0.7653601
5204.754374  0.6673101
5205.377181  0.6168746
5205.999988  0.6280612
5206.622795  0.6936392
5207.245602  0.6903233
5207.868409  0.6124351
5208.491216  0.5735168
5209.114023  0.6184574
5209.73683  0.687451
5210.359637  0.7327241
5210.982444  0.8161126
5211.605251  0.8937582
5212.228058  0.9329755
5212.850865  0.9523129
5213.473672  0.9590657
5214.096479  0.9308133
5214.719286  0.8610466
5215.342093  0.8106439
5215.9649  0.8052827
5216.587707  0.8318526
5217.210514  0.860498
5217.833321  0.9074346
5218.456128  0.9637669
5219.078935  0.9962534
5219.701742  0.9868626
5220.324549  0.9802554
5220.947356  1.000436
5221.570163  1.000323
5222.19297  0.9694539
5222.815777  0.9230275
5223.438584  0.8782546
5224.061391  0.8151663
5224.684198  0.7664819
5225.307005  0.7448438
5225.929812  0.6852052
5226.552619  0.6098864
5227.175426  0.6006765
5227.798233  0.7180547
5228.42104  0.8655889
5229.043847  0.9424672
5229.666654  0.9314101
5230.289461  0.9304913
5230.912268  0.9567952
5231.535075  0.9559954
5232.157882  0.8690161
5232.780689  0.7823367
5233.403496  0.7759463
5234.026303  0.8448002
5234.64911  0.8743974
5235.271917  0.8864745
5235.894724  0.9314416
5236.517531  0.9891314
5237.140338  1.016374
5237.763145  1.012937
5238.385952  1.007694
5239.008759  0.9874451
5239.631566  0.9683967
5240.254373  0.9722056
5240.87718  0.9935132
5241.499987  1.003562
5242.122794  0.9908127
5242.745601  0.9733811
5243.368408  0.9772729
5243.991215  1.022063
5244.614022  1.081549
5245.236829  1.06329
5245.859636  0.9723649
5246.482443  0.8668684
5247.10525  0.8089369
5247.728057  0.8477155
5248.350864  0.9268246
5248.973671  0.9458517
5249.596478  0.8837138
5250.219285  0.8229026
5250.842092  0.830351
5251.464899  0.8775889
5252.087706  0.9251471
5252.710513  0.9515727
5253.33332  0.9522669
5253.956127  0.9187382
5254.578934  0.8523697
5255.201741  0.8091705
5255.824548  0.89481
5256.447355  1.005239
5257.070162  1.055581
5257.692969  1.067109
5258.315776  1.075941
5258.938583  1.072552
5259.56139  1.039616
5260.184197  1.005084
5260.807004  0.961861
5261.429811  0.9039583
5262.052618  0.8427017
5262.675425  0.7804571
5263.298232  0.7322524
5263.921039  0.7136011
5264.543846  0.7143963
5265.166653  0.6720517
5265.78946  0.6043825
5266.412267  0.6410818
5267.035074  0.758445
5267.657881  0.8311509
5268.280688  0.7491842
5268.903495  0.5766479
5269.526302  0.4557488
5270.149109  0.4880223
5270.771916  0.647005
5271.394723  0.8134575
5272.01753  0.896377
5272.640337  0.8957353
5273.263144  0.8917283
5273.885951  0.896737
5274.508758  0.8754231
5275.131565  0.8146661
5275.754372  0.8172263
5276.377179  0.9139537
5276.999986  1.006608
5277.622793  1.0539
5278.2456  1.059336
5278.868407  1.042779
5279.491214  1.005393
5280.114021  0.9632504
5280.736828  0.9242009
5281.359635  0.8821717
5281.982442  0.8734472
5282.605249  0.8729463
5283.228056  0.8341196
5283.850863  0.8118413
5284.47367  0.8693161
5285.096477  0.9970697
5285.719284  1.086698
5286.342091  1.114098
5286.964898  1.094994
5287.587705  1.054785
5288.210512  1.01624
5288.833319  1.015916
5289.456126  1.063466
5290.078933  1.109407
5290.70174  1.136206
5291.324547  1.133513
5291.947354  1.092899
5292.570161  1.05063
5293.192968  1.030329
5293.815775  1.031876
5294.438582  1.042531
5295.061389  1.037956
5295.684196  0.9951796
5296.307003  0.910154
5296.92981  0.8152866
5297.552617  0.7479046
5298.175424  0.7448924
5298.798231  0.8523217
5299.421038  0.9628978
5300.043845  0.9771464
5300.666652  0.9458011
5301.289459  0.9148504
5301.912266  0.9172081
5302.535073  0.9623739
5303.15788  1.02792
5303.780687  1.085156
5304.403494  1.117121
5305.026301  1.131765
5305.649108  1.124924
5306.271915  1.096886
5306.894722  1.060776
5307.517529  1.046829
5308.140336  1.062743
5308.763143  1.093967
5309.38595  1.120407
5310.008757  1.129573
5310.631564  1.124068
5311.254371  1.116926
5311.877178  1.100965
5312.499985  1.077401
5313.122792  1.059539
5313.745599  1.057355
5314.368406  1.058915
5314.991213  1.050647
5315.61402  1.037363
5316.236827  1.014911
5316.859634  1.005154
5317.482441  1.033367
5318.105248  1.051423
5318.728055  1.039707
5319.350862  1.019763
5319.973669  1.031078
5320.596476  1.041836
5321.219283  1.037092
5321.84209  1.042098
5322.464897  1.031576
5323.087704  0.9672891
5323.710511  0.8625254
5324.333318  0.8353351
5324.956125  0.8903376
5325.578932  0.9580257
5326.201739  0.959313
5326.824546  0.8530049
5327.447353  0.6745334
5328.07016  0.5328923
5328.692967  0.5750887
5329.315774  0.7385387
5329.938581  0.891117
5330.561388  0.9857631
5331.184195  1.015501
5331.807002  0.9963647
5332.429809  0.9588715
5333.052616  0.9531117
5333.675423  1.001233
5334.29823  1.075781
5334.921037  1.109095
5335.543844  1.10072
5336.166651  1.075774
5336.789458  1.056389
5337.412265  1.064127
5338.035072  1.073712
5338.657879  1.039136
5339.280686  0.9462582
5339.903493  0.8301773
5340.5263  0.7694634
5341.149107  0.8363165
5341.771914  0.962032
5342.394721  1.043348
5343.017528  1.039954
5343.640335  1.050761
5344.263142  1.05518
5344.885949  1.009969
5345.508756  0.9506598
5346.131563  0.9487794
5346.75437  0.9945302
5347.377177  1.008024
5347.999984  0.966928
5348.622791  0.9106706
5349.245598  0.8952439
5349.868405  0.9393834
5350.491212  1.006317
5351.114019  1.058335
5351.736826  1.083724
5352.359633  1.074566
5352.98244  1.055239
5353.605247  1.064618
5354.228054  1.124521
5354.850861  1.162919
5355.473668  1.148525
5356.096475  1.142926
5356.719282  1.148911
5357.342089  1.150798
5357.964896  1.139693
5358.587703  1.13005
5359.21051  1.12972
5359.833317  1.135724
5360.456124  1.13311
5361.078931  1.098496
5361.701738  1.054008
5362.324545  1.045687
5362.947352  1.062539
5363.570159  1.0679
5364.192966  1.037745
5364.815773  0.9901181
5365.43858  0.9880944
5366.061387  1.0188
5366.684194  1.002377
5367.307001  0.9830317
5367.929808  0.9896369
5368.552615  0.9964795
5369.175422  0.934436
5369.798229  0.8464159
5370.421036  0.772978
5371.043843  0.7078426
5371.66665  0.7477819
5372.289457  0.8792281
5372.912264  0.9997065
5373.535071  1.056671
5374.157878  1.077531
5374.780685  1.096771
5375.403492  1.097314
5376.026299  1.068941
5376.649106  1.027528
5377.271913  1.009849
5377.89472  1.038996
5378.517527  1.079816
5379.140334  1.091496
5379.763141  1.078856
5380.385948  1.050618
5381.008755  1.032335
5381.631562  1.045161
5382.254369  1.026343
5382.877176  0.9834604
5383.499983  0.9715484
5384.12279  1.018545
5384.745597  1.075011
5385.368404  1.094967
5385.991211  1.082974
5386.614018  1.056403
5387.236825  1.037162
5387.859632  1.030654
5388.482439  1.012734
5389.105246  0.9768689
5389.728053  0.9398893
5390.35086  0.9281694
5390.973667  0.9302473
5391.596474  0.9351996
5392.219281  0.9411905
5392.842088  0.9379587
5393.464895  0.9316834
5394.087702  0.9355823
5394.710509  0.9548187
5395.333316  0.9693786
5395.956123  0.9268047
5396.57893  0.8028895
5397.201737  0.7524865
5397.824544  0.8245687
5398.447351  0.9453566
5399.070158  0.9996305
5399.692965  0.9816327
5400.315772  0.9439508
5400.938579  0.9376264
5401.561386  0.9775381
5402.184193  1.028789
5402.807  1.030991
5403.429807  0.937968
5404.052614  0.8278945
5404.675421  0.7609099
5405.298228  0.7014855
5405.921035  0.7120762
5406.543842  0.791874
5407.166649  0.8768793
5407.789456  0.9512387
5408.412263  0.9573689
5409.03507  0.8831633
5409.657877  0.8231559
5410.280684  0.829146
5410.903491  0.8969743
5411.526298  0.9795562
5412.149105  1.025196
5412.771912  1.033419
5413.394719  1.027987
5414.017526  1.010876
5414.640333  0.9841633
5415.26314  0.9783313
5415.885947  1.032439
5416.508754  1.092045
5417.131561  1.114546
5417.754368  1.098015
5418.377175  1.068963
5418.999982  1.044273
5419.622789  1.015328
5420.245596  0.9634694
5420.868403  0.9557389
5421.49121  1.008349
5422.114017  1.06493
5422.736824  1.057999
5423.359631  0.9781334
5423.982438  0.8947494
5424.605245  0.9201956
5425.228052  1.002651
5425.850859  1.070927
5426.473666  1.105209
5427.096473  1.125099
5427.71928  1.108162
5428.342087  1.012276
5428.964894  0.8335831
5429.587701  0.7410903
5430.210508  0.8251632
5430.833315  0.984075
5431.456122  1.047565
5432.078929  0.9973368
5432.701736  0.9275019
5433.324543  0.8934325
5433.94735  0.8644471
5434.570157  0.8358799
5435.192964  0.8706447
5435.815771  0.895892
5436.438578  0.9066138
5437.061385  0.9532841
5437.684192  1.014063
5438.306999  1.062837
5438.929806  1.092116
5439.552613  1.114757
5440.17542  1.117923
5440.798227  1.106912
5441.421034  1.104741
5442.043841  1.102773
5442.666648  1.102602
5443.289455  1.09932
5443.912262  1.064393
5444.535069  1.011972
5445.157876  0.9539765
5445.780683  0.8806176
5446.40349  0.7877728
5447.026297  0.7686237
5447.649104  0.8846592
5448.271911  0.9980359
5448.894718  1.06518
5449.517525  1.097983
5450.140332  1.110673
5450.763139  1.105586
5451.385946  1.085484
5452.008753  1.058951
5452.63156  1.033337
5453.254367  1.017289
5453.877174  0.9934285
5454.499981  0.9201516
5455.122788  0.8239613
5455.745595  0.790529
5456.368402  0.880581
5456.991209  0.9856268
5457.614016  1.058381
5458.236823  1.104188
5458.85963  1.125239
5459.482437  1.101087
5460.105244  1.05178
5460.728051  1.03123
5461.350858  1.029145
5461.973665  0.9986311
5462.596472  0.9270455
5463.219279  0.9009907
5463.842086  0.9471838
5464.464893  1.027454
5465.0877  1.071084
5465.710507  1.056562
5466.333314  1.02277
5466.956121  1.020104
5467.578928  1.036023
5468.201735  1.053329
5468.824542  1.048346
