4780.  0.5126047
4780.622807  0.5152161
4781.245614  0.5031223
4781.868421  0.4853538
4782.491228  0.4641548
4783.114035  0.4429144
4783.736842  0.432637
4784.359649  0.4600186
4784.982456  0.5001291
4785.605263  0.5099821
4786.22807  0.4910318
4786.850877  0.480506
4787.473684  0.4982902
4788.096491  0.5203959
4788.719298  0.5075535
4789.342105  0.4808649
4789.964912  0.4833151
4790.587719  0.5005719
4791.210526  0.5123155
4791.833333  0.5153622
4792.45614  0.5291762
4793.078947  0.5641316
4793.701754  0.6046863
4794.324561  0.6295176
4794.947368  0.6443515
4795.570175  0.6330151
4796.192982  0.5979293
4796.815789  0.5754505
4797.438596  0.5660115
4798.061403  0.5545151
4798.68421  0.5312673
4799.307017  0.5139136
4799.929824  0.5081366
4800.552631  0.5214119
4801.175438  0.5652095
4801.798245  0.6122599
4802.421052  0.6431486
4803.043859  0.6552868
4803.666666  0.6451516
4804.289473  0.6043391
4804.91228  0.5497916
4805.535087  0.529698
4806.157894  0.5275018
4806.780701  0.5204249
4807.403508  0.5060789
4808.026315  0.4993179
4808.649122  0.5094028
4809.271929  0.5358707
4809.894736  0.5693957
4810.517543  0.5790022
4811.14035  0.5638883
4811.763157  0.5514172
4812.385964  0.5463842
4813.008771  0.5521659
4813.631578  0.5639942
4814.254385  0.5633693
4814.877192  0.5511352
4815.499999  0.5388719
4816.122806  0.541495
4816.745613  0.5723415
4817.36842  0.6047481
4817.991227  0.6154245
4818.614034  0.6296844
4819.236841  0.6373789
4819.859648  0.6269908
4820.482455  0.6073419
4821.105262  0.6067967
4821.728069  0.6080408
4822.350876  0.5774966
4822.973683  0.5230527
4823.59649  0.4939117
4824.219297  0.5175337
4824.842104  0.5702596
4825.464911  0.6113933
4826.087718  0.6206316
4826.710525  0.6015842
4827.333332  0.5690867
4827.956139  0.5500025
4828.578946  0.5519849
4829.201753  0.5591485
4829.82456  0.5929558
4830.447367  0.6096543
4831.070174  0.5537795
4831.692981  0.4783511
4832.315788  0.4568341
4832.938595  0.5093927
4833.561402  0.5780271
4834.184209  0.6201027
4834.807016  0.6257739
4835.429823  0.609749
4836.05263  0.5793635
4836.675437  0.5763871
4837.298244  0.6045057
4837.921051  0.5982474
4838.543858  0.5717674
4839.166665  0.5494479
4839.789472  0.5414648
4840.412279  0.5599577
4841.035086  0.5899578
4841.657893  0.6018728
4842.2807  0.5750053
4842.903507  0.5323439
4843.526314  0.5140479
4844.149121  0.5450311
4844.771928  0.5982972
4845.394735  0.6379817
4846.017542  0.6459594
4846.640349  0.6329311
4847.263156  0.6008059
4847.885963  0.5562236
4848.50877  0.5219535
4849.131577  0.5474817
4849.754384  0.6085722
4850.377191  0.6384686
4850.999998  0.6041693
4851.622805  0.5735992
4852.245612  0.5930331
4852.868419  0.6265329
4853.491226  0.6225436
4854.114033  0.5727189
4854.73684  0.5138173
4855.359647  0.4929926
4855.982454  0.5321583
4856.605261  0.5987556
4857.228068  0.6248165
4857.850875  0.6199157
4858.473682  0.5974195
4859.096489  0.5651332
4859.719296  0.5433474
4860.342103  0.4981014
4860.96491  0.4337961
4861.587717  0.4323054
4862.210524  0.5063251
4862.833331  0.5783367
4863.456138  0.5667827
4864.078945  0.5389948
4864.701752  0.5419689
4865.324559  0.5742541
4865.947366  0.5973891
4866.570173  0.6040884
4867.19298  0.5882971
4867.815787  0.5559276
4868.438594  0.5723329
4869.061401  0.6164271
4869.684208  0.626108
4870.307015  0.5768763
4870.929822  0.5021043
4871.552629  0.4668105
4872.175436  0.5130527
4872.798243  0.5802906
4873.42105  0.6163692
4874.043857  0.6064306
4874.666664  0.5688479
4875.289471  0.544515
4875.912278  0.5683966
4876.535085  0.6352521
4877.157892  0.6434394
4877.780699  0.6202316
4878.403506  0.649123
4879.026313  0.6998075
4879.64912  0.6874925
4880.271927  0.5967329
4880.894734  0.5204487
4881.517541  0.5076763
4882.140348  0.5561756
4882.763155  0.6213654
4883.385962  0.6444599
4884.008769  0.6235345
4884.631576  0.58064
4885.254383  0.5316879
4885.87719  0.505708
4886.499997  0.5163555
4887.122804  0.5530559
4887.745611  0.5902115
4888.368418  0.6032211
4888.991225  0.5906794
4889.614032  0.5768865
4890.236839  0.5196828
4890.859646  0.4550831
4891.482453  0.4790547
4892.10526  0.574105
4892.728067  0.6454326
4893.350874  0.6460682
4893.973681  0.6666077
4894.596488  0.7117579
4895.219295  0.7476232
4895.842102  0.7502713
4896.464909  0.7380469
4897.087716  0.7379404
4897.710523  0.7524762
4898.33333  0.7431172
4898.956137  0.6811799
4899.578944  0.6062742
4900.201751  0.6046053
4900.824558  0.649761
4901.447365  0.6809
4902.070172  0.6625907
4902.692979  0.6248271
4903.315786  0.6028028
4903.938593  0.6133329
4904.5614  0.6498886
4905.184207  0.7141534
4905.807014  0.7647609
4906.429821  0.7534215
4907.052628  0.7110816
4907.675435  0.6709026
4908.298242  0.6421272
4908.921049  0.6105899
4909.543856  0.594587
4910.166663  0.6065398
4910.78947  0.6370126
4911.412277  0.6604729
4912.035084  0.6770254
4912.657891  0.6864482
4913.280698  0.6653584
4913.903505  0.6706373
4914.526312  0.7115834
4915.149119  0.7335873
4915.771926  0.7410349
4916.394733  0.7390418
4917.01754  0.7215199
4917.640347  0.6746708
4918.263154  0.6028216
4918.885961  0.5286695
4919.508768  0.4799744
4920.131575  0.4588246
4920.754382  0.4894803
4921.377189  0.5782707
4921.999996  0.6492221
4922.622803  0.6884387
4923.24561  0.6942621
4923.868417  0.6492945
4924.491224  0.591094
4925.114031  0.5794256
4925.736838  0.6421635
4926.359645  0.7200307
4926.982452  0.7492007
4927.605259  0.7335029
4928.228066  0.7532079
4928.850873  0.7878185
4929.47368  0.7965674
4930.096487  0.7721205
4930.719294  0.7682018
4931.342101  0.7706527
4931.964908  0.7377133
4932.587715  0.6691462
4933.210522  0.6054354
4933.833329  0.6007819
4934.456136  0.6740685
4935.078943  0.7417294
4935.70175  0.7525685
4936.324557  0.708644
4936.947364  0.6401761
4937.570171  0.5692667
4938.192978  0.5230798
4938.815785  0.5308354
4939.438592  0.5923497
4940.061399  0.665037
4940.684206  0.6983348
4941.307013  0.6844503
4941.92982  0.6721157
4942.552627  0.6962219
4943.175434  0.7343178
4943.798241  0.75235
4944.421048  0.7368879
4945.043855  0.7061098
4945.666662  0.6971413
4946.289469  0.7320785
4946.912276  0.7818842
4947.535083  0.7747113
4948.15789  0.7523668
4948.780697  0.752854
4949.403504  0.7702866
4950.026311  0.7922935
4950.649118  0.815951
4951.271925  0.8294124
4951.894732  0.7991349
4952.517539  0.7563031
4953.140346  0.7245345
4953.763153  0.6936281
4954.38596  0.6594877
4955.008767  0.6373476
4955.631574  0.6216998
4956.254381  0.5491306
4956.877188  0.4490263
4957.499995  0.4010697
4958.122802  0.4615103
4958.745609  0.5575282
4959.368416  0.6277841
4959.991223  0.6571447
4960.61403  0.6491826
4961.236837  0.624181
4961.859644  0.6083097
4962.482451  0.6179124
4963.105258  0.6328797
4963.728065  0.6183472
4964.350872  0.5643717
4964.973679  0.5336246
4965.596486  0.5347303
4966.219293  0.5413541
4966.8421  0.5382155
4967.464907  0.5365854
4968.087714  0.5552812
4968.710521  0.5980128
4969.333328  0.6273652
4969.956135  0.6319201
4970.578942  0.6302502
4971.201749  0.6514365
4971.824556  0.6684053
4972.447363  0.6665444
4973.07017  0.6710637
4973.692977  0.6881716
4974.315784  0.6974151
4974.938591  0.6823891
4975.561398  0.673436
4976.184205  0.6828079
4976.807012  0.688068
4977.429819  0.6484287
4978.052626  0.6006275
4978.675433  0.581216
4979.29824  0.594537
4979.921047  0.6116143
4980.543854  0.594681
4981.166661  0.5342749
4981.789468  0.4704689
4982.412275  0.4571375
4983.035082  0.5005698
4983.657889  0.5585482
4984.280696  0.6046608
4984.903503  0.6085258
4985.52631  0.5775828
4986.149117  0.5835381
4986.771924  0.624266
4987.394731  0.6589656
4988.017538  0.6558946
4988.640345  0.6395273
4989.263152  0.6321905
4989.885959  0.6289849
4990.508766  0.594601
4991.131573  0.5996398
4991.75438  0.6690813
4992.377187  0.710247
4992.999994  0.6782105
4993.622801  0.6135647
4994.245608  0.5943064
4994.868415  0.6303638
4995.491222  0.6663173
4996.114029  0.6585186
4996.736836  0.6322446
4997.359643  0.6494312
4997.98245  0.6684446
4998.605257  0.5957571
4999.228064  0.5189245
4999.850871  0.5036315
5000.473678  0.5462246
5001.096485  0.5821708
5001.719292  0.5970165
5002.342099  0.5959663
5002.964906  0.5848233
5003.587713  0.5814587
5004.21052  0.5807232
5004.833327  0.5648336
5005.456134  0.5282178
5006.078941  0.5018844
5006.701748  0.5122812
5007.324555  0.5534259
5007.947362  0.6018533
5008.570169  0.6218949
5009.192976  0.6034157
5009.815783  0.606299
5010.43859  0.6261945
5011.061397  0.6176461
5011.684204  0.549854
5012.307011  0.5066319
5012.929818  0.4969715
5013.552625  0.4585081
5014.175432  0.4333702
5014.798239  0.463901
5015.421046  0.5411382
5016.043853  0.5894736
5016.66666  0.601164
5017.289467  0.5944652
5017.912274  0.5874705
5018.535081  0.6009554
5019.157888  0.6079102
5019.780695  0.585274
5020.403502  0.5823875
5021.026309  0.5691497
5021.649116  0.5241892
5022.271923  0.4895091
5022.89473  0.5251319
5023.517537  0.5997076
5024.140344  0.6322656
5024.763151  0.6170874
5025.385958  0.619666
5026.008765  0.6478915
5026.631572  0.6020861
5027.254379  0.5399543
5027.877186  0.5353802
5028.499993  0.5967051
5029.1228  0.6432407
5029.745607  0.6555257
5030.368414  0.657742
5030.991221  0.6659603
5031.614028  0.6912428
5032.236835  0.7234693
5032.859642  0.7380286
5033.482449  0.7346681
5034.105256  0.705359
5034.728063  0.6411591
5035.35087  0.5514468
5035.973677  0.5150587
5036.596484  0.5657116
5037.219291  0.6364862
5037.842098  0.6452075
5038.464905  0.5897216
5039.087712  0.5256914
5039.710519  0.4736219
5040.333326  0.4200376
5040.956133  0.3899217
5041.57894  0.4650068
5042.201747  0.5688584
5042.824554  0.6224116
5043.447361  0.6245199
5044.070168  0.6630327
5044.692975  0.7195044
5045.315782  0.7433799
5045.938589  0.7569371
5046.561396  0.7507951
5047.184203  0.7145683
5047.80701  0.656028
5048.429817  0.603781
5049.052624  0.5678263
5049.675431  0.5515289
5050.298238  0.5767669
5050.921045  0.5985779
5051.543852  0.5969599
5052.166659  0.6120158
5052.789466  0.628768
5053.412273  0.6414568
5054.03508  0.660341
5054.657887  0.6858603
5055.280694  0.692504
5055.903501  0.6745977
5056.526308  0.6717799
5057.149115  0.6958244
5057.771922  0.7260567
5058.394729  0.7294365
5059.017536  0.6992472
5059.640343  0.6923295
5060.26315  0.7420162
5060.885957  0.7798167
5061.508764  0.7729179
5062.131571  0.7433699
5062.754378  0.7292548
5063.377185  0.6576404
5063.999992  0.5454542
5064.622799  0.4821359
5065.245606  0.5264251
5065.868413  0.6122786
5066.49122  0.6546534
5067.114027  0.635998
5067.736834  0.5992039
5068.359641  0.5839537
5068.982448  0.6023821
5069.605255  0.6447514
5070.228062  0.6732051
5070.850869  0.6560641
5071.473676  0.6015831
5072.096483  0.574344
5072.71929  0.6091184
5073.342097  0.6801674
5073.964904  0.7303731
5074.587711  0.7172439
5075.210518  0.6465973
5075.833325  0.5822753
5076.456132  0.5803854
5077.078939  0.6420009
5077.701746  0.7008058
5078.324553  0.651311
5078.94736  0.536907
5079.570167  0.4776169
5080.192974  0.4965691
5080.815781  0.5400512
5081.438588  0.5579425
5082.061395  0.5557967
5082.684202  0.5404758
5083.307009  0.5449895
5083.929816  0.5881492
5084.552623  0.5981034
5085.17543  0.6033987
5085.798237  0.6374369
5086.421044  0.6484726
5087.043851  0.6427847
5087.666658  0.639206
5088.289465  0.6455187
5088.912272  0.6635153
5089.535079  0.6688634
5090.157886  0.6501866
5090.780693  0.6435879
5091.4035  0.6577355
5092.026307  0.6912851
5092.649114  0.7372874
5093.271921  0.7559698
5093.894728  0.7256877
5094.517535  0.6591241
5095.140342  0.5982145
5095.763149  0.5787106
5096.385956  0.6141686
5097.008763  0.6810668
5097.63157  0.6813041
5098.254377  0.6028156
5098.877184  0.5296733
5099.499991  0.5411053
5100.122798  0.5911482
5100.745605  0.6138763
5101.368412  0.6316622
5101.991219  0.6362417
5102.614026  0.6287797
5103.236833  0.6242459
5103.85964  0.6121289
5104.482447  0.600921
5105.105254  0.6053476
5105.728061  0.6205215
5106.350868  0.6073845
5106.973675  0.5697124
5107.596482  0.5671272
5108.219289  0.591678
5108.842096  0.6060958
5109.464903  0.5857365
5110.08771  0.5587098
5110.710517  0.5669231
5111.333324  0.6082079
5111.956131  0.6206482
5112.578938  0.5914673
5113.201745  0.5750614
5113.824552  0.6311312
5114.447359  0.7035657
5115.070166  0.7232556
5115.692973  0.6859727
5116.31578  0.6835618
5116.938587  0.7243454
5117.561394  0.7532103
5118.184201  0.7160026
5118.807008  0.6880235
5119.429815  0.6742416
5120.052622  0.6433197
5120.675429  0.6245265
5121.298236  0.6326677
5121.921043  0.6424465
5122.54385  0.6036546
5123.166657  0.5220921
5123.789464  0.4747654
5124.412271  0.5213042
5125.035078  0.567692
5125.657885  0.5896915
5126.280692  0.5899518
5126.903499  0.5527202
5127.526306  0.541592
5128.149113  0.5631681
5128.77192  0.5606268
5129.394727  0.5247827
5130.017534  0.5210755
5130.640341  0.5896887
5131.263148  0.6548443
5131.885955  0.6913893
5132.508762  0.6903991
5133.131569  0.6527217
5133.754376  0.6407413
5134.377183  0.674814
5134.99999  0.7235951
5135.622797  0.73773
5136.245604  0.7082638
5136.868411  0.6738332
5137.491218  0.6825693
5138.114025  0.6458158
5138.736832  0.5771787
5139.359639  0.5770641
5139.982446  0.6574172
5140.605253  0.7320107
5141.22806  0.7173198
5141.850867  0.6275024
5142.473674  0.5606033
5143.096481  0.5792643
5143.719288  0.6518786
5144.342095  0.6648208
5144.964902  0.6141055
5145.587709  0.5662102
5146.210516  0.5546542
5146.833323  0.5645722
5147.45613  0.5806975
5148.078937  0.6078854
5148.701744  0.6304252
5149.324551  0.6262704
5149.947358  0.5945947
5150.570165  0.581842
5151.192972  0.5678803
5151.815779  0.5370939
5152.438586  0.5234264
5153.061393  0.5117527
5153.6842  0.5077018
5154.307007  0.5387247
5154.929814  0.6086063
5155.552621  0.6720986
5156.175428  0.6988392
5156.798235  0.7245721
5157.421042  0.7617201
5158.043849  0.7773161
5158.666656  0.7299812
5159.289463  0.6782265
5159.91227  0.6859356
5160.535077  0.7531194
5161.157884  0.7830051
5161.780691  0.7384259
5162.403498  0.6697189
5163.026305  0.6700453
5163.649112  0.7067655
5164.271919  0.7007021
5164.894726  0.6097936
5165.517533  0.5054947
5166.14034  0.4140772
5166.763147  0.3456436
5167.385954  0.3243286
5168.008761  0.3384578
5168.631568  0.3765046
5169.254375  0.4308873
5169.877182  0.4763435
5170.499989  0.4794621
5171.122796  0.4278666
5171.745603  0.3518407
5172.36841  0.2930633
5172.991217  0.2911719
5173.614024  0.3603064
5174.236831  0.4534746
5174.859638  0.5171502
5175.482445  0.5332754
5176.105252  0.5420619
5176.728059  0.5505591
5177.350866  0.5541199
5177.973673  0.5537074
5178.59648  0.5418456
5179.219287  0.5267564
5179.842094  0.5189853
5180.464901  0.4999965
5181.087708  0.4729641
5181.710515  0.4416242
5182.333322  0.3933328
5182.956129  0.3287652
5183.578936  0.2964936
5184.201743  0.3566668
5184.82455  0.4766504
5185.447357  0.5807358
5186.070164  0.6285185
5186.692971  0.6682421
5187.315778  0.6833235
5187.938585  0.6691207
5188.561392  0.6626343
5189.184199  0.6967362
5189.807006  0.7362666
5190.429813  0.7170292
5191.05262  0.6272597
5191.675427  0.5181528
5192.298234  0.4581389
5192.921041  0.4799192
5193.543848  0.5433111
5194.166655  0.587423
5194.789462  0.5859562
5195.412269  0.5950999
5196.035076  0.6422476
5196.657883  0.7062902
5197.28069  0.7326085
5197.903497  0.7213877
5198.526304  0.7071867
5199.149111  0.7189738
5199.771918  0.7216259
5200.394725  0.7035681
5201.017532  0.6777875
5201.640339  0.6553951
5202.263146  0.6485347
5202.885953  0.6470918
5203.50876  0.6181004
5204.131567  0.5357794
5204.754374  0.4434681
5205.377181  0.4042929
5205.999988  0.4030068
5206.622795  0.4339671
5207.245602  0.4561639
5207.868409  0.3988138
5208.491216  0.3609231
5209.114023  0.3874638
5209.73683  0.4337552
5210.359637  0.4739569
5210.982444  0.5522547
5211.605251  0.6742537
5212.228058  0.7308697
5212.850865  0.7546701
5213.473672  0.777973
5214.096479  0.7796709
5214.719286  0.7590557
5215.342093  0.7240189
5215.9649  0.6968438
5216.587707  0.7149639
5217.210514  0.7493955
5217.833321  0.7785074
5218.456128  0.8158005
5219.078935  0.8119518
5219.701742  0.7880834
5220.324549  0.8016655
5220.947356  0.8334169
5221.570163  0.844943
5222.19297  0.8202513
5222.815777  0.7823203
5223.438584  0.714941
5224.061391  0.6371424
5224.684198  0.596128
5225.307005  0.5867991
5225.929812  0.5666322
5226.552619  0.5268009
5227.175426  0.5422462
5227.798233  0.6493154
5228.42104  0.7911705
5229.043847  0.8568202
5229.666654  0.8462529
5230.289461  0.8331844
5230.912268  0.8666007
5231.535075  0.873998
5232.157882  0.8173074
5232.780689  0.7294019
5233.403496  0.6922867
5234.026303  0.711412
5234.64911  0.7541317
5235.271917  0.792829
5235.894724  0.8483946
5236.517531  0.8962263
5237.140338  0.9049844
5237.763145  0.8814848
5238.385952  0.8564889
5239.008759  0.836319
5239.631566  0.8046865
5240.254373  0.7791952
5240.87718  0.7898384
5241.499987  0.8349559
5242.122794  0.8537707
5242.745601  0.8475522
5243.368408  0.8516334
5243.991215  0.8922454
5244.614022  0.9276853
5245.236829  0.8957911
5245.859636  0.7727125
5246.482443  0.6212062
5247.10525  0.5470423
5247.728057  0.6012912
5248.350864  0.7260354
5248.973671  0.7902371
5249.596478  0.7434015
5250.219285  0.6459228
5250.842092  0.6111094
5251.464899  0.6535066
5252.087706  0.7249818
5252.710513  0.7799636
5253.33332  0.813401
5253.956127  0.8020532
5254.578934  0.7270248
5255.201741  0.6750842
5255.824548  0.7198769
5256.447355  0.8396251
5257.070162  0.894692
5257.692969  0.9134761
5258.315776  0.9336433
5258.938583  0.9285183
5259.56139  0.8881984
5260.184197  0.8461771
5260.807004  0.8311551
5261.429811  0.7995014
5262.052618  0.7572311
5262.675425  0.7101681
5263.298232  0.6419198
5263.921039  0.6174037
5264.543846  0.6222891
5265.166653  0.5906761
5265.78946  0.5469846
5266.412267  0.5774767
5267.035074  0.6978381
5267.657881  0.7763267
5268.280688  0.7098435
5268.903495  0.5329191
5269.526302  0.3964931
5270.149109  0.4069513
5270.771916  0.5457326
5271.394723  0.7084919
5272.01753  0.7945033
5272.640337  0.8104876
5273.263144  0.8118864
5273.885951  0.8323296
5274.508758  0.8219925
5275.131565  0.773331
5275.754372  0.7412991
5276.377179  0.8033849
5276.999986  0.8916842
5277.622793  0.9359438
5278.2456  0.957431
5278.868407  0.9548159
5279.491214  0.9289904
5280.114021  0.8892244
5280.736828  0.8504341
5281.359635  0.8195159
5281.982442  0.797083
5282.605249  0.7824114
5283.228056  0.7700754
5283.850863  0.7723576
5284.47367  0.8141463
5285.096477  0.8961458
5285.719284  0.9823076
5286.342091  1.028066
5286.964898  1.017077
5287.587705  0.9733319
5288.210512  0.9244374
5288.833319  0.8869508
5289.456126  0.8990295
5290.078933  0.9354738
5290.70174  0.9517629
5291.324547  0.974081
5291.947354  0.973885
5292.570161  0.9388751
5293.192968  0.913495
5293.815775  0.9268324
5294.438582  0.9563477
5295.061389  0.9510435
5295.684196  0.8902059
5296.307003  0.7905644
5296.92981  0.6929854
5297.552617  0.6394497
5298.175424  0.6518478
5298.798231  0.7358888
5299.421038  0.8555425
5300.043845  0.8701286
5300.666652  0.8168101
5301.289459  0.7999501
5301.912266  0.812952
5302.535073  0.8616478
5303.15788  0.9304246
5303.780687  0.9829313
5304.403494  1.023032
5305.026301  1.045371
5305.649108  1.035427
5306.271915  0.9939849
5306.894722  0.9474425
5307.517529  0.9249365
5308.140336  0.9388002
5308.763143  0.9778534
5309.38595  1.015134
5310.008757  1.023529
5310.631564  0.9958866
5311.254371  0.9743404
5311.877178  0.9785506
5312.499985  0.9607797
5313.122792  0.930916
5313.745599  0.9222667
5314.368406  0.9522543
5314.991213  0.9737859
5315.61402  0.9695185
5316.236827  0.9539303
5316.859634  0.9480306
5317.482441  0.9520415
5318.105248  0.9464982
5318.728055  0.9157218
5319.350862  0.8987401
5319.973669  0.9129798
5320.596476  0.9404208
5321.219283  0.9448692
5321.84209  0.9483029
5322.464897  0.9533128
5323.087704  0.9143576
5323.710511  0.8429419
5324.333318  0.8189589
5324.956125  0.8939207
5325.578932  0.941605
5326.201739  0.9255128
5326.824546  0.8351763
5327.447353  0.640409
5328.07016  0.4810264
5328.692967  0.4796673
5329.315774  0.6302705
5329.938581  0.7611367
5330.561388  0.8295152
5331.184195  0.8727101
5331.807002  0.8945988
5332.429809  0.8768265
5333.052616  0.8588442
5333.675423  0.9128387
5334.29823  0.9790416
5334.921037  1.013094
5335.543844  1.005539
5336.166651  0.9614469
5336.789458  0.9324252
5337.412265  0.9426602
5338.035072  0.9580417
5338.657879  0.9546886
5339.280686  0.9049567
5339.903493  0.8067488
5340.5263  0.7214633
5341.149107  0.7469578
5341.771914  0.872594
5342.394721  0.9400294
5343.017528  0.9320646
5343.640335  0.9130386
5344.263142  0.9318555
5344.885949  0.9023175
5345.508756  0.8468015
5346.131563  0.8465286
5346.75437  0.9335269
5347.377177  0.9651054
5347.999984  0.8965122
5348.622791  0.8294843
5349.245598  0.8000529
5349.868405  0.826248
5350.491212  0.8990083
5351.114019  0.9731143
5351.736826  1.024457
5352.359633  1.04091
5352.98244  1.025822
5353.605247  1.031485
5354.228054  1.069603
5354.850861  1.104581
5355.473668  1.089603
5356.096475  1.068992
5356.719282  1.081474
5357.342089  1.101052
5357.964896  1.112904
5358.587703  1.104864
5359.21051  1.080311
5359.833317  1.070447
5360.456124  1.052486
5361.078931  1.006837
5361.701738  0.9646009
5362.324545  0.9668053
5362.947352  1.006559
5363.570159  1.032218
5364.192966  1.010842
5364.815773  0.977252
5365.43858  0.974644
5366.061387  0.9898348
5366.684194  0.9937403
5367.307001  0.993079
5367.929808  1.015674
5368.552615  0.9991761
5369.175422  0.9319991
5369.798229  0.8464843
5370.421036  0.7630624
5371.043843  0.6832886
5371.66665  0.6705753
5372.289457  0.8174617
5372.912264  0.9726077
5373.535071  1.050761
5374.157878  1.074983
5374.780685  1.08603
5375.403492  1.066485
5376.026299  1.009314
5376.649106  0.9622974
5377.271913  0.9757205
5377.89472  1.044603
5378.517527  1.112504
5379.140334  1.126122
5379.763141  1.08976
5380.385948  1.039597
5381.008755  1.00702
5381.631562  1.011509
5382.254369  1.018423
5382.877176  0.9827726
5383.499983  0.9750153
5384.12279  0.9946927
5384.745597  1.007291
5385.368404  1.021771
5385.991211  1.028281
5386.614018  1.024102
5387.236825  1.017997
5387.859632  1.00611
5388.482439  0.9741919
5389.105246  0.9221652
5389.728053  0.8864579
5390.35086  0.8598991
5390.973667  0.8460921
5391.596474  0.8760823
5392.219281  0.9248893
5392.842088  0.9533769
5393.464895  0.9415618
5394.087702  0.9128575
5394.710509  0.9148532
5395.333316  0.9316145
5395.956123  0.8672492
5396.57893  0.7289897
5397.201737  0.6632541
5397.824544  0.7960132
5398.447351  0.9484318
5399.070158  1.020784
5399.692965  1.008948
5400.315772  0.9549275
5400.938579  0.9236629
5401.561386  0.9464286
5402.184193  0.9970809
5402.807  1.005184
5403.429807  0.9555859
5404.052614  0.8713725
5404.675421  0.775129
5405.298228  0.6955292
5405.921035  0.6841205
5406.543842  0.7760872
5407.166649  0.8670072
5407.789456  0.9084778
5408.412263  0.8961622
5409.03507  0.7981597
5409.657877  0.7406417
5410.280684  0.8009448
5410.903491  0.9084271
5411.526298  0.9919133
5412.149105  1.025434
5412.771912  1.029551
5413.394719  1.041417
5414.017526  1.044992
5414.640333  1.032389
5415.26314  1.03578
5415.885947  1.069555
5416.508754  1.109336
5417.131561  1.118809
5417.754368  1.104542
5418.377175  1.078536
5418.999982  1.04563
5419.622789  1.003081
5420.245596  0.9717603
5420.868403  0.9771239
5421.49121  1.028835
5422.114017  1.095881
5422.736824  1.10135
5423.359631  1.023147
5423.982438  0.9632892
5424.605245  0.9730389
5425.228052  1.022317
5425.850859  1.04428
5426.473666  1.07674
5427.096473  1.129095
5427.71928  1.145509
5428.342087  1.023488
5428.964894  0.8266129
5429.587701  0.7196698
5430.210508  0.8231785
5430.833315  0.9686598
5431.456122  1.007497
5432.078929  0.9342897
5432.701736  0.8986369
5433.324543  0.8784156
5433.94735  0.8338402
5434.570157  0.8121239
5435.192964  0.8477054
5435.815771  0.8901467
5436.438578  0.8820329
5437.061385  0.910654
5437.684192  0.9604804
5438.306999  0.9969272
5438.929806  1.038451
5439.552613  1.083629
5440.17542  1.11593
5440.798227  1.12076
5441.421034  1.113906
5442.043841  1.108274
5442.666648  1.117712
5443.289455  1.149883
5443.912262  1.145115
5444.535069  1.087089
5445.157876  1.003989
5445.780683  0.8523419
5446.40349  0.7139255
5447.026297  0.6970586
5447.649104  0.7932876
5448.271911  0.8624464
5448.894718  0.8726672
5449.517525  0.9186725
5450.140332  0.9352002
5450.763139  0.9121307
5451.385946  0.8918017
5452.008753  0.9021072
5452.63156  0.898543
5453.254367  0.8668768
5453.877174  0.8459595
5454.499981  0.783707
5455.122788  0.7064493
5455.745595  0.6915227
5456.368402  0.7633316
5456.991209  0.8551612
5457.614016  0.9155869
5458.236823  0.9605767
5458.85963  0.9736369
5459.482437  0.9366581
5460.105244  0.8691617
5460.728051  0.8611562
5461.350858  0.9010912
5461.973665  0.9233852
5462.596472  0.8866892
5463.219279  0.8605471
5463.842086  0.8859508
5464.464893  0.9355696
5465.0877  0.945444
5465.710507  0.9213735
5466.333314  0.9129854
5466.956121  0.9565233
5467.578928  0.9836864
5468.201735  0.9688271
5468.824542  0.9425495
