4780.  0.9501992
4780.622807  0.956984
4781.245614  0.9608929
4781.868421  0.9488778
4782.491228  0.9019243
4783.114035  0.8540435
4783.736842  0.857219
4784.359649  0.9241011
4784.982456  0.9514952
4785.605263  0.9001577
4786.22807  0.8238021
4786.850877  0.8263006
4787.473684  0.8885463
4788.096491  0.930303
4788.719298  0.897631
4789.342105  0.8651401
4789.964912  0.8629678
4790.587719  0.8738622
4791.210526  0.8918315
4791.833333  0.9011563
4792.45614  0.9104156
4793.078947  0.9525298
4793.701754  0.9974967
4794.324561  1.027557
4794.947368  1.042498
4795.570175  1.021152
4796.192982  0.9926312
4796.815789  0.9782873
4797.438596  0.9499227
4798.061403  0.9159139
4798.68421  0.8857231
4799.307017  0.8604461
4799.929824  0.8478358
4800.552631  0.8741433
4801.175438  0.9392346
4801.798245  0.9843422
4802.421052  1.000247
4803.043859  1.001564
4803.666666  0.9956952
4804.289473  0.9472467
4804.91228  0.8999755
4805.535087  0.9099895
4806.157894  0.9368552
4806.780701  0.928573
4807.403508  0.8794293
4808.026315  0.841744
4808.649122  0.8566903
4809.271929  0.905843
4809.894736  0.9409257
4810.517543  0.9519161
4811.14035  0.9515182
4811.763157  0.9481651
4812.385964  0.9335008
4813.008771  0.9220677
4813.631578  0.9241431
4814.254385  0.9364527
4814.877192  0.9431605
4815.499999  0.9555652
4816.122806  0.9813815
4816.745613  0.9982108
4817.36842  0.9938069
4817.991227  0.9875459
4818.614034  1.009483
4819.236841  1.027523
4819.859648  1.021615
4820.482455  0.9999716
4821.105262  0.9929272
4821.728069  0.9915657
4822.350876  0.9561247
4822.973683  0.8657524
4823.59649  0.831806
4824.219297  0.8677549
4824.842104  0.9141069
4825.464911  0.961033
4826.087718  0.9815943
4826.710525  0.9708787
4827.333332  0.9557314
4827.956139  0.9337623
4828.578946  0.9119541
4829.201753  0.9118962
4829.82456  0.9489096
4830.447367  0.9592323
4831.070174  0.9059902
4831.692981  0.8560347
4832.315788  0.8561997
4832.938595  0.8966802
4833.561402  0.9339025
4834.184209  0.9662451
4834.807016  0.9747556
4835.429823  0.9528262
4836.05263  0.935233
4836.675437  0.9491096
4837.298244  0.9723068
4837.921051  0.9535205
4838.543858  0.9124193
4839.166665  0.8726892
4839.789472  0.8504307
4840.412279  0.860437
4841.035086  0.8999156
4841.657893  0.933744
4842.2807  0.9147676
4842.903507  0.8757547
4843.526314  0.8669559
4844.149121  0.9087912
4844.771928  0.9601865
4845.394735  0.9891446
4846.017542  0.992497
4846.640349  0.9887114
4847.263156  0.9623243
4847.885963  0.9068919
4848.50877  0.8496705
4849.131577  0.8567104
4849.754384  0.9189862
4850.377191  0.973992
4850.999998  0.9667702
4851.622805  0.9393651
4852.245612  0.9371977
4852.868419  0.9571111
4853.491226  0.9562369
4854.114033  0.9039261
4854.73684  0.8160617
4855.359647  0.7660643
4855.982454  0.7940112
4856.605261  0.8698273
4857.228068  0.9133953
4857.850875  0.9099897
4858.473682  0.8713099
4859.096489  0.8186399
4859.719296  0.7704554
4860.342103  0.6792299
4860.96491  0.5710837
4861.587717  0.5854938
4862.210524  0.7086651
4862.833331  0.8226029
4863.456138  0.8297097
4864.078945  0.8196891
4864.701752  0.8336704
4865.324559  0.8670599
4865.947366  0.9041747
4866.570173  0.9192196
4867.19298  0.8985103
4867.815787  0.8604128
4868.438594  0.8674076
4869.061401  0.9051518
4869.684208  0.909296
4870.307015  0.834963
4870.929822  0.7270296
4871.552629  0.6735386
4872.175436  0.7308186
4872.798243  0.8134124
4873.42105  0.8642759
4874.043857  0.8778286
4874.666664  0.8624044
4875.289471  0.8487678
4875.912278  0.867783
4876.535085  0.9202386
4877.157892  0.9176501
4877.780699  0.8872148
4878.403506  0.9243921
4879.026313  0.9964661
4879.64912  1.03583
4880.271927  0.9995196
4880.894734  0.9103243
4881.517541  0.8544058
4882.140348  0.8715261
4882.763155  0.9257318
4883.385962  0.9544091
4884.008769  0.9234141
4884.631576  0.8534703
4885.254383  0.8128569
4885.87719  0.793927
4886.499997  0.7982512
4887.122804  0.846068
4887.745611  0.8610083
4888.368418  0.8582887
4888.991225  0.8813882
4889.614032  0.8766867
4890.236839  0.7871658
4890.859646  0.6746378
4891.482453  0.7017424
4892.10526  0.8216512
4892.728067  0.934346
4893.350874  0.9819574
4893.973681  1.007568
4894.596488  1.035513
4895.219295  1.056553
4895.842102  1.043136
4896.464909  1.020584
4897.087716  1.014536
4897.710523  1.024176
4898.33333  1.023569
4898.956137  0.9856182
4899.578944  0.9244369
4900.201751  0.9111779
4900.824558  0.9490321
4901.447365  0.988576
4902.070172  0.9769163
4902.692979  0.9327245
4903.315786  0.9013057
4903.938593  0.9107075
4904.5614  0.9436128
4905.184207  0.9945696
4905.807014  1.041121
4906.429821  1.0413
4907.052628  0.9991789
4907.675435  0.9510327
4908.298242  0.9246526
4908.921049  0.8938105
4909.543856  0.8581365
4910.166663  0.830946
4910.78947  0.8235837
4911.412277  0.8559773
4912.035084  0.9104098
4912.657891  0.9433609
4913.280698  0.9341935
4913.903505  0.9371056
4914.526312  0.9850507
4915.149119  1.017048
4915.771926  1.015544
4916.394733  0.992116
4917.01754  0.9583187
4917.640347  0.8790183
4918.263154  0.7897512
4918.885961  0.7350826
4919.508768  0.6806858
4920.131575  0.6568494
4920.754382  0.6909652
4921.377189  0.7679784
4921.999996  0.8547134
4922.622803  0.904319
4923.24561  0.892289
4923.868417  0.8553053
4924.491224  0.8320588
4925.114031  0.8517321
4925.736838  0.9188893
4926.359645  0.9677691
4926.982452  0.9637353
4927.605259  0.9364367
4928.228066  0.9656078
4928.850873  1.017476
4929.47368  1.027762
4930.096487  1.000315
4930.719294  0.994593
4931.342101  1.018803
4931.964908  1.016689
4932.587715  0.9499324
4933.210522  0.8602334
4933.833329  0.8258072
4934.456136  0.8866614
4935.078943  0.9641876
4935.70175  0.9842599
4936.324557  0.9462853
4936.947364  0.8828927
4937.570171  0.8189349
4938.192978  0.7689647
4938.815785  0.7510422
4939.438592  0.785071
4940.061399  0.8699942
4940.684206  0.9674498
4941.307013  1.004918
4941.92982  0.9907141
4942.552627  0.9908767
4943.175434  1.015564
4943.798241  1.039407
4944.421048  1.027952
4945.043855  0.9738073
4945.666662  0.9341726
4946.289469  0.9440455
4946.912276  0.9855074
4947.535083  1.00994
4948.15789  1.015202
4948.780697  1.015669
4949.403504  0.9980487
4950.026311  0.9956903
4950.649118  1.023678
4951.271925  1.049784
4951.894732  1.020588
4952.517539  0.9771096
4953.140346  0.9793992
4953.763153  0.9787811
4954.38596  0.9878302
4955.008767  1.018808
4955.631574  1.031195
4956.254381  0.9083284
4956.877188  0.7219009
4957.499995  0.6592473
4958.122802  0.7600329
4958.745609  0.9127845
4959.368416  1.008086
4959.991223  1.053245
4960.61403  1.052268
4961.236837  1.022002
4961.859644  0.9936435
4962.482451  1.007077
4963.105258  1.040263
4963.728065  1.044196
4964.350872  0.9985718
4964.973679  0.9249453
4965.596486  0.8777699
4966.219293  0.8992361
4966.8421  0.9327032
4967.464907  0.9341246
4968.087714  0.9125831
4968.710521  0.9264481
4969.333328  0.9395213
4969.956135  0.9266191
4970.578942  0.9278151
4971.201749  0.9656695
4971.824556  1.004333
4972.447363  1.002597
4973.07017  1.007199
4973.692977  1.028883
4974.315784  1.043468
4974.938591  1.019978
4975.561398  0.9865197
4976.184205  0.976588
4976.807012  0.986026
4977.429819  0.9486084
4978.052626  0.8995401
4978.675433  0.8906347
4979.29824  0.8943212
4979.921047  0.9183748
4980.543854  0.9410827
4981.166661  0.9131923
4981.789468  0.8508452
4982.412275  0.7886836
4983.035082  0.7606633
4983.657889  0.7883584
4984.280696  0.8246412
4984.903503  0.8370348
4985.52631  0.8485223
4986.149117  0.8854185
4986.771924  0.9473427
4987.394731  1.000842
4988.017538  0.9966651
4988.640345  0.9705151
4989.263152  0.961793
4989.885959  0.9502415
4990.508766  0.9158112
4991.131573  0.8975136
4991.75438  0.9440428
4992.377187  0.9794465
4992.999994  0.9608167
4993.622801  0.9139523
4994.245608  0.9150533
4994.868415  0.9533491
4995.491222  0.9776552
4996.114029  0.9563832
4996.736836  0.9469299
4997.359643  0.9606325
4997.98245  0.9653599
4998.605257  0.9361848
4999.228064  0.8901414
4999.850871  0.8606837
5000.473678  0.8656361
5001.096485  0.8661131
5001.719292  0.859175
5002.342099  0.8665301
5002.964906  0.8777038
5003.587713  0.8858958
5004.21052  0.8768055
5004.833327  0.8308527
5005.456134  0.7750642
5006.078941  0.744573
5006.701748  0.7639009
5007.324555  0.8409324
5007.947362  0.9304252
5008.570169  0.9732324
5009.192976  0.9469836
5009.815783  0.9235391
5010.43859  0.9257357
5011.061397  0.9028898
5011.684204  0.8528996
5012.307011  0.8044716
5012.929818  0.7780886
5013.552625  0.7531499
5014.175432  0.753776
5014.798239  0.7942648
5015.421046  0.8509544
5016.043853  0.8834947
5016.66666  0.8731508
5017.289467  0.8324109
5017.912274  0.7992489
5018.535081  0.8055302
5019.157888  0.8464215
5019.780695  0.8768963
5020.403502  0.888301
5021.026309  0.873774
5021.649116  0.8352133
5022.271923  0.8153024
5022.89473  0.8462561
5023.517537  0.9072716
5024.140344  0.9209881
5024.763151  0.9134716
5025.385958  0.9228847
5026.008765  0.9378333
5026.631572  0.8761723
5027.254379  0.8054068
5027.877186  0.825941
5028.499993  0.8911271
5029.1228  0.9448025
5029.745607  0.9561227
5030.368414  0.9369909
5030.991221  0.9390799
5031.614028  0.9665548
5032.236835  0.9929991
5032.859642  1.022214
5033.482449  1.049104
5034.105256  1.045389
5034.728063  0.9741954
5035.35087  0.8736959
5035.973677  0.8220277
5036.596484  0.8647613
5037.219291  0.9264615
5037.842098  0.9357264
5038.464905  0.8871387
5039.087712  0.8483033
5039.710519  0.7952458
5040.333326  0.706848
5040.956133  0.6246392
5041.57894  0.6747952
5042.201747  0.8108376
5042.824554  0.9097341
5043.447361  0.9492615
5044.070168  0.9640467
5044.692975  0.9872395
5045.315782  1.01872
5045.938589  1.049502
5046.561396  1.04862
5047.184203  0.9915967
5047.80701  0.9013882
5048.429817  0.8344843
5049.052624  0.8283333
5049.675431  0.8653008
5050.298238  0.8877861
5050.921045  0.8781559
5051.543852  0.8646997
5052.166659  0.8710986
5052.789466  0.8949428
5053.412273  0.925351
5054.03508  0.9641498
5054.657887  0.9926537
5055.280694  0.9979196
5055.903501  0.9835966
5056.526308  0.9721225
5057.149115  0.9716672
5057.771922  0.9815384
5058.394729  1.000944
5059.017536  1.000611
5059.640343  0.9909777
5060.26315  1.021102
5060.885957  1.051167
5061.508764  1.056709
5062.131571  1.047166
5062.754378  1.046653
5063.377185  1.004716
5063.999992  0.9087468
5064.622799  0.8410515
5065.245606  0.8332288
5065.868413  0.8739467
5066.49122  0.9220076
5067.114027  0.9317763
5067.736834  0.9047875
5068.359641  0.8825511
5068.982448  0.912012
5069.605255  0.9629577
5070.228062  0.9946467
5070.850869  0.9856188
5071.473676  0.9186334
5072.096483  0.8632926
5072.71929  0.885851
5073.342097  0.9407778
5073.964904  0.9657386
5074.587711  0.9447907
5075.210518  0.919471
5075.833325  0.9106076
5076.456132  0.9359774
5077.078939  0.98559
5077.701746  0.9957932
5078.324553  0.9181356
5078.94736  0.7896524
5079.570167  0.7256802
5080.192974  0.7316719
5080.815781  0.7855541
5081.438588  0.8592669
5082.061395  0.9032704
5082.684202  0.8961002
5083.307009  0.8667877
5083.929816  0.8809876
5084.552623  0.9170771
5085.17543  0.9426338
5085.798237  0.950698
5086.421044  0.9406803
5087.043851  0.9275551
5087.666658  0.9280092
5088.289465  0.942454
5088.912272  0.9672789
5089.535079  0.9824719
5090.157886  0.9658524
5090.780693  0.9561692
5091.4035  0.9665816
5092.026307  0.9842876
5092.649114  1.013466
5093.271921  1.028901
5093.894728  1.01995
5094.517535  1.008876
5095.140342  1.002842
5095.763149  0.9822758
5096.385956  0.9333756
5097.008763  0.906069
5097.63157  0.8664539
5098.254377  0.7924555
5098.877184  0.7587195
5099.499991  0.7896163
5100.122798  0.8677984
5100.745605  0.9509479
5101.368412  0.999247
5101.991219  1.001944
5102.614026  0.9746819
5103.236833  0.9416484
5103.85964  0.9221701
5104.482447  0.9187768
5105.105254  0.9215763
5105.728061  0.9364131
5106.350868  0.9237131
5106.973675  0.8632383
5107.596482  0.8506895
5108.219289  0.8811213
5108.842096  0.8961045
5109.464903  0.8597835
5110.08771  0.8385907
5110.710517  0.8713144
5111.333324  0.9309284
5111.956131  0.9603011
5112.578938  0.9577558
5113.201745  0.9529415
5113.824552  0.9618769
5114.447359  0.9647592
5115.070166  0.9571633
5115.692973  0.9605539
5116.31578  0.984112
5116.938587  1.011927
5117.561394  1.023048
5118.184201  1.019597
5118.807008  1.012139
5119.429815  1.000928
5120.052622  0.9740871
5120.675429  0.9391588
5121.298236  0.9193474
5121.921043  0.9149818
5122.54385  0.8638794
5123.166657  0.8126631
5123.789464  0.8091907
5124.412271  0.8220002
5125.035078  0.8401229
5125.657885  0.8610353
5126.280692  0.8786933
5126.903499  0.8703934
5127.526306  0.8636839
5128.149113  0.8755901
5128.77192  0.8626825
5129.394727  0.8609218
5130.017534  0.8838486
5130.640341  0.8987576
5131.263148  0.909548
5131.885955  0.9242018
5132.508762  0.9365096
5133.131569  0.9158315
5133.754376  0.9136165
5134.377183  0.9566045
5134.99999  0.9985204
5135.622797  0.992995
5136.245604  0.9351799
5136.868411  0.8724412
5137.491218  0.8829433
5138.114025  0.8753738
5138.736832  0.8029096
5139.359639  0.7899603
5139.982446  0.8610228
5140.605253  0.9431368
5141.22806  0.9360641
5141.850867  0.8397726
5142.473674  0.7775996
5143.096481  0.8311269
5143.719288  0.9061581
5144.342095  0.9319513
5144.964902  0.9037882
5145.587709  0.8701452
5146.210516  0.8509209
5146.833323  0.8395276
5147.45613  0.829389
5148.078937  0.8440384
5148.701744  0.8882079
5149.324551  0.9278485
5149.947358  0.9112572
5150.570165  0.8690768
5151.192972  0.848224
5151.815779  0.8642321
5152.438586  0.8706014
5153.061393  0.8626124
5153.6842  0.8595703
5154.307007  0.8755831
5154.929814  0.9020675
5155.552621  0.9204751
5156.175428  0.9253106
5156.798235  0.9545021
5157.421042  0.9854847
5158.043849  0.9813317
5158.666656  0.9562674
5159.289463  0.9505758
5159.91227  0.9740182
5160.535077  0.9911329
5161.157884  0.9603381
5161.780691  0.9040188
5162.403498  0.8786815
5163.026305  0.9069238
5163.649112  0.9141846
5164.271919  0.8631176
5164.894726  0.8085922
5165.517533  0.7605707
5166.14034  0.6810314
5166.763147  0.5610079
5167.385954  0.5289768
5168.008761  0.5650745
5168.631568  0.6290805
5169.254375  0.7590688
5169.877182  0.8652359
5170.499989  0.8617852
5171.122796  0.7383525
5171.745603  0.5629317
5172.36841  0.4556606
5172.991217  0.5012115
5173.614024  0.672641
5174.236831  0.8449608
5174.859638  0.9306601
5175.482445  0.9393027
5176.105252  0.9190335
5176.728059  0.9182851
5177.350866  0.9488833
5177.973673  0.9677813
5178.59648  0.9615051
5179.219287  0.9442615
5179.842094  0.9367862
5180.464901  0.9218508
5181.087708  0.8936458
5181.710515  0.8376781
5182.333322  0.674161
5182.956129  0.4886326
5183.578936  0.4261525
5184.201743  0.5448699
5184.82455  0.7239906
5185.447357  0.857326
5186.070164  0.9290192
5186.692971  0.9619395
5187.315778  0.949763
5187.938585  0.9016566
5188.561392  0.8921073
5189.184199  0.9491873
5189.807006  1.015583
5190.429813  0.9888571
5191.05262  0.8718652
5191.675427  0.7494
5192.298234  0.71877
5192.921041  0.8031057
5193.543848  0.8980595
5194.166655  0.9120541
5194.789462  0.8654065
5195.412269  0.8334276
5196.035076  0.8486469
5196.657883  0.8855117
5197.28069  0.9072258
5197.903497  0.9218045
5198.526304  0.9460422
5199.149111  0.968985
5199.771918  0.9771063
5200.394725  0.9735714
5201.017532  0.9702983
5201.640339  0.9442371
5202.263146  0.9376018
5202.885953  0.9704297
5203.50876  0.9442365
5204.131567  0.8848616
5204.754374  0.8236036
5205.377181  0.7564564
5205.999988  0.7773128
5206.622795  0.8440501
5207.245602  0.8413778
5207.868409  0.7623546
5208.491216  0.7331076
5209.114023  0.8049082
5209.73683  0.8602135
5210.359637  0.8924955
5210.982444  0.9208494
5211.605251  0.9535958
5212.228058  0.9786705
5212.850865  0.9971381
5213.473672  1.001129
5214.096479  0.962538
5214.719286  0.9068269
5215.342093  0.8657764
5215.9649  0.8520035
5216.587707  0.861242
5217.210514  0.8879239
5217.833321  0.9275565
5218.456128  0.9749321
5219.078935  0.9945582
5219.701742  0.9840125
5220.324549  0.9875933
5220.947356  0.9970053
5221.570163  0.9939418
5222.19297  0.9725279
5222.815777  0.9500014
5223.438584  0.9186735
5224.061391  0.8732774
5224.684198  0.8287793
5225.307005  0.7856487
5225.929812  0.7292613
5226.552619  0.6663126
5227.175426  0.6866433
5227.798233  0.7987056
5228.42104  0.9234141
5229.043847  0.9526595
5229.666654  0.9409851
5230.289461  0.9586102
5230.912268  1.001187
5231.535075  0.983957
5232.157882  0.9097798
5232.780689  0.8518247
5233.403496  0.8631122
5234.026303  0.8860036
5234.64911  0.8815117
5235.271917  0.8942919
5235.894724  0.9380271
5236.517531  0.9917094
5237.140338  1.022454
5237.763145  1.025243
5238.385952  1.008675
5239.008759  0.98914
5239.631566  0.9829429
5240.254373  1.000944
5240.87718  1.02536
5241.499987  1.023823
5242.122794  0.9958602
5242.745601  0.9689687
5243.368408  0.9749445
5243.991215  1.022715
5244.614022  1.065344
5245.236829  1.05968
5245.859636  1.002026
5246.482443  0.9095944
5247.10525  0.8568003
5247.728057  0.894361
5248.350864  0.9479949
5248.973671  0.9496296
5249.596478  0.8969164
5250.219285  0.8591871
5250.842092  0.8710863
5251.464899  0.9174397
5252.087706  0.9569466
5252.710513  0.9658465
5253.33332  0.9641215
5253.956127  0.9493221
5254.578934  0.869832
5255.201741  0.8473462
5255.824548  0.9181313
5256.447355  0.9909655
5257.070162  1.036408
5257.692969  1.054897
5258.315776  1.059406
5258.938583  1.055678
5259.56139  1.040412
5260.184197  1.01273
5260.807004  0.9761694
5261.429811  0.9301528
5262.052618  0.8735787
5262.675425  0.813842
5263.298232  0.7716834
5263.921039  0.761793
5264.543846  0.7582904
5265.166653  0.7084334
5265.78946  0.6751992
5266.412267  0.7252897
5267.035074  0.8494034
5267.657881  0.9132371
5268.280688  0.8375073
5268.903495  0.6680754
5269.526302  0.5664116
5270.149109  0.6177598
5270.771916  0.7727607
5271.394723  0.8947008
5272.01753  0.9251634
5272.640337  0.9063376
5273.263144  0.9041709
5273.885951  0.9124973
5274.508758  0.8810696
5275.131565  0.8251334
5275.754372  0.8391662
5276.377179  0.9187577
5276.999986  1.005441
5277.622793  1.046944
5278.2456  1.064399
5278.868407  1.044999
5279.491214  0.9941631
5280.114021  0.964735
5280.736828  0.9297361
5281.359635  0.9061493
5281.982442  0.9294398
5282.605249  0.9109859
5283.228056  0.8615465
5283.850863  0.8471756
5284.47367  0.8987734
5285.096477  0.9880166
5285.719284  1.063926
5286.342091  1.092139
5286.964898  1.08228
5287.587705  1.05584
5288.210512  1.035643
5288.833319  1.042638
5289.456126  1.066427
5290.078933  1.089793
5290.70174  1.105682
5291.324547  1.103781
5291.947354  1.076667
5292.570161  1.032838
5293.192968  1.008988
5293.815775  1.015633
5294.438582  1.034286
5295.061389  1.031139
5295.684196  0.995589
5296.307003  0.9389445
5296.92981  0.8782673
5297.552617  0.8044322
5298.175424  0.7980002
5298.798231  0.8980939
5299.421038  0.9713683
5300.043845  0.9836118
5300.666652  0.958433
5301.289459  0.9341859
5301.912266  0.9414375
5302.535073  0.9754701
5303.15788  1.015516
5303.780687  1.061347
5304.403494  1.090862
5305.026301  1.096299
5305.649108  1.097807
5306.271915  1.073992
5306.894722  1.038687
5307.517529  1.031149
5308.140336  1.047399
5308.763143  1.077442
5309.38595  1.103197
5310.008757  1.103607
5310.631564  1.097545
5311.254371  1.094704
5311.877178  1.084057
5312.499985  1.063832
5313.122792  1.050728
5313.745599  1.055315
5314.368406  1.054339
5314.991213  1.047061
5315.61402  1.028991
5316.236827  0.9913552
5316.859634  0.9846206
5317.482441  1.009984
5318.105248  1.028984
5318.728055  1.034916
5319.350862  1.030087
5319.973669  1.023463
5320.596476  1.024096
5321.219283  1.02396
5321.84209  1.026623
5322.464897  1.03029
5323.087704  0.9766014
5323.710511  0.9098054
5324.333318  0.8973962
5324.956125  0.9286643
5325.578932  0.9732493
5326.201739  0.9807021
5326.824546  0.9038297
5327.447353  0.745471
5328.07016  0.6369332
5328.692967  0.6908402
5329.315774  0.8140845
5329.938581  0.9308681
5330.561388  1.006085
5331.184195  1.039685
5331.807002  1.014086
5332.429809  0.9700364
5333.052616  0.9710442
5333.675423  1.008738
5334.29823  1.054458
5334.921037  1.080683
5335.543844  1.075382
5336.166651  1.055647
5336.789458  1.04195
5337.412265  1.04458
5338.035072  1.059368
5338.657879  1.046432
5339.280686  0.9783847
5339.903493  0.8901816
5340.5263  0.8509131
5341.149107  0.8929806
5341.771914  0.9785318
5342.394721  1.026124
5343.017528  1.038237
5343.640335  1.057537
5344.263142  1.056726
5344.885949  1.022815
5345.508756  0.9818683
5346.131563  0.9827489
5346.75437  1.000985
5347.377177  1.006806
5347.999984  0.9898571
5348.622791  0.9515405
5349.245598  0.9308843
5349.868405  0.9578753
5350.491212  1.008105
5351.114019  1.053002
5351.736826  1.07019
5352.359633  1.055889
5352.98244  1.037376
5353.605247  1.047436
5354.228054  1.089407
5354.850861  1.11064
5355.473668  1.117194
5356.096475  1.12278
5356.719282  1.119271
5357.342089  1.115905
5357.964896  1.115066
5358.587703  1.112187
5359.21051  1.111051
5359.833317  1.110648
5360.456124  1.103321
5361.078931  1.07708
5361.701738  1.037851
5362.324545  1.016476
5362.947352  1.037364
5363.570159  1.050139
5364.192966  1.027395
5364.815773  0.9898254
5365.43858  0.992972
5366.061387  1.006168
5366.684194  1.003531
5367.307001  1.000661
5367.929808  1.015055
5368.552615  1.008504
5369.175422  0.9497468
5369.798229  0.9089568
5370.421036  0.8513215
5371.043843  0.7915578
5371.66665  0.8422107
5372.289457  0.9392579
5372.912264  1.014522
5373.535071  1.051813
5374.157878  1.069907
5374.780685  1.083561
5375.403492  1.090724
5376.026299  1.07475
5376.649106  1.041339
5377.271913  1.022326
5377.89472  1.045298
5378.517527  1.065468
5379.140334  1.065699
5379.763141  1.052629
5380.385948  1.028316
5381.008755  1.025819
5381.631562  1.041438
5382.254369  1.024607
5382.877176  0.9917625
5383.499983  0.9887714
5384.12279  1.035791
5384.745597  1.070121
5385.368404  1.069445
5385.991211  1.047707
5386.614018  1.028566
5387.236825  1.026503
5387.859632  1.029466
5388.482439  1.015826
5389.105246  0.9909918
5389.728053  0.9709645
5390.35086  0.962174
5390.973667  0.9510556
5391.596474  0.9491042
5392.219281  0.9578243
5392.842088  0.9606417
5393.464895  0.9541401
5394.087702  0.9494516
5394.710509  0.9599462
5395.333316  0.9874514
5395.956123  0.9459708
5396.57893  0.8406337
5397.201737  0.8152987
5397.824544  0.8681861
5398.447351  0.9485853
5399.070158  1.001591
5399.692965  0.9909441
5400.315772  0.9609221
5400.938579  0.9624005
5401.561386  0.9892463
5402.184193  1.024749
5402.807  1.022089
5403.429807  0.9473084
5404.052614  0.8838776
5404.675421  0.8338458
5405.298228  0.7810987
5405.921035  0.7941848
5406.543842  0.8383269
5407.166649  0.8890989
5407.789456  0.9620309
5408.412263  0.9697893
5409.03507  0.9205772
5409.657877  0.8873721
5410.280684  0.8759204
5410.903491  0.9178496
5411.526298  0.9992697
5412.149105  1.038277
5412.771912  1.039511
5413.394719  1.028218
5414.017526  1.016594
5414.640333  0.9914845
5415.26314  0.9890537
5415.885947  1.029692
5416.508754  1.061688
5417.131561  1.073959
5417.754368  1.07249
5418.377175  1.063041
5418.999982  1.040526
5419.622789  1.003874
5420.245596  0.9660949
5420.868403  0.9579057
5421.49121  0.9902045
5422.114017  1.037658
5422.736824  1.048106
5423.359631  0.9863617
5423.982438  0.9165558
5424.605245  0.928914
5425.228052  0.9785281
5425.850859  1.03218
5426.473666  1.075525
5427.096473  1.099767
5427.71928  1.095775
5428.342087  1.024665
5428.964894  0.8747619
5429.587701  0.8114925
5430.210508  0.8747317
5430.833315  0.9818184
5431.456122  1.027067
5432.078929  1.000251
5432.701736  0.9505063
5433.324543  0.9292353
5433.94735  0.9031681
5434.570157  0.8842314
5435.192964  0.8990034
5435.815771  0.9046006
5436.438578  0.9188727
5437.061385  0.9649108
5437.684192  1.022494
5438.306999  1.064179
5438.929806  1.08496
5439.552613  1.098086
5440.17542  1.09719
5440.798227  1.083117
5441.421034  1.068591
5442.043841  1.070667
5442.666648  1.078171
5443.289455  1.075216
5443.912262  1.054466
5444.535069  1.024135
5445.157876  0.9884607
5445.780683  0.9357271
5446.40349  0.8439046
5447.026297  0.825574
5447.649104  0.9165902
5448.271911  0.9987544
5448.894718  1.05687
5449.517525  1.086727
5450.140332  1.084985
5450.763139  1.073037
5451.385946  1.061961
5452.008753  1.052975
5452.63156  1.043731
5453.254367  1.036608
5453.877174  1.019488
5454.499981  0.9712039
5455.122788  0.8882616
5455.745595  0.8498809
5456.368402  0.9118989
5456.991209  0.9976411
5457.614016  1.057266
5458.236823  1.084625
5458.85963  1.099748
5459.482437  1.083515
5460.105244  1.049702
5460.728051  1.031401
5461.350858  1.030084
5461.973665  0.9994507
5462.596472  0.9332746
5463.219279  0.9054872
5463.842086  0.9385657
5464.464893  1.003569
5465.0877  1.045668
5465.710507  1.036536
5466.333314  1.005998
5466.956121  0.9976432
5467.578928  1.016088
5468.201735  1.046224
5468.824542  1.056798
