4780.  1.136519
4780.622807  1.158595
4781.245614  1.183269
4781.868421  1.180052
4782.491228  1.144542
4783.114035  1.104698
4783.736842  1.104342
4784.359649  1.146581
4784.982456  1.178398
4785.605263  1.136145
4786.22807  1.080518
4786.850877  1.075548
4787.473684  1.122921
4788.096491  1.141102
4788.719298  1.117323
4789.342105  1.092316
4789.964912  1.11251
4790.587719  1.13965
4791.210526  1.141957
4791.833333  1.126299
4792.45614  1.1345
4793.078947  1.168719
4793.701754  1.200988
4794.324561  1.203234
4794.947368  1.206901
4795.570175  1.21499
4796.192982  1.202255
4796.815789  1.187248
4797.438596  1.168483
4798.061403  1.140551
4798.68421  1.116055
4799.307017  1.105558
4799.929824  1.108363
4800.552631  1.117399
4801.175438  1.142894
4801.798245  1.165257
4802.421052  1.167428
4803.043859  1.175946
4803.666666  1.169048
4804.289473  1.136911
4804.91228  1.107755
4805.535087  1.112269
4806.157894  1.130903
4806.780701  1.128982
4807.403508  1.122224
4808.026315  1.115474
4808.649122  1.116869
4809.271929  1.13825
4809.894736  1.145594
4810.517543  1.140252
4811.14035  1.146708
4811.763157  1.146839
4812.385964  1.140373
4813.008771  1.139514
4813.631578  1.155138
4814.254385  1.173306
4814.877192  1.181705
4815.499999  1.183589
4816.122806  1.191017
4816.745613  1.186821
4817.36842  1.165259
4817.991227  1.172844
4818.614034  1.192498
4819.236841  1.199288
4819.859648  1.190545
4820.482455  1.179415
4821.105262  1.177187
4821.728069  1.175291
4822.350876  1.143823
4822.973683  1.086984
4823.59649  1.045392
4824.219297  1.066338
4824.842104  1.113894
4825.464911  1.147924
4826.087718  1.15843
4826.710525  1.167887
4827.333332  1.169381
4827.956139  1.150501
4828.578946  1.118932
4829.201753  1.106831
4829.82456  1.119293
4830.447367  1.132465
4831.070174  1.128771
4831.692981  1.117242
4832.315788  1.113099
4832.938595  1.114716
4833.561402  1.12493
4834.184209  1.136591
4834.807016  1.136194
4835.429823  1.122411
4836.05263  1.115589
4836.675437  1.127758
4837.298244  1.133067
4837.921051  1.122801
4838.543858  1.097436
4839.166665  1.063913
4839.789472  1.049697
4840.412279  1.063043
4841.035086  1.089088
4841.657893  1.10198
4842.2807  1.092484
4842.903507  1.073797
4843.526314  1.073113
4844.149121  1.098038
4844.771928  1.123472
4845.394735  1.121822
4846.017542  1.11942
4846.640349  1.108744
4847.263156  1.078054
4847.885963  1.044852
4848.50877  1.022398
4849.131577  1.025144
4849.754384  1.056686
4850.377191  1.079774
4850.999998  1.075934
4851.622805  1.053957
4852.245612  1.03727
4852.868419  1.031537
4853.491226  1.020503
4854.114033  0.9794218
4854.73684  0.9186287
4855.359647  0.8768308
4855.982454  0.8812488
4856.605261  0.901383
4857.228068  0.9060236
4857.850875  0.8841643
4858.473682  0.8470414
4859.096489  0.785426
4859.719296  0.6868908
4860.342103  0.561738
4860.96491  0.4644441
4861.587717  0.4729086
4862.210524  0.5899801
4862.833331  0.7094811
4863.456138  0.7838306
4864.078945  0.822147
4864.701752  0.8579823
4865.324559  0.8890405
4865.947366  0.9180729
4866.570173  0.9456754
4867.19298  0.9638678
4867.815787  0.978826
4868.438594  0.9977002
4869.061401  1.017339
4869.684208  1.011186
4870.307015  0.9695933
4870.929822  0.9140227
4871.552629  0.8924404
4872.175436  0.9206544
4872.798243  0.9751049
4873.42105  1.013656
4874.043857  1.036581
4874.666664  1.044651
4875.289471  1.039044
4875.912278  1.035797
4876.535085  1.034963
4877.157892  1.031642
4877.780699  1.029523
4878.403506  1.053767
4879.026313  1.104451
4879.64912  1.150074
4880.271927  1.150274
4880.894734  1.114206
4881.517541  1.078799
4882.140348  1.073755
4882.763155  1.082919
4883.385962  1.084163
4884.008769  1.071254
4884.631576  1.051799
4885.254383  1.034385
4885.87719  1.024398
4886.499997  1.02521
4887.122804  1.042259
4887.745611  1.061007
4888.368418  1.05741
4888.991225  1.060981
4889.614032  1.060604
4890.236839  1.026996
4890.859646  0.972049
4891.482453  0.9745069
4892.10526  1.049544
4892.728067  1.110698
4893.350874  1.139423
4893.973681  1.152344
4894.596488  1.167874
4895.219295  1.177976
4895.842102  1.173809
4896.464909  1.16091
4897.087716  1.157049
4897.710523  1.167553
4898.33333  1.170571
4898.956137  1.142668
4899.578944  1.107226
4900.201751  1.099098
4900.824558  1.128403
4901.447365  1.158212
4902.070172  1.15539
4902.692979  1.11941
4903.315786  1.082854
4903.938593  1.085508
4904.5614  1.115423
4905.184207  1.143721
4905.807014  1.175971
4906.429821  1.182559
4907.052628  1.159285
4907.675435  1.143007
4908.298242  1.131088
4908.921049  1.097632
4909.543856  1.034634
4910.166663  0.9995432
4910.78947  1.008576
4911.412277  1.04705
4912.035084  1.091823
4912.657891  1.120026
4913.280698  1.131052
4913.903505  1.141743
4914.526312  1.163655
4915.149119  1.183799
4915.771926  1.184477
4916.394733  1.163437
4917.01754  1.120762
4917.640347  1.063831
4918.263154  1.00943
4918.885961  0.9823355
4919.508768  0.9771496
4920.131575  0.9794285
4920.754382  0.997609
4921.377189  1.040461
4921.999996  1.084281
4922.622803  1.08079
4923.24561  1.035478
4923.868417  0.9926944
4924.491224  0.9988519
4925.114031  1.056796
4925.736838  1.123417
4926.359645  1.155008
4926.982452  1.144264
4927.605259  1.135086
4928.228066  1.151428
4928.850873  1.176014
4929.47368  1.169453
4930.096487  1.149169
4930.719294  1.143553
4931.342101  1.147375
4931.964908  1.14089
4932.587715  1.103144
4933.210522  1.037867
4933.833329  1.016553
4934.456136  1.057905
4935.078943  1.119559
4935.70175  1.131438
4936.324557  1.110563
4936.947364  1.085222
4937.570171  1.053499
4938.192978  1.011006
4938.815785  0.9841625
4939.438592  1.007102
4940.061399  1.079769
4940.684206  1.151071
4941.307013  1.175766
4941.92982  1.158055
4942.552627  1.153574
4943.175434  1.173412
4943.798241  1.184757
4944.421048  1.171308
4945.043855  1.133761
4945.666662  1.096607
4946.289469  1.096555
4946.912276  1.125608
4947.535083  1.155692
4948.15789  1.163308
4948.780697  1.155625
4949.403504  1.144959
4950.026311  1.142668
4950.649118  1.154346
4951.271925  1.16423
4951.894732  1.155807
4952.517539  1.130149
4953.140346  1.121344
4953.763153  1.130445
4954.38596  1.14105
4955.008767  1.154623
4955.631574  1.15755
4956.254381  1.109655
4956.877188  0.9848017
4957.499995  0.926907
4958.122802  0.9923905
4958.745609  1.114208
4959.368416  1.184742
4959.991223  1.196636
4960.61403  1.187238
4961.236837  1.177688
4961.859644  1.165763
4962.482451  1.161649
4963.105258  1.178084
4963.728065  1.184556
4964.350872  1.168541
4964.973679  1.137493
4965.596486  1.107694
4966.219293  1.106569
4966.8421  1.120136
4967.464907  1.107459
4968.087714  1.095996
4968.710521  1.096093
4969.333328  1.098113
4969.956135  1.091309
4970.578942  1.098165
4971.201749  1.125039
4971.824556  1.143712
4972.447363  1.143066
4973.07017  1.140776
4973.692977  1.155559
4974.315784  1.167777
4974.938591  1.166018
4975.561398  1.156344
4976.184205  1.152961
4976.807012  1.153504
4977.429819  1.142053
4978.052626  1.110416
4978.675433  1.089512
4979.29824  1.086425
4979.921047  1.091544
4980.543854  1.091502
4981.166661  1.064959
4981.789468  1.009587
4982.412275  0.950258
4983.035082  0.9226496
4983.657889  0.9405918
4984.280696  0.9824232
4984.903503  1.002161
4985.52631  1.025654
4986.149117  1.07505
4986.771924  1.130152
4987.394731  1.160527
4988.017538  1.151948
4988.640345  1.122518
4989.263152  1.120867
4989.885959  1.115953
4990.508766  1.085373
4991.131573  1.06648
4991.75438  1.089875
4992.377187  1.114798
4992.999994  1.087968
4993.622801  1.068862
4994.245608  1.083104
4994.868415  1.11636
4995.491222  1.135192
4996.114029  1.132551
4996.736836  1.124878
4997.359643  1.128862
4997.98245  1.120901
4998.605257  1.097649
4999.228064  1.070208
4999.850871  1.048654
5000.473678  1.035291
5001.096485  1.024864
5001.719292  1.01531
5002.342099  1.032155
5002.964906  1.064387
5003.587713  1.081939
5004.21052  1.076838
5004.833327  1.037495
5005.456134  0.9780709
5006.078941  0.9427921
5006.701748  0.9611492
5007.324555  1.021795
5007.947362  1.086979
5008.570169  1.127058
5009.192976  1.122844
5009.815783  1.094889
5010.43859  1.093996
5011.061397  1.069471
5011.684204  1.018229
5012.307011  0.9926881
5012.929818  0.9852831
5013.552625  0.9783914
5014.175432  0.9745728
5014.798239  1.002713
5015.421046  1.04115
5016.043853  1.058156
5016.66666  1.036425
5017.289467  0.9697272
5017.912274  0.9139588
5018.535081  0.9269477
5019.157888  0.9880428
5019.780695  1.044814
5020.403502  1.065938
5021.026309  1.061827
5021.649116  1.044362
5022.271923  1.032514
5022.89473  1.04296
5023.517537  1.073206
5024.140344  1.091873
5024.763151  1.090311
5025.385958  1.102831
5026.008765  1.092594
5026.631572  1.046992
5027.254379  1.001939
5027.877186  1.012753
5028.499993  1.063221
5029.1228  1.102638
5029.745607  1.105647
5030.368414  1.087684
5030.991221  1.076507
5031.614028  1.088969
5032.236835  1.117324
5032.859642  1.145302
5033.482449  1.155164
5034.105256  1.13448
5034.728063  1.078486
5035.35087  1.014818
5035.973677  0.9943587
5036.596484  1.031533
5037.219291  1.078533
5037.842098  1.077411
5038.464905  1.037645
5039.087712  1.007174
5039.710519  0.9925162
5040.333326  0.9381348
5040.956133  0.8793008
5041.57894  0.8806518
5042.201747  0.9675369
5042.824554  1.05662
5043.447361  1.100955
5044.070168  1.110627
5044.692975  1.129024
5045.315782  1.149071
5045.938589  1.156362
5046.561396  1.145001
5047.184203  1.10536
5047.80701  1.055079
5048.429817  1.022827
5049.052624  1.015726
5049.675431  1.033912
5050.298238  1.052177
5050.921045  1.038218
5051.543852  1.019047
5052.166659  1.027169
5052.789466  1.06671
5053.412273  1.097928
5054.03508  1.113393
5054.657887  1.116607
5055.280694  1.107957
5055.903501  1.102897
5056.526308  1.100621
5057.149115  1.095406
5057.771922  1.111616
5058.394729  1.130386
5059.017536  1.129945
5059.640343  1.126542
5060.26315  1.133825
5060.885957  1.146733
5061.508764  1.149677
5062.131571  1.152656
5062.754378  1.154238
5063.377185  1.135578
5063.999992  1.074002
5064.622799  1.018564
5065.245606  1.015346
5065.868413  1.058366
5066.49122  1.089252
5067.114027  1.085283
5067.736834  1.064641
5068.359641  1.05193
5068.982448  1.064166
5069.605255  1.096254
5070.228062  1.119692
5070.850869  1.102836
5071.473676  1.05468
5072.096483  1.02032
5072.71929  1.042124
5073.342097  1.076931
5073.964904  1.075243
5074.587711  1.05606
5075.210518  1.050002
5075.833325  1.066494
5076.456132  1.090515
5077.078939  1.118776
5077.701746  1.110469
5078.324553  1.042969
5078.94736  0.9710294
5079.570167  0.9319196
5080.192974  0.9402537
5080.815781  0.9875371
5081.438588  1.038197
5082.061395  1.061155
5082.684202  1.04842
5083.307009  1.026098
5083.929816  1.031569
5084.552623  1.071797
5085.17543  1.11053
5085.798237  1.124568
5086.421044  1.110934
5087.043851  1.083886
5087.666658  1.068932
5088.289465  1.079417
5088.912272  1.103146
5089.535079  1.104136
5090.157886  1.08706
5090.780693  1.077341
5091.4035  1.095537
5092.026307  1.120415
5092.649114  1.13448
5093.271921  1.132098
5093.894728  1.115961
5094.517535  1.118265
5095.140342  1.132121
5095.763149  1.108672
5096.385956  1.061217
5097.008763  1.019224
5097.63157  0.9941439
5098.254377  0.9625047
5098.877184  0.9422876
5099.499991  0.9590589
5100.122798  1.012077
5100.745605  1.070428
5101.368412  1.109171
5101.991219  1.122023
5102.614026  1.116
5103.236833  1.105506
5103.85964  1.09848
5104.482447  1.088884
5105.105254  1.090739
5105.728061  1.095708
5106.350868  1.077651
5106.973675  1.040036
5107.596482  1.018342
5108.219289  1.033247
5108.842096  1.050754
5109.464903  1.039434
5110.08771  1.018306
5110.710517  1.041419
5111.333324  1.085412
5111.956131  1.115266
5112.578938  1.11793
5113.201745  1.119223
5113.824552  1.113974
5114.447359  1.096488
5115.070166  1.081908
5115.692973  1.083612
5116.31578  1.101523
5116.938587  1.121332
5117.561394  1.126357
5118.184201  1.126282
5118.807008  1.129269
5119.429815  1.120407
5120.052622  1.102869
5120.675429  1.086077
5121.298236  1.07672
5121.921043  1.073872
5122.54385  1.064961
5123.166657  1.043383
5123.789464  1.0232
5124.412271  1.010391
5125.035078  1.007868
5125.657885  1.019057
5126.280692  1.035304
5126.903499  1.05045
5127.526306  1.056255
5128.149113  1.040894
5128.77192  1.017444
5129.394727  1.014141
5130.017534  1.045797
5130.640341  1.0599
5131.263148  1.050047
5131.885955  1.046447
5132.508762  1.03754
5133.131569  1.01938
5133.754376  1.014467
5134.377183  1.062164
5134.99999  1.104019
5135.622797  1.093791
5136.245604  1.044894
5136.868411  1.009429
5137.491218  1.00998
5138.114025  1.021121
5138.736832  0.9865515
5139.359639  0.9717194
5139.982446  1.016687
5140.605253  1.070772
5141.22806  1.056043
5141.850867  0.9885547
5142.473674  0.9497702
5143.096481  0.9921621
5143.719288  1.058904
5144.342095  1.086412
5144.964902  1.073945
5145.587709  1.041227
5146.210516  1.013847
5146.833323  1.003753
5147.45613  0.9950982
5148.078937  1.005036
5148.701744  1.043512
5149.324551  1.080033
5149.947358  1.0741
5150.570165  1.036313
5151.192972  1.017945
5151.815779  1.035377
5152.438586  1.046943
5153.061393  1.022304
5153.6842  1.004388
5154.307007  1.00924
5154.929814  1.02678
5155.552621  1.038608
5156.175428  1.054125
5156.798235  1.074903
5157.421042  1.088832
5158.043849  1.078571
5158.666656  1.06907
5159.289463  1.077606
5159.91227  1.084877
5160.535077  1.082622
5161.157884  1.059102
5161.780691  1.018764
5162.403498  1.011817
5163.026305  1.046307
5163.649112  1.080408
5164.271919  1.056601
5164.894726  1.017566
5165.517533  0.978112
5166.14034  0.9091099
5166.763147  0.8369526
5167.385954  0.7955038
5168.008761  0.7994519
5168.631568  0.8290431
5169.254375  0.9046802
5169.877182  0.9971762
5170.499989  1.020775
5171.122796  0.95169
5171.745603  0.8369194
5172.36841  0.7646715
5172.991217  0.8083395
5173.614024  0.9301107
5174.236831  1.044145
5174.859638  1.091104
5175.482445  1.088646
5176.105252  1.072835
5176.728059  1.068501
5177.350866  1.080931
5177.973673  1.095286
5178.59648  1.096239
5179.219287  1.085468
5179.842094  1.077718
5180.464901  1.077415
5181.087708  1.071336
5181.710515  1.038404
5182.333322  0.9386959
5182.956129  0.7890858
5183.578936  0.7181446
5184.201743  0.7826798
5184.82455  0.9203265
5185.447357  1.004166
5186.070164  1.042616
5186.692971  1.056526
5187.315778  1.045506
5187.938585  0.9918525
5188.561392  0.9699473
5189.184199  1.017682
5189.807006  1.066435
5190.429813  1.056719
5191.05262  0.9880139
5191.675427  0.918584
5192.298234  0.9250042
5192.921041  0.9894532
5193.543848  1.042387
5194.166655  1.032809
5194.789462  0.9843532
5195.412269  0.9535825
5196.035076  0.9742638
5196.657883  0.9888137
5197.28069  0.9850157
5197.903497  0.9902349
5198.526304  1.026519
5199.149111  1.058013
5199.771918  1.066069
5200.394725  1.0731
5201.017532  1.056789
5201.640339  1.03151
5202.263146  1.028756
5202.885953  1.046055
5203.50876  1.049518
5204.131567  1.019872
5204.754374  0.9810358
5205.377181  0.9566197
5205.999988  0.971536
5206.622795  1.01889
5207.245602  1.015449
5207.868409  0.9736726
5208.491216  0.9576719
5209.114023  1.005371
5209.73683  1.045811
5210.359637  1.044858
5210.982444  1.041143
5211.605251  1.053164
5212.228058  1.075695
5212.850865  1.091308
5213.473672  1.085943
5214.096479  1.052258
5214.719286  0.9997848
5215.342093  0.9560094
5215.9649  0.9516138
5216.587707  0.9703165
5217.210514  0.9832414
5217.833321  1.013639
5218.456128  1.053381
5219.078935  1.080677
5219.701742  1.082442
5220.324549  1.078032
5220.947356  1.078949
5221.570163  1.080007
5222.19297  1.073625
5222.815777  1.065506
5223.438584  1.059385
5224.061391  1.043759
5224.684198  1.018735
5225.307005  0.9712379
5225.929812  0.8915294
5226.552619  0.8342927
5227.175426  0.8502385
5227.798233  0.9348459
5228.42104  1.009162
5229.043847  1.033623
5229.666654  1.0275
5230.289461  1.04216
5230.912268  1.066073
5231.535075  1.057562
5232.157882  1.002579
5232.780689  0.9720764
5233.403496  0.9725849
5234.026303  0.9775167
5234.64911  0.9744611
5235.271917  0.9829844
5235.894724  1.008008
5236.517531  1.033739
5237.140338  1.047124
5237.763145  1.058595
5238.385952  1.073022
5239.008759  1.064661
5239.631566  1.053848
5240.254373  1.059358
5240.87718  1.073363
5241.499987  1.05913
5242.122794  1.02592
5242.745601  1.010925
5243.368408  1.0278
5243.991215  1.059716
5244.614022  1.08224
5245.236829  1.086713
5245.859636  1.077466
5246.482443  1.052579
5247.10525  1.021861
5247.728057  1.034105
5248.350864  1.0553
5248.973671  1.0413
5249.596478  1.005847
5250.219285  0.9914399
5250.842092  1.01225
5251.464899  1.045536
5252.087706  1.060209
5252.710513  1.058218
5253.33332  1.049306
5253.956127  1.026033
5254.578934  1.003745
5255.201741  1.003221
5255.824548  1.030497
5256.447355  1.056926
5257.070162  1.071534
5257.692969  1.081505
5258.315776  1.092413
5258.938583  1.093895
5259.56139  1.083488
5260.184197  1.069507
5260.807004  1.028715
5261.429811  0.9742401
5262.052618  0.9412336
5262.675425  0.9281222
5263.298232  0.9198659
5263.921039  0.9043089
5264.543846  0.883454
5265.166653  0.8642474
5265.78946  0.8649889
5266.412267  0.9016572
5267.035074  0.9647042
5267.657881  1.002096
5268.280688  0.9750412
5268.903495  0.912858
5269.526302  0.8621164
5270.149109  0.8675604
5270.771916  0.9395332
5271.394723  1.007829
5272.01753  1.024174
5272.640337  0.9965793
5273.263144  0.9801466
5273.885951  0.9720421
5274.508758  0.9463515
5275.131565  0.8997541
5275.754372  0.907248
5276.377179  0.9764647
5276.999986  1.046074
5277.622793  1.076661
5278.2456  1.071335
5278.868407  1.050459
5279.491214  1.02753
5280.114021  1.010371
5280.736828  1.001947
5281.359635  1.000382
5281.982442  1.009915
5282.605249  1.001242
5283.228056  0.9639699
5283.850863  0.9506194
5284.47367  0.979299
5285.096477  1.032769
5285.719284  1.076926
5286.342091  1.100597
5286.964898  1.099124
5287.587705  1.079586
5288.210512  1.063344
5288.833319  1.064732
5289.456126  1.080912
5290.078933  1.094939
5290.70174  1.097294
5291.324547  1.090801
5291.947354  1.082758
5292.570161  1.067006
5293.192968  1.060714
5293.815775  1.071806
5294.438582  1.072115
5295.061389  1.064644
5295.684196  1.050256
5296.307003  1.019891
5296.92981  0.9710592
5297.552617  0.9327255
5298.175424  0.9373377
5298.798231  0.9809067
5299.421038  1.029964
5300.043845  1.055146
5300.666652  1.051427
5301.289459  1.030123
5301.912266  1.011946
5302.535073  1.015281
5303.15788  1.046096
5303.780687  1.075051
5304.403494  1.081087
5305.026301  1.077003
5305.649108  1.064936
5306.271915  1.04485
5306.894722  1.022171
5307.517529  1.02154
5308.140336  1.040108
5308.763143  1.06173
5309.38595  1.075407
5310.008757  1.07853
5310.631564  1.076506
5311.254371  1.076216
5311.877178  1.076485
5312.499985  1.067124
5313.122792  1.048797
5313.745599  1.048501
5314.368406  1.057049
5314.991213  1.048696
5315.61402  1.008624
5316.236827  0.9646087
5316.859634  0.9593185
5317.482441  1.005816
5318.105248  1.04786
5318.728055  1.06446
5319.350862  1.063561
5319.973669  1.061448
5320.596476  1.057318
5321.219283  1.053117
5321.84209  1.05215
5322.464897  1.051497
5323.087704  1.028901
5323.710511  0.9845889
5324.333318  0.9640205
5324.956125  0.9770566
5325.578932  1.010922
5326.201739  1.037495
5326.824546  1.005156
5327.447353  0.9237145
5328.07016  0.8562334
5328.692967  0.8700476
5329.315774  0.9385458
5329.938581  1.004735
5330.561388  1.040284
5331.184195  1.055585
5331.807002  1.048351
5332.429809  1.018144
5333.052616  1.01705
5333.675423  1.035798
5334.29823  1.04627
5334.921037  1.049944
5335.543844  1.045217
5336.166651  1.028787
5336.789458  1.005024
5337.412265  1.010208
5338.035072  1.027388
5338.657879  1.021172
5339.280686  0.9922543
5339.903493  0.9600112
5340.5263  0.9514272
5341.149107  0.980148
5341.771914  1.018648
5342.394721  1.043947
5343.017528  1.051189
5343.640335  1.052807
5344.263142  1.050638
5344.885949  1.038224
5345.508756  1.012001
5346.131563  1.004375
5346.75437  1.018581
5347.377177  1.0284
5347.999984  1.016771
5348.622791  0.99264
5349.245598  0.9804839
5349.868405  0.9995701
5350.491212  1.031058
5351.114019  1.054823
5351.736826  1.064308
5352.359633  1.051151
5352.98244  1.034765
5353.605247  1.039829
5354.228054  1.064534
5354.850861  1.083125
5355.473668  1.083579
5356.096475  1.081568
5356.719282  1.082119
5357.342089  1.082149
5357.964896  1.079326
5358.587703  1.076751
5359.21051  1.077721
5359.833317  1.078953
5360.456124  1.073065
5361.078931  1.059343
5361.701738  1.036432
5362.324545  1.007846
5362.947352  1.004387
5363.570159  1.007998
5364.192966  0.9938378
5364.815773  0.9791378
5365.43858  0.9872843
5366.061387  1.008144
5366.684194  1.006286
5367.307001  1.000807
5367.929808  1.00455
5368.552615  1.008485
5369.175422  0.984934
5369.798229  0.9520832
5370.421036  0.9334338
5371.043843  0.9336677
5371.66665  0.9596767
5372.289457  0.9996358
5372.912264  1.031072
5373.535071  1.043467
5374.157878  1.050271
5374.780685  1.061793
5375.403492  1.067353
5376.026299  1.063011
5376.649106  1.053672
5377.271913  1.047761
5377.89472  1.044519
5378.517527  1.038208
5379.140334  1.021983
5379.763141  0.9938341
5380.385948  0.9804227
5381.008755  0.9937953
5381.631562  1.013057
5382.254369  1.003054
5382.877176  0.978391
5383.499983  0.9783349
5384.12279  1.009184
5384.745597  1.048907
5385.368404  1.070515
5385.991211  1.063398
5386.614018  1.050473
5387.236825  1.046787
5387.859632  1.048072
5388.482439  1.037826
5389.105246  1.01991
5389.728053  1.006722
5390.35086  1.001294
5390.973667  0.9988489
5391.596474  0.9951902
5392.219281  0.9915826
5392.842088  0.9895257
5393.464895  0.9948136
5394.087702  1.010332
5394.710509  1.030357
5395.333316  1.033518
5395.956123  1.007936
5396.57893  0.9685335
5397.201737  0.9455033
5397.824544  0.9566701
5398.447351  0.9909129
5399.070158  1.011181
5399.692965  1.001807
5400.315772  0.9820554
5400.938579  0.9895077
5401.561386  1.015212
5402.184193  1.027963
5402.807  1.004079
5403.429807  0.9528291
5404.052614  0.9076797
5404.675421  0.8960884
5405.298228  0.911517
5405.921035  0.9367205
5406.543842  0.9634378
5407.166649  0.9920152
5407.789456  1.006279
5408.412263  0.9993408
5409.03507  0.9761905
5409.657877  0.9463546
5410.280684  0.9288186
5410.903491  0.9399166
5411.526298  0.9796724
5412.149105  1.014874
5412.771912  1.025106
5413.394719  1.011024
5414.017526  0.9775382
5414.640333  0.9526501
5415.26314  0.9595693
5415.885947  0.9931391
5416.508754  1.025105
5417.131561  1.034665
5417.754368  1.023612
5418.377175  1.014882
5418.999982  1.014963
5419.622789  1.012767
5420.245596  0.9939506
5420.868403  0.979961
5421.49121  0.9892621
5422.114017  1.012422
5422.736824  1.008977
5423.359631  0.9727768
5423.982438  0.935336
5424.605245  0.9326726
5425.228052  0.9707094
5425.850859  1.022577
5426.473666  1.04836
5427.096473  1.054207
5427.71928  1.044288
5428.342087  1.012833
5428.964894  0.9534602
5429.587701  0.9178053
5430.210508  0.9467063
5430.833315  1.00782
5431.456122  1.039942
5432.078929  1.023916
5432.701736  0.9933394
5433.324543  0.9735949
5433.94735  0.9626091
5434.570157  0.9549662
5435.192964  0.9641675
5435.815771  0.9805436
5436.438578  0.99213
5437.061385  1.003704
5437.684192  1.024865
5438.306999  1.045372
5438.929806  1.046632
5439.552613  1.041445
5440.17542  1.035707
5440.798227  1.032866
5441.421034  1.033931
5442.043841  1.040402
5442.666648  1.047638
5443.289455  1.043942
5443.912262  1.017676
5444.535069  0.9864426
5445.157876  0.9646108
5445.780683  0.9332272
5446.40349  0.9117632
5447.026297  0.9248201
5447.649104  0.9731699
5448.271911  1.018098
5448.894718  1.038948
5449.517525  1.041133
5450.140332  1.039168
5450.763139  1.0368
5451.385946  1.032374
5452.008753  1.025663
5452.63156  1.018445
5453.254367  1.019107
5453.877174  1.020939
5454.499981  0.9718745
5455.122788  0.9117361
5455.745595  0.9027578
5456.368402  0.9500945
5456.991209  1.009969
5457.614016  1.041607
5458.236823  1.039614
5458.85963  1.039944
5459.482437  1.0415
5460.105244  1.032557
5460.728051  1.032521
5461.350858  1.016267
5461.973665  0.9719514
5462.596472  0.925348
5463.219279  0.9106873
5463.842086  0.9379829
5464.464893  0.9852767
5465.0877  1.011009
5465.710507  1.00111
5466.333314  0.9778807
5466.956121  0.9832909
5467.578928  1.001957
5468.201735  1.017295
5468.824542  1.027659
