4780.  0.7817188
4780.622807  0.7874364
4781.245614  0.7814214
4781.868421  0.7629828
4782.491228  0.7253107
4783.114035  0.688171
4783.736842  0.6892023
4784.359649  0.7568465
4784.982456  0.7931771
4785.605263  0.7376798
4786.22807  0.6625348
4786.850877  0.6635773
4787.473684  0.7288244
4788.096491  0.7648046
4788.719298  0.7268714
4789.342105  0.6768939
4789.964912  0.6811836
4790.587719  0.7200161
4791.210526  0.7402859
4791.833333  0.738637
4792.45614  0.75898
4793.078947  0.8052287
4793.701754  0.8506088
4794.324561  0.8726977
4794.947368  0.8817722
4795.570175  0.8552511
4796.192982  0.8092211
4796.815789  0.7924749
4797.438596  0.7762951
4798.061403  0.7440888
4798.68421  0.7072561
4799.307017  0.6944448
4799.929824  0.6968393
4800.552631  0.7198754
4801.175438  0.789198
4801.798245  0.8484616
4802.421052  0.8726088
4803.043859  0.8744189
4803.666666  0.851005
4804.289473  0.7995993
4804.91228  0.7488069
4805.535087  0.7568779
4806.157894  0.7769649
4806.780701  0.768079
4807.403508  0.7342215
4808.026315  0.707209
4808.649122  0.7166695
4809.271929  0.7636737
4809.894736  0.8115391
4810.517543  0.8168748
4811.14035  0.7931086
4811.763157  0.7933518
4812.385964  0.7960967
4813.008771  0.7943797
4813.631578  0.7952749
4814.254385  0.7975916
4814.877192  0.7850171
4815.499999  0.7740496
4816.122806  0.8082519
4816.745613  0.8491876
4817.36842  0.8598468
4817.991227  0.8452008
4818.614034  0.8655424
4819.236841  0.8897381
4819.859648  0.8782567
4820.482455  0.8514142
4821.105262  0.8582104
4821.728069  0.871571
4822.350876  0.8214487
4822.973683  0.726901
4823.59649  0.6765326
4824.219297  0.7186874
4824.842104  0.7861374
4825.464911  0.8368015
4826.087718  0.8534175
4826.710525  0.8392611
4827.333332  0.8081993
4827.956139  0.7799527
4828.578946  0.7699317
4829.201753  0.7818075
4829.82456  0.827927
4830.447367  0.8573557
4831.070174  0.7843009
4831.692981  0.6953694
4832.315788  0.679171
4832.938595  0.7482662
4833.561402  0.8176061
4834.184209  0.8519986
4834.807016  0.8490577
4835.429823  0.8167678
4836.05263  0.7864068
4836.675437  0.793942
4837.298244  0.8389099
4837.921051  0.837903
4838.543858  0.7940746
4839.166665  0.7487891
4839.789472  0.7167681
4840.412279  0.7287014
4841.035086  0.779865
4841.657893  0.8220546
4842.2807  0.8007311
4842.903507  0.7384424
4843.526314  0.705047
4844.149121  0.7501692
4844.771928  0.8271586
4845.394735  0.8742115
4846.017542  0.8734813
4846.640349  0.8585497
4847.263156  0.8245573
4847.885963  0.7564749
4848.50877  0.6991663
4849.131577  0.7146007
4849.754384  0.7956375
4850.377191  0.8497158
4850.999998  0.8359703
4851.622805  0.8050695
4852.245612  0.826887
4852.868419  0.858101
4853.491226  0.851447
4854.114033  0.7861406
4854.73684  0.6868341
4855.359647  0.6381793
4855.982454  0.6845799
4856.605261  0.7876798
4857.228068  0.8428196
4857.850875  0.8338269
4858.473682  0.7950938
4859.096489  0.7392693
4859.719296  0.6858642
4860.342103  0.6124464
4860.96491  0.4952004
4861.587717  0.4950793
4862.210524  0.6274035
4862.833331  0.7604866
4863.456138  0.751474
4864.078945  0.6969966
4864.701752  0.7042359
4865.324559  0.7458091
4865.947366  0.7845879
4866.570173  0.7941283
4867.19298  0.77131
4867.815787  0.7353932
4868.438594  0.7460542
4869.061401  0.8044657
4869.684208  0.812845
4870.307015  0.745159
4870.929822  0.6448958
4871.552629  0.5919464
4872.175436  0.6408526
4872.798243  0.7263231
4873.42105  0.765946
4874.043857  0.7708758
4874.666664  0.7413568
4875.289471  0.7098991
4875.912278  0.7300245
4876.535085  0.7949083
4877.157892  0.8256811
4877.780699  0.7919296
4878.403506  0.8298066
4879.026313  0.9072039
4879.64912  0.930679
4880.271927  0.8570122
4880.894734  0.7497483
4881.517541  0.6921691
4882.140348  0.7206138
4882.763155  0.7850401
4883.385962  0.8271489
4884.008769  0.8130373
4884.631576  0.7505461
4885.254383  0.6865785
4885.87719  0.6576934
4886.499997  0.6724374
4887.122804  0.7272806
4887.745611  0.7681268
4888.368418  0.763318
4888.991225  0.7590418
4889.614032  0.7537402
4890.236839  0.7029646
4890.859646  0.5936662
4891.482453  0.6124983
4892.10526  0.7394896
4892.728067  0.8348094
4893.350874  0.8640966
4893.973681  0.8847985
4894.596488  0.9327117
4895.219295  0.9695503
4895.842102  0.9643061
4896.464909  0.938643
4897.087716  0.9347713
4897.710523  0.9489062
4898.33333  0.9380125
4898.956137  0.8749734
4899.578944  0.7901598
4900.201751  0.7700495
4900.824558  0.821847
4901.447365  0.8702763
4902.070172  0.8594679
4902.692979  0.8192202
4903.315786  0.7980201
4903.938593  0.7943717
4904.5614  0.8271512
4905.184207  0.8934751
4905.807014  0.955079
4906.429821  0.958823
4907.052628  0.9087881
4907.675435  0.8492499
4908.298242  0.813971
4908.921049  0.7816239
4909.543856  0.7411405
4910.166663  0.7199248
4910.78947  0.7290516
4911.412277  0.7629231
4912.035084  0.8028415
4912.657891  0.8255022
4913.280698  0.8250376
4913.903505  0.8234262
4914.526312  0.8547131
4915.149119  0.9024314
4915.771926  0.93169
4916.394733  0.9186687
4917.01754  0.880926
4917.640347  0.8115332
4918.263154  0.7202218
4918.885961  0.6577701
4919.508768  0.6079977
4920.131575  0.5739058
4920.754382  0.5935301
4921.377189  0.6724789
4921.999996  0.7622873
4922.622803  0.8097087
4923.24561  0.8167363
4923.868417  0.7732024
4924.491224  0.7130986
4925.114031  0.7097275
4925.736838  0.7770562
4926.359645  0.8531911
4926.982452  0.8689194
4927.605259  0.8451883
4928.228066  0.8670176
4928.850873  0.9391239
4929.47368  0.9464205
4930.096487  0.9203237
4930.719294  0.9170074
4931.342101  0.9457964
4931.964908  0.9387206
4932.587715  0.8569625
4933.210522  0.7382082
4933.833329  0.6884086
4934.456136  0.7531062
4935.078943  0.8605815
4935.70175  0.8886606
4936.324557  0.8603685
4936.947364  0.7983001
4937.570171  0.7208837
4938.192978  0.6620933
4938.815785  0.6422724
4939.438592  0.6802978
4940.061399  0.7811327
4940.684206  0.8788623
4941.307013  0.9135659
4941.92982  0.8817596
4942.552627  0.8605126
4943.175434  0.8798584
4943.798241  0.9167816
4944.421048  0.9219598
4945.043855  0.881714
4945.666662  0.8376512
4946.289469  0.8433215
4946.912276  0.8846052
4947.535083  0.9137472
4948.15789  0.9101017
4948.780697  0.9125829
4949.403504  0.9155141
4950.026311  0.925249
4950.649118  0.9569348
4951.271925  0.9736536
4951.894732  0.9444566
4952.517539  0.8874931
4953.140346  0.879334
4953.763153  0.9010883
4954.38596  0.9213683
4955.008767  0.9390492
4955.631574  0.9563569
4956.254381  0.8878762
4956.877188  0.6995654
4957.499995  0.5881451
4958.122802  0.6423286
4958.745609  0.802041
4959.368416  0.9170767
4959.991223  0.9684752
4960.61403  0.9625078
4961.236837  0.9154407
4961.859644  0.8854918
4962.482451  0.9048113
4963.105258  0.9511309
4963.728065  0.9541373
4964.350872  0.8961416
4964.973679  0.8117064
4965.596486  0.7580506
4966.219293  0.764311
4966.8421  0.7993186
4967.464907  0.8167936
4968.087714  0.8138621
4968.710521  0.8357813
4969.333328  0.8681018
4969.956135  0.8420924
4970.578942  0.8221409
4971.201749  0.849076
4971.824556  0.9010781
4972.447363  0.9093506
4973.07017  0.9100934
4973.692977  0.9410689
4974.315784  0.9719368
4974.938591  0.9547378
4975.561398  0.9137079
4976.184205  0.9038123
4976.807012  0.9012688
4977.429819  0.8689089
4978.052626  0.8119758
4978.675433  0.791051
4979.29824  0.8110045
4979.921047  0.8409491
4980.543854  0.8424852
4981.166661  0.7985159
4981.789468  0.7271941
4982.412275  0.6693532
4983.035082  0.6656655
4983.657889  0.7038328
4984.280696  0.7452962
4984.903503  0.7568791
4985.52631  0.7428039
4986.149117  0.7523543
4986.771924  0.8129706
4987.394731  0.8616448
4988.017538  0.868775
4988.640345  0.845933
4989.263152  0.8278149
4989.885959  0.8172808
4990.508766  0.8021445
4991.131573  0.790579
4991.75438  0.8477492
4992.377187  0.9035678
4992.999994  0.8801929
4993.622801  0.8125694
4994.245608  0.7931439
4994.868415  0.8418012
4995.491222  0.8903395
4996.114029  0.877525
4996.736836  0.8415446
4997.359643  0.8421339
4997.98245  0.862179
4998.605257  0.8405697
4999.228064  0.7771754
4999.850871  0.7422811
5000.473678  0.7534766
5001.096485  0.784266
5001.719292  0.8005454
5002.342099  0.80458
5002.964906  0.8008493
5003.587713  0.7911355
5004.21052  0.7744828
5004.833327  0.7439264
5005.456134  0.7021387
5006.078941  0.671581
5006.701748  0.6975511
5007.324555  0.7732157
5007.947362  0.8569975
5008.570169  0.903846
5009.192976  0.8770611
5009.815783  0.8275496
5010.43859  0.8314267
5011.061397  0.8078647
5011.684204  0.7468662
5012.307011  0.694333
5012.929818  0.6828203
5013.552625  0.6574255
5014.175432  0.6287668
5014.798239  0.6788101
5015.421046  0.7487366
5016.043853  0.7917809
5016.66666  0.7952576
5017.289467  0.7610499
5017.912274  0.733476
5018.535081  0.7405978
5019.157888  0.7638199
5019.780695  0.7829806
5020.403502  0.7904688
5021.026309  0.7826967
5021.649116  0.7400187
5022.271923  0.7056605
5022.89473  0.7296019
5023.517537  0.805986
5024.140344  0.8414806
5024.763151  0.8267576
5025.385958  0.8328205
5026.008765  0.8513942
5026.631572  0.8188952
5027.254379  0.7329383
5027.877186  0.7263397
5028.499993  0.7922964
5029.1228  0.859595
5029.745607  0.8728559
5030.368414  0.8624645
5030.991221  0.8608962
5031.614028  0.8846098
5032.236835  0.9341663
5032.859642  0.9716193
5033.482449  0.9790385
5034.105256  0.9719881
5034.728063  0.9079503
5035.35087  0.7967154
5035.973677  0.7143707
5036.596484  0.751975
5037.219291  0.829013
5037.842098  0.8391624
5038.464905  0.7879538
5039.087712  0.7347628
5039.710519  0.6837727
5040.333326  0.5964738
5040.956133  0.5144571
5041.57894  0.5386425
5042.201747  0.6893374
5042.824554  0.8115804
5043.447361  0.8572181
5044.070168  0.8658781
5044.692975  0.9034919
5045.315782  0.9537719
5045.938589  0.9927686
5046.561396  0.9989037
5047.184203  0.9444235
5047.80701  0.8518572
5048.429817  0.7710548
5049.052624  0.7437398
5049.675431  0.7697593
5050.298238  0.801338
5050.921045  0.7916695
5051.543852  0.7626193
5052.166659  0.7606381
5052.789466  0.8023317
5053.412273  0.8497844
5054.03508  0.8969562
5054.657887  0.9342462
5055.280694  0.9464841
5055.903501  0.9322845
5056.526308  0.9075731
5057.149115  0.8961151
5057.771922  0.9133922
5058.394729  0.9327369
5059.017536  0.9262336
5059.640343  0.8988692
5060.26315  0.920489
5060.885957  0.9730814
5061.508764  0.9951715
5062.131571  0.9859012
5062.754378  0.9661859
5063.377185  0.9200705
5063.999992  0.803472
5064.622799  0.7097383
5065.245606  0.7152597
5065.868413  0.8054976
5066.49122  0.8575402
5067.114027  0.847941
5067.736834  0.8123581
5068.359641  0.784469
5068.982448  0.8022563
5069.605255  0.8623351
5070.228062  0.9174343
5070.850869  0.9121755
5071.473676  0.8424844
5072.096483  0.7697735
5072.71929  0.7894284
5073.342097  0.8606971
5073.964904  0.9046533
5074.587711  0.8824765
5075.210518  0.8335666
5075.833325  0.8029116
5076.456132  0.8179318
5077.078939  0.8810427
5077.701746  0.9119959
5078.324553  0.844611
5078.94736  0.7004304
5079.570167  0.6000551
5080.192974  0.6029894
5080.815781  0.6796328
5081.438588  0.767987
5082.061395  0.8056353
5082.684202  0.7835664
5083.307009  0.7613556
5083.929816  0.7800574
5084.552623  0.8236263
5085.17543  0.8462103
5085.798237  0.8574798
5086.421044  0.8515361
5087.043851  0.8309478
5087.666658  0.8305606
5088.289465  0.8534947
5088.912272  0.8826851
5089.535079  0.8964881
5090.157886  0.889514
5090.780693  0.8750289
5091.4035  0.8722349
5092.026307  0.8865845
5092.649114  0.9210579
5093.271921  0.9548151
5093.894728  0.9492458
5094.517535  0.9261347
5095.140342  0.906325
5095.763149  0.8892214
5096.385956  0.8520101
5097.008763  0.8229407
5097.63157  0.8020856
5098.254377  0.7303076
5098.877184  0.6764765
5099.499991  0.7057437
5100.122798  0.8071026
5100.745605  0.8845662
5101.368412  0.9074865
5101.991219  0.8970921
5102.614026  0.8724522
5103.236833  0.8488809
5103.85964  0.8312351
5104.482447  0.8180595
5105.105254  0.8214576
5105.728061  0.8359442
5106.350868  0.8338225
5106.973675  0.7795061
5107.596482  0.7452461
5108.219289  0.7753435
5108.842096  0.8120981
5109.464903  0.7801579
5110.08771  0.7260716
5110.710517  0.7506077
5111.333324  0.8232642
5111.956131  0.8634033
5112.578938  0.8404124
5113.201745  0.8244181
5113.824552  0.8441359
5114.447359  0.8730291
5115.070166  0.8692573
5115.692973  0.8664243
5116.31578  0.8915776
5116.938587  0.9352393
5117.561394  0.9507955
5118.184201  0.9379353
5118.807008  0.9188236
5119.429815  0.9101189
5120.052622  0.8908303
5120.675429  0.8626426
5121.298236  0.8398178
5121.921043  0.8187125
5122.54385  0.7531363
5123.166657  0.6634879
5123.789464  0.6542141
5124.412271  0.7013806
5125.035078  0.7575926
5125.657885  0.7913716
5126.280692  0.791556
5126.903499  0.7678872
5127.526306  0.7491075
5128.149113  0.7653177
5128.77192  0.7601042
5129.394727  0.7387397
5130.017534  0.7610034
5130.640341  0.7858401
5131.263148  0.8032812
5131.885955  0.8239873
5132.508762  0.8445966
5133.131569  0.8453293
5133.754376  0.8447766
5134.377183  0.887525
5134.99999  0.933291
5135.622797  0.9280324
5136.245604  0.8616017
5136.868411  0.8036945
5137.491218  0.8051722
5138.114025  0.8214126
5138.736832  0.7475948
5139.359639  0.7221197
5139.982446  0.8025073
5140.605253  0.898435
5141.22806  0.8748448
5141.850867  0.757246
5142.473674  0.6668895
5143.096481  0.6970336
5143.719288  0.7853216
5144.342095  0.8361397
5144.964902  0.810628
5145.587709  0.7770303
5146.210516  0.7611259
5146.833323  0.7498512
5147.45613  0.7374424
5148.078937  0.7523307
5148.701744  0.7976897
5149.324551  0.8329035
5149.947358  0.8194031
5150.570165  0.7690641
5151.192972  0.7263225
5151.815779  0.7165523
5152.438586  0.7332526
5153.061393  0.750973
5153.6842  0.7498696
5154.307007  0.7698517
5154.929814  0.8093749
5155.552621  0.83521
5156.175428  0.8560508
5156.798235  0.8875959
5157.421042  0.9224538
5158.043849  0.92484
5158.666656  0.8930301
5159.289463  0.8700944
5159.91227  0.9004987
5160.535077  0.9382874
5161.157884  0.9290266
5161.780691  0.8678942
5162.403498  0.8291533
5163.026305  0.8468115
5163.649112  0.874292
5164.271919  0.8263271
5164.894726  0.7440231
5165.517533  0.665495
5166.14034  0.5931261
5166.763147  0.5039058
5167.385954  0.4531099
5168.008761  0.4807126
5168.631568  0.5553761
5169.254375  0.6795082
5169.877182  0.793184
5170.499989  0.8020535
5171.122796  0.685314
5171.745603  0.5140432
5172.36841  0.3991363
5172.991217  0.4191483
5173.614024  0.5662633
5174.236831  0.7475139
5174.859638  0.8465213
5175.482445  0.8416269
5176.105252  0.8042722
5176.728059  0.8123657
5177.350866  0.8564901
5177.973673  0.8897092
5178.59648  0.8830652
5179.219287  0.8519352
5179.842094  0.8332686
5180.464901  0.8315153
5181.087708  0.8192679
5181.710515  0.7666758
5182.333322  0.6397932
5182.956129  0.4709431
5183.578936  0.3789625
5184.201743  0.4731205
5184.82455  0.6772397
5185.447357  0.815822
5186.070164  0.8849455
5186.692971  0.9112782
5187.315778  0.9044418
5187.938585  0.8479811
5188.561392  0.82899
5189.184199  0.8942676
5189.807006  0.9861687
5190.429813  0.9721776
5191.05262  0.8373424
5191.675427  0.6778366
5192.298234  0.6122584
5192.921041  0.673861
5193.543848  0.7847732
5194.166655  0.8163034
5194.789462  0.7751231
5195.412269  0.7441603
5196.035076  0.7849932
5196.657883  0.8341992
5197.28069  0.8547583
5197.903497  0.8562181
5198.526304  0.8766711
5199.149111  0.8970634
5199.771918  0.9019947
5200.394725  0.8977601
5201.017532  0.8947751
5201.640339  0.881826
5202.263146  0.8694077
5202.885953  0.9093074
5203.50876  0.8957856
5204.131567  0.7944158
5204.754374  0.6969051
5205.377181  0.6459588
5205.999988  0.6705807
5206.622795  0.7416969
5207.245602  0.7420049
5207.868409  0.6667522
5208.491216  0.6135347
5209.114023  0.6852297
5209.73683  0.7453498
5210.359637  0.7616678
5210.982444  0.8000314
5211.605251  0.8509663
5212.228058  0.8912609
5212.850865  0.9165559
5213.473672  0.9447941
5214.096479  0.9361488
5214.719286  0.8793337
5215.342093  0.8120409
5215.9649  0.7930669
5216.587707  0.8127296
5217.210514  0.8399348
5217.833321  0.881162
5218.456128  0.9224817
5219.078935  0.934041
5219.701742  0.9012339
5220.324549  0.9078529
5220.947356  0.9438168
5221.570163  0.9487785
5222.19297  0.9251679
5222.815777  0.8911859
5223.438584  0.8454491
5224.061391  0.767258
5224.684198  0.7148273
5225.307005  0.6888008
5225.929812  0.6461807
5226.552619  0.5937764
5227.175426  0.6123616
5227.798233  0.7371771
5228.42104  0.8812382
5229.043847  0.936565
5229.666654  0.9125121
5230.289461  0.9109352
5230.912268  0.9621487
5231.535075  0.983913
5232.157882  0.9120643
5232.780689  0.82351
5233.403496  0.7952484
5234.026303  0.8168917
5234.64911  0.8151019
5235.271917  0.839175
5235.894724  0.902463
5236.517531  0.9681602
5237.140338  0.9934409
5237.763145  0.9870953
5238.385952  0.9683258
5239.008759  0.9416081
5239.631566  0.9276625
5240.254373  0.9433907
5240.87718  0.9811096
5241.499987  0.9932275
5242.122794  0.9695262
5242.745601  0.9412492
5243.368408  0.9562272
5243.991215  1.009017
5244.614022  1.054219
5245.236829  1.036179
5245.859636  0.9311246
5246.482443  0.7868516
5247.10525  0.6996368
5247.728057  0.7539144
5248.350864  0.8579563
5248.973671  0.8831742
5249.596478  0.7897509
5250.219285  0.7160013
5250.842092  0.7284672
5251.464899  0.7932583
5252.087706  0.8493066
5252.710513  0.8893623
5253.33332  0.9098732
5253.956127  0.8814678
5254.578934  0.7950959
5255.201741  0.742076
5255.824548  0.8191059
5256.447355  0.9335062
5257.070162  1.006267
5257.692969  1.023747
5258.315776  1.035576
5258.938583  1.016602
5259.56139  0.9773017
5260.184197  0.9625272
5260.807004  0.9366818
5261.429811  0.8820582
5262.052618  0.8111488
5262.675425  0.7497916
5263.298232  0.7069797
5263.921039  0.6885494
5264.543846  0.6910201
5265.166653  0.6478511
5265.78946  0.6068611
5266.412267  0.6655852
5267.035074  0.8117037
5267.657881  0.8987364
5268.280688  0.8164459
5268.903495  0.6172867
5269.526302  0.4786176
5270.149109  0.5129398
5270.771916  0.6885443
5271.394723  0.8558373
5272.01753  0.9123649
5272.640337  0.8729186
5273.263144  0.8582512
5273.885951  0.8733383
5274.508758  0.8615072
5275.131565  0.7913607
5275.754372  0.7840719
5276.377179  0.8644567
5276.999986  0.9674278
5277.622793  1.02861
5278.2456  1.048972
5278.868407  1.038906
5279.491214  0.9912754
5280.114021  0.9455755
5280.736828  0.9117662
5281.359635  0.8825704
5281.982442  0.8830402
5282.605249  0.8787405
5283.228056  0.8426039
5283.850863  0.8096141
5284.47367  0.8556226
5285.096477  0.9657239
5285.719284  1.051937
5286.342091  1.087419
5286.964898  1.072554
5287.587705  1.029875
5288.210512  0.9924614
5288.833319  0.991924
5289.456126  1.02395
5290.078933  1.053956
5290.70174  1.070598
5291.324547  1.064079
5291.947354  1.030565
5292.570161  0.9814095
5293.192968  0.9564356
5293.815775  0.9721947
5294.438582  0.9984859
5295.061389  0.9952904
5295.684196  0.9504411
5296.307003  0.8763642
5296.92981  0.7796252
5297.552617  0.7081596
5298.175424  0.7186834
5298.798231  0.8291101
5299.421038  0.9307821
5300.043845  0.951647
5300.666652  0.9099867
5301.289459  0.8663179
5301.912266  0.8641628
5302.535073  0.9073915
5303.15788  0.9636177
5303.780687  1.017746
5304.403494  1.063306
5305.026301  1.091864
5305.649108  1.084463
5306.271915  1.047971
5306.894722  1.010803
5307.517529  0.999799
5308.140336  1.025623
5308.763143  1.070436
5309.38595  1.096603
5310.008757  1.092322
5310.631564  1.070282
5311.254371  1.051927
5311.877178  1.040048
5312.499985  1.027606
5313.122792  1.014994
5313.745599  1.018743
5314.368406  1.033659
5314.991213  1.039305
5315.61402  1.018017
5316.236827  0.9834861
5316.859634  0.9707181
5317.482441  0.9930142
5318.105248  1.012573
5318.728055  1.001722
5319.350862  0.9769793
5319.973669  0.9818447
5320.596476  0.9968026
5321.219283  0.9986541
5321.84209  0.9872479
5322.464897  0.9903702
5323.087704  0.9657023
5323.710511  0.9083489
5324.333318  0.8960792
5324.956125  0.9297599
5325.578932  0.9757549
5326.201739  0.9821299
5326.824546  0.8867767
5327.447353  0.7140158
5328.07016  0.5722333
5328.692967  0.5927678
5329.315774  0.7342257
5329.938581  0.8848282
5330.561388  0.959838
5331.184195  0.9896029
5331.807002  0.9716801
5332.429809  0.9171341
5333.052616  0.9141995
5333.675423  0.9680712
5334.29823  1.038027
5334.921037  1.081473
5335.543844  1.06753
5336.166651  1.023064
5336.789458  1.001079
5337.412265  1.017766
5338.035072  1.046257
5338.657879  1.041258
5339.280686  0.9752349
5339.903493  0.8695185
5340.5263  0.8045869
5341.149107  0.8515158
5341.771914  0.9518379
5342.394721  1.016422
5343.017528  1.017113
5343.640335  1.030409
5344.263142  1.03908
5344.885949  1.007758
5345.508756  0.9455284
5346.131563  0.953851
5346.75437  1.005347
5347.377177  1.009146
5347.999984  0.9583077
5348.622791  0.9024418
5349.245598  0.8860138
5349.868405  0.914087
5350.491212  0.9757468
5351.114019  1.038456
5351.736826  1.06623
5352.359633  1.047057
5352.98244  1.02121
5353.605247  1.03497
5354.228054  1.093024
5354.850861  1.138608
5355.473668  1.1423
5356.096475  1.124391
5356.719282  1.113436
5357.342089  1.113096
5357.964896  1.116969
5358.587703  1.127657
5359.21051  1.137925
5359.833317  1.132933
5360.456124  1.099504
5361.078931  1.047562
5361.701738  1.005697
5362.324545  1.002447
5362.947352  1.041186
5363.570159  1.066727
5364.192966  1.042953
5364.815773  0.9979334
5365.43858  0.9904627
5366.061387  1.010822
5366.684194  1.010039
5367.307001  1.005878
5367.929808  1.01666
5368.552615  1.02044
5369.175422  0.953785
5369.798229  0.8784319
5370.421036  0.8193797
5371.043843  0.7609551
5371.66665  0.8039129
5372.289457  0.9230938
5372.912264  1.023862
5373.535071  1.068609
5374.157878  1.090806
5374.780685  1.113
5375.403492  1.110581
5376.026299  1.074464
5376.649106  1.029799
5377.271913  1.015992
5377.89472  1.049663
5378.517527  1.084304
5379.140334  1.080695
5379.763141  1.054727
5380.385948  1.021015
5381.008755  1.007492
5381.631562  1.02714
5382.254369  1.02875
5382.877176  1.009956
5383.499983  1.001964
5384.12279  1.028361
5384.745597  1.052027
5385.368404  1.045718
5385.991211  1.023929
5386.614018  1.010085
5387.236825  1.010165
5387.859632  1.009802
5388.482439  0.9867061
5389.105246  0.9559606
5389.728053  0.9357769
5390.35086  0.9282863
5390.973667  0.9274248
5391.596474  0.9350919
5392.219281  0.952256
5392.842088  0.9648669
5393.464895  0.9525376
5394.087702  0.9288843
5394.710509  0.9409457
5395.333316  0.9561036
5395.956123  0.9088418
5396.57893  0.789203
5397.201737  0.7498536
5397.824544  0.8218716
5398.447351  0.9340664
5399.070158  1.003002
5399.692965  0.9961052
5400.315772  0.9529462
5400.938579  0.9480066
5401.561386  0.9853142
5402.184193  1.025682
5402.807  1.02224
5403.429807  0.9595941
5404.052614  0.8796061
5404.675421  0.8122486
5405.298228  0.7487862
5405.921035  0.7415068
5406.543842  0.79836
5407.166649  0.8791547
5407.789456  0.9477038
5408.412263  0.9463411
5409.03507  0.8734001
5409.657877  0.8225465
5410.280684  0.838563
5410.903491  0.9131063
5411.526298  0.9995692
5412.149105  1.050674
5412.771912  1.058243
5413.394719  1.041337
5414.017526  1.020106
5414.640333  1.004089
5415.26314  1.008629
5415.885947  1.047137
5416.508754  1.089156
5417.131561  1.101104
5417.754368  1.078043
5418.377175  1.061914
5418.999982  1.042998
5419.622789  1.003549
5420.245596  0.957978
5420.868403  0.9506781
5421.49121  0.9977403
5422.114017  1.064314
5422.736824  1.071454
5423.359631  1.009645
5423.982438  0.9367992
5424.605245  0.9323312
5425.228052  0.9845773
5425.850859  1.043669
5426.473666  1.075421
5427.096473  1.113894
5427.71928  1.121477
5428.342087  1.036862
5428.964894  0.8709471
5429.587701  0.7771925
5430.210508  0.8428717
5430.833315  0.9807607
5431.456122  1.020023
5432.078929  0.9647094
5432.701736  0.9274652
5433.324543  0.906509
5433.94735  0.8800795
5434.570157  0.8518693
5435.192964  0.860486
5435.815771  0.8657425
5436.438578  0.8726944
5437.061385  0.926462
5437.684192  1.007312
5438.306999  1.071222
5438.929806  1.096854
5439.552613  1.114131
5440.17542  1.117562
5440.798227  1.104382
5441.421034  1.090031
5442.043841  1.090539
5442.666648  1.105067
5443.289455  1.113993
5443.912262  1.087478
5444.535069  1.051865
5445.157876  1.011606
5445.780683  0.9242878
5446.40349  0.8146999
5447.026297  0.7852541
5447.649104  0.900292
5448.271911  1.008891
5448.894718  1.066036
5449.517525  1.095193
5450.140332  1.107019
5450.763139  1.092552
5451.385946  1.068691
5452.008753  1.067275
5452.63156  1.055952
5453.254367  1.038097
5453.877174  1.01519
5454.499981  0.943947
5455.122788  0.8543201
5455.745595  0.8204174
5456.368402  0.898042
5456.991209  1.003123
5457.614016  1.073431
5458.236823  1.104501
5458.85963  1.128171
5459.482437  1.108871
5460.105244  1.045765
5460.728051  1.018395
5461.350858  1.027452
5461.973665  1.02085
5462.596472  0.9602509
5463.219279  0.9157739
5463.842086  0.9429553
5464.464893  1.02836
5465.0877  1.08231
5465.710507  1.066403
5466.333314  1.020872
5466.956121  1.019808
5467.578928  1.045635
5468.201735  1.068603
5468.824542  1.065095
