4780.  0.
4780.622807  0.
4781.245614  0.
4781.868421  0.
4782.491228  0.
4783.114035  0.
4783.736842  0.
4784.359649  0.
4784.982456  0.
4785.605263  0.
4786.22807  0.
4786.850877  0.
4787.473684  0.
4788.096491  0.
4788.719298  0.
4789.342105  0.5200488
4789.964912  1.11106
4790.587719  1.111405
4791.210526  1.100326
4791.833333  1.093117
4792.45614  1.099164
4793.078947  1.108254
4793.701754  1.118531
4794.324561  1.121026
4794.947368  1.111909
4795.570175  1.108197
4796.192982  1.111553
4796.815789  1.112987
4797.438596  1.103088
4798.061403  1.096355
4798.68421  1.098152
4799.307017  1.100779
4799.929824  1.10114
4800.552631  1.101437
4801.175438  1.101769
4801.798245  1.097176
4802.421052  1.10251
4803.043859  1.107995
4803.666666  1.085259
4804.289473  1.060055
4804.91228  1.054238
4805.535087  1.068973
4806.157894  1.091473
4806.780701  1.110151
4807.403508  1.117928
4808.026315  1.112099
4808.649122  1.110152
4809.271929  1.112824
4809.894736  1.108183
4810.517543  1.098805
4811.14035  1.089735
4811.763157  1.084526
4812.385964  1.084349
4813.008771  1.094416
4813.631578  1.109146
4814.254385  1.115782
4814.877192  1.119531
4815.499999  1.118878
4816.122806  1.112092
4816.745613  1.111884
4817.36842  1.110593
4817.991227  1.109442
4818.614034  1.121873
4819.236841  1.126894
4819.859648  1.120407
4820.482455  1.115319
4821.105262  1.1077
4821.728069  1.105275
4822.350876  1.100016
4822.973683  1.063341
4823.59649  1.026695
4824.219297  1.028254
4824.842104  1.07227
4825.464911  1.097628
4826.087718  1.101351
4826.710525  1.108606
4827.333332  1.114333
4827.956139  1.113227
4828.578946  1.108419
4829.201753  1.108352
4829.82456  1.110479
4830.447367  1.115605
4831.070174  1.121809
4831.692981  1.115226
4832.315788  1.105775
4832.938595  1.105682
4833.561402  1.108508
4834.184209  1.109122
4834.807016  1.100049
4835.429823  1.081746
4836.05263  1.073027
4836.675437  1.083649
4837.298244  1.104027
4837.921051  1.11002
4838.543858  1.104065
4839.166665  1.098065
4839.789472  1.09773
4840.412279  1.094322
4841.035086  1.095523
4841.657893  1.10766
4842.2807  1.107689
4842.903507  1.096635
4843.526314  1.087272
4844.149121  1.086658
4844.771928  1.089701
4845.394735  1.086096
4846.017542  1.072465
4846.640349  1.061078
4847.263156  1.036964
4847.885963  0.9980633
4848.50877  0.98627
4849.131577  1.009122
4849.754384  1.036611
4850.377191  1.033478
4850.999998  1.031264
4851.622805  1.031191
4852.245612  1.018582
4852.868419  1.00197
4853.491226  0.9810003
4854.114033  0.9527056
4854.73684  0.9147255
4855.359647  0.8698832
4855.982454  0.830771
4856.605261  0.8044589
4857.228068  0.7691581
4857.850875  0.7275332
4858.473682  0.6806431
4859.096489  0.611685
4859.719296  0.5227262
4860.342103  0.4232503
4860.96491  0.341281
4861.587717  0.3502924
4862.210524  0.4375972
4862.833331  0.5380034
4863.456138  0.605331
4864.078945  0.6520162
4864.701752  0.7051608
4865.324559  0.7725801
4865.947366  0.8257997
4866.570173  0.8585602
4867.19298  0.884927
4867.815787  0.9159603
4868.438594  0.946557
4869.061401  0.967675
4869.684208  0.9771388
4870.307015  0.9773778
4870.929822  0.9774177
4871.552629  0.9860146
4872.175436  1.004276
4872.798243  1.019431
4873.42105  1.022303
4874.043857  1.0191
4874.666664  1.023796
4875.289471  1.026623
4875.912278  1.004956
4876.535085  0.9905715
4877.157892  1.008139
4877.780699  1.04558
4878.403506  1.048389
4879.026313  1.050721
4879.64912  1.073216
4880.271927  1.080309
4880.894734  1.080017
4881.517541  1.079566
4882.140348  1.077608
4882.763155  1.071765
4883.385962  1.059209
4884.008769  1.04759
4884.631576  1.054181
4885.254383  1.06359
4885.87719  1.067738
4886.499997  1.073175
4887.122804  1.076037
4887.745611  1.080531
4888.368418  1.087795
4888.991225  1.084398
4889.614032  1.083175
4890.236839  1.081364
4890.859646  1.061321
4891.482453  1.056079
4892.10526  1.073821
4892.728067  1.094711
4893.350874  1.100851
4893.973681  1.096968
4894.596488  1.092239
4895.219295  1.088299
4895.842102  1.094815
4896.464909  1.102457
4897.087716  1.097535
4897.710523  1.100536
4898.33333  1.100789
4898.956137  1.089851
4899.578944  1.089188
4900.201751  1.090769
4900.824558  1.086515
4901.447365  1.080759
4902.070172  1.091387
4902.692979  1.105973
4903.315786  1.104397
4903.938593  1.097326
4904.5614  1.096952
4905.184207  1.105393
4905.807014  1.111037
4906.429821  1.10931
4907.052628  1.107553
4907.675435  1.114225
4908.298242  1.118343
4908.921049  1.115111
4909.543856  1.10538
4910.166663  1.092949
4910.78947  1.077345
4911.412277  1.069188
4912.035084  1.080053
4912.657891  1.093729
4913.280698  1.100619
4913.903505  1.105005
4914.526312  1.118769
4915.149119  1.126586
4915.771926  1.118544
4916.394733  1.103472
4917.01754  1.102945
4917.640347  1.109134
4918.263154  1.104532
4918.885961  1.101104
4919.508768  1.087875
4920.131575  1.067304
4920.754382  1.06699
4921.377189  1.083331
4921.999996  1.093968
4922.622803  1.070643
4923.24561  0.9907919
4923.868417  0.9260879
4924.491224  0.9473603
4925.114031  1.036988
4925.736838  1.10514
4926.359645  1.116745
4926.982452  1.110857
4927.605259  1.118986
4928.228066  1.131827
4928.850873  1.130306
4929.47368  1.123108
4930.096487  1.118603
4930.719294  1.117867
4931.342101  1.116761
4931.964908  1.109498
4932.587715  1.102572
4933.210522  1.101806
4933.833329  1.098574
4934.456136  1.101192
4935.078943  1.111125
4935.70175  1.115398
4936.324557  1.124847
4936.947364  1.130842
4937.570171  1.118455
4938.192978  1.111803
4938.815785  1.111283
4939.438592  1.11045
4940.061399  1.115074
4940.684206  1.117432
4941.307013  1.117656
4941.92982  1.122718
4942.552627  1.126053
4943.175434  1.124743
4943.798241  1.120392
4944.421048  1.116529
4945.043855  1.114374
4945.666662  1.115388
4946.289469  1.118161
4946.912276  1.117401
4947.535083  1.109683
4948.15789  1.098032
4948.780697  1.091824
4949.403504  1.099794
4950.026311  1.114808
4950.649118  1.113578
4951.271925  1.108053
4951.894732  1.105591
4952.517539  1.102388
4953.140346  1.100843
4953.763153  1.103618
4954.38596  1.108296
4955.008767  1.106264
4955.631574  1.108897
4956.254381  1.104982
4956.877188  1.070061
4957.499995  1.045117
4958.122802  1.054111
4958.745609  1.087057
4959.368416  1.111505
4959.991223  1.119151
4960.61403  1.116535
4961.236837  1.112117
4961.859644  1.113016
4962.482451  1.116815
4963.105258  1.116593
4963.728065  1.107051
4964.350872  1.098511
4964.973679  1.098427
4965.596486  1.099672
4966.219293  1.098446
4966.8421  1.095553
4967.464907  1.093644
4968.087714  1.092144
4968.710521  1.090053
4969.333328  1.089928
4969.956135  1.09824
4970.578942  1.10861
4971.201749  1.113627
4971.824556  1.110888
4972.447363  1.111212
4973.07017  1.113773
4973.692977  1.114293
4974.315784  1.115763
4974.938591  1.114224
4975.561398  1.106835
4976.184205  1.099059
4976.807012  1.099095
4977.429819  1.104919
4978.052626  1.106864
4978.675433  1.094846
4979.29824  1.091741
4979.921047  1.106337
4980.543854  1.106723
4981.166661  1.097411
4981.789468  1.089317
4982.412275  1.085515
4983.035082  1.079958
4983.657889  1.076104
4984.280696  1.078969
4984.903503  1.082486
4985.52631  1.091946
4986.149117  1.104756
4986.771924  1.107104
4987.394731  1.103852
4988.017538  1.102633
4988.640345  1.106239
4989.263152  1.10425
4989.885959  1.0934
4990.508766  1.084956
4991.131573  1.094254
4991.75438  1.097626
4992.377187  1.082316
4992.999994  1.060571
4993.622801  1.059758
4994.245608  1.080459
4994.868415  1.103496
4995.491222  1.109235
4996.114029  1.102453
4996.736836  1.097384
4997.359643  1.100288
4997.98245  1.093848
4998.605257  1.092478
4999.228064  1.105394
4999.850871  1.099075
5000.473678  1.082505
5001.096485  1.066501
5001.719292  1.05169
5002.342099  1.057777
5002.964906  1.07707
5003.587713  1.088545
5004.21052  1.090237
5004.833327  1.080689
5005.456134  1.068742
5006.078941  1.069942
5006.701748  1.06617
5007.324555  1.062691
5007.947362  1.078267
5008.570169  1.094487
5009.192976  1.098825
5009.815783  1.095685
5010.43859  1.100137
5011.061397  1.093336
5011.684204  1.082462
5012.307011  1.090853
5012.929818  1.084962
5013.552625  1.073036
5014.175432  1.075192
5014.798239  1.078911
5015.421046  1.078866
5016.043853  1.08105
5016.66666  1.08559
5017.289467  1.046387
5017.912274  0.9649434
5018.535081  0.8972066
5019.157888  0.9190238
5019.780695  0.9958136
5020.403502  1.057451
5021.026309  1.072098
5021.649116  1.073769
5022.271923  1.079821
5022.89473  1.082152
5023.517537  1.084318
5024.140344  1.085273
5024.763151  1.083811
5025.385958  1.08219
5026.008765  1.083206
5026.631572  1.08531
5027.254379  1.083691
5027.877186  1.079808
5028.499993  1.080427
5029.1228  1.084062
5029.745607  1.076614
5030.368414  1.060366
5030.991221  1.047322
5031.614028  1.048178
5032.236835  1.058466
5032.859642  1.067316
5033.482449  1.070892
5034.105256  1.08406
5034.728063  1.084118
5035.35087  1.062833
5035.973677  1.050426
5036.596484  1.054314
5037.219291  1.065714
5037.842098  1.072188
5038.464905  1.070618
5039.087712  1.072233
5039.710519  1.073168
5040.333326  1.045863
5040.956133  1.022107
5041.57894  1.025317
5042.201747  1.048278
5042.824554  1.063475
5043.447361  1.071947
5044.070168  1.081552
5044.692975  1.079843
5045.315782  1.07593
5045.938589  1.076549
5046.561396  1.077465
5047.184203  1.076925
5047.80701  1.069332
5048.429817  1.058888
5049.052624  1.071519
5049.675431  1.08262
5050.298238  1.077592
5050.921045  1.078413
5051.543852  1.077617
5052.166659  1.074803
5052.789466  1.076796
5053.412273  1.081243
5054.03508  1.085612
5054.657887  1.077662
5055.280694  1.038881
5055.903501  1.002429
5056.526308  0.9989973
5057.149115  1.029351
5057.771922  1.054924
5058.394729  1.070903
5059.017536  1.08302
5059.640343  1.078643
5060.26315  1.074151
5060.885957  1.074349
5061.508764  1.066295
5062.131571  1.066036
5062.754378  1.073726
5063.377185  1.078903
5063.999992  1.079609
5064.622799  1.074974
5065.245606  1.06575
5065.868413  1.056904
5066.49122  1.063851
5067.114027  1.075808
5067.736834  1.073588
5068.359641  1.074295
5068.982448  1.07807
5069.605255  1.078662
5070.228062  1.072662
5070.850869  1.062814
5071.473676  1.053783
5072.096483  1.05076
5072.71929  1.052747
5073.342097  1.06033
5073.964904  1.070149
5074.587711  1.071774
5075.210518  1.066369
5075.833325  1.062392
5076.456132  1.067242
5077.078939  1.073898
5077.701746  1.077058
5078.324553  1.077186
5078.94736  1.079244
5079.570167  1.079181
5080.192974  1.07666
5080.815781  1.077459
5081.438588  1.079345
5082.061395  1.076602
5082.684202  1.070121
5083.307009  1.077355
5083.929816  1.085273
5084.552623  1.086053
5085.17543  1.094729
5085.798237  1.086635
5086.421044  1.070314
5087.043851  1.073032
5087.666658  1.07102
5088.289465  1.065452
5088.912272  1.067466
5089.535079  1.076691
5090.157886  1.076005
5090.780693  1.068321
5091.4035  1.072176
5092.026307  1.079813
5092.649114  1.083059
5093.271921  1.081028
5093.894728  1.081762
5094.517535  1.081974
5095.140342  1.077805
5095.763149  1.070913
5096.385956  1.069769
5097.008763  1.069692
5097.63157  1.064029
5098.254377  1.063454
5098.877184  1.068636
5099.499991  1.068328
5100.122798  1.047279
5100.745605  1.031199
5101.368412  1.034471
5101.991219  1.049184
5102.614026  1.062558
5103.236833  1.065952
5103.85964  1.064267
5104.482447  1.072138
5105.105254  1.071521
5105.728061  1.061505
5106.350868  1.06197
5106.973675  1.068788
5107.596482  1.073304
5108.219289  1.071017
5108.842096  1.065655
5109.464903  1.069432
5110.08771  1.073531
5110.710517  1.057912
5111.333324  1.055112
5111.956131  1.0671
5112.578938  1.072454
5113.201745  1.065833
5113.824552  1.061616
5114.447359  1.064714
5115.070166  1.062303
5115.692973  1.065315
5116.31578  1.06679
5116.938587  1.058382
5117.561394  1.069342
5118.184201  1.078718
5118.807008  1.069572
5119.429815  1.063076
5120.052622  1.059431
5120.675429  1.057257
5121.298236  1.057441
5121.921043  1.061318
5122.54385  1.06348
5123.166657  1.061202
5123.789464  1.059239
5124.412271  1.057197
5125.035078  1.058529
5125.657885  1.065982
5126.280692  1.061912
5126.903499  1.053107
5127.526306  1.048791
5128.149113  1.031748
5128.77192  1.018987
5129.394727  1.025548
5130.017534  1.045276
5130.640341  1.063953
5131.263148  1.067693
5131.885955  1.05558
5132.508762  1.048946
5133.131569  1.050172
5133.754376  1.052616
5134.377183  1.052976
5134.99999  1.059657
5135.622797  1.066041
5136.245604  1.05902
5136.868411  1.048763
5137.491218  1.049996
5138.114025  1.060112
5138.736832  1.054239
5139.359639  1.048619
5139.982446  1.050108
5140.605253  1.051694
5141.22806  1.057524
5141.850867  1.059295
5142.473674  1.05308
5143.096481  1.052283
5143.719288  1.052076
5144.342095  1.049194
5144.964902  1.046715
5145.587709  1.041128
5146.210516  1.038675
5146.833323  1.044862
5147.45613  1.051356
5148.078937  1.051047
5148.701744  1.045348
5149.324551  1.042612
5149.947358  1.043419
5150.570165  1.043329
5151.192972  1.041839
5151.815779  1.049866
5152.438586  1.049473
5153.061393  1.029288
5153.6842  1.006945
5154.307007  0.9958111
5154.929814  1.009758
5155.552621  1.04661
5156.175428  1.059163
5156.798235  1.056856
5157.421042  1.059883
5158.043849  1.052951
5158.666656  1.057151
5159.289463  1.067467
5159.91227  1.057328
5160.535077  1.036955
5161.157884  1.030242
5161.780691  1.044234
5162.403498  1.050735
5163.026305  1.048437
5163.649112  1.04841
5164.271919  1.057608
5164.894726  1.057994
5165.517533  1.046128
5166.14034  1.027687
5166.763147  0.9964011
5167.385954  0.9637728
5168.008761  0.9241756
5168.631568  0.8599281
5169.254375  0.848507
5169.877182  0.9194634
5170.499989  1.01988
5171.122796  1.043758
5171.745603  1.001354
5172.36841  0.9601538
5172.991217  0.968313
5173.614024  1.008267
5174.236831  1.048934
5174.859638  1.070456
5175.482445  1.066057
5176.105252  1.04814
5176.728059  1.034436
5177.350866  1.034587
5177.973673  1.0516
5178.59648  1.065688
5179.219287  1.053416
5179.842094  1.046457
5180.464901  1.049835
5181.087708  1.054995
5181.710515  1.063941
5182.333322  1.042455
5182.956129  0.9908352
5183.578936  0.9594054
5184.201743  0.9786777
5184.82455  1.011588
5185.447357  1.014362
5186.070164  1.017005
5186.692971  1.028299
5187.315778  1.033509
5187.938585  1.013829
5188.561392  0.9891761
5189.184199  0.9910713
5189.807006  1.026424
5190.429813  1.043941
5191.05262  1.039678
5191.675427  1.033627
5192.298234  1.038539
5192.921041  1.044827
5193.543848  1.047691
5194.166655  1.050451
5194.789462  1.053421
5195.412269  1.051411
5196.035076  1.033389
5196.657883  0.9931075
5197.28069  0.9517348
5197.903497  0.9497227
5198.526304  1.00508
5199.149111  1.037213
5199.771918  1.042494
5200.394725  1.051302
5201.017532  1.047322
5201.640339  1.036181
5202.263146  1.032255
5202.885953  1.042766
5203.50876  1.044339
5204.131567  1.040739
5204.754374  1.045865
5205.377181  1.044814
5205.999988  1.042086
5206.622795  1.042394
5207.245602  1.042107
5207.868409  1.04003
5208.491216  1.036517
5209.114023  1.034691
5209.73683  1.037732
5210.359637  1.032291
5210.982444  1.018645
5211.605251  1.024665
5212.228058  1.042267
5212.850865  1.053713
5213.473672  1.051148
5214.096479  1.045695
5214.719286  1.039338
5215.342093  1.029941
5215.9649  1.01803
5216.587707  1.016323
5217.210514  1.024244
5217.833321  1.029046
5218.456128  1.028231
5219.078935  1.03646
5219.701742  1.053702
5220.324549  1.04206
5220.947356  1.03278
5221.570163  1.041837
5222.19297  1.044312
5222.815777  1.044729
5223.438584  1.046591
5224.061391  1.048898
5224.684198  1.045103
5225.307005  1.025393
5225.929812  0.988079
5226.552619  0.9503803
5227.175426  0.9490161
5227.798233  0.9874353
5228.42104  1.031628
5229.043847  1.038815
5229.666654  1.040427
5230.289461  1.058827
5230.912268  1.057557
5231.535075  1.04116
5232.157882  1.021023
5232.780689  1.000653
5233.403496  0.9764994
5234.026303  0.9459634
5234.64911  0.9319249
5235.271917  0.9780692
5235.894724  1.010891
5236.517531  1.000316
5237.140338  0.9908104
5237.763145  0.9991931
5238.385952  1.017931
5239.008759  1.028786
5239.631566  1.025634
5240.254373  1.03515
5240.87718  1.052516
5241.499987  1.044527
5242.122794  1.038257
5242.745601  1.040844
5243.368408  1.042058
5243.991215  1.039916
5244.614022  1.041029
5245.236829  1.045221
5245.859636  1.042373
5246.482443  1.027333
5247.10525  1.014587
5247.728057  1.019844
5248.350864  1.030009
5248.973671  1.032323
5249.596478  1.026614
5250.219285  1.02609
5250.842092  1.025109
5251.464899  1.026515
5252.087706  1.034207
5252.710513  1.039264
5253.33332  1.034738
5253.956127  1.022422
5254.578934  1.010214
5255.201741  1.010291
5255.824548  1.017736
5256.447355  1.019047
5257.070162  1.022038
5257.692969  1.032202
5258.315776  1.042493
5258.938583  1.035795
5259.56139  1.026021
5260.184197  1.026713
5260.807004  1.032728
5261.429811  1.025999
5262.052618  1.016932
5262.675425  1.01804
5263.298232  1.007242
5263.921039  0.9877743
5264.543846  0.9749123
5265.166653  0.9827958
5265.78946  1.007727
5266.412267  1.03042
5267.035074  1.037167
5267.657881  1.041037
5268.280688  1.030067
5268.903495  1.008291
5269.526302  1.006289
5270.149109  1.017709
5270.771916  1.028232
5271.394723  1.030052
5272.01753  1.027479
5272.640337  1.028381
5273.263144  1.031708
5273.885951  1.022474
5274.508758  0.9802289
5275.131565  0.9305367
5275.754372  0.9222842
5276.377179  0.9537413
5276.999986  1.00361
5277.622793  1.039959
5278.2456  1.036434
5278.868407  1.017583
5279.491214  1.005024
5280.114021  1.002261
5280.736828  1.015732
5281.359635  1.031998
5281.982442  1.034666
5282.605249  1.023197
5283.228056  1.002806
5283.850863  0.9910761
5284.47367  1.004579
5285.096477  1.027777
5285.719284  1.043813
5286.342091  1.047303
5286.964898  1.044749
5287.587705  1.044226
5288.210512  1.047387
5288.833319  1.05153
5289.456126  1.051737
5290.078933  1.050418
5290.70174  1.048972
5291.324547  1.041516
5291.947354  1.043433
5292.570161  1.054312
5293.192968  1.045734
5293.815775  1.043948
5294.438582  1.04568
5295.061389  1.032822
5295.684196  1.037644
5296.307003  1.043024
5296.92981  1.033015
5297.552617  1.030092
5298.175424  1.025784
5298.798231  1.025147
5299.421038  1.040382
5300.043845  1.048573
5300.666652  1.038547
5301.289459  1.021292
5301.912266  1.021993
5302.535073  1.028329
5303.15788  1.030695
5303.780687  1.03343
5304.403494  1.034966
5305.026301  1.027874
5305.649108  1.017441
5306.271915  1.027534
5306.894722  1.034559
5307.517529  1.025256
5308.140336  1.01948
5308.763143  1.029047
5309.38595  1.041454
5310.008757  1.04181
5310.631564  1.038579
5311.254371  1.043209
5311.877178  1.048902
5312.499985  1.035859
5313.122792  1.014092
5313.745599  1.007612
5314.368406  1.021314
5314.991213  1.009548
5315.61402  0.9452319
5316.236827  0.8753374
5316.859634  0.8996897
5317.482441  0.9671729
5318.105248  1.018803
5318.728055  1.039326
5319.350862  1.04188
5319.973669  1.042705
5320.596476  1.045907
5321.219283  1.044587
5321.84209  1.039793
5322.464897  1.038176
5323.087704  1.040471
5323.710511  1.027518
5324.333318  1.006798
5324.956125  0.9947035
5325.578932  0.995548
5326.201739  1.011123
5326.824546  1.027168
5327.447353  1.025085
5328.07016  1.016427
5328.692967  1.010875
5329.315774  1.009493
5329.938581  1.009694
5330.561388  1.015732
5331.184195  1.026432
5331.807002  1.033749
5332.429809  1.042901
5333.052616  1.04402
5333.675423  1.028634
5334.29823  1.014752
5334.921037  1.006414
5335.543844  1.00344
5336.166651  1.004116
5336.789458  0.9970617
5337.412265  0.9920648
5338.035072  1.000651
5338.657879  1.001899
5339.280686  1.005365
5339.903493  1.018292
5340.5263  1.027208
5341.149107  1.037717
5341.771914  1.045463
5342.394721  1.043302
5343.017528  1.044172
5343.640335  1.045293
5344.263142  1.040441
5344.885949  1.0342
5345.508756  1.028564
5346.131563  1.02407
5346.75437  1.023194
5347.377177  1.030745
5347.999984  1.041882
5348.622791  1.046935
5349.245598  1.041537
5349.868405  1.038004
5350.491212  1.041799
5351.114019  1.045906
5351.736826  1.043925
5352.359633  1.038085
5352.98244  1.036641
5353.605247  1.047995
5354.228054  1.045654
5354.850861  1.033463
5355.473668  1.044039
5356.096475  1.047183
5356.719282  1.041139
5357.342089  1.042019
5357.964896  1.044942
5358.587703  1.045821
5359.21051  1.045069
5359.833317  1.044703
5360.456124  1.036817
5361.078931  1.015227
5361.701738  0.9854859
5362.324545  0.9622149
5362.947352  0.9655253
5363.570159  0.9919802
5364.192966  1.012143
5364.815773  1.025502
5365.43858  1.031334
5366.061387  1.029806
5366.684194  1.028747
5367.307001  1.029739
5367.929808  1.029264
5368.552615  1.022442
5369.175422  1.018073
5369.798229  1.018645
5370.421036  1.019493
5371.043843  1.021468
5371.66665  1.024351
5372.289457  1.02715
5372.912264  1.028202
5373.535071  1.035564
5374.157878  1.044712
5374.780685  1.040795
5375.403492  1.028941
5376.026299  1.022593
5376.649106  1.028271
5377.271913  1.034052
5377.89472  1.033341
5378.517527  1.026393
5379.140334  1.018296
5379.763141  1.015123
5380.385948  1.016789
5381.008755  1.019356
5381.631562  1.019892
5382.254369  1.016927
5382.877176  1.010675
5383.499983  1.0057
5384.12279  1.019809
5384.745597  1.038308
5385.368404  1.038977
5385.991211  1.033364
5386.614018  1.026127
5387.236825  1.023005
5387.859632  1.030031
5388.482439  1.035864
5389.105246  1.034453
5389.728053  1.030623
5390.35086  1.0301
5390.973667  1.029906
5391.596474  1.026057
5392.219281  1.019706
5392.842088  1.016125
5393.464895  1.016387
5394.087702  1.016646
5394.710509  1.011176
5395.333316  1.005458
5395.956123  1.004576
5396.57893  1.005092
5397.201737  1.011693
5397.824544  1.016598
5398.447351  1.010502
5399.070158  1.011841
5399.692965  1.01087
5400.315772  1.000308
5400.938579  1.000304
5401.561386  1.005773
5402.184193  1.009697
5402.807  1.012742
5403.429807  1.009423
5404.052614  0.9998296
5404.675421  0.990439
5405.298228  0.9914412
5405.921035  1.004832
5406.543842  1.010388
5407.166649  0.9895543
5407.789456  0.9960522
5408.412263  1.014073
5409.03507  1.007511
5409.657877  1.001393
5410.280684  0.9952716
5410.903491  0.994506
5411.526298  1.010343
5412.149105  1.011996
5412.771912  0.9965323
5413.394719  0.9814278
5414.017526  0.9712544
5414.640333  0.9767137
5415.26314  0.9968123
5415.885947  1.013453
5416.508754  1.019036
5417.131561  1.014865
5417.754368  1.005251
5418.377175  0.9939705
5418.999982  0.9944211
5419.622789  1.00226
5420.245596  0.996515
5420.868403  1.005957
5421.49121  1.023262
5422.114017  1.017557
5422.736824  1.001285
5423.359631  0.9814631
5423.982438  0.9672983
5424.605245  0.9724024
5425.228052  0.9848837
5425.850859  0.9939862
5426.473666  0.9980424
5427.096473  1.001801
5427.71928  1.002789
5428.342087  1.000503
5428.964894  1.000712
5429.587701  0.9991028
5430.210508  0.999503
5430.833315  1.005472
5431.456122  0.9959285
5432.078929  0.9855002
5432.701736  0.9909183
5433.324543  0.9964454
5433.94735  1.007172
5434.570157  1.018477
5435.192964  1.014373
5435.815771  1.004247
5436.438578  0.9994733
5437.061385  1.005383
5437.684192  1.01564
5438.306999  1.016096
5438.929806  1.007894
5439.552613  1.005486
5440.17542  1.00456
5440.798227  0.9990261
5441.421034  0.9933659
5442.043841  1.00088
5442.666648  1.002046
5443.289455  0.9933908
5443.912262  0.9962849
5444.535069  0.9969068
5445.157876  0.9918593
5445.780683  0.9912302
5446.40349  0.9975997
5447.026297  1.005585
5447.649104  1.009084
5448.271911  1.007758
5448.894718  1.007312
5449.517525  1.003536
5450.140332  0.9926478
5450.763139  0.9942263
5451.385946  1.002902
5452.008753  1.004179
5452.63156  0.9942893
5453.254367  0.9896162
5453.877174  0.9941494
5454.499981  0.9990122
5455.122788  0.9977077
5455.745595  1.000606
5456.368402  1.011911
5456.991209  1.014261
5457.614016  1.005696
5458.236823  1.000663
5458.85963  1.010819
5459.482437  1.01427
5460.105244  1.011567
5460.728051  1.009267
5461.350858  1.00112
5461.973665  0.9948628
5462.596472  0.9967924
5463.219279  1.003159
5463.842086  1.003655
5464.464893  0.993423
5465.0877  0.9799181
5465.710507  0.9804762
5466.333314  0.9898849
5466.956121  0.9984736
5467.578928  1.003475
5468.201735  1.008293
5468.824542  1.008452
