4780.  0.
4780.622807  0.
4781.245614  0.7621866
4781.868421  0.8635326
4782.491228  0.8311707
4783.114035  0.7910987
4783.736842  0.7985837
4784.359649  0.8438776
4784.982456  0.8711509
4785.605263  0.830258
4786.22807  0.7713929
4786.850877  0.7606648
4787.473684  0.8109019
4788.096491  0.8427581
4788.719298  0.8237226
4789.342105  0.7859403
4789.964912  0.7903471
4790.587719  0.8060329
4791.210526  0.8128887
4791.833333  0.8180786
4792.45614  0.8300126
4793.078947  0.8659716
4793.701754  0.9157995
4794.324561  0.9370813
4794.947368  0.9466724
4795.570175  0.9419426
4796.192982  0.9071711
4796.815789  0.8826885
4797.438596  0.8598708
4798.061403  0.8256652
4798.68421  0.8052447
4799.307017  0.7921641
4799.929824  0.7868155
4800.552631  0.8048229
4801.175438  0.8581498
4801.798245  0.9038768
4802.421052  0.9114882
4803.043859  0.9234343
4803.666666  0.9147211
4804.289473  0.8757622
4804.91228  0.8426075
4805.535087  0.8419405
4806.157894  0.8559973
4806.780701  0.8478019
4807.403508  0.8083137
4808.026315  0.7803479
4808.649122  0.7948914
4809.271929  0.8355033
4809.894736  0.8608649
4810.517543  0.8667072
4811.14035  0.8725368
4811.763157  0.8690754
4812.385964  0.8592463
4813.008771  0.8522013
4813.631578  0.8528754
4814.254385  0.8588553
4814.877192  0.8656133
4815.499999  0.8738101
4816.122806  0.9006525
4816.745613  0.921575
4817.36842  0.9153565
4817.991227  0.9064907
4818.614034  0.9241738
4819.236841  0.9480725
4819.859648  0.9324247
4820.482455  0.9081141
4821.105262  0.9054177
4821.728069  0.915185
4822.350876  0.8809258
4822.973683  0.818625
4823.59649  0.7834104
4824.219297  0.8146406
4824.842104  0.8533406
4825.464911  0.8782247
4826.087718  0.8968008
4826.710525  0.8900697
4827.333332  0.8703257
4827.956139  0.8520817
4828.578946  0.8361591
4829.201753  0.8439943
4829.82456  0.8706335
4830.447367  0.8823056
4831.070174  0.8364081
4831.692981  0.783497
4832.315788  0.7823398
4832.938595  0.8250472
4833.561402  0.8666404
4834.184209  0.8840508
4834.807016  0.8831622
4835.429823  0.863736
4836.05263  0.8563994
4836.675437  0.8778076
4837.298244  0.8943865
4837.921051  0.8799274
4838.543858  0.840164
4839.166665  0.8052307
4839.789472  0.7806907
4840.412279  0.7893767
4841.035086  0.8339562
4841.657893  0.8573722
4842.2807  0.8340822
4842.903507  0.7937968
4843.526314  0.7965623
4844.149121  0.8375621
4844.771928  0.8841761
4845.394735  0.9081588
4846.017542  0.9148212
4846.640349  0.9086955
4847.263156  0.8821039
4847.885963  0.8244417
4848.50877  0.7782857
4849.131577  0.7936292
4849.754384  0.871816
4850.377191  0.9091395
4850.999998  0.890418
4851.622805  0.8612748
4852.245612  0.8637838
4852.868419  0.881279
4853.491226  0.8780432
4854.114033  0.8318225
4854.73684  0.7506979
4855.359647  0.7053786
4855.982454  0.7451557
4856.605261  0.8179336
4857.228068  0.8595733
4857.850875  0.8499101
4858.473682  0.8162731
4859.096489  0.768399
4859.719296  0.7053345
4860.342103  0.6259285
4860.96491  0.5457695
4861.587717  0.5577606
4862.210524  0.6721756
4862.833331  0.7661884
4863.456138  0.7718439
4864.078945  0.7453714
4864.701752  0.7730029
4865.324559  0.798068
4865.947366  0.8201302
4866.570173  0.8377475
4867.19298  0.8103606
4867.815787  0.7864034
4868.438594  0.802237
4869.061401  0.8391675
4869.684208  0.8304432
4870.307015  0.7607878
4870.929822  0.674872
4871.552629  0.6453696
4872.175436  0.6934823
4872.798243  0.7720436
4873.42105  0.8087116
4874.043857  0.8111199
4874.666664  0.792011
4875.289471  0.7740062
4875.912278  0.8014946
4876.535085  0.8408951
4877.157892  0.8461283
4877.780699  0.8184111
4878.403506  0.8554707
4879.026313  0.9330621
4879.64912  0.9501568
4880.271927  0.8933141
4880.894734  0.807994
4881.517541  0.762595
4882.140348  0.799134
4882.763155  0.8514029
4883.385962  0.8664071
4884.008769  0.8396506
4884.631576  0.785258
4885.254383  0.7419848
4885.87719  0.732648
4886.499997  0.7393777
4887.122804  0.773982
4887.745611  0.807857
4888.368418  0.7963068
4888.991225  0.8091562
4889.614032  0.8062935
4890.236839  0.7292331
4890.859646  0.6498027
4891.482453  0.6801522
4892.10526  0.8072295
4892.728067  0.8870636
4893.350874  0.9229324
4893.973681  0.9411082
4894.596488  0.9561245
4895.219295  0.9680177
4895.842102  0.9607037
4896.464909  0.9400485
4897.087716  0.9438192
4897.710523  0.9517998
4898.33333  0.9386248
4898.956137  0.8971416
4899.578944  0.8428062
4900.201751  0.8331087
4900.824558  0.8814976
4901.447365  0.9065982
4902.070172  0.8908729
4902.692979  0.8572996
4903.315786  0.8396128
4903.938593  0.842249
4904.5614  0.8722801
4905.184207  0.9240812
4905.807014  0.9590144
4906.429821  0.9546412
4907.052628  0.9158095
4907.675435  0.8687198
4908.298242  0.8433222
4908.921049  0.8154601
4909.543856  0.7606897
4910.166663  0.7420924
4910.78947  0.7642161
4911.412277  0.8021562
4912.035084  0.8383684
4912.657891  0.8622586
4913.280698  0.8707674
4913.903505  0.8747701
4914.526312  0.9043912
4915.149119  0.9380539
4915.771926  0.940726
4916.394733  0.9102763
4917.01754  0.8599793
4917.640347  0.7960407
4918.263154  0.7219471
4918.885961  0.6746489
4919.508768  0.644602
4920.131575  0.6239477
4920.754382  0.6666186
4921.377189  0.7404379
4921.999996  0.8026185
4922.622803  0.8388322
4923.24561  0.8222948
4923.868417  0.7783105
4924.491224  0.7602166
4925.114031  0.7866392
4925.736838  0.8471953
4926.359645  0.8954241
4926.982452  0.8775342
4927.605259  0.8606656
4928.228066  0.8930148
4928.850873  0.9505268
4929.47368  0.9491453
4930.096487  0.9189026
4930.719294  0.9205437
4931.342101  0.940638
4931.964908  0.930455
4932.587715  0.8609027
4933.210522  0.76266
4933.833329  0.7541348
4934.456136  0.8281896
4935.078943  0.8931521
4935.70175  0.8916109
4936.324557  0.8478401
4936.947364  0.7954538
4937.570171  0.7382632
4938.192978  0.6946073
4938.815785  0.6895766
4939.438592  0.7389489
4940.061399  0.8275951
4940.684206  0.9043266
4941.307013  0.9257854
4941.92982  0.897669
4942.552627  0.8988799
4943.175434  0.9375575
4943.798241  0.9522378
4944.421048  0.9327797
4945.043855  0.886421
4945.666662  0.8470032
4946.289469  0.8679335
4946.912276  0.9130662
4947.535083  0.942055
4948.15789  0.9493045
4948.780697  0.9396117
4949.403504  0.9244959
4950.026311  0.9212248
4950.649118  0.9492654
4951.271925  0.9587334
4951.894732  0.9280215
4952.517539  0.9046807
4953.140346  0.9042373
4953.763153  0.9114221
4954.38596  0.9122232
4955.008767  0.9394941
4955.631574  0.9402161
4956.254381  0.8499077
4956.877188  0.6854562
4957.499995  0.6243279
4958.122802  0.7173684
4958.745609  0.8504316
4959.368416  0.9426447
4959.991223  0.9722238
4960.61403  0.9583043
4961.236837  0.9229175
4961.859644  0.9107612
4962.482451  0.9378924
4963.105258  0.9733492
4963.728065  0.9605091
4964.350872  0.8987069
4964.973679  0.8328633
4965.596486  0.8032605
4966.219293  0.8263878
4966.8421  0.8653922
4967.464907  0.8523141
4968.087714  0.8415103
4968.710521  0.8584277
4969.333328  0.8742576
4969.956135  0.8555636
4970.578942  0.8469934
4971.201749  0.8851967
4971.824556  0.9259813
4972.447363  0.929397
4973.07017  0.9217145
4973.692977  0.9569271
4974.315784  0.9622067
4974.938591  0.9284813
4975.561398  0.897692
4976.184205  0.8958614
4976.807012  0.8983502
4977.429819  0.8753307
4978.052626  0.8292775
4978.675433  0.8189455
4979.29824  0.8428023
4979.921047  0.8576336
4980.543854  0.8624907
4981.166661  0.8287989
4981.789468  0.7598413
4982.412275  0.7136673
4983.035082  0.704334
4983.657889  0.7300302
4984.280696  0.7729094
4984.903503  0.7819316
4985.52631  0.7810326
4986.149117  0.8150104
4986.771924  0.8768348
4987.394731  0.9145322
4988.017538  0.9060656
4988.640345  0.8816699
4989.263152  0.8813483
4989.885959  0.8753874
4990.508766  0.8346689
4991.131573  0.8254719
4991.75438  0.8710331
4992.377187  0.9160701
4992.999994  0.8742414
4993.622801  0.834173
4994.245608  0.84958
4994.868415  0.8915371
4995.491222  0.9021682
4996.114029  0.8833244
4996.736836  0.8712139
4997.359643  0.8883802
4997.98245  0.8913826
4998.605257  0.8556156
4999.228064  0.804503
4999.850871  0.7851317
5000.473678  0.7950305
5001.096485  0.8054111
5001.719292  0.8056181
5002.342099  0.812732
5002.964906  0.8237426
5003.587713  0.8124105
5004.21052  0.8016816
5004.833327  0.7741078
5005.456134  0.714933
5006.078941  0.695078
5006.701748  0.7283461
5007.324555  0.7971104
5007.947362  0.8786595
5008.570169  0.9054445
5009.192976  0.875211
5009.815783  0.8475008
5010.43859  0.8556835
5011.061397  0.8435041
5011.684204  0.7760761
5012.307011  0.7323443
5012.929818  0.7139338
5013.552625  0.70239
5014.175432  0.6973163
5014.798239  0.7389615
5015.421046  0.7983994
5016.043853  0.8219917
5016.66666  0.8133392
5017.289467  0.7714034
5017.912274  0.7321743
5018.535081  0.7581202
5019.157888  0.7960799
5019.780695  0.8169835
5020.403502  0.8265704
5021.026309  0.8059905
5021.649116  0.7667848
5022.271923  0.7471786
5022.89473  0.7867473
5023.517537  0.839027
5024.140344  0.8558392
5024.763151  0.8383957
5025.385958  0.8534006
5026.008765  0.8639543
5026.631572  0.8121868
5027.254379  0.7420973
5027.877186  0.7513794
5028.499993  0.8374053
5029.1228  0.8830857
5029.745607  0.8843393
5030.368414  0.8695599
5030.991221  0.8676896
5031.614028  0.8940341
5032.236835  0.9310921
5032.859642  0.9574853
5033.482449  0.967399
5034.105256  0.9485354
5034.728063  0.8817445
5035.35087  0.7781216
5035.973677  0.7423008
5036.596484  0.789092
5037.219291  0.851958
5037.842098  0.8482965
5038.464905  0.8067995
5039.087712  0.7675967
5039.710519  0.7248421
5040.333326  0.637552
5040.956133  0.5674205
5041.57894  0.6077324
5042.201747  0.7424235
5042.824554  0.8509626
5043.447361  0.8765727
5044.070168  0.8954916
5044.692975  0.9154284
5045.315782  0.9420796
5045.938589  0.9767432
5046.561396  0.9797717
5047.184203  0.9243754
5047.80701  0.8324
5048.429817  0.7763458
5049.052624  0.7676175
5049.675431  0.7936858
5050.298238  0.8302
5050.921045  0.8182037
5051.543852  0.7891107
5052.166659  0.8019505
5052.789466  0.8404158
5053.412273  0.8777651
5054.03508  0.9067188
5054.657887  0.9379236
5055.280694  0.9378714
5055.903501  0.9154046
5056.526308  0.90711
5057.149115  0.9095202
5057.771922  0.9209377
5058.394729  0.9320845
5059.017536  0.9240971
5059.640343  0.9224838
5060.26315  0.9425368
5060.885957  0.9703212
5061.508764  0.979109
5062.131571  0.9745296
5062.754378  0.9659294
5063.377185  0.9309216
5063.999992  0.8444473
5064.622799  0.7578996
5065.245606  0.7712362
5065.868413  0.8330213
5066.49122  0.8711018
5067.114027  0.8556934
5067.736834  0.8256204
5068.359641  0.8117218
5068.982448  0.8333569
5069.605255  0.894273
5070.228062  0.9369227
5070.850869  0.916329
5071.473676  0.8430725
5072.096483  0.7910013
5072.71929  0.8117812
5073.342097  0.8823285
5073.964904  0.9043686
5074.587711  0.8824614
5075.210518  0.8550053
5075.833325  0.8481251
5076.456132  0.8709742
5077.078939  0.9106077
5077.701746  0.9257108
5078.324553  0.8494133
5078.94736  0.7279111
5079.570167  0.6510746
5080.192974  0.6716991
5080.815781  0.7462561
5081.438588  0.8138786
5082.061395  0.8373451
5082.684202  0.8113179
5083.307009  0.7916616
5083.929816  0.8168278
5084.552623  0.8499586
5085.17543  0.8713855
5085.798237  0.8781948
5086.421044  0.8773883
5087.043851  0.8705579
5087.666658  0.8654754
5088.289465  0.8720844
5088.912272  0.8978277
5089.535079  0.9148329
5090.157886  0.9068004
5090.780693  0.8908643
5091.4035  0.8913001
5092.026307  0.9167135
5092.649114  0.9516648
5093.271921  0.9621006
5093.894728  0.9498717
5094.517535  0.933044
5095.140342  0.9205142
5095.763149  0.8998806
5096.385956  0.8692784
5097.008763  0.8390137
5097.63157  0.8030297
5098.254377  0.7475599
5098.877184  0.7002226
5099.499991  0.7538924
5100.122798  0.841306
5100.745605  0.895768
5101.368412  0.9281801
5101.991219  0.9211613
5102.614026  0.8906486
5103.236833  0.8687164
5103.85964  0.8594469
5104.482447  0.8564052
5105.105254  0.8584668
5105.728061  0.8712003
5106.350868  0.8542912
5106.973675  0.8133008
5107.596482  0.7973453
5108.219289  0.8275419
5108.842096  0.843635
5109.464903  0.8045682
5110.08771  0.779741
5110.710517  0.8140143
5111.333324  0.8784682
5111.956131  0.8965325
5112.578938  0.8835493
5113.201745  0.8788186
5113.824552  0.8976987
5114.447359  0.901803
5115.070166  0.893575
5115.692973  0.8977128
5116.31578  0.9294422
5116.938587  0.9550447
5117.561394  0.9630827
5118.184201  0.9662489
5118.807008  0.9579368
5119.429815  0.9383385
5120.052622  0.9107577
5120.675429  0.8787135
5121.298236  0.8612215
5121.921043  0.8479365
5122.54385  0.8060474
5123.166657  0.7556953
5123.789464  0.7405372
5124.412271  0.7730583
5125.035078  0.7898069
5125.657885  0.8048748
5126.280692  0.8220195
5126.903499  0.8003838
5127.526306  0.7936888
5128.149113  0.8012503
5128.77192  0.7863025
5129.394727  0.7877703
5130.017534  0.8151412
5130.640341  0.8460076
5131.263148  0.8518293
5131.885955  0.8691677
5132.508762  0.8908278
5133.131569  0.8700463
5133.754376  0.8639304
5134.377183  0.8979424
5134.99999  0.9422823
5135.622797  0.9343446
5136.245604  0.8732703
5136.868411  0.8170208
5137.491218  0.8297632
5138.114025  0.8262977
5138.736832  0.7840354
5139.359639  0.7673119
5139.982446  0.8399062
5140.605253  0.9097119
5141.22806  0.8791357
5141.850867  0.7856357
5142.473674  0.7363715
5143.096481  0.7776355
5143.719288  0.8551972
5144.342095  0.8709313
5144.964902  0.8349141
5145.587709  0.8099475
5146.210516  0.806298
5146.833323  0.7934326
5147.45613  0.7744057
5148.078937  0.7980805
5148.701744  0.8479955
5149.324551  0.8759838
5149.947358  0.852954
5150.570165  0.8213555
5151.192972  0.7974275
5151.815779  0.7913942
5152.438586  0.818908
5153.061393  0.8269022
5153.6842  0.8142046
5154.307007  0.8285429
5154.929814  0.8545243
5155.552621  0.8694233
5156.175428  0.8748658
5156.798235  0.9079314
5157.421042  0.9369898
5158.043849  0.9334914
5158.666656  0.9099329
5159.289463  0.9004046
5159.91227  0.9145967
5160.535077  0.9294169
5161.157884  0.9109723
5161.780691  0.8677068
5162.403498  0.8390435
5163.026305  0.8575506
5163.649112  0.8478117
5164.271919  0.7933153
5164.894726  0.7467981
5165.517533  0.7093744
5166.14034  0.6404735
5166.763147  0.5422264
5167.385954  0.517589
5168.008761  0.5490168
5168.631568  0.6195829
5169.254375  0.741891
5169.877182  0.8314909
5170.499989  0.8242251
5171.122796  0.7134872
5171.745603  0.5529892
5172.36841  0.4539212
5172.991217  0.4922023
5173.614024  0.6444495
5174.236831  0.8097644
5174.859638  0.9014068
5175.482445  0.9007888
5176.105252  0.8733928
5176.728059  0.8750973
5177.350866  0.9110672
5177.973673  0.931388
5178.59648  0.9250447
5179.219287  0.9072334
5179.842094  0.8984265
5180.464901  0.8926722
5181.087708  0.8718586
5181.710515  0.8084338
5182.333322  0.6738763
5182.956129  0.5121258
5183.578936  0.4299416
5184.201743  0.5269532
5184.82455  0.7000316
5185.447357  0.838811
5186.070164  0.9066464
5186.692971  0.9365718
5187.315778  0.9240993
5187.938585  0.8797905
5188.561392  0.8750799
5189.184199  0.9326846
5189.807006  0.9942287
5190.429813  0.9660715
5191.05262  0.8612328
5191.675427  0.7472658
5192.298234  0.7024499
5192.921041  0.7705911
5193.543848  0.8628286
5194.166655  0.8851871
5194.789462  0.837799
5195.412269  0.8099798
5196.035076  0.8322135
5196.657883  0.864399
5197.28069  0.8813154
5197.903497  0.8970799
5198.526304  0.9250155
5199.149111  0.9411279
5199.771918  0.9466935
5200.394725  0.9490342
5201.017532  0.9490006
5201.640339  0.9214228
5202.263146  0.9134997
5202.885953  0.9509191
5203.50876  0.9297875
5204.131567  0.865255
5204.754374  0.7998874
5205.377181  0.7483956
5205.999988  0.7732374
5206.622795  0.8350528
5207.245602  0.8350952
5207.868409  0.7566734
5208.491216  0.7203692
5209.114023  0.7884139
5209.73683  0.8413777
5210.359637  0.8673425
5210.982444  0.8919181
5211.605251  0.9294148
5212.228058  0.9533921
5212.850865  0.9721873
5213.473672  0.9889039
5214.096479  0.9537488
5214.719286  0.8960148
5215.342093  0.8560789
5215.9649  0.8405899
5216.587707  0.85074
5217.210514  0.8754683
5217.833321  0.9059158
5218.456128  0.9547196
5219.078935  0.9708279
5219.701742  0.9460741
5220.324549  0.9672554
5220.947356  0.9877561
5221.570163  0.97541
5222.19297  0.9520186
5222.815777  0.9274852
5223.438584  0.8927911
5224.061391  0.8439777
5224.684198  0.8037949
5225.307005  0.7748224
5225.929812  0.733522
5226.552619  0.664357
5227.175426  0.6745763
5227.798233  0.7850541
5228.42104  0.912973
5229.043847  0.9541117
5229.666654  0.9341601
5230.289461  0.9291472
5230.912268  0.9674399
5231.535075  0.9755898
5232.157882  0.9213082
5232.780689  0.8538814
5233.403496  0.8506317
5234.026303  0.8720413
5234.64911  0.8610845
5235.271917  0.8645977
5235.894724  0.9104677
5236.517531  0.9749283
5237.140338  1.001393
5237.763145  1.003933
5238.385952  0.9913294
5239.008759  0.9682745
5239.631566  0.9637055
5240.254373  0.9837926
5240.87718  1.008224
5241.499987  1.004975
5242.122794  0.9824242
5242.745601  0.9610789
5243.368408  0.9609868
5243.991215  1.002729
5244.614022  1.045395
5245.236829  1.037937
5245.859636  0.9834579
5246.482443  0.891032
5247.10525  0.8234472
5247.728057  0.859136
5248.350864  0.9222642
5248.973671  0.9316143
5249.596478  0.8742015
5250.219285  0.8323713
5250.842092  0.8410102
5251.464899  0.8823129
5252.087706  0.9126511
5252.710513  0.9301673
5253.33332  0.9392612
5253.956127  0.929159
5254.578934  0.8607886
5255.201741  0.8163422
5255.824548  0.8722397
5256.447355  0.9666939
5257.070162  1.031453
5257.692969  1.049814
5258.315776  1.053688
5258.938583  1.037327
5259.56139  1.014415
5260.184197  0.9990264
5260.807004  0.9682475
5261.429811  0.913636
5262.052618  0.8538678
5262.675425  0.821198
5263.298232  0.781918
5263.921039  0.7486767
5264.543846  0.751289
5265.166653  0.7120965
5265.78946  0.6696438
5266.412267  0.7043677
5267.035074  0.82396
5267.657881  0.9035283
5268.280688  0.8532417
5268.903495  0.7050594
5269.526302  0.5833698
5270.149109  0.592853
5270.771916  0.7365201
5271.394723  0.8810008
5272.01753  0.9424586
5272.640337  0.9240307
5273.263144  0.8960561
5273.885951  0.9046156
5274.508758  0.9053233
5275.131565  0.8447267
5275.754372  0.8304476
5276.377179  0.8979692
5276.999986  1.00111
5277.622793  1.057851
5278.2456  1.060251
5278.868407  1.03342
5279.491214  1.000348
5280.114021  0.9624618
5280.736828  0.9230704
5281.359635  0.8977067
5281.982442  0.9114682
5282.605249  0.9137706
5283.228056  0.8758059
5283.850863  0.8419861
5284.47367  0.8742432
5285.096477  0.9615995
5285.719284  1.040026
5286.342091  1.08172
5286.964898  1.082389
5287.587705  1.056048
5288.210512  1.027149
5288.833319  1.026916
5289.456126  1.057907
5290.078933  1.09279
5290.70174  1.10414
5291.324547  1.093878
5291.947354  1.072822
5292.570161  1.028857
5293.192968  1.002104
5293.815775  1.009743
5294.438582  1.015892
5295.061389  1.011029
5295.684196  0.9885387
5296.307003  0.9402158
5296.92981  0.8671195
5297.552617  0.7973183
5298.175424  0.7803494
5298.798231  0.8560863
5299.421038  0.9503036
5300.043845  0.9900583
5300.666652  0.9638403
5301.289459  0.9302621
5301.912266  0.9246086
5302.535073  0.951761
5303.15788  1.001384
5303.780687  1.044351
5304.403494  1.066556
5305.026301  1.081045
5305.649108  1.088604
5306.271915  1.070425
5306.894722  1.024
5307.517529  1.007245
5308.140336  1.027859
5308.763143  1.061278
5309.38595  1.083531
5310.008757  1.090356
5310.631564  1.090651
5311.254371  1.091533
5311.877178  1.079942
5312.499985  1.057473
5313.122792  1.038737
5313.745599  1.041897
5314.368406  1.051189
5314.991213  1.047901
5315.61402  1.02696
5316.236827  0.9921875
5316.859634  0.9756948
5317.482441  0.9995297
5318.105248  1.019333
5318.728055  1.019641
5319.350862  1.010295
5319.973669  1.008115
5320.596476  1.016523
5321.219283  1.022273
5321.84209  1.014079
5322.464897  1.019244
5323.087704  0.9982246
5323.710511  0.9311346
5324.333318  0.9019444
5324.956125  0.9236405
5325.578932  0.9697976
5326.201739  0.9979455
5326.824546  0.9483938
5327.447353  0.8050561
5328.07016  0.642875
5328.692967  0.6403662
5329.315774  0.7645451
5329.938581  0.9018012
5330.561388  0.9920331
5331.184195  1.026317
5331.807002  1.010586
5332.429809  0.9642933
5333.052616  0.9511115
5333.675423  0.9916143
5334.29823  1.055251
5334.921037  1.081997
5335.543844  1.07042
5336.166651  1.044401
5336.789458  1.028827
5337.412265  1.031433
5338.035072  1.048539
5338.657879  1.057442
5339.280686  1.011874
5339.903493  0.921325
5340.5263  0.8483841
5341.149107  0.8668887
5341.771914  0.9473331
5342.394721  1.014665
5343.017528  1.023245
5343.640335  1.034186
5344.263142  1.049698
5344.885949  1.035383
5345.508756  0.9779329
5346.131563  0.9617379
5346.75437  1.003408
5347.377177  1.024358
5347.999984  1.000767
5348.622791  0.9520939
5349.245598  0.9218535
5349.868405  0.9456564
5350.491212  0.9983181
5351.114019  1.043085
5351.736826  1.06728
5352.359633  1.057286
5352.98244  1.031718
5353.605247  1.030164
5354.228054  1.073802
5354.850861  1.117029
5355.473668  1.120924
5356.096475  1.114434
5356.719282  1.111247
5357.342089  1.10922
5357.964896  1.101103
5358.587703  1.097185
5359.21051  1.100582
5359.833317  1.10542
5360.456124  1.10368
5361.078931  1.07784
5361.701738  1.03592
5362.324545  1.015563
5362.947352  1.030991
5363.570159  1.054926
5364.192966  1.0451
5364.815773  0.9991002
5365.43858  0.9805641
5366.061387  1.012047
5366.684194  1.017135
5367.307001  1.011768
5367.929808  1.018007
5368.552615  1.024438
5369.175422  0.9868148
5369.798229  0.9261158
5370.421036  0.8782009
5371.043843  0.8199674
5371.66665  0.817825
5372.289457  0.9018481
5372.912264  1.007876
5373.535071  1.054857
5374.157878  1.060768
5374.780685  1.086532
5375.403492  1.09666
5376.026299  1.08197
5376.649106  1.051115
5377.271913  1.018085
5377.89472  1.021188
5378.517527  1.051103
5379.140334  1.062866
5379.763141  1.059896
5380.385948  1.03855
5381.008755  1.011428
5381.631562  1.025242
5382.254369  1.034727
5382.877176  1.014263
5383.499983  1.002131
5384.12279  1.029503
5384.745597  1.068369
5385.368404  1.072727
5385.991211  1.056233
5386.614018  1.03188
5387.236825  1.016135
5387.859632  1.023165
5388.482439  1.017061
5389.105246  0.9888664
5389.728053  0.9641814
5390.35086  0.9619118
5390.973667  0.9672804
5391.596474  0.9634324
5392.219281  0.9660699
5392.842088  0.9706866
5393.464895  0.9661704
5394.087702  0.9496754
5394.710509  0.953514
5395.333316  0.9751294
5395.956123  0.9686008
5396.57893  0.8744006
5397.201737  0.8037267
5397.824544  0.8471968
5398.447351  0.9501328
5399.070158  1.011648
5399.692965  0.9970819
5400.315772  0.9540802
5400.938579  0.956133
5401.561386  0.9971459
5402.184193  1.033935
5402.807  1.045759
5403.429807  0.9929931
5404.052614  0.9050459
5404.675421  0.855356
5405.298228  0.8020679
5405.921035  0.7784595
5406.543842  0.8259885
5407.166649  0.8786288
5407.789456  0.9321503
5408.412263  0.9682159
5409.03507  0.937336
5409.657877  0.8933142
5410.280684  0.8819315
5410.903491  0.9119768
5411.526298  0.9717441
5412.149105  1.024904
5412.771912  1.042237
5413.394719  1.029877
5414.017526  1.008601
5414.640333  0.9946916
5415.26314  0.9966782
5415.885947  1.023906
5416.508754  1.058768
5417.131561  1.078425
5417.754368  1.079379
5418.377175  1.05743
5418.999982  1.024193
5419.622789  1.002095
5420.245596  0.9695403
5420.868403  0.9467815
5421.49121  0.9713681
5422.114017  1.025691
5422.736824  1.054985
5423.359631  1.018746
5423.982438  0.9354278
5424.605245  0.9116296
5425.228052  0.9669961
5425.850859  1.028446
5426.473666  1.073178
5427.096473  1.100162
5427.71928  1.105627
5428.342087  1.062914
5428.964894  0.937957
5429.587701  0.8136589
5430.210508  0.845806
5430.833315  0.9653289
5431.456122  1.039141
5432.078929  1.001689
5432.701736  0.950491
5433.324543  0.9252622
5433.94735  0.9120706
5434.570157  0.8843716
5435.192964  0.8815143
5435.815771  0.8978316
5436.438578  0.9008132
5437.061385  0.9410524
5437.684192  1.006382
5438.306999  1.058754
5438.929806  1.092815
5439.552613  1.102662
5440.17542  1.096365
5440.798227  1.090446
5441.421034  1.084351
5442.043841  1.080625
5442.666648  1.084265
5443.289455  1.099127
5443.912262  1.08347
5444.535069  1.035024
5445.157876  1.006654
5445.780683  0.9429539
5446.40349  0.8534711
5447.026297  0.8177276
5447.649104  0.8915137
5448.271911  0.9969752
5448.894718  1.054012
5449.517525  1.087701
5450.140332  1.090788
5450.763139  1.073843
5451.385946  1.065258
5452.008753  1.057234
5452.63156  1.046401
5453.254367  1.033892
5453.877174  1.018412
5454.499981  0.9643841
5455.122788  0.8831562
5455.745595  0.8494553
5456.368402  0.899359
5456.991209  0.9893032
5457.614016  1.051042
5458.236823  1.088751
5458.85963  1.101323
5459.482437  1.085031
5460.105244  1.044303
5460.728051  1.019021
5461.350858  1.013754
5461.973665  0.9946509
5462.596472  0.9414872
5463.219279  0.9026728
5463.842086  0.9281708
5464.464893  0.9954288
5465.0877  1.053148
5465.710507  1.060375
5466.333314  1.020047
5466.956121  1.006353
5467.578928  1.026549
5468.201735  1.042481
5468.824542  1.05047
