4780.  1.065466
4780.622807  1.084114
4781.245614  1.103561
4781.868421  1.100402
4782.491228  1.065716
4783.114035  1.024047
4783.736842  1.025067
4784.359649  1.06683
4784.982456  1.094247
4785.605263  1.057097
4786.22807  1.008645
4786.850877  1.003729
4787.473684  1.042768
4788.096491  1.057309
4788.719298  1.03639
4789.342105  1.016818
4789.964912  1.039421
4790.587719  1.069151
4791.210526  1.076502
4791.833333  1.062225
4792.45614  1.059288
4793.078947  1.080217
4793.701754  1.113416
4794.324561  1.133138
4794.947368  1.131407
4795.570175  1.121153
4796.192982  1.117543
4796.815789  1.115674
4797.438596  1.098681
4798.061403  1.06783
4798.68421  1.052323
4799.307017  1.050493
4799.929824  1.050643
4800.552631  1.048635
4801.175438  1.069547
4801.798245  1.094776
4802.421052  1.102526
4803.043859  1.100865
4803.666666  1.091796
4804.289473  1.069922
4804.91228  1.040896
4805.535087  1.051967
4806.157894  1.074892
4806.780701  1.067677
4807.403508  1.052256
4808.026315  1.050624
4808.649122  1.065128
4809.271929  1.077606
4809.894736  1.081614
4810.517543  1.07945
4811.14035  1.07956
4811.763157  1.08793
4812.385964  1.091106
4813.008771  1.085766
4813.631578  1.08851
4814.254385  1.099067
4814.877192  1.105944
4815.499999  1.105064
4816.122806  1.11808
4816.745613  1.125836
4817.36842  1.115103
4817.991227  1.110065
4818.614034  1.119344
4819.236841  1.13005
4819.859648  1.12455
4820.482455  1.113994
4821.105262  1.112949
4821.728069  1.114556
4822.350876  1.086717
4822.973683  1.032146
4823.59649  0.9973751
4824.219297  1.028258
4824.842104  1.067743
4825.464911  1.092207
4826.087718  1.108247
4826.710525  1.111762
4827.333332  1.110495
4827.956139  1.097893
4828.578946  1.062093
4829.201753  1.053327
4829.82456  1.072297
4830.447367  1.083107
4831.070174  1.074553
4831.692981  1.06116
4832.315788  1.06173
4832.938595  1.077243
4833.561402  1.093298
4834.184209  1.099096
4834.807016  1.09262
4835.429823  1.079893
4836.05263  1.074751
4836.675437  1.084012
4837.298244  1.094238
4837.921051  1.083774
4838.543858  1.05671
4839.166665  1.034892
4839.789472  1.017197
4840.412279  1.018119
4841.035086  1.043974
4841.657893  1.06848
4842.2807  1.059961
4842.903507  1.033823
4843.526314  1.040141
4844.149121  1.065213
4844.771928  1.08704
4845.394735  1.095305
4846.017542  1.095878
4846.640349  1.089524
4847.263156  1.073231
4847.885963  1.045698
4848.50877  1.027514
4849.131577  1.033996
4849.754384  1.061058
4850.377191  1.081828
4850.999998  1.080657
4851.622805  1.063415
4852.245612  1.052346
4852.868419  1.050749
4853.491226  1.047406
4854.114033  1.024109
4854.73684  0.9647595
4855.359647  0.9171284
4855.982454  0.9235796
4856.605261  0.9529601
4857.228068  0.969131
4857.850875  0.9560427
4858.473682  0.9195186
4859.096489  0.8594324
4859.719296  0.7691225
4860.342103  0.6517037
4860.96491  0.5420339
4861.587717  0.5431955
4862.210524  0.6689397
4862.833331  0.8029541
4863.456138  0.8710327
4864.078945  0.8928647
4864.701752  0.9224362
4865.324559  0.9460449
4865.947366  0.9663054
4866.570173  0.9880332
4867.19298  1.003987
4867.815787  1.011993
4868.438594  1.022305
4869.061401  1.038663
4869.684208  1.029852
4870.307015  0.9750062
4870.929822  0.8964525
4871.552629  0.8629568
4872.175436  0.9007507
4872.798243  0.9711632
4873.42105  1.010131
4874.043857  1.032314
4874.666664  1.034235
4875.289471  1.017254
4875.912278  1.020981
4876.535085  1.034499
4877.157892  1.031587
4877.780699  1.008785
4878.403506  1.017953
4879.026313  1.068034
4879.64912  1.118623
4880.271927  1.120303
4880.894734  1.075727
4881.517541  1.031519
4882.140348  1.039227
4882.763155  1.067538
4883.385962  1.077232
4884.008769  1.056831
4884.631576  1.034936
4885.254383  1.012787
4885.87719  0.9914637
4886.499997  0.9926655
4887.122804  1.015318
4887.745611  1.031482
4888.368418  1.01817
4888.991225  1.016255
4889.614032  1.013328
4890.236839  0.9743769
4890.859646  0.9020128
4891.482453  0.8974823
4892.10526  0.9825028
4892.728067  1.066875
4893.350874  1.107732
4893.973681  1.117985
4894.596488  1.127517
4895.219295  1.133205
4895.842102  1.12698
4896.464909  1.11341
4897.087716  1.110291
4897.710523  1.117804
4898.33333  1.12101
4898.956137  1.1042
4899.578944  1.068944
4900.201751  1.057714
4900.824558  1.086885
4901.447365  1.11373
4902.070172  1.103206
4902.692979  1.066071
4903.315786  1.040624
4903.938593  1.038769
4904.5614  1.061927
4905.184207  1.097981
4905.807014  1.119546
4906.429821  1.119241
4907.052628  1.102933
4907.675435  1.083082
4908.298242  1.074975
4908.921049  1.057324
4909.543856  1.012527
4910.166663  0.9757732
4910.78947  0.9740232
4911.412277  1.011105
4912.035084  1.062787
4912.657891  1.086362
4913.280698  1.08173
4913.903505  1.081049
4914.526312  1.103642
4915.149119  1.12655
4915.771926  1.125655
4916.394733  1.103956
4917.01754  1.074474
4917.640347  1.02699
4918.263154  0.9559758
4918.885961  0.9224163
4919.508768  0.9087733
4920.131575  0.893567
4920.754382  0.9169569
4921.377189  0.9780764
4921.999996  1.037499
4922.622803  1.050481
4923.24561  1.026743
4923.868417  0.9953586
4924.491224  0.9876052
4925.114031  1.02214
4925.736838  1.073372
4926.359645  1.100186
4926.982452  1.081952
4927.605259  1.068862
4928.228066  1.086113
4928.850873  1.115156
4929.47368  1.111178
4930.096487  1.094612
4930.719294  1.096025
4931.342101  1.112105
4931.964908  1.110863
4932.587715  1.067202
4933.210522  0.9945015
4933.833329  0.9680318
4934.456136  1.007772
4935.078943  1.068598
4935.70175  1.079314
4936.324557  1.063792
4936.947364  1.041981
4937.570171  1.005609
4938.192978  0.9708997
4938.815785  0.9504423
4939.438592  0.9625803
4940.061399  1.033077
4940.684206  1.099388
4941.307013  1.116384
4941.92982  1.101176
4942.552627  1.091559
4943.175434  1.107702
4943.798241  1.132312
4944.421048  1.11611
4945.043855  1.080195
4945.666662  1.056631
4946.289469  1.051545
4946.912276  1.079751
4947.535083  1.114963
4948.15789  1.121173
4948.780697  1.114443
4949.403504  1.10107
4950.026311  1.091745
4950.649118  1.106341
4951.271925  1.116457
4951.894732  1.10613
4952.517539  1.089076
4953.140346  1.090017
4953.763153  1.094422
4954.38596  1.089225
4955.008767  1.098327
4955.631574  1.102844
4956.254381  1.046956
4956.877188  0.9076
4957.499995  0.8446035
4958.122802  0.912643
4958.745609  1.039516
4959.368416  1.107467
4959.991223  1.127181
4960.61403  1.134069
4961.236837  1.12515
4961.859644  1.114158
4962.482451  1.112404
4963.105258  1.121107
4963.728065  1.125305
4964.350872  1.112644
4964.973679  1.08257
4965.596486  1.049996
4966.219293  1.046682
4966.8421  1.064481
4967.464907  1.068034
4968.087714  1.058046
4968.710521  1.050785
4969.333328  1.050956
4969.956135  1.04258
4970.578942  1.046943
4971.201749  1.072234
4971.824556  1.096097
4972.447363  1.096688
4973.07017  1.089093
4973.692977  1.097837
4974.315784  1.113337
4974.938591  1.114931
4975.561398  1.102777
4976.184205  1.098297
4976.807012  1.094972
4977.429819  1.083744
4978.052626  1.064353
4978.675433  1.051202
4979.29824  1.046534
4979.921047  1.045751
4980.543854  1.043886
4981.166661  1.026474
4981.789468  0.9863058
4982.412275  0.9359177
4983.035082  0.9096205
4983.657889  0.9227787
4984.280696  0.955839
4984.903503  0.9655254
4985.52631  0.9773562
4986.149117  1.018626
4986.771924  1.080452
4987.394731  1.112828
4988.017538  1.099773
4988.640345  1.070039
4989.263152  1.073824
4989.885959  1.071377
4990.508766  1.040087
4991.131573  1.019344
4991.75438  1.045164
4992.377187  1.080391
4992.999994  1.070195
4993.622801  1.043284
4994.245608  1.043763
4994.868415  1.077052
4995.491222  1.098057
4996.114029  1.092606
4996.736836  1.078719
4997.359643  1.077419
4997.98245  1.069175
4998.605257  1.04567
4999.228064  1.020658
4999.850871  1.019748
5000.473678  1.020219
5001.096485  1.009097
5001.719292  0.9979414
5002.342099  1.003412
5002.964906  1.02462
5003.587713  1.046641
5004.21052  1.051432
5004.833327  1.013203
5005.456134  0.9482217
5006.078941  0.9126211
5006.701748  0.932254
5007.324555  0.9905357
5007.947362  1.049338
5008.570169  1.088444
5009.192976  1.093071
5009.815783  1.07458
5010.43859  1.063948
5011.061397  1.031844
5011.684204  0.9844165
5012.307011  0.9581677
5012.929818  0.9534637
5013.552625  0.9506059
5014.175432  0.9457989
5014.798239  0.9683339
5015.421046  1.006591
5016.043853  1.028726
5016.66666  1.009676
5017.289467  0.9627322
5017.912274  0.9301427
5018.535081  0.9427351
5019.157888  0.9854132
5019.780695  1.026395
5020.403502  1.044692
5021.026309  1.038316
5021.649116  1.007061
5022.271923  0.9818935
5022.89473  0.9951267
5023.517537  1.032754
5024.140344  1.051956
5024.763151  1.042929
5025.385958  1.043772
5026.008765  1.040833
5026.631572  1.013349
5027.254379  0.9706963
5027.877186  0.9801558
5028.499993  1.029989
5029.1228  1.068916
5029.745607  1.065012
5030.368414  1.048918
5030.991221  1.047613
5031.614028  1.06279
5032.236835  1.085202
5032.859642  1.099848
5033.482449  1.100864
5034.105256  1.096655
5034.728063  1.047813
5035.35087  0.9724807
5035.973677  0.9508532
5036.596484  0.9904262
5037.219291  1.037262
5037.842098  1.036252
5038.464905  1.004651
5039.087712  0.9799048
5039.710519  0.9649796
5040.333326  0.9201822
5040.956133  0.8627992
5041.57894  0.8604441
5042.201747  0.949726
5042.824554  1.030484
5043.447361  1.060537
5044.070168  1.059207
5044.692975  1.070573
5045.315782  1.086311
5045.938589  1.098072
5046.561396  1.105306
5047.184203  1.08024
5047.80701  1.033582
5048.429817  0.9951788
5049.052624  0.9821663
5049.675431  0.9974543
5050.298238  1.017422
5050.921045  1.010975
5051.543852  0.998049
5052.166659  1.003857
5052.789466  1.034347
5053.412273  1.065753
5054.03508  1.077851
5054.657887  1.073997
5055.280694  1.076428
5055.903501  1.074409
5056.526308  1.069765
5057.149115  1.074094
5057.771922  1.082289
5058.394729  1.0882
5059.017536  1.087809
5059.640343  1.081218
5060.26315  1.081358
5060.885957  1.086767
5061.508764  1.087723
5062.131571  1.097412
5062.754378  1.107084
5063.377185  1.089676
5063.999992  1.024279
5064.622799  0.9730757
5065.245606  0.9800149
5065.868413  1.022551
5066.49122  1.045564
5067.114027  1.035257
5067.736834  1.016639
5068.359641  1.013737
5068.982448  1.029116
5069.605255  1.05459
5070.228062  1.077187
5070.850869  1.065956
5071.473676  1.02536
5072.096483  0.9934565
5072.71929  1.001729
5073.342097  1.030851
5073.964904  1.043163
5074.587711  1.026375
5075.210518  1.015445
5075.833325  1.026878
5076.456132  1.047334
5077.078939  1.075556
5077.701746  1.070373
5078.324553  1.008329
5078.94736  0.9369456
5079.570167  0.893593
5080.192974  0.900718
5080.815781  0.9552583
5081.438588  1.005708
5082.061395  1.019394
5082.684202  1.000332
5083.307009  0.9849742
5083.929816  0.9973841
5084.552623  1.032692
5085.17543  1.061111
5085.798237  1.067853
5086.421044  1.05782
5087.043851  1.046401
5087.666658  1.040012
5088.289465  1.04573
5088.912272  1.060134
5089.535079  1.067187
5090.157886  1.060384
5090.780693  1.049857
5091.4035  1.051735
5092.026307  1.062794
5092.649114  1.077396
5093.271921  1.087991
5093.894728  1.088996
5094.517535  1.08664
5095.140342  1.082331
5095.763149  1.067315
5096.385956  1.036885
5097.008763  1.005595
5097.63157  0.9828967
5098.254377  0.9420416
5098.877184  0.9159263
5099.499991  0.9364428
5100.122798  0.9944289
5100.745605  1.052743
5101.368412  1.081368
5101.991219  1.075919
5102.614026  1.061065
5103.236833  1.048825
5103.85964  1.0421
5104.482447  1.038871
5105.105254  1.040509
5105.728061  1.043458
5106.350868  1.034598
5106.973675  0.9922104
5107.596482  0.9691002
5108.219289  1.000901
5108.842096  1.020715
5109.464903  0.9990093
5110.08771  0.9722345
5110.710517  1.001189
5111.333324  1.045265
5111.956131  1.071915
5112.578938  1.076731
5113.201745  1.072731
5113.824552  1.062073
5114.447359  1.047721
5115.070166  1.040361
5115.692973  1.045525
5116.31578  1.061009
5116.938587  1.076956
5117.561394  1.082751
5118.184201  1.081909
5118.807008  1.080295
5119.429815  1.074876
5120.052622  1.059603
5120.675429  1.040417
5121.298236  1.031246
5121.921043  1.031488
5122.54385  1.021185
5123.166657  0.992765
5123.789464  0.9752844
5124.412271  0.9693586
5125.035078  0.9702051
5125.657885  0.9790652
5126.280692  0.9958376
5126.903499  1.010373
5127.526306  1.012441
5128.149113  1.004091
5128.77192  0.9914778
5129.394727  0.9884685
5130.017534  1.007533
5130.640341  1.017413
5131.263148  1.01554
5131.885955  1.020804
5132.508762  1.019718
5133.131569  1.003652
5133.754376  0.9908974
5134.377183  1.022579
5134.99999  1.058603
5135.622797  1.054789
5136.245604  1.010258
5136.868411  0.9752505
5137.491218  0.9775462
5138.114025  0.9897137
5138.736832  0.9398082
5139.359639  0.9152995
5139.982446  0.9661531
5140.605253  1.027595
5141.22806  1.019638
5141.850867  0.9529157
5142.473674  0.9063125
5143.096481  0.9480072
5143.719288  1.014918
5144.342095  1.037086
5144.964902  1.024357
5145.587709  1.007468
5146.210516  0.9978788
5146.833323  0.9872497
5147.45613  0.9723064
5148.078937  0.972845
5148.701744  1.001599
5149.324551  1.036987
5149.947358  1.035528
5150.570165  1.001212
5151.192972  0.9806501
5151.815779  0.9905536
5152.438586  1.002747
5153.061393  0.9945641
5153.6842  0.9954699
5154.307007  1.003969
5154.929814  1.008949
5155.552621  1.009138
5156.175428  1.028149
5156.798235  1.056123
5157.421042  1.065544
5158.043849  1.053954
5158.666656  1.039537
5159.289463  1.037933
5159.91227  1.046432
5160.535077  1.054003
5161.157884  1.037163
5161.780691  0.9925582
5162.403498  0.9849389
5163.026305  1.012437
5163.649112  1.029966
5164.271919  1.003425
5164.894726  0.9680441
5165.517533  0.9277213
5166.14034  0.8492759
5166.763147  0.7599108
5167.385954  0.7121606
5168.008761  0.7355868
5168.631568  0.7982647
5169.254375  0.8866397
5169.877182  0.9646621
5170.499989  0.9702064
5171.122796  0.8798293
5171.745603  0.7376819
5172.36841  0.6409191
5172.991217  0.6886085
5173.614024  0.8328096
5174.236831  0.9687265
5174.859638  1.032329
5175.482445  1.0397
5176.105252  1.029522
5176.728059  1.028879
5177.350866  1.046867
5177.973673  1.061297
5178.59648  1.055378
5179.219287  1.043473
5179.842094  1.033201
5180.464901  1.027545
5181.087708  1.017412
5181.710515  0.9726029
5182.333322  0.8474355
5182.956129  0.6681041
5183.578936  0.5946662
5184.201743  0.6816124
5184.82455  0.8502663
5185.447357  0.9586593
5186.070164  1.011395
5186.692971  1.030865
5187.315778  1.021043
5187.938585  0.9730672
5188.561392  0.9454913
5189.184199  0.9801711
5189.807006  1.0398
5190.429813  1.036685
5191.05262  0.9614497
5191.675427  0.8872951
5192.298234  0.8770617
5192.921041  0.937489
5193.543848  1.010017
5194.166655  1.004088
5194.789462  0.9586812
5195.412269  0.9355772
5196.035076  0.9538
5196.657883  0.9823158
5197.28069  0.990463
5197.903497  0.9801699
5198.526304  0.9974476
5199.149111  1.023411
5199.771918  1.038154
5200.394725  1.049241
5201.017532  1.036465
5201.640339  1.007915
5202.263146  0.9953921
5202.885953  1.018663
5203.50876  1.023686
5204.131567  0.979058
5204.754374  0.9357088
5205.377181  0.919776
5205.999988  0.9441251
5206.622795  0.9938706
5207.245602  0.9879826
5207.868409  0.9346027
5208.491216  0.9041404
5209.114023  0.9557108
5209.73683  1.00743
5210.359637  1.016437
5210.982444  1.028092
5211.605251  1.046819
5212.228058  1.06195
5212.850865  1.065863
5213.473672  1.068375
5214.096479  1.043328
5214.719286  0.9898961
5215.342093  0.9547535
5215.9649  0.9535993
5216.587707  0.9640073
5217.210514  0.9647807
5217.833321  0.992315
5218.456128  1.030807
5219.078935  1.052889
5219.701742  1.060978
5220.324549  1.056694
5220.947356  1.05018
5221.570163  1.052229
5222.19297  1.052956
5222.815777  1.047314
5223.438584  1.035452
5224.061391  1.016353
5224.684198  0.9940138
5225.307005  0.9567317
5225.929812  0.8892182
5226.552619  0.8275914
5227.175426  0.8325886
5227.798233  0.9186696
5228.42104  0.9918995
5229.043847  1.013193
5229.666654  1.005566
5230.289461  1.020222
5230.912268  1.046156
5231.535075  1.037344
5232.157882  0.9737638
5232.780689  0.9374883
5233.403496  0.9511368
5234.026303  0.9789209
5234.64911  0.972137
5235.271917  0.9801309
5235.894724  1.012944
5236.517531  1.027536
5237.140338  1.04032
5237.763145  1.05986
5238.385952  1.074352
5239.008759  1.058627
5239.631566  1.041543
5240.254373  1.045855
5240.87718  1.056578
5241.499987  1.052454
5242.122794  1.031252
5242.745601  1.012773
5243.368408  1.017634
5243.991215  1.039432
5244.614022  1.060722
5245.236829  1.071104
5245.859636  1.059561
5246.482443  1.029667
5247.10525  1.00194
5247.728057  1.006829
5248.350864  1.028893
5248.973671  1.0309
5249.596478  0.9986984
5250.219285  0.9789485
5250.842092  0.995488
5251.464899  1.02156
5252.087706  1.031799
5252.710513  1.032859
5253.33332  1.035908
5253.956127  1.014909
5254.578934  0.9887367
5255.201741  0.9864318
5255.824548  1.016376
5256.447355  1.046105
5257.070162  1.06035
5257.692969  1.067505
5258.315776  1.075391
5258.938583  1.070873
5259.56139  1.055038
5260.184197  1.053285
5260.807004  1.02289
5261.429811  0.9674685
5262.052618  0.9356608
5262.675425  0.9238715
5263.298232  0.9150504
5263.921039  0.9015934
5264.543846  0.8955201
5265.166653  0.8717546
5265.78946  0.8466957
5266.412267  0.8770155
5267.035074  0.9497424
5267.657881  0.9992495
5268.280688  0.9683484
5268.903495  0.8756672
5269.526302  0.8002165
5270.149109  0.8094731
5270.771916  0.9023854
5271.394723  0.9898173
5272.01753  1.010693
5272.640337  0.9763963
5273.263144  0.9650664
5273.885951  0.9787136
5274.508758  0.9759073
5275.131565  0.9328216
5275.754372  0.9231411
5276.377179  0.9756843
5276.999986  1.041043
5277.622793  1.070676
5278.2456  1.066601
5278.868407  1.054665
5279.491214  1.043336
5280.114021  1.02232
5280.736828  0.9962468
5281.359635  0.9867445
5281.982442  0.9887391
5282.605249  0.9788451
5283.228056  0.9483675
5283.850863  0.9397372
5284.47367  0.9740741
5285.096477  1.031875
5285.719284  1.066303
5286.342091  1.077009
5286.964898  1.075211
5287.587705  1.067932
5288.210512  1.048672
5288.833319  1.042308
5289.456126  1.060685
5290.078933  1.070797
5290.70174  1.076381
5291.324547  1.076543
5291.947354  1.061619
5292.570161  1.048162
5293.192968  1.044739
5293.815775  1.049709
5294.438582  1.0581
5295.061389  1.056824
5295.684196  1.040265
5296.307003  1.01359
5296.92981  0.9702995
5297.552617  0.9295914
5298.175424  0.9238708
5298.798231  0.9637413
5299.421038  1.014688
5300.043845  1.041495
5300.666652  1.04368
5301.289459  1.021726
5301.912266  1.003535
5302.535073  1.018532
5303.15788  1.040657
5303.780687  1.058468
5304.403494  1.069898
5305.026301  1.066854
5305.649108  1.060494
5306.271915  1.052866
5306.894722  1.034849
5307.517529  1.027815
5308.140336  1.03794
5308.763143  1.05638
5309.38595  1.068479
5310.008757  1.07039
5310.631564  1.069522
5311.254371  1.077447
5311.877178  1.074846
5312.499985  1.061487
5313.122792  1.051665
5313.745599  1.048091
5314.368406  1.052966
5314.991213  1.053026
5315.61402  1.023062
5316.236827  0.9864205
5316.859634  0.9800717
5317.482441  1.01792
5318.105248  1.051466
5318.728055  1.063725
5319.350862  1.064823
5319.973669  1.060024
5320.596476  1.047109
5321.219283  1.03497
5321.84209  1.039222
5322.464897  1.040792
5323.087704  1.014792
5323.710511  0.9650653
5324.333318  0.9485749
5324.956125  0.9714391
5325.578932  1.007641
5326.201739  1.025455
5326.824546  0.9888605
5327.447353  0.900184
5328.07016  0.8149304
5328.692967  0.8354279
5329.315774  0.9211938
5329.938581  0.9914954
5330.561388  1.040404
5331.184195  1.056718
5331.807002  1.040199
5332.429809  1.009408
5333.052616  1.00101
5333.675423  1.020512
5334.29823  1.046053
5334.921037  1.051413
5335.543844  1.046911
5336.166651  1.041691
5336.789458  1.029295
5337.412265  1.028537
5338.035072  1.035502
5338.657879  1.030318
5339.280686  1.003088
5339.903493  0.9604852
5340.5263  0.9341176
5341.149107  0.9640523
5341.771914  1.012199
5342.394721  1.037585
5343.017528  1.033815
5343.640335  1.038249
5344.263142  1.048205
5344.885949  1.041381
5345.508756  1.013494
5346.131563  1.004251
5346.75437  1.022176
5347.377177  1.030704
5347.999984  1.015309
5348.622791  0.9876774
5349.245598  0.9745163
5349.868405  0.9973483
5350.491212  1.035226
5351.114019  1.061408
5351.736826  1.068917
5352.359633  1.052324
5352.98244  1.030043
5353.605247  1.0288
5354.228054  1.051174
5354.850861  1.067265
5355.473668  1.064725
5356.096475  1.072238
5356.719282  1.07566
5357.342089  1.071749
5357.964896  1.074159
5358.587703  1.072983
5359.21051  1.070867
5359.833317  1.073109
5360.456124  1.072468
5361.078931  1.059864
5361.701738  1.035165
5362.324545  1.012447
5362.947352  1.017364
5363.570159  1.023352
5364.192966  0.996026
5364.815773  0.9735051
5365.43858  0.9827029
5366.061387  1.00981
5366.684194  1.009097
5367.307001  0.9975184
5367.929808  1.000164
5368.552615  1.015473
5369.175422  0.9936092
5369.798229  0.9541027
5370.421036  0.9311119
5371.043843  0.9110596
5371.66665  0.9249539
5372.289457  0.9756098
5372.912264  1.022595
5373.535071  1.041871
5374.157878  1.051118
5374.780685  1.069205
5375.403492  1.068912
5376.026299  1.058531
5376.649106  1.049286
5377.271913  1.039502
5377.89472  1.040649
5378.517527  1.0452
5379.140334  1.035003
5379.763141  1.017803
5380.385948  1.008849
5381.008755  1.014927
5381.631562  1.023046
5382.254369  1.010179
5382.877176  0.9852332
5383.499983  0.9827406
5384.12279  1.016895
5384.745597  1.051616
5385.368404  1.053747
5385.991211  1.049503
5386.614018  1.043977
5387.236825  1.039953
5387.859632  1.043561
5388.482439  1.036449
5389.105246  1.01914
5389.728053  1.006026
5390.35086  1.004681
5390.973667  1.003821
5391.596474  0.9956301
5392.219281  0.9883496
5392.842088  0.9808705
5393.464895  0.9816917
5394.087702  0.999499
5394.710509  1.019065
5395.333316  1.026969
5395.956123  1.01101
5396.57893  0.9637376
5397.201737  0.9356437
5397.824544  0.9532858
5398.447351  0.9907105
5399.070158  1.012228
5399.692965  1.005834
5400.315772  0.988601
5400.938579  0.9932154
5401.561386  1.01787
5402.184193  1.035728
5402.807  1.017135
5403.429807  0.9683784
5404.052614  0.9193119
5404.675421  0.8987074
5405.298228  0.9024695
5405.921035  0.9208519
5406.543842  0.9486417
5407.166649  0.9859272
5407.789456  1.013725
5408.412263  1.01329
5409.03507  0.9809402
5409.657877  0.9434151
5410.280684  0.9313827
5410.903491  0.955959
5411.526298  0.9950873
5412.149105  1.023566
5412.771912  1.031906
5413.394719  1.025335
5414.017526  1.001557
5414.640333  0.9738234
5415.26314  0.9679964
5415.885947  1.006045
5416.508754  1.035337
5417.131561  1.026657
5417.754368  1.02113
5418.377175  1.020384
5418.999982  1.021063
5419.622789  1.019314
5420.245596  1.002401
5420.868403  0.9907485
5421.49121  1.002714
5422.114017  1.021035
5422.736824  1.013801
5423.359631  0.9765354
5423.982438  0.9414303
5424.605245  0.9399801
5425.228052  0.9739312
5425.850859  1.018984
5426.473666  1.043064
5427.096473  1.050259
5427.71928  1.044331
5428.342087  1.010637
5428.964894  0.9493406
5429.587701  0.9051169
5430.210508  0.9259688
5430.833315  0.9897645
5431.456122  1.031108
5432.078929  1.020016
5432.701736  1.000173
5433.324543  0.976954
5433.94735  0.955322
5434.570157  0.9467459
5435.192964  0.9557418
5435.815771  0.9659793
5436.438578  0.9698358
5437.061385  0.9933825
5437.684192  1.022531
5438.306999  1.03952
5438.929806  1.043934
5439.552613  1.04567
5440.17542  1.046163
5440.798227  1.03922
5441.421034  1.02788
5442.043841  1.029125
5442.666648  1.041625
5443.289455  1.036346
5443.912262  1.012935
5444.535069  0.9917753
5445.157876  0.986269
5445.780683  0.9519835
5446.40349  0.9062461
5447.026297  0.8964353
5447.649104  0.9457707
5448.271911  1.010805
5448.894718  1.048044
5449.517525  1.049624
5450.140332  1.046163
5450.763139  1.043399
5451.385946  1.034209
5452.008753  1.028883
5452.63156  1.028335
5453.254367  1.027739
5453.877174  1.018538
5454.499981  0.9753383
5455.122788  0.9196926
5455.745595  0.9021594
5456.368402  0.9422765
5456.991209  1.000609
5457.614016  1.035258
5458.236823  1.047157
5458.85963  1.045985
5459.482437  1.038675
5460.105244  1.026117
5460.728051  1.019019
5461.350858  1.010187
5461.973665  0.9846883
5462.596472  0.9388229
5463.219279  0.9148142
5463.842086  0.9406908
5464.464893  0.9967198
5465.0877  1.023685
5465.710507  1.008
5466.333314  0.9826594
5466.956121  0.9865478
5467.578928  1.006272
5468.201735  1.018803
5468.824542  1.023965
