4780.  0.940399
4780.622807  0.941915
4781.245614  0.9332708
4781.868421  0.9144025
4782.491228  0.8716214
4783.114035  0.8280366
4783.736842  0.8396839
4784.359649  0.8975152
4784.982456  0.9253972
4785.605263  0.8687499
4786.22807  0.809577
4786.850877  0.8182377
4787.473684  0.8816875
4788.096491  0.9009129
4788.719298  0.8671192
4789.342105  0.8281282
4789.964912  0.8321892
4790.587719  0.8491052
4791.210526  0.8626742
4791.833333  0.8759115
4792.45614  0.8988925
4793.078947  0.9404733
4793.701754  0.9901702
4794.324561  1.02213
4794.947368  1.024919
4795.570175  0.9983438
4796.192982  0.9582875
4796.815789  0.9392709
4797.438596  0.9165806
4798.061403  0.8740947
4798.68421  0.8412122
4799.307017  0.8253048
4799.929824  0.8283301
4800.552631  0.8550354
4801.175438  0.9155136
4801.798245  0.9685856
4802.421052  0.984507
4803.043859  0.988893
4803.666666  0.9688034
4804.289473  0.9225082
4804.91228  0.8788826
4805.535087  0.8841848
4806.157894  0.9041486
4806.780701  0.8861727
4807.403508  0.8464286
4808.026315  0.8209884
4808.649122  0.8347618
4809.271929  0.8801586
4809.894736  0.91712
4810.517543  0.9284308
4811.14035  0.9231096
4811.763157  0.9181679
4812.385964  0.9106619
4813.008771  0.8989469
4813.631578  0.8965826
4814.254385  0.9020094
4814.877192  0.9095892
4815.499999  0.9198711
4816.122806  0.9469472
4816.745613  0.9687445
4817.36842  0.9668394
4817.991227  0.9629999
4818.614034  0.9825153
4819.236841  1.008653
4819.859648  0.9981398
4820.482455  0.9752244
4821.105262  0.9659976
4821.728069  0.9624485
4822.350876  0.9120573
4822.973683  0.8345856
4823.59649  0.7930278
4824.219297  0.8343081
4824.842104  0.8959005
4825.464911  0.9361202
4826.087718  0.9521512
4826.710525  0.9396957
4827.333332  0.9151058
4827.956139  0.8937879
4828.578946  0.8774409
4829.201753  0.8894607
4829.82456  0.9228277
4830.447367  0.9339263
4831.070174  0.8806273
4831.692981  0.8157912
4832.315788  0.8100531
4832.938595  0.8560016
4833.561402  0.9086964
4834.184209  0.9372308
4834.807016  0.9432734
4835.429823  0.9255743
4836.05263  0.9108681
4836.675437  0.9225272
4837.298244  0.9385103
4837.921051  0.9258298
4838.543858  0.8816624
4839.166665  0.8422791
4839.789472  0.8199554
4840.412279  0.8286577
4841.035086  0.8689991
4841.657893  0.8971558
4842.2807  0.8790942
4842.903507  0.829919
4843.526314  0.816506
4844.149121  0.8626056
4844.771928  0.9315836
4845.394735  0.9635581
4846.017542  0.9651561
4846.640349  0.9499975
4847.263156  0.9210593
4847.885963  0.8677289
4848.50877  0.8217979
4849.131577  0.8269632
4849.754384  0.8974774
4850.377191  0.9486322
4850.999998  0.9430643
4851.622805  0.9126263
4852.245612  0.9147345
4852.868419  0.93231
4853.491226  0.9210455
4854.114033  0.8628119
4854.73684  0.7758338
4855.359647  0.7226489
4855.982454  0.7592198
4856.605261  0.8345771
4857.228068  0.8848286
4857.850875  0.8800309
4858.473682  0.8468121
4859.096489  0.8008714
4859.719296  0.7424698
4860.342103  0.6655107
4860.96491  0.5862178
4861.587717  0.5838464
4862.210524  0.6970778
4862.833331  0.798592
4863.456138  0.8176627
4864.078945  0.7838453
4864.701752  0.7942022
4865.324559  0.8380393
4865.947366  0.8780064
4866.570173  0.8876356
4867.19298  0.8579372
4867.815787  0.8248016
4868.438594  0.8274177
4869.061401  0.8660907
4869.684208  0.8679028
4870.307015  0.7969241
4870.929822  0.6940357
4871.552629  0.6462725
4872.175436  0.6861304
4872.798243  0.7751611
4873.42105  0.8338519
4874.043857  0.8443263
4874.666664  0.8268337
4875.289471  0.8119642
4875.912278  0.8359278
4876.535085  0.8790271
4877.157892  0.8944701
4877.780699  0.8790501
4878.403506  0.8998009
4879.026313  0.9729384
4879.64912  1.003983
4880.271927  0.952326
4880.894734  0.8595521
4881.517541  0.8091519
4882.140348  0.8343889
4882.763155  0.8934117
4883.385962  0.9210832
4884.008769  0.8905731
4884.631576  0.827179
4885.254383  0.7703035
4885.87719  0.7441707
4886.499997  0.7546371
4887.122804  0.7905007
4887.745611  0.8274219
4888.368418  0.8384428
4888.991225  0.8450535
4889.614032  0.8369582
4890.236839  0.7608428
4890.859646  0.6701289
4891.482453  0.6649492
4892.10526  0.7860376
4892.728067  0.9000027
4893.350874  0.9565321
4893.973681  0.9805939
4894.596488  1.016664
4895.219295  1.038152
4895.842102  1.024083
4896.464909  0.9918459
4897.087716  0.983793
4897.710523  0.9956166
4898.33333  0.9914208
4898.956137  0.943703
4899.578944  0.8865386
4900.201751  0.8701751
4900.824558  0.9123577
4901.447365  0.953487
4902.070172  0.9486854
4902.692979  0.9035481
4903.315786  0.8738646
4903.938593  0.879827
4904.5614  0.9185618
4905.184207  0.9769269
4905.807014  1.020045
4906.429821  1.018515
4907.052628  0.9711691
4907.675435  0.9239013
4908.298242  0.8901306
4908.921049  0.8580236
4909.543856  0.8181441
4910.166663  0.7945533
4910.78947  0.8021753
4911.412277  0.832746
4912.035084  0.8719813
4912.657891  0.8993502
4913.280698  0.9079348
4913.903505  0.9188889
4914.526312  0.9505833
4915.149119  0.989778
4915.771926  0.9979669
4916.394733  0.9783636
4917.01754  0.9331608
4917.640347  0.8617411
4918.263154  0.7725206
4918.885961  0.6958315
4919.508768  0.6500165
4920.131575  0.6273957
4920.754382  0.6591495
4921.377189  0.7419384
4921.999996  0.8291969
4922.622803  0.8742781
4923.24561  0.8679603
4923.868417  0.831396
4924.491224  0.7979188
4925.114031  0.8108089
4925.736838  0.8697603
4926.359645  0.9239724
4926.982452  0.9308656
4927.605259  0.9209835
4928.228066  0.9479343
4928.850873  1.000557
4929.47368  1.020414
4930.096487  0.9948638
4930.719294  0.9871221
4931.342101  1.005309
4931.964908  1.004524
4932.587715  0.9394792
4933.210522  0.8486041
4933.833329  0.8149399
4934.456136  0.87118
4935.078943  0.9428746
4935.70175  0.9635428
4936.324557  0.9203777
4936.947364  0.8488337
4937.570171  0.7756476
4938.192978  0.7260037
4938.815785  0.7187344
4939.438592  0.7595547
4940.061399  0.8441427
4940.684206  0.9348403
4941.307013  0.9761366
4941.92982  0.9734447
4942.552627  0.9698892
4943.175434  0.9976224
4943.798241  1.02351
4944.421048  1.011891
4945.043855  0.9626744
4945.666662  0.9196349
4946.289469  0.9230236
4946.912276  0.9639068
4947.535083  0.9983419
4948.15789  1.006305
4948.780697  0.9929836
4949.403504  0.9788296
4950.026311  0.9850399
4950.649118  1.013373
4951.271925  1.033989
4951.894732  1.011343
4952.517539  0.9772297
4953.140346  0.9617371
4953.763153  0.9712344
4954.38596  0.9847364
4955.008767  1.010877
4955.631574  1.017757
4956.254381  0.9303046
4956.877188  0.7651793
4957.499995  0.6539482
4958.122802  0.7158686
4958.745609  0.8671884
4959.368416  0.9981348
4959.991223  1.049047
4960.61403  1.042793
4961.236837  1.007822
4961.859644  0.9855228
4962.482451  1.004698
4963.105258  1.036018
4963.728065  1.034987
4964.350872  0.9806639
4964.973679  0.9017663
4965.596486  0.8540352
4966.219293  0.8626638
4966.8421  0.8999327
4967.464907  0.9071739
4968.087714  0.8937773
4968.710521  0.9013888
4969.333328  0.919921
4969.956135  0.9229837
4970.578942  0.9171894
4971.201749  0.9472801
4971.824556  0.9853842
4972.447363  1.002901
4973.07017  1.001989
4973.692977  1.01489
4974.315784  1.026143
4974.938591  1.010858
4975.561398  0.9793928
4976.184205  0.966413
4976.807012  0.9662058
4977.429819  0.9383525
4978.052626  0.8923819
4978.675433  0.8628563
4979.29824  0.8717902
4979.921047  0.894425
4980.543854  0.908618
4981.166661  0.8917913
4981.789468  0.8314558
4982.412275  0.7633877
4983.035082  0.7329512
4983.657889  0.7573824
4984.280696  0.7967948
4984.903503  0.8164954
4985.52631  0.822484
4986.149117  0.8600606
4986.771924  0.9209573
4987.394731  0.9666406
4988.017538  0.9677392
4988.640345  0.9542515
4989.263152  0.9456199
4989.885959  0.9362507
4990.508766  0.9054356
4991.131573  0.891641
4991.75438  0.9185325
4992.377187  0.9579961
4992.999994  0.9472198
4993.622801  0.9061688
4994.245608  0.896842
4994.868415  0.9298598
4995.491222  0.9551831
4996.114029  0.9445619
4996.736836  0.9306034
4997.359643  0.9380798
4997.98245  0.9461623
4998.605257  0.9184886
4999.228064  0.8713457
4999.850871  0.8416191
5000.473678  0.8437626
5001.096485  0.8490099
5001.719292  0.8492566
5002.342099  0.849816
5002.964906  0.8569191
5003.587713  0.8593039
5004.21052  0.8436431
5004.833327  0.8044277
5005.456134  0.7510983
5006.078941  0.718168
5006.701748  0.7379576
5007.324555  0.8157011
5007.947362  0.907226
5008.570169  0.953549
5009.192976  0.9326949
5009.815783  0.9042258
5010.43859  0.8948629
5011.061397  0.8842837
5011.684204  0.8317489
5012.307011  0.7818315
5012.929818  0.7538351
5013.552625  0.7324309
5014.175432  0.726742
5014.798239  0.7582326
5015.421046  0.8214446
5016.043853  0.8622296
5016.66666  0.8555315
5017.289467  0.8147126
5017.912274  0.7803828
5018.535081  0.7896425
5019.157888  0.8276137
5019.780695  0.8553519
5020.403502  0.8605922
5021.026309  0.8424897
5021.649116  0.8113673
5022.271923  0.7886331
5022.89473  0.8174302
5023.517537  0.8739449
5024.140344  0.9006425
5024.763151  0.8965975
5025.385958  0.901845
5026.008765  0.9156112
5026.631572  0.8693449
5027.254379  0.8019795
5027.877186  0.7858616
5028.499993  0.8512877
5029.1228  0.9163947
5029.745607  0.9368605
5030.368414  0.9247313
5030.991221  0.9242518
5031.614028  0.9468157
5032.236835  0.9838793
5032.859642  1.020598
5033.482449  1.046903
5034.105256  1.038273
5034.728063  0.9742232
5035.35087  0.8712075
5035.973677  0.8093491
5036.596484  0.8341731
5037.219291  0.8998771
5037.842098  0.9161338
5038.464905  0.8734517
5039.087712  0.8243909
5039.710519  0.7702008
5040.333326  0.6888767
5040.956133  0.6089423
5041.57894  0.6336126
5042.201747  0.7513354
5042.824554  0.8764118
5043.447361  0.9289616
5044.070168  0.9479317
5044.692975  0.9722229
5045.315782  1.012517
5045.938589  1.051293
5046.561396  1.049201
5047.184203  0.9886456
5047.80701  0.8945085
5048.429817  0.8213925
5049.052624  0.8041124
5049.675431  0.835198
5050.298238  0.8654841
5050.921045  0.8634616
5051.543852  0.8400025
5052.166659  0.8406518
5052.789466  0.864133
5053.412273  0.9016263
5054.03508  0.9470181
5054.657887  0.9850417
5055.280694  0.9948364
5055.903501  0.9742997
5056.526308  0.9548494
5057.149115  0.952517
5057.771922  0.967925
5058.394729  0.987348
5059.017536  0.9884868
5059.640343  0.9857603
5060.26315  1.004329
5060.885957  1.038607
5061.508764  1.057473
5062.131571  1.052136
5062.754378  1.043301
5063.377185  0.9976574
5063.999992  0.9068939
5064.622799  0.8154078
5065.245606  0.812475
5065.868413  0.872349
5066.49122  0.9202797
5067.114027  0.9153309
5067.736834  0.8792466
5068.359641  0.8549822
5068.982448  0.8734713
5069.605255  0.9292987
5070.228062  0.9762546
5070.850869  0.9680724
5071.473676  0.9051983
5072.096483  0.8512115
5072.71929  0.8581225
5073.342097  0.917561
5073.964904  0.9567048
5074.587711  0.9461603
5075.210518  0.9109228
5075.833325  0.8920073
5076.456132  0.9167802
5077.078939  0.9665681
5077.701746  0.979158
5078.324553  0.9065068
5078.94736  0.7825263
5079.570167  0.694744
5080.192974  0.6929423
5080.815781  0.7601097
5081.438588  0.8383427
5082.061395  0.8741738
5082.684202  0.862544
5083.307009  0.8391014
5083.929816  0.8466488
5084.552623  0.8804918
5085.17543  0.9156589
5085.798237  0.9293483
5086.421044  0.9221346
5087.043851  0.9107286
5087.666658  0.9098328
5088.289465  0.9212893
5088.912272  0.9430327
5089.535079  0.9607035
5090.157886  0.9599772
5090.780693  0.9485955
5091.4035  0.9445355
5092.026307  0.9602301
5092.649114  0.9916059
5093.271921  1.01449
5093.894728  1.01239
5094.517535  0.9894149
5095.140342  0.9718847
5095.763149  0.9508435
5096.385956  0.9155921
5097.008763  0.8874214
5097.63157  0.8451181
5098.254377  0.7826151
5098.877184  0.7352746
5099.499991  0.763008
5100.122798  0.8498703
5100.745605  0.9347999
5101.368412  0.9838935
5101.991219  0.9874895
5102.614026  0.9588616
5103.236833  0.9231312
5103.85964  0.8990899
5104.482447  0.8947792
5105.105254  0.9059032
5105.728061  0.9237202
5106.350868  0.9086871
5106.973675  0.8552029
5107.596482  0.8251079
5108.219289  0.841531
5108.842096  0.8639571
5109.464903  0.8386075
5110.08771  0.8131514
5110.710517  0.8358809
5111.333324  0.9003818
5111.956131  0.9315019
5112.578938  0.9265016
5113.201745  0.9200934
5113.824552  0.9400389
5114.447359  0.9563943
5115.070166  0.9533277
5115.692973  0.9468543
5116.31578  0.9691839
5116.938587  1.000333
5117.561394  1.014027
5118.184201  1.010801
5118.807008  1.004112
5119.429815  0.9907277
5120.052622  0.9601462
5120.675429  0.9232812
5121.298236  0.9010305
5121.921043  0.8878444
5122.54385  0.8380825
5123.166657  0.7822996
5123.789464  0.7614806
5124.412271  0.785198
5125.035078  0.8176175
5125.657885  0.8412637
5126.280692  0.853206
5126.903499  0.8411006
5127.526306  0.8304737
5128.149113  0.8314175
5128.77192  0.8253909
5129.394727  0.8290719
5130.017534  0.8483561
5130.640341  0.8737065
5131.263148  0.8909598
5131.885955  0.9059191
5132.508762  0.9157621
5133.131569  0.9027038
5133.754376  0.9022367
5134.377183  0.9375678
5134.99999  0.9853941
5135.622797  0.9768252
5136.245604  0.9157587
5136.868411  0.8618101
5137.491218  0.8667093
5138.114025  0.8540173
5138.736832  0.8013905
5139.359639  0.78708
5139.982446  0.8563182
5140.605253  0.9332612
5141.22806  0.9173486
5141.850867  0.8272746
5142.473674  0.7641245
5143.096481  0.7900923
5143.719288  0.8646301
5144.342095  0.903899
5144.964902  0.8866519
5145.587709  0.8510221
5146.210516  0.8272585
5146.833323  0.81139
5147.45613  0.8006734
5148.078937  0.8158922
5148.701744  0.8543214
5149.324551  0.8863776
5149.947358  0.8804362
5150.570165  0.8460953
5151.192972  0.8186648
5151.815779  0.8226243
5152.438586  0.8402052
5153.061393  0.8431626
5153.6842  0.8333094
5154.307007  0.8445508
5154.929814  0.8723997
5155.552621  0.8973147
5156.175428  0.9092976
5156.798235  0.9338449
5157.421042  0.9576148
5158.043849  0.9586712
5158.666656  0.9357932
5159.289463  0.9295868
5159.91227  0.9539213
5160.535077  0.978028
5161.157884  0.951773
5161.780691  0.8926374
5162.403498  0.8548814
5163.026305  0.8678546
5163.649112  0.8696741
5164.271919  0.8249689
5164.894726  0.7617977
5165.517533  0.7040885
5166.14034  0.6342519
5166.763147  0.5460747
5167.385954  0.5028523
5168.008761  0.5249972
5168.631568  0.6104919
5169.254375  0.7402264
5169.877182  0.8410385
5170.499989  0.8436931
5171.122796  0.7295714
5171.745603  0.5589955
5172.36841  0.4413054
5172.991217  0.4596303
5173.614024  0.6102465
5174.236831  0.7926636
5174.859638  0.9081314
5175.482445  0.9236155
5176.105252  0.89512
5176.728059  0.8867693
5177.350866  0.9185868
5177.973673  0.9463596
5178.59648  0.9468661
5179.219287  0.9281833
5179.842094  0.9136346
5180.464901  0.8997016
5181.087708  0.8746448
5181.710515  0.8115415
5182.333322  0.6682522
5182.956129  0.4958591
5183.578936  0.4053213
5184.201743  0.4896603
5184.82455  0.6690308
5185.447357  0.8327899
5186.070164  0.9213276
5186.692971  0.9618795
5187.315778  0.9499578
5187.938585  0.9017156
5188.561392  0.8908107
5189.184199  0.9517167
5189.807006  1.026359
5190.429813  1.007882
5191.05262  0.8816937
5191.675427  0.7402472
5192.298234  0.6958917
5192.921041  0.7750426
5193.543848  0.8720664
5194.166655  0.8963375
5194.789462  0.8578824
5195.412269  0.8313705
5196.035076  0.8466125
5196.657883  0.8811976
5197.28069  0.9046568
5197.903497  0.9199024
5198.526304  0.9405817
5199.149111  0.9661421
5199.771918  0.9761603
5200.394725  0.9689166
5201.017532  0.9578641
5201.640339  0.9350928
5202.263146  0.9365064
5202.885953  0.9660618
5203.50876  0.9459114
5204.131567  0.8732406
5204.754374  0.7850169
5205.377181  0.7301743
5205.999988  0.7582578
5206.622795  0.8182387
5207.245602  0.8203611
5207.868409  0.7455195
5208.491216  0.7117347
5209.114023  0.7683768
5209.73683  0.823207
5210.359637  0.8641552
5210.982444  0.9000342
5211.605251  0.9359843
5212.228058  0.9623851
5212.850865  0.9845498
5213.473672  0.9950325
5214.096479  0.9621383
5214.719286  0.8982006
5215.342093  0.84392
5215.9649  0.8359038
5216.587707  0.8565174
5217.210514  0.8874029
5217.833321  0.9239129
5218.456128  0.9745615
5219.078935  0.9984422
5219.701742  0.9887108
5220.324549  0.9851032
5220.947356  0.9894232
5221.570163  0.9859838
5222.19297  0.9646988
5222.815777  0.939518
5223.438584  0.8975646
5224.061391  0.8415412
5224.684198  0.8024896
5225.307005  0.7673584
5225.929812  0.7123157
5226.552619  0.648974
5227.175426  0.6679953
5227.798233  0.7808561
5228.42104  0.9150161
5229.043847  0.9653503
5229.666654  0.9540959
5230.289461  0.9511058
5230.912268  0.9896358
5231.535075  0.9822558
5232.157882  0.9132088
5232.780689  0.8439474
5233.403496  0.8492227
5234.026303  0.8752275
5234.64911  0.8785067
5235.271917  0.8891618
5235.894724  0.9340146
5236.517531  0.9915232
5237.140338  1.020171
5237.763145  1.019524
5238.385952  1.002958
5239.008759  0.9854963
5239.631566  0.9753785
5240.254373  0.9910495
5240.87718  1.018181
5241.499987  1.022469
5242.122794  0.9976535
5242.745601  0.9718134
5243.368408  0.9780684
5243.991215  1.021969
5244.614022  1.064334
5245.236829  1.05967
5245.859636  0.9907039
5246.482443  0.886779
5247.10525  0.8240649
5247.728057  0.8516504
5248.350864  0.9182794
5248.973671  0.9313222
5249.596478  0.8726867
5250.219285  0.8273387
5250.842092  0.8392435
5251.464899  0.887845
5252.087706  0.9258934
5252.710513  0.9524928
5253.33332  0.9591605
5253.956127  0.9263587
5254.578934  0.8445763
5255.201741  0.8164072
5255.824548  0.8814416
5256.447355  0.9808409
5257.070162  1.039537
5257.692969  1.059512
5258.315776  1.069676
5258.938583  1.058642
5259.56139  1.036644
5260.184197  1.009218
5260.807004  0.969633
5261.429811  0.9134607
5262.052618  0.849842
5262.675425  0.7944047
5263.298232  0.7565167
5263.921039  0.742201
5264.543846  0.7287806
5265.166653  0.6789219
5265.78946  0.6489173
5266.412267  0.6983582
5267.035074  0.8191794
5267.657881  0.8892784
5268.280688  0.8270528
5268.903495  0.6619277
5269.526302  0.5388311
5270.149109  0.5656095
5270.771916  0.7193625
5271.394723  0.8702533
5272.01753  0.9214659
5272.640337  0.9028136
5273.263144  0.8927656
5273.885951  0.9036932
5274.508758  0.8756127
5275.131565  0.8153551
5275.754372  0.8210508
5276.377179  0.9070922
5276.999986  1.007264
5277.622793  1.050043
5278.2456  1.058533
5278.868407  1.03998
5279.491214  1.000099
5280.114021  0.9556174
5280.736828  0.9160628
5281.359635  0.8968854
5281.982442  0.9029254
5282.605249  0.8927754
5283.228056  0.8562901
5283.850863  0.8295394
5284.47367  0.8759128
5285.096477  0.9715995
5285.719284  1.059289
5286.342091  1.095605
5286.964898  1.084052
5287.587705  1.049609
5288.210512  1.023513
5288.833319  1.029528
5289.456126  1.058095
5290.078933  1.088558
5290.70174  1.106603
5291.324547  1.103793
5291.947354  1.076453
5292.570161  1.033909
5293.192968  1.008006
5293.815775  1.008112
5294.438582  1.019177
5295.061389  1.014277
5295.684196  0.9830456
5296.307003  0.9224347
5296.92981  0.8405172
5297.552617  0.7688991
5298.175424  0.7689321
5298.798231  0.8567717
5299.421038  0.9481969
5300.043845  0.977796
5300.666652  0.9481089
5301.289459  0.9198161
5301.912266  0.923281
5302.535073  0.9589323
5303.15788  1.007711
5303.780687  1.049872
5304.403494  1.078705
5305.026301  1.093104
5305.649108  1.090895
5306.271915  1.068747
5306.894722  1.039129
5307.517529  1.02452
5308.140336  1.040125
5308.763143  1.074306
5309.38595  1.103157
5310.008757  1.108128
5310.631564  1.098164
5311.254371  1.085108
5311.877178  1.071716
5312.499985  1.05316
5313.122792  1.03933
5313.745599  1.040443
5314.368406  1.047481
5314.991213  1.044183
5315.61402  1.020316
5316.236827  0.9845302
5316.859634  0.9831988
5317.482441  1.011662
5318.105248  1.029508
5318.728055  1.019846
5319.350862  1.006762
5319.973669  1.009228
5320.596476  1.013177
5321.219283  1.013595
5321.84209  1.017881
5322.464897  1.023674
5323.087704  0.9767531
5323.710511  0.906881
5324.333318  0.8791136
5324.956125  0.91758
5325.578932  0.9710962
5326.201739  0.9753737
5326.824546  0.8957775
5327.447353  0.7366073
5328.07016  0.6137865
5328.692967  0.637328
5329.315774  0.7650625
5329.938581  0.9041346
5330.561388  0.9891744
5331.184195  1.015799
5331.807002  0.9879943
5332.429809  0.9432859
5333.052616  0.9322567
5333.675423  0.9764472
5334.29823  1.03927
5334.921037  1.074022
5335.543844  1.068415
5336.166651  1.04516
5336.789458  1.030233
5337.412265  1.034632
5338.035072  1.050197
5338.657879  1.041184
5339.280686  0.9778552
5339.903493  0.8760982
5340.5263  0.8197007
5341.149107  0.857424
5341.771914  0.9541843
5342.394721  1.019987
5343.017528  1.039822
5343.640335  1.047631
5344.263142  1.046499
5344.885949  1.011803
5345.508756  0.9611984
5346.131563  0.9646796
5346.75437  0.9967548
5347.377177  1.006963
5347.999984  0.9713389
5348.622791  0.9271212
5349.245598  0.9093802
5349.868405  0.9331322
5350.491212  0.9886625
5351.114019  1.037396
5351.736826  1.054341
5352.359633  1.045019
5352.98244  1.030694
5353.605247  1.044496
5354.228054  1.092197
5354.850861  1.127657
5355.473668  1.134916
5356.096475  1.125075
5356.719282  1.119295
5357.342089  1.117598
5357.964896  1.11449
5358.587703  1.108656
5359.21051  1.110432
5359.833317  1.113874
5360.456124  1.104087
5361.078931  1.069365
5361.701738  1.028542
5362.324545  1.012283
5362.947352  1.032724
5363.570159  1.047047
5364.192966  1.023218
5364.815773  0.980448
5365.43858  0.9896927
5366.061387  1.008632
5366.684194  1.001827
5367.307001  0.9883074
5367.929808  1.000479
5368.552615  1.002381
5369.175422  0.9505386
5369.798229  0.8832706
5370.421036  0.8165459
5371.043843  0.7800638
5371.66665  0.8175657
5372.289457  0.9178969
5372.912264  1.014778
5373.535071  1.051886
5374.157878  1.071844
5374.780685  1.090953
5375.403492  1.096821
5376.026299  1.070099
5376.649106  1.029094
5377.271913  1.008725
5377.89472  1.0283
5378.517527  1.05703
5379.140334  1.064551
5379.763141  1.043962
5380.385948  1.019043
5381.008755  1.018273
5381.631562  1.031209
5382.254369  1.019284
5382.877176  0.9923656
5383.499983  0.9893342
5384.12279  1.029191
5384.745597  1.063695
5385.368404  1.067466
5385.991211  1.046149
5386.614018  1.024175
5387.236825  1.016085
5387.859632  1.015367
5388.482439  1.004136
5389.105246  0.9764895
5389.728053  0.9509705
5390.35086  0.9411246
5390.973667  0.9364995
5391.596474  0.9380411
5392.219281  0.9453224
5392.842088  0.951232
5393.464895  0.9442236
5394.087702  0.9349676
5394.710509  0.943249
5395.333316  0.9697963
5395.956123  0.9320906
5396.57893  0.8313394
5397.201737  0.7840929
5397.824544  0.8422718
5398.447351  0.9467848
5399.070158  0.9988866
5399.692965  0.983744
5400.315772  0.9496351
5400.938579  0.9476968
5401.561386  0.9841825
5402.184193  1.021126
5402.807  1.014232
5403.429807  0.9488031
5404.052614  0.8721571
5404.675421  0.8060026
5405.298228  0.7619222
5405.921035  0.765194
5406.543842  0.8118635
5407.166649  0.8835815
5407.789456  0.950999
5408.412263  0.9589829
5409.03507  0.9114682
5409.657877  0.8606293
5410.280684  0.8630804
5410.903491  0.9173167
5411.526298  0.9859647
5412.149105  1.030108
5412.771912  1.036488
5413.394719  1.021841
5414.017526  1.008033
5414.640333  0.9906459
5415.26314  0.998839
5415.885947  1.041226
5416.508754  1.078061
5417.131561  1.085761
5417.754368  1.070476
5418.377175  1.052929
5418.999982  1.032184
5419.622789  0.9970084
5420.245596  0.9554363
5420.868403  0.9532173
5421.49121  0.9957632
5422.114017  1.048453
5422.736824  1.056157
5423.359631  0.9876608
5423.982438  0.9130737
5424.605245  0.9196365
5425.228052  0.9844075
5425.850859  1.051452
5426.473666  1.089466
5427.096473  1.112096
5427.71928  1.107197
5428.342087  1.030409
5428.964894  0.8810372
5429.587701  0.8010439
5430.210508  0.8577539
5430.833315  0.9852008
5431.456122  1.026227
5432.078929  0.9885127
5432.701736  0.9390236
5433.324543  0.9196638
5433.94735  0.8922138
5434.570157  0.8734694
5435.192964  0.8865564
5435.815771  0.8912552
5436.438578  0.9026358
5437.061385  0.9443334
5437.684192  1.014699
5438.306999  1.07384
5438.929806  1.10437
5439.552613  1.113639
5440.17542  1.105116
5440.798227  1.091813
5441.421034  1.083049
5442.043841  1.081181
5442.666648  1.093327
5443.289455  1.099542
5443.912262  1.072493
5444.535069  1.034828
5445.157876  0.9900007
5445.780683  0.9255829
5446.40349  0.836391
5447.026297  0.823423
5447.649104  0.9082602
5448.271911  1.005409
5448.894718  1.073369
5449.517525  1.101832
5450.140332  1.102545
5450.763139  1.088435
5451.385946  1.074137
5452.008753  1.062474
5452.63156  1.047019
5453.254367  1.034845
5453.877174  1.010491
5454.499981  0.9528739
5455.122788  0.868525
5455.745595  0.8444475
5456.368402  0.9171564
5456.991209  1.005807
5457.614016  1.071457
5458.236823  1.107538
5458.85963  1.122139
5459.482437  1.097401
5460.105244  1.057035
5460.728051  1.035628
5461.350858  1.03599
5461.973665  1.007097
5462.596472  0.9444915
5463.219279  0.9105218
5463.842086  0.9481776
5464.464893  1.023991
5465.0877  1.069636
5465.710507  1.05369
5466.333314  1.018451
5466.956121  1.011104
5467.578928  1.034092
5468.201735  1.060944
5468.824542  1.06044
