4780.  1.011894
4780.622807  1.032975
4781.245614  1.048825
4781.868421  1.039711
4782.491228  1.014579
4783.114035  0.9945219
4783.736842  1.000222
4784.359649  1.031755
4784.982456  1.043824
4785.605263  1.014276
4786.22807  0.96835
4786.850877  0.9684476
4787.473684  1.000057
4788.096491  1.018758
4788.719298  1.000567
4789.342105  0.9783333
4789.964912  0.9827369
4790.587719  1.013197
4791.210526  1.026547
4791.833333  1.022256
4792.45614  1.018763
4793.078947  1.029193
4793.701754  1.040541
4794.324561  1.052247
4794.947368  1.06688
4795.570175  1.063677
4796.192982  1.05523
4796.815789  1.053982
4797.438596  1.044012
4798.061403  1.023286
4798.68421  1.009031
4799.307017  1.017063
4799.929824  1.026592
4800.552631  1.031257
4801.175438  1.035514
4801.798245  1.041823
4802.421052  1.043426
4803.043859  1.043931
4803.666666  1.050265
4804.289473  1.020419
4804.91228  0.991909
4805.535087  1.010212
4806.157894  1.02353
4806.780701  1.027609
4807.403508  1.029066
4808.026315  1.023764
4808.649122  1.031516
4809.271929  1.041653
4809.894736  1.033593
4810.517543  1.025473
4811.14035  1.031367
4811.763157  1.045653
4812.385964  1.047688
4813.008771  1.04678
4813.631578  1.048028
4814.254385  1.049395
4814.877192  1.061651
4815.499999  1.070472
4816.122806  1.061917
4816.745613  1.048013
4817.36842  1.050621
4817.991227  1.06548
4818.614034  1.068299
4819.236841  1.068539
4819.859648  1.065254
4820.482455  1.056463
4821.105262  1.055223
4821.728069  1.053739
4822.350876  1.035604
4822.973683  0.9955142
4823.59649  0.9681647
4824.219297  0.9808764
4824.842104  1.027056
4825.464911  1.058411
4826.087718  1.059916
4826.710525  1.049593
4827.333332  1.055554
4827.956139  1.044101
4828.578946  1.016833
4829.201753  1.010616
4829.82456  1.035317
4830.447367  1.04958
4831.070174  1.031371
4831.692981  1.023555
4832.315788  1.026039
4832.938595  1.03171
4833.561402  1.039848
4834.184209  1.045381
4834.807016  1.045405
4835.429823  1.04093
4836.05263  1.035569
4836.675437  1.039301
4837.298244  1.04655
4837.921051  1.038738
4838.543858  1.023234
4839.166665  1.005653
4839.789472  0.9920654
4840.412279  0.9965568
4841.035086  1.018344
4841.657893  1.035839
4842.2807  1.024688
4842.903507  1.009063
4843.526314  1.004229
4844.149121  1.007695
4844.771928  1.023493
4845.394735  1.031826
4846.017542  1.026428
4846.640349  1.028038
4847.263156  1.011653
4847.885963  0.9796034
4848.50877  0.967025
4849.131577  0.9852753
4849.754384  1.009578
4850.377191  1.01204
4850.999998  0.9936248
4851.622805  0.9792268
4852.245612  0.9813165
4852.868419  0.9870173
4853.491226  0.9758655
4854.114033  0.9488389
4854.73684  0.9156106
4855.359647  0.8741043
4855.982454  0.8677999
4856.605261  0.8968714
4857.228068  0.8979273
4857.850875  0.8699428
4858.473682  0.8268175
4859.096489  0.7717193
4859.719296  0.6820928
4860.342103  0.5599284
4860.96491  0.4589189
4861.587717  0.4672681
4862.210524  0.5886145
4862.833331  0.7296876
4863.456138  0.791072
4864.078945  0.8239254
4864.701752  0.8565091
4865.324559  0.887004
4865.947366  0.9079155
4866.570173  0.9286414
4867.19298  0.9472407
4867.815787  0.952886
4868.438594  0.9637908
4869.061401  0.980967
4869.684208  0.9852807
4870.307015  0.9527856
4870.929822  0.8981887
4871.552629  0.867882
4872.175436  0.902073
4872.798243  0.9506707
4873.42105  0.980324
4874.043857  0.9932757
4874.666664  1.005266
4875.289471  0.9982242
4875.912278  0.9805079
4876.535085  0.997849
4877.157892  0.9937274
4877.780699  0.9702113
4878.403506  0.9812362
4879.026313  1.021843
4879.64912  1.061445
4880.271927  1.069318
4880.894734  1.038083
4881.517541  1.008584
4882.140348  1.007275
4882.763155  1.024022
4883.385962  1.028297
4884.008769  1.016659
4884.631576  1.001801
4885.254383  0.9903622
4885.87719  0.9863968
4886.499997  0.9892262
4887.122804  0.9950455
4887.745611  1.004256
4888.368418  1.006128
4888.991225  0.9968572
4889.614032  1.000445
4890.236839  0.9703426
4890.859646  0.9159952
4891.482453  0.936015
4892.10526  0.9978352
4892.728067  1.047112
4893.350874  1.062197
4893.973681  1.0698
4894.596488  1.074896
4895.219295  1.077232
4895.842102  1.089819
4896.464909  1.090749
4897.087716  1.079764
4897.710523  1.077358
4898.33333  1.082912
4898.956137  1.07205
4899.578944  1.042195
4900.201751  1.038643
4900.824558  1.06221
4901.447365  1.082646
4902.070172  1.068295
4902.692979  1.031749
4903.315786  1.007566
4903.938593  1.018526
4904.5614  1.046592
4905.184207  1.074597
4905.807014  1.088244
4906.429821  1.081648
4907.052628  1.069525
4907.675435  1.064514
4908.298242  1.060904
4908.921049  1.029964
4909.543856  0.9927642
4910.166663  0.9770342
4910.78947  0.9795818
4911.412277  1.002421
4912.035084  1.03564
4912.657891  1.060379
4913.280698  1.063067
4913.903505  1.065264
4914.526312  1.080842
4915.149119  1.083823
4915.771926  1.083874
4916.394733  1.081019
4917.01754  1.057584
4917.640347  1.017939
4918.263154  0.9781784
4918.885961  0.9538259
4919.508768  0.9483914
4920.131575  0.9433988
4920.754382  0.9495773
4921.377189  1.001687
4921.999996  1.040236
4922.622803  1.037321
4923.24561  1.008896
4923.868417  0.9739811
4924.491224  0.9722337
4925.114031  1.012614
4925.736838  1.0524
4926.359645  1.070619
4926.982452  1.068433
4927.605259  1.063074
4928.228066  1.075716
4928.850873  1.088805
4929.47368  1.083817
4930.096487  1.07448
4930.719294  1.070815
4931.342101  1.076533
4931.964908  1.081238
4932.587715  1.043978
4933.210522  0.9826966
4933.833329  0.9525241
4934.456136  0.9900445
4935.078943  1.043201
4935.70175  1.061306
4936.324557  1.046662
4936.947364  1.033203
4937.570171  1.014436
4938.192978  0.976292
4938.815785  0.9642564
4939.438592  0.9874724
4940.061399  1.030836
4940.684206  1.072767
4941.307013  1.092305
4941.92982  1.090256
4942.552627  1.081976
4943.175434  1.077242
4943.798241  1.083383
4944.421048  1.08941
4945.043855  1.069018
4945.666662  1.041443
4946.289469  1.034706
4946.912276  1.056507
4947.535083  1.084593
4948.15789  1.092871
4948.780697  1.078843
4949.403504  1.071895
4950.026311  1.073738
4950.649118  1.077295
4951.271925  1.080454
4951.894732  1.071664
4952.517539  1.063387
4953.140346  1.070819
4953.763153  1.072004
4954.38596  1.070195
4955.008767  1.07414
4955.631574  1.074745
4956.254381  1.013486
4956.877188  0.9156387
4957.499995  0.8762258
4958.122802  0.9555713
4958.745609  1.058226
4959.368416  1.092303
4959.991223  1.095743
4960.61403  1.091358
4961.236837  1.088021
4961.859644  1.085878
4962.482451  1.088119
4963.105258  1.098594
4963.728065  1.109395
4964.350872  1.093899
4964.973679  1.064861
4965.596486  1.043384
4966.219293  1.038167
4966.8421  1.042877
4967.464907  1.046855
4968.087714  1.046398
4968.710521  1.054115
4969.333328  1.052415
4969.956135  1.039723
4970.578942  1.044849
4971.201749  1.058303
4971.824556  1.066394
4972.447363  1.066243
4973.07017  1.069088
4973.692977  1.082885
4974.315784  1.10015
4974.938591  1.09929
4975.561398  1.083641
4976.184205  1.077229
4976.807012  1.092206
4977.429819  1.072212
4978.052626  1.045001
4978.675433  1.049402
4979.29824  1.047489
4979.921047  1.048082
4980.543854  1.049481
4981.166661  1.027516
4981.789468  0.9852837
4982.412275  0.9422515
4983.035082  0.9218487
4983.657889  0.9391476
4984.280696  0.967845
4984.903503  0.9823544
4985.52631  0.9890413
4986.149117  1.026693
4986.771924  1.075283
4987.394731  1.087196
4988.017538  1.080927
4988.640345  1.065766
4989.263152  1.051392
4989.885959  1.051003
4990.508766  1.032076
4991.131573  1.013299
4991.75438  1.03918
4992.377187  1.059174
4992.999994  1.04642
4993.622801  1.019051
4994.245608  1.027992
4994.868415  1.061
4995.491222  1.083629
4996.114029  1.079073
4996.736836  1.072071
4997.359643  1.069711
4997.98245  1.060392
4998.605257  1.039171
4999.228064  1.024384
4999.850871  1.026272
5000.473678  1.029177
5001.096485  1.018447
5001.719292  1.005867
5002.342099  1.013791
5002.964906  1.03525
5003.587713  1.057637
5004.21052  1.060131
5004.833327  1.019361
5005.456134  0.9590805
5006.078941  0.9250259
5006.701748  0.9465179
5007.324555  0.9905907
5007.947362  1.037267
5008.570169  1.072997
5009.192976  1.078536
5009.815783  1.067696
5010.43859  1.053834
5011.061397  1.034653
5011.684204  1.003547
5012.307011  0.9812528
5012.929818  0.981451
5013.552625  0.9693282
5014.175432  0.9580485
5014.798239  0.9703484
5015.421046  1.007865
5016.043853  1.042646
5016.66666  1.036582
5017.289467  0.9799184
5017.912274  0.9298503
5018.535081  0.9326378
5019.157888  0.9805509
5019.780695  1.013598
5020.403502  1.033136
5021.026309  1.033485
5021.649116  1.008088
5022.271923  1.004787
5022.89473  1.023123
5023.517537  1.041066
5024.140344  1.05488
5024.763151  1.058903
5025.385958  1.05657
5026.008765  1.052627
5026.631572  1.022566
5027.254379  0.9923615
5027.877186  1.000578
5028.499993  1.037681
5029.1228  1.058373
5029.745607  1.047507
5030.368414  1.038129
5030.991221  1.041945
5031.614028  1.054516
5032.236835  1.0655
5032.859642  1.069911
5033.482449  1.070677
5034.105256  1.06311
5034.728063  1.032964
5035.35087  0.9837874
5035.973677  0.9624242
5036.596484  1.00353
5037.219291  1.027943
5037.842098  1.022183
5038.464905  1.009481
5039.087712  0.994442
5039.710519  0.9771311
5040.333326  0.9421272
5040.956133  0.8873072
5041.57894  0.8915408
5042.201747  0.9551433
5042.824554  1.02082
5043.447361  1.045568
5044.070168  1.053579
5044.692975  1.06871
5045.315782  1.078605
5045.938589  1.07568
5046.561396  1.065465
5047.184203  1.053319
5047.80701  1.030767
5048.429817  0.9997938
5049.052624  0.9816729
5049.675431  0.9995313
5050.298238  1.013256
5050.921045  1.000548
5051.543852  0.982537
5052.166659  1.002316
5052.789466  1.03995
5053.412273  1.057652
5054.03508  1.056455
5054.657887  1.057051
5055.280694  1.063606
5055.903501  1.063085
5056.526308  1.059637
5057.149115  1.059872
5057.771922  1.064758
5058.394729  1.067277
5059.017536  1.067026
5059.640343  1.067498
5060.26315  1.071415
5060.885957  1.072199
5061.508764  1.071686
5062.131571  1.076824
5062.754378  1.084628
5063.377185  1.067307
5063.999992  1.018102
5064.622799  0.9764922
5065.245606  0.9841163
5065.868413  1.022533
5066.49122  1.042209
5067.114027  1.047839
5067.736834  1.031433
5068.359641  1.004706
5068.982448  1.015793
5069.605255  1.04877
5070.228062  1.068966
5070.850869  1.055426
5071.473676  1.022139
5072.096483  1.001409
5072.71929  1.011378
5073.342097  1.030906
5073.964904  1.038895
5074.587711  1.027315
5075.210518  1.008892
5075.833325  1.019814
5076.456132  1.047939
5077.078939  1.058064
5077.701746  1.052528
5078.324553  1.013814
5078.94736  0.9539662
5079.570167  0.9274911
5080.192974  0.9334673
5080.815781  0.9657241
5081.438588  1.013373
5082.061395  1.031831
5082.684202  1.015538
5083.307009  0.9921927
5083.929816  0.9970856
5084.552623  1.026655
5085.17543  1.05592
5085.798237  1.061516
5086.421044  1.045863
5087.043851  1.030315
5087.666658  1.03259
5088.289465  1.047843
5088.912272  1.06356
5089.535079  1.065308
5090.157886  1.047794
5090.780693  1.043531
5091.4035  1.054944
5092.026307  1.063681
5092.649114  1.066543
5093.271921  1.065979
5093.894728  1.065601
5094.517535  1.066901
5095.140342  1.073461
5095.763149  1.066115
5096.385956  1.02788
5097.008763  1.002978
5097.63157  0.9882985
5098.254377  0.9662116
5098.877184  0.947771
5099.499991  0.9596104
5100.122798  1.002468
5100.745605  1.044751
5101.368412  1.061566
5101.991219  1.060205
5102.614026  1.060084
5103.236833  1.059515
5103.85964  1.057454
5104.482447  1.054979
5105.105254  1.055548
5105.728061  1.0505
5106.350868  1.028215
5106.973675  0.9915011
5107.596482  0.9734631
5108.219289  1.001825
5108.842096  1.043225
5109.464903  1.01757
5110.08771  0.9843061
5110.710517  0.995023
5111.333324  1.04217
5111.956131  1.073702
5112.578938  1.076869
5113.201745  1.069126
5113.824552  1.070602
5114.447359  1.062862
5115.070166  1.048259
5115.692973  1.050146
5116.31578  1.053821
5116.938587  1.061963
5117.561394  1.078405
5118.184201  1.082656
5118.807008  1.082266
5119.429815  1.078438
5120.052622  1.060708
5120.675429  1.04368
5121.298236  1.0393
5121.921043  1.043466
5122.54385  1.032585
5123.166657  1.009734
5123.789464  0.9915864
5124.412271  0.9890957
5125.035078  0.9918273
5125.657885  0.9972265
5126.280692  1.010068
5126.903499  1.022006
5127.526306  1.030385
5128.149113  1.02918
5128.77192  1.006858
5129.394727  1.002716
5130.017534  1.022767
5130.640341  1.031415
5131.263148  1.018077
5131.885955  1.009296
5132.508762  1.020161
5133.131569  1.010297
5133.754376  1.002513
5134.377183  1.02295
5134.99999  1.062063
5135.622797  1.068989
5136.245604  1.034169
5136.868411  0.9945886
5137.491218  0.999405
5138.114025  0.9950705
5138.736832  0.9548371
5139.359639  0.9477542
5139.982446  0.9972827
5140.605253  1.045411
5141.22806  1.018033
5141.850867  0.9584231
5142.473674  0.9296281
5143.096481  0.9636036
5143.719288  1.03051
5144.342095  1.060613
5144.964902  1.043684
5145.587709  1.02766
5146.210516  1.015294
5146.833323  1.003365
5147.45613  0.9956365
5148.078937  1.009084
5148.701744  1.036396
5149.324551  1.052657
5149.947358  1.035125
5150.570165  1.006122
5151.192972  0.9980565
5151.815779  1.01829
5152.438586  1.029236
5153.061393  1.02059
5153.6842  1.006844
5154.307007  1.006476
5154.929814  1.01536
5155.552621  1.026462
5156.175428  1.036237
5156.798235  1.044418
5157.421042  1.052284
5158.043849  1.056067
5158.666656  1.04484
5159.289463  1.046332
5159.91227  1.062042
5160.535077  1.060166
5161.157884  1.030304
5161.780691  0.9983845
5162.403498  0.9954688
5163.026305  1.020685
5163.649112  1.040584
5164.271919  1.034223
5164.894726  1.010406
5165.517533  0.9807585
5166.14034  0.9264211
5166.763147  0.8432672
5167.385954  0.8027622
5168.008761  0.8219793
5168.631568  0.871098
5169.254375  0.9109941
5169.877182  0.9744236
5170.499989  1.016178
5171.122796  0.9545961
5171.745603  0.8327629
5172.36841  0.7542452
5172.991217  0.7891867
5173.614024  0.9051575
5174.236831  1.011925
5174.859638  1.058427
5175.482445  1.060509
5176.105252  1.049904
5176.728059  1.041181
5177.350866  1.040545
5177.973673  1.062319
5178.59648  1.074028
5179.219287  1.060441
5179.842094  1.046654
5180.464901  1.042423
5181.087708  1.04523
5181.710515  1.027189
5182.333322  0.9298131
5182.956129  0.788106
5183.578936  0.7100303
5184.201743  0.7942665
5184.82455  0.9257411
5185.447357  1.001757
5186.070164  1.014987
5186.692971  1.031
5187.315778  1.024435
5187.938585  0.974349
5188.561392  0.9519827
5189.184199  0.9873674
5189.807006  1.040097
5190.429813  1.036047
5191.05262  0.9787872
5191.675427  0.9225095
5192.298234  0.9220418
5192.921041  0.9788273
5193.543848  1.023587
5194.166655  1.009401
5194.789462  0.9627629
5195.412269  0.9536412
5196.035076  0.979214
5196.657883  0.9911301
5197.28069  0.9865639
5197.903497  0.9942567
5198.526304  1.020916
5199.149111  1.032248
5199.771918  1.03455
5200.394725  1.034577
5201.017532  1.029636
5201.640339  1.009613
5202.263146  1.001997
5202.885953  1.015544
5203.50876  1.004401
5204.131567  0.9871449
5204.754374  0.9703428
5205.377181  0.9405898
5205.999988  0.9530073
5206.622795  0.9911337
5207.245602  0.9995687
5207.868409  0.9593717
5208.491216  0.9387281
5209.114023  0.974355
5209.73683  1.021121
5210.359637  1.027646
5210.982444  1.018156
5211.605251  1.040396
5212.228058  1.053398
5212.850865  1.060686
5213.473672  1.063204
5214.096479  1.030236
5214.719286  0.9929128
5215.342093  0.9711257
5215.9649  0.9606162
5216.587707  0.9684653
5217.210514  0.9863644
5217.833321  1.005597
5218.456128  1.031635
5219.078935  1.046222
5219.701742  1.045283
5220.324549  1.047623
5220.947356  1.061339
5221.570163  1.063369
5222.19297  1.043335
5222.815777  1.049487
5223.438584  1.050458
5224.061391  1.027423
5224.684198  1.009808
5225.307005  0.9828333
5225.929812  0.925061
5226.552619  0.8552206
5227.175426  0.871484
5227.798233  0.9484602
5228.42104  1.009261
5229.043847  1.018329
5229.666654  1.017442
5230.289461  1.030307
5230.912268  1.038338
5231.535075  1.02363
5232.157882  0.9970201
5232.780689  0.9800848
5233.403496  0.9770634
5234.026303  0.9773803
5234.64911  0.9774177
5235.271917  0.9873961
5235.894724  1.012551
5236.517531  1.03247
5237.140338  1.030051
5237.763145  1.030568
5238.385952  1.03825
5239.008759  1.041758
5239.631566  1.032595
5240.254373  1.03843
5240.87718  1.050906
5241.499987  1.04243
5242.122794  1.022792
5242.745601  1.011407
5243.368408  1.017394
5243.991215  1.030423
5244.614022  1.046215
5245.236829  1.057775
5245.859636  1.053954
5246.482443  1.02701
5247.10525  1.007597
5247.728057  1.018424
5248.350864  1.031865
5248.973671  1.031012
5249.596478  1.01305
5250.219285  0.9913034
5250.842092  0.9955869
5251.464899  1.016433
5252.087706  1.029146
5252.710513  1.037
5253.33332  1.026089
5253.956127  1.001786
5254.578934  0.998529
5255.201741  1.010831
5255.824548  1.023939
5256.447355  1.031198
5257.070162  1.039046
5257.692969  1.047258
5258.315776  1.051957
5258.938583  1.048609
5259.56139  1.054137
5260.184197  1.052615
5260.807004  1.012855
5261.429811  0.964156
5262.052618  0.9380382
5262.675425  0.9389395
5263.298232  0.9312953
5263.921039  0.91893
5264.543846  0.9100636
5265.166653  0.9015791
5265.78946  0.8983427
5266.412267  0.9228081
5267.035074  0.9804426
5267.657881  1.015688
5268.280688  0.9920129
5268.903495  0.9203031
5269.526302  0.8589861
5270.149109  0.8685484
5270.771916  0.9396796
5271.394723  1.006424
5272.01753  1.020328
5272.640337  0.9947833
5273.263144  0.9735094
5273.885951  0.9839162
5274.508758  0.9821951
5275.131565  0.9563998
5275.754372  0.9458456
5276.377179  0.9778963
5276.999986  1.024774
5277.622793  1.04681
5278.2456  1.048274
5278.868407  1.03841
5279.491214  1.027884
5280.114021  1.02295
5280.736828  1.010543
5281.359635  0.9967363
5281.982442  0.9912944
5282.605249  0.9756247
5283.228056  0.9566218
5283.850863  0.9554138
5284.47367  0.9864974
5285.096477  1.02745
5285.719284  1.055141
5286.342091  1.062392
5286.964898  1.056914
5287.587705  1.044544
5288.210512  1.03339
5288.833319  1.03592
5289.456126  1.04441
5290.078933  1.050351
5290.70174  1.052138
5291.324547  1.056966
5291.947354  1.057636
5292.570161  1.047223
5293.192968  1.037954
5293.815775  1.037142
5294.438582  1.0431
5295.061389  1.045179
5295.684196  1.036654
5296.307003  1.014288
5296.92981  0.9833933
5297.552617  0.9597561
5298.175424  0.9611607
5298.798231  0.9894581
5299.421038  1.022737
5300.043845  1.035431
5300.666652  1.025226
5301.289459  1.009917
5301.912266  0.9994656
5302.535073  1.007134
5303.15788  1.032382
5303.780687  1.054336
5304.403494  1.062392
5305.026301  1.056471
5305.649108  1.046268
5306.271915  1.039563
5306.894722  1.03225
5307.517529  1.023031
5308.140336  1.031569
5308.763143  1.045004
5309.38595  1.048703
5310.008757  1.044306
5310.631564  1.048088
5311.254371  1.057288
5311.877178  1.057607
5312.499985  1.04481
5313.122792  1.038812
5313.745599  1.046979
5314.368406  1.043385
5314.991213  1.040391
5315.61402  1.023103
5316.236827  0.973973
5316.859634  0.9653801
5317.482441  1.000436
5318.105248  1.037148
5318.728055  1.049276
5319.350862  1.051907
5319.973669  1.051058
5320.596476  1.035638
5321.219283  1.022421
5321.84209  1.023725
5322.464897  1.030843
5323.087704  1.014057
5323.710511  0.9798427
5324.333318  0.9612784
5324.956125  0.9868371
5325.578932  1.016496
5326.201739  1.025985
5326.824546  1.00879
5327.447353  0.9334309
5328.07016  0.8671787
5328.692967  0.8788985
5329.315774  0.9503096
5329.938581  1.014985
5330.561388  1.040594
5331.184195  1.043076
5331.807002  1.031445
5332.429809  1.015749
5333.052616  1.009798
5333.675423  1.027969
5334.29823  1.042602
5334.921037  1.039825
5335.543844  1.035726
5336.166651  1.023555
5336.789458  1.008946
5337.412265  1.007405
5338.035072  1.032339
5338.657879  1.036637
5339.280686  0.9991593
5339.903493  0.9666062
5340.5263  0.9565494
5341.149107  0.9758033
5341.771914  1.014403
5342.394721  1.029437
5343.017528  1.02693
5343.640335  1.030266
5344.263142  1.04148
5344.885949  1.037267
5345.508756  1.016436
5346.131563  1.006988
5346.75437  1.027697
5347.377177  1.042243
5347.999984  1.018147
5348.622791  0.9967617
5349.245598  0.9944757
5349.868405  1.008886
5350.491212  1.030659
5351.114019  1.04456
5351.736826  1.043628
5352.359633  1.03215
5352.98244  1.01783
5353.605247  1.020014
5354.228054  1.042003
5354.850861  1.05865
5355.473668  1.056608
5356.096475  1.051726
5356.719282  1.062842
5357.342089  1.069206
5357.964896  1.068725
5358.587703  1.069479
5359.21051  1.069069
5359.833317  1.066275
5360.456124  1.059019
5361.078931  1.046325
5361.701738  1.027738
5362.324545  1.009929
5362.947352  1.000889
5363.570159  1.00684
5364.192966  1.000849
5364.815773  0.9826756
5365.43858  0.9893695
5366.061387  1.006455
5366.684194  1.008985
5367.307001  0.995953
5367.929808  1.008335
5368.552615  1.021155
5369.175422  1.00704
5369.798229  0.9852632
5370.421036  0.9576526
5371.043843  0.93861
5371.66665  0.9496536
5372.289457  0.994049
5372.912264  1.03222
5373.535071  1.038263
5374.157878  1.044195
5374.780685  1.05037
5375.403492  1.053258
5376.026299  1.055366
5376.649106  1.045451
5377.271913  1.034531
5377.89472  1.036015
5378.517527  1.035316
5379.140334  1.021687
5379.763141  1.00166
5380.385948  0.9953632
5381.008755  1.000688
5381.631562  1.008265
5382.254369  1.007213
5382.877176  0.9858915
5383.499983  0.9859573
5384.12279  1.022155
5384.745597  1.034871
5385.368404  1.037319
5385.991211  1.040652
5386.614018  1.037355
5387.236825  1.042464
5387.859632  1.042635
5388.482439  1.025033
5389.105246  1.010582
5389.728053  1.006484
5390.35086  1.005467
5390.973667  0.9970405
5391.596474  0.9983414
5392.219281  1.002609
5392.842088  0.9964997
5393.464895  0.9982674
5394.087702  1.013361
5394.710509  1.031223
5395.333316  1.031726
5395.956123  1.004919
5396.57893  0.9701635
5397.201737  0.9578906
5397.824544  0.9699724
5398.447351  0.9949916
5399.070158  1.013641
5399.692965  1.008033
5400.315772  0.9978926
5400.938579  1.003208
5401.561386  1.023478
5402.184193  1.040972
5402.807  1.022017
5403.429807  0.9640371
5404.052614  0.9322208
5404.675421  0.9344512
5405.298228  0.9463952
5405.921035  0.9498345
5406.543842  0.9765971
5407.166649  1.012567
5407.789456  1.018591
5408.412263  1.004775
5409.03507  0.9768118
5409.657877  0.9468645
5410.280684  0.9397925
5410.903491  0.9595577
5411.526298  0.9946353
5412.149105  1.024317
5412.771912  1.033223
5413.394719  1.022575
5414.017526  1.000119
5414.640333  0.9728193
5415.26314  0.9746549
5415.885947  1.003988
5416.508754  1.020816
5417.131561  1.025943
5417.754368  1.022979
5418.377175  1.01225
5418.999982  0.9997597
5419.622789  1.002611
5420.245596  1.015035
5420.868403  1.009103
5421.49121  1.013444
5422.114017  1.024413
5422.736824  1.012737
5423.359631  0.9817784
5423.982438  0.956311
5424.605245  0.958523
5425.228052  0.985409
5425.850859  1.015549
5426.473666  1.033623
5427.096473  1.038588
5427.71928  1.03279
5428.342087  1.006505
5428.964894  0.9604642
5429.587701  0.9279228
5430.210508  0.9505416
5430.833315  1.00792
5431.456122  1.02762
5432.078929  1.014168
5432.701736  0.9936982
5433.324543  0.9817861
5433.94735  0.9635891
5434.570157  0.9563824
5435.192964  0.9670011
5435.815771  0.9730211
5436.438578  0.981791
5437.061385  0.9968223
5437.684192  1.010979
5438.306999  1.01518
5438.929806  1.024754
5439.552613  1.041365
5440.17542  1.031688
5440.798227  1.01661
5441.421034  1.013246
5442.043841  1.01676
5442.666648  1.026887
5443.289455  1.024523
5443.912262  1.001204
5444.535069  0.9874375
5445.157876  0.9727343
5445.780683  0.9458554
5446.40349  0.9196004
5447.026297  0.9232296
5447.649104  0.9592006
5448.271911  1.001099
5448.894718  1.011846
5449.517525  1.01203
5450.140332  1.0218
5450.763139  1.024645
5451.385946  1.022208
5452.008753  1.02198
5452.63156  1.024273
5453.254367  1.012832
5453.877174  0.9950395
5454.499981  0.9727947
5455.122788  0.9233481
5455.745595  0.9089662
5456.368402  0.9521732
5456.991209  1.003811
5457.614016  1.022303
5458.236823  1.01419
5458.85963  1.010313
5459.482437  1.018628
5460.105244  1.019442
5460.728051  1.008297
5461.350858  1.006077
5461.973665  0.9822775
5462.596472  0.9418651
5463.219279  0.922617
5463.842086  0.9513424
5464.464893  0.9905719
5465.0877  0.999328
5465.710507  0.9831645
5466.333314  0.9697211
5466.956121  0.9781328
5467.578928  1.002172
5468.201735  1.009185
5468.824542  1.003603
