4780.  0.
4780.622807  0.4706629
4781.245614  0.5536025
4781.868421  0.5563337
4782.491228  0.5445006
4783.114035  1.009652
4783.736842  1.033469
4784.359649  1.059376
4784.982456  1.078879
4785.605263  1.058744
4786.22807  1.017733
4786.850877  1.006504
4787.473684  1.038944
4788.096491  1.05552
4788.719298  1.039547
4789.342105  1.025599
4789.964912  1.036035
4790.587719  1.059043
4791.210526  1.06874
4791.833333  1.063197
4792.45614  1.059531
4793.078947  1.070804
4793.701754  1.090862
4794.324561  1.098112
4794.947368  1.094575
4795.570175  1.091743
4796.192982  1.087052
4796.815789  1.08333
4797.438596  1.077559
4798.061403  1.060826
4798.68421  1.043692
4799.307017  1.040764
4799.929824  1.043014
4800.552631  1.043465
4801.175438  1.056482
4801.798245  1.073469
4802.421052  1.074364
4803.043859  1.075601
4803.666666  1.07254
4804.289473  1.047464
4804.91228  1.022902
4805.535087  1.027355
4806.157894  1.050286
4806.780701  1.057166
4807.403508  1.051156
4808.026315  1.049439
4808.649122  1.054911
4809.271929  1.058615
4809.894736  1.056101
4810.517543  1.049953
4811.14035  1.051383
4811.763157  1.056394
4812.385964  1.060946
4813.008771  1.065603
4813.631578  1.065737
4814.254385  1.072789
4814.877192  1.083614
4815.499999  1.085288
4816.122806  1.090555
4816.745613  1.090103
4817.36842  1.07743
4817.991227  1.073173
4818.614034  1.085371
4819.236841  1.098278
4819.859648  1.089429
4820.482455  1.079628
4821.105262  1.079323
4821.728069  1.075792
4822.350876  1.062595
4822.973683  1.019424
4823.59649  0.9735526
4824.219297  0.9875192
4824.842104  1.030378
4825.464911  1.056055
4826.087718  1.067956
4826.710525  1.076021
4827.333332  1.077102
4827.956139  1.06307
4828.578946  1.039164
4829.201753  1.02864
4829.82456  1.042096
4830.447367  1.049925
4831.070174  1.040864
4831.692981  1.035154
4832.315788  1.041862
4832.938595  1.047017
4833.561402  1.054103
4834.184209  1.063199
4834.807016  1.059723
4835.429823  1.04902
4836.05263  1.038679
4836.675437  1.036975
4837.298244  1.048521
4837.921051  1.044488
4838.543858  1.022392
4839.166665  1.007283
4839.789472  1.001346
4840.412279  1.004615
4841.035086  1.016712
4841.657893  1.031214
4842.2807  1.029084
4842.903507  1.01424
4843.526314  1.015185
4844.149121  1.030848
4844.771928  1.04276
4845.394735  1.044584
4846.017542  1.039713
4846.640349  1.029092
4847.263156  1.00833
4847.885963  0.9841688
4848.50877  0.969258
4849.131577  0.9769753
4849.754384  0.9996619
4850.377191  1.011218
4850.999998  1.006015
4851.622805  0.9927052
4852.245612  0.9814165
4852.868419  0.9743349
4853.491226  0.9641464
4854.114033  0.9378672
4854.73684  0.8901382
4855.359647  0.848961
4855.982454  0.8503885
4856.605261  0.8651032
4857.228068  0.866788
4857.850875  0.8537304
4858.473682  0.8212957
4859.096489  0.7621595
4859.719296  0.6677651
4860.342103  0.5475464
4860.96491  0.4452042
4861.587717  0.4510021
4862.210524  0.5741482
4862.833331  0.6975641
4863.456138  0.7641233
4864.078945  0.8006058
4864.701752  0.831598
4865.324559  0.8611819
4865.947366  0.8855143
4866.570173  0.9067755
4867.19298  0.9219024
4867.815787  0.9369017
4868.438594  0.9556164
4869.061401  0.9655054
4869.684208  0.9627422
4870.307015  0.9309104
4870.929822  0.8792554
4871.552629  0.8597881
4872.175436  0.8882974
4872.798243  0.9340279
4873.42105  0.9642553
4874.043857  0.983157
4874.666664  0.995812
4875.289471  0.9869261
4875.912278  0.9724821
4876.535085  0.9730049
4877.157892  0.9732628
4877.780699  0.9580036
4878.403506  0.9676139
4879.026313  1.014782
4879.64912  1.049258
4880.271927  1.055789
4880.894734  1.03415
4881.517541  1.0041
4882.140348  1.002812
4882.763155  1.015835
4883.385962  1.013827
4884.008769  1.004002
4884.631576  0.9924674
4885.254383  0.9808587
4885.87719  0.9754429
4886.499997  0.9750466
4887.122804  0.9880921
4887.745611  1.000301
4888.368418  0.9886025
4888.991225  0.9879289
4889.614032  0.9939719
4890.236839  0.9592952
4890.859646  0.915771
4891.482453  0.9272406
4892.10526  0.9875368
4892.728067  1.038127
4893.350874  1.057811
4893.973681  1.066338
4894.596488  1.075943
4895.219295  1.077065
4895.842102  1.071482
4896.464909  1.065241
4897.087716  1.065227
4897.710523  1.068382
4898.33333  1.066452
4898.956137  1.049576
4899.578944  1.024564
4900.201751  1.019285
4900.824558  1.042306
4901.447365  1.066066
4902.070172  1.057391
4902.692979  1.022704
4903.315786  0.9998372
4903.938593  1.007091
4904.5614  1.031248
4905.184207  1.056228
4905.807014  1.073524
4906.429821  1.076654
4907.052628  1.063346
4907.675435  1.0483
4908.298242  1.0455
4908.921049  1.028307
4909.543856  0.9807739
4910.166663  0.9486836
4910.78947  0.9608462
4911.412277  1.000248
4912.035084  1.038282
4912.657891  1.052392
4913.280698  1.046004
4913.903505  1.046595
4914.526312  1.064013
4915.149119  1.07595
4915.771926  1.07312
4916.394733  1.065578
4917.01754  1.040078
4917.640347  0.9954329
4918.263154  0.9551916
4918.885961  0.9375718
4919.508768  0.9349153
4920.131575  0.9277084
4920.754382  0.9387737
4921.377189  0.980792
4921.999996  1.014095
4922.622803  1.0083
4923.24561  0.974568
4923.868417  0.9450414
4924.491224  0.9555718
4925.114031  1.006587
4925.736838  1.052178
4926.359645  1.062899
4926.982452  1.048566
4927.605259  1.037241
4928.228066  1.051127
4928.850873  1.071712
4929.47368  1.068964
4930.096487  1.055876
4930.719294  1.060578
4931.342101  1.066285
4931.964908  1.061585
4932.587715  1.030329
4933.210522  0.9682613
4933.833329  0.9389167
4934.456136  0.978951
4935.078943  1.03271
4935.70175  1.042944
4936.324557  1.031078
4936.947364  1.018885
4937.570171  0.9938788
4938.192978  0.9595802
4938.815785  0.9407532
4939.438592  0.961979
4940.061399  1.018224
4940.684206  1.062808
4941.307013  1.072841
4941.92982  1.066063
4942.552627  1.062553
4943.175434  1.069124
4943.798241  1.076701
4944.421048  1.072807
4945.043855  1.052294
4945.666662  1.026895
4946.289469  1.02448
4946.912276  1.049282
4947.535083  1.074497
4948.15789  1.080051
4948.780697  1.070831
4949.403504  1.058536
4950.026311  1.054017
4950.649118  1.06226
4951.271925  1.070275
4951.894732  1.064817
4952.517539  1.05208
4953.140346  1.045923
4953.763153  1.050351
4954.38596  1.058106
4955.008767  1.071891
4955.631574  1.072174
4956.254381  1.01777
4956.877188  0.9208816
4957.499995  0.8811159
4958.122802  0.9519323
4958.745609  1.042187
4959.368416  1.081213
4959.991223  1.086733
4960.61403  1.082398
4961.236837  1.071339
4961.859644  1.063473
4962.482451  1.064173
4963.105258  1.072758
4963.728065  1.078888
4964.350872  1.071875
4964.973679  1.051024
4965.596486  1.028292
4966.219293  1.024326
4966.8421  1.033794
4967.464907  1.031924
4968.087714  1.028681
4968.710521  1.036903
4969.333328  1.03614
4969.956135  1.020077
4970.578942  1.022551
4971.201749  1.049637
4971.824556  1.06212
4972.447363  1.052464
4973.07017  1.046719
4973.692977  1.062911
4974.315784  1.076529
4974.938591  1.077398
4975.561398  1.075784
4976.184205  1.073057
4976.807012  1.070337
4977.429819  1.057125
4978.052626  1.034276
4978.675433  1.025776
4979.29824  1.028625
4979.921047  1.025482
4980.543854  1.022552
4981.166661  1.002746
4981.789468  0.9557893
4982.412275  0.9151718
4983.035082  0.9022165
4983.657889  0.9179661
4984.280696  0.9477789
4984.903503  0.9603987
4985.52631  0.9750795
4986.149117  1.019551
4986.771924  1.058532
4987.394731  1.070174
4988.017538  1.059374
4988.640345  1.042755
4989.263152  1.041579
4989.885959  1.033352
4990.508766  1.001231
4991.131573  0.9927825
4991.75438  1.026141
4992.377187  1.046664
4992.999994  1.019577
4993.622801  0.9964255
4994.245608  1.016134
4994.868415  1.047297
4995.491222  1.058285
4996.114029  1.052697
4996.736836  1.051995
4997.359643  1.056822
4997.98245  1.047212
4998.605257  1.022778
4999.228064  1.003766
4999.850871  1.000553
5000.473678  0.9998753
5001.096485  0.988599
5001.719292  0.9777598
5002.342099  0.9887533
5002.964906  1.017762
5003.587713  1.03887
5004.21052  1.032098
5004.833327  0.9929266
5005.456134  0.9432017
5006.078941  0.9213327
5006.701748  0.9373171
5007.324555  0.9746283
5007.947362  1.022053
5008.570169  1.054838
5009.192976  1.057205
5009.815783  1.046307
5010.43859  1.032361
5011.061397  1.007832
5011.684204  0.9736471
5012.307011  0.9512851
5012.929818  0.9500825
5013.552625  0.9467282
5014.175432  0.938908
5014.798239  0.9629692
5015.421046  1.000444
5016.043853  1.008551
5016.66666  0.9942881
5017.289467  0.9517115
5017.912274  0.9067158
5018.535081  0.913645
5019.157888  0.966219
5019.780695  1.012169
5020.403502  1.027381
5021.026309  1.017799
5021.649116  0.9955597
5022.271923  0.9828047
5022.89473  0.9978024
5023.517537  1.023289
5024.140344  1.03161
5024.763151  1.032034
5025.385958  1.035496
5026.008765  1.033847
5026.631572  1.005083
5027.254379  0.9683394
5027.877186  0.9731331
5028.499993  1.015907
5029.1228  1.042673
5029.745607  1.034867
5030.368414  1.017031
5030.991221  1.018756
5031.614028  1.036406
5032.236835  1.056819
5032.859642  1.07017
5033.482449  1.069988
5034.105256  1.056636
5034.728063  1.015905
5035.35087  0.957697
5035.973677  0.9448739
5036.596484  0.9854152
5037.219291  1.020046
5037.842098  1.009643
5038.464905  0.9815925
5039.087712  0.970713
5039.710519  0.9554799
5040.333326  0.912028
5040.956133  0.862578
5041.57894  0.8681781
5042.201747  0.9426491
5042.824554  1.01541
5043.447361  1.035596
5044.070168  1.035471
5044.692975  1.044497
5045.315782  1.062143
5045.938589  1.075641
5046.561396  1.071246
5047.184203  1.045679
5047.80701  1.007907
5048.429817  0.9822503
5049.052624  0.976137
5049.675431  0.9873661
5050.298238  1.002473
5050.921045  0.9894167
5051.543852  0.9723427
5052.166659  0.9919581
5052.789466  1.025835
5053.412273  1.043257
5054.03508  1.049054
5054.657887  1.058608
5055.280694  1.061478
5055.903501  1.054975
5056.526308  1.046403
5057.149115  1.043735
5057.771922  1.045721
5058.394729  1.050375
5059.017536  1.053491
5059.640343  1.056534
5060.26315  1.059979
5060.885957  1.060103
5061.508764  1.068354
5062.131571  1.076727
5062.754378  1.071879
5063.377185  1.051448
5063.999992  1.005562
5064.622799  0.9642627
5065.245606  0.9696643
5065.868413  1.007605
5066.49122  1.030006
5067.114027  1.022535
5067.736834  1.00859
5068.359641  0.9997067
5068.982448  1.008392
5069.605255  1.042141
5070.228062  1.066437
5070.850869  1.049433
5071.473676  1.005554
5072.096483  0.9789911
5072.71929  0.9949983
5073.342097  1.019971
5073.964904  1.014209
5074.587711  1.001038
5075.210518  1.006828
5075.833325  1.016497
5076.456132  1.026936
5077.078939  1.041341
5077.701746  1.035512
5078.324553  0.9881101
5078.94736  0.9288922
5079.570167  0.9042529
5080.192974  0.9206405
5080.815781  0.956758
5081.438588  0.9951301
5082.061395  1.016026
5082.684202  0.9991463
5083.307009  0.9755399
5083.929816  0.9877599
5084.552623  1.026302
5085.17543  1.056941
5085.798237  1.059181
5086.421044  1.046211
5087.043851  1.028635
5087.666658  1.022099
5088.289465  1.034948
5088.912272  1.053418
5089.535079  1.04979
5090.157886  1.027167
5090.780693  1.026101
5091.4035  1.039376
5092.026307  1.053514
5092.649114  1.067277
5093.271921  1.062757
5093.894728  1.056617
5094.517535  1.0636
5095.140342  1.064046
5095.763149  1.044698
5096.385956  1.012776
5097.008763  0.9929198
5097.63157  0.9763079
5098.254377  0.9516584
5098.877184  0.9336751
5099.499991  0.9524502
5100.122798  0.9948234
5100.745605  1.03137
5101.368412  1.055877
5101.991219  1.061465
5102.614026  1.052014
5103.236833  1.042197
5103.85964  1.042554
5104.482447  1.044111
5105.105254  1.043163
5105.728061  1.041735
5106.350868  1.018453
5106.973675  0.9793003
5107.596482  0.972867
5108.219289  1.00614
5108.842096  1.024164
5109.464903  0.9961612
5110.08771  0.9806517
5110.710517  1.004409
5111.333324  1.041581
5111.956131  1.058135
5112.578938  1.062316
5113.201745  1.065231
5113.824552  1.059652
5114.447359  1.049387
5115.070166  1.03899
5115.692973  1.040372
5116.31578  1.05613
5116.938587  1.069649
5117.561394  1.073451
5118.184201  1.069852
5118.807008  1.064872
5119.429815  1.055487
5120.052622  1.04118
5120.675429  1.034267
5121.298236  1.03385
5121.921043  1.032176
5122.54385  1.017626
5123.166657  0.9966127
5123.789464  0.9859679
5124.412271  0.9882349
5125.035078  0.9845976
5125.657885  0.987786
5126.280692  1.002291
5126.903499  1.006777
5127.526306  1.00867
5128.149113  1.005698
5128.77192  0.9922641
5129.394727  0.9956037
5130.017534  1.014155
5130.640341  1.020958
5131.263148  1.021311
5131.885955  1.022181
5132.508762  1.016087
5133.131569  0.9987819
5133.754376  1.00052
5134.377183  1.028623
5134.99999  1.051883
5135.622797  1.053816
5136.245604  1.018994
5136.868411  0.9801219
5137.491218  0.9864397
5138.114025  0.9878675
5138.736832  0.9571115
5139.359639  0.9498085
5139.982446  0.9912159
5140.605253  1.034495
5141.22806  1.017651
5141.850867  0.9614227
5142.473674  0.9295648
5143.096481  0.9628823
5143.719288  1.028139
5144.342095  1.059289
5144.964902  1.04131
5145.587709  1.013964
5146.210516  0.9993939
5146.833323  0.9957221
5147.45613  0.992752
5148.078937  0.9961899
5148.701744  1.024539
5149.324551  1.053006
5149.947358  1.039779
5150.570165  1.009573
5151.192972  0.9946004
5151.815779  1.003908
5152.438586  1.016161
5153.061393  1.005342
5153.6842  0.986837
5154.307007  0.9930476
5154.929814  1.007018
5155.552621  1.017418
5156.175428  1.031818
5156.798235  1.04921
5157.421042  1.058075
5158.043849  1.049783
5158.666656  1.038522
5159.289463  1.042259
5159.91227  1.053466
5160.535077  1.047103
5161.157884  1.025054
5161.780691  1.003066
5162.403498  1.004278
5163.026305  1.031485
5163.649112  1.048426
5164.271919  1.031839
5164.894726  1.002518
5165.517533  0.969651
5166.14034  0.914377
5166.763147  0.8418964
5167.385954  0.8167889
5168.008761  0.8232749
5168.631568  0.8430995
5169.254375  0.9101328
5169.877182  0.9822245
5170.499989  1.000688
5171.122796  0.9387997
5171.745603  0.8342428
5172.36841  0.7799798
5172.991217  0.8334327
5173.614024  0.9414704
5174.236831  1.028066
5174.859638  1.05745
5175.482445  1.053249
5176.105252  1.045133
5176.728059  1.049316
5177.350866  1.060323
5177.973673  1.062822
5178.59648  1.0585
5179.219287  1.054262
5179.842094  1.047659
5180.464901  1.045121
5181.087708  1.042652
5181.710515  1.01809
5182.333322  0.9334409
5182.956129  0.812323
5183.578936  0.7496135
5184.201743  0.8180147
5184.82455  0.9332573
5185.447357  1.001028
5186.070164  1.025796
5186.692971  1.034222
5187.315778  1.019774
5187.938585  0.9724789
5188.561392  0.9503863
5189.184199  0.9850391
5189.807006  1.036495
5190.429813  1.025544
5191.05262  0.9656469
5191.675427  0.9154885
5192.298234  0.9220106
5192.921041  0.9772205
5193.543848  1.0216
5194.166655  1.007921
5194.789462  0.9695939
5195.412269  0.955826
5196.035076  0.9754017
5196.657883  0.9867555
5197.28069  0.9834252
5197.903497  0.9818296
5198.526304  0.9966023
5199.149111  1.016955
5199.771918  1.035123
5200.394725  1.045317
5201.017532  1.033354
5201.640339  1.009721
5202.263146  1.000852
5202.885953  1.015817
5203.50876  1.01082
5204.131567  0.9846942
5204.754374  0.9568121
5205.377181  0.9323538
5205.999988  0.9493377
5206.622795  0.996334
5207.245602  1.002883
5207.868409  0.961437
5208.491216  0.9404808
5209.114023  0.9827409
5209.73683  1.008478
5210.359637  1.013556
5210.982444  1.022077
5211.605251  1.03411
5212.228058  1.050342
5212.850865  1.060247
5213.473672  1.053899
5214.096479  1.032585
5214.719286  0.9998552
5215.342093  0.9689569
5215.9649  0.9598178
5216.587707  0.966173
5217.210514  0.9798052
5217.833321  1.001806
5218.456128  1.030064
5219.078935  1.052463
5219.701742  1.059618
5220.324549  1.059135
5220.947356  1.056008
5221.570163  1.05326
5222.19297  1.052766
5222.815777  1.051539
5223.438584  1.046238
5224.061391  1.032905
5224.684198  1.013816
5225.307005  0.9802175
5225.929812  0.9184178
5226.552619  0.8533176
5227.175426  0.863252
5227.798233  0.9419583
5228.42104  0.9964534
5229.043847  1.010247
5229.666654  1.00778
5230.289461  1.022051
5230.912268  1.048492
5231.535075  1.040274
5232.157882  0.9929419
5232.780689  0.9693198
5233.403496  0.9723086
5234.026303  0.9784482
5234.64911  0.9739557
5235.271917  0.9881639
5235.894724  1.011533
5236.517531  1.022426
5237.140338  1.0284
5237.763145  1.037954
5238.385952  1.046033
5239.008759  1.04102
5239.631566  1.033724
5240.254373  1.039753
5240.87718  1.053178
5241.499987  1.038279
5242.122794  1.016109
5242.745601  1.008431
5243.368408  1.01459
5243.991215  1.035058
5244.614022  1.05552
5245.236829  1.06065
5245.859636  1.050752
5246.482443  1.031306
5247.10525  1.01579
5247.728057  1.022789
5248.350864  1.033614
5248.973671  1.0284
5249.596478  1.007393
5250.219285  0.9936841
5250.842092  1.003892
5251.464899  1.0294
5252.087706  1.040846
5252.710513  1.041735
5253.33332  1.034876
5253.956127  1.014098
5254.578934  0.997669
5255.201741  1.00324
5255.824548  1.028743
5256.447355  1.044052
5257.070162  1.04912
5257.692969  1.054044
5258.315776  1.057761
5258.938583  1.061395
5259.56139  1.059103
5260.184197  1.044141
5260.807004  1.013167
5261.429811  0.9720546
5262.052618  0.9415396
5262.675425  0.9404095
5263.298232  0.9347205
5263.921039  0.9146644
5264.543846  0.9082746
5265.166653  0.8996971
5265.78946  0.8973546
5266.412267  0.9229939
5267.035074  0.9688901
5267.657881  1.00436
5268.280688  0.9926667
5268.903495  0.9233532
5269.526302  0.8660837
5270.149109  0.8746889
5270.771916  0.9421845
5271.394723  1.004449
5272.01753  1.018324
5272.640337  0.9899242
5273.263144  0.9719919
5273.885951  0.9711736
5274.508758  0.9623812
5275.131565  0.9310018
5275.754372  0.9314889
5276.377179  0.9762015
5276.999986  1.029081
5277.622793  1.0526
5278.2456  1.049308
5278.868407  1.037329
5279.491214  1.025169
5280.114021  1.013235
5280.736828  1.00222
5281.359635  0.9939228
5281.982442  0.9928054
5282.605249  0.987833
5283.228056  0.9689105
5283.850863  0.9509411
5284.47367  0.974271
5285.096477  1.025506
5285.719284  1.050807
5286.342091  1.064332
5286.964898  1.064395
5287.587705  1.047564
5288.210512  1.039672
5288.833319  1.045742
5289.456126  1.054249
5290.078933  1.050849
5290.70174  1.05158
5291.324547  1.055615
5291.947354  1.050053
5292.570161  1.039814
5293.192968  1.03786
5293.815775  1.046029
5294.438582  1.049536
5295.061389  1.049276
5295.684196  1.040834
5296.307003  1.013386
5296.92981  0.9753126
5297.552617  0.9478472
5298.175424  0.9516596
5298.798231  0.989917
5299.421038  1.027179
5300.043845  1.039743
5300.666652  1.037294
5301.289459  1.018926
5301.912266  0.998985
5302.535073  0.998234
5303.15788  1.021959
5303.780687  1.0488
5304.403494  1.058053
5305.026301  1.050093
5305.649108  1.038029
5306.271915  1.027112
5306.894722  1.014826
5307.517529  1.013555
5308.140336  1.025527
5308.763143  1.043133
5309.38595  1.053351
5310.008757  1.054332
5310.631564  1.053567
5311.254371  1.058401
5311.877178  1.057257
5312.499985  1.047532
5313.122792  1.037149
5313.745599  1.033072
5314.368406  1.038926
5314.991213  1.038878
5315.61402  1.002795
5316.236827  0.953615
5316.859634  0.9416429
5317.482441  0.9901986
5318.105248  1.029176
5318.728055  1.040737
5319.350862  1.042755
5319.973669  1.042682
5320.596476  1.037493
5321.219283  1.030687
5321.84209  1.03366
5322.464897  1.034668
5323.087704  1.013328
5323.710511  0.9718903
5324.333318  0.9598116
5324.956125  0.9774671
5325.578932  1.004879
5326.201739  1.025067
5326.824546  1.000178
5327.447353  0.9282017
5328.07016  0.859471
5328.692967  0.8742237
5329.315774  0.9473924
5329.938581  1.010183
5330.561388  1.037654
5331.184195  1.045973
5331.807002  1.038607
5332.429809  1.007619
5333.052616  1.003157
5333.675423  1.022071
5334.29823  1.032503
5334.921037  1.034531
5335.543844  1.025554
5336.166651  1.008503
5336.789458  0.9943604
5337.412265  0.9958125
5338.035072  1.00911
5338.657879  1.016826
5339.280686  0.9981114
5339.903493  0.9628994
5340.5263  0.9413834
5341.149107  0.9627252
5341.771914  1.007573
5342.394721  1.039086
5343.017528  1.03704
5343.640335  1.033735
5344.263142  1.034195
5344.885949  1.023649
5345.508756  1.000946
5346.131563  0.9989213
5346.75437  1.020932
5347.377177  1.024997
5347.999984  1.011843
5348.622791  0.991069
5349.245598  0.9766011
5349.868405  0.9915451
5350.491212  1.021124
5351.114019  1.041947
5351.736826  1.04973
5352.359633  1.036629
5352.98244  1.019338
5353.605247  1.024772
5354.228054  1.039608
5354.850861  1.05398
5355.473668  1.062036
5356.096475  1.059705
5356.719282  1.054458
5357.342089  1.051741
5357.964896  1.051026
5358.587703  1.05431
5359.21051  1.058314
5359.833317  1.056187
5360.456124  1.049176
5361.078931  1.043059
5361.701738  1.033007
5362.324545  1.004649
5362.947352  0.997596
5363.570159  1.008466
5364.192966  0.9982684
5364.815773  0.9760139
5365.43858  0.9778967
5366.061387  1.007671
5366.684194  1.004895
5367.307001  0.9936477
5367.929808  1.001442
5368.552615  1.016085
5369.175422  0.9998598
5369.798229  0.9682506
5370.421036  0.9532761
5371.043843  0.9379734
5371.66665  0.9493312
5372.289457  0.9923759
5372.912264  1.024933
5373.535071  1.035598
5374.157878  1.03674
5374.780685  1.043824
5375.403492  1.04745
5376.026299  1.044911
5376.649106  1.039026
5377.271913  1.033249
5377.89472  1.037233
5378.517527  1.041001
5379.140334  1.024847
5379.763141  1.005111
5380.385948  0.9932501
5381.008755  0.9938664
5381.631562  1.010967
5382.254369  1.010145
5382.877176  0.9861444
5383.499983  0.9826384
5384.12279  1.006781
5384.745597  1.036713
5385.368404  1.046102
5385.991211  1.044176
5386.614018  1.040172
5387.236825  1.036742
5387.859632  1.029734
5388.482439  1.020375
5389.105246  1.012502
5389.728053  1.008166
5390.35086  1.009601
5390.973667  1.009224
5391.596474  1.000166
5392.219281  0.9880369
5392.842088  0.9817448
5393.464895  0.9903226
5394.087702  1.014513
5394.710509  1.030284
5395.333316  1.025557
5395.956123  1.002921
5396.57893  0.9642218
5397.201737  0.947353
5397.824544  0.9688688
5398.447351  0.9964261
5399.070158  1.01128
5399.692965  1.00572
5400.315772  0.9885716
5400.938579  0.9910458
5401.561386  1.012707
5402.184193  1.026899
5402.807  1.004416
5403.429807  0.9629545
5404.052614  0.9326102
5404.675421  0.9275371
5405.298228  0.9300749
5405.921035  0.9442548
5406.543842  0.9770041
5407.166649  1.001612
5407.789456  1.011643
5408.412263  1.00612
5409.03507  0.9813319
5409.657877  0.950669
5410.280684  0.9360261
5410.903491  0.9513682
5411.526298  0.9845551
5412.149105  1.013947
5412.771912  1.022352
5413.394719  1.007584
5414.017526  0.9838866
5414.640333  0.9661447
5415.26314  0.9646519
5415.885947  0.9891688
5416.508754  1.019168
5417.131561  1.028653
5417.754368  1.019005
5418.377175  1.005213
5418.999982  1.000207
5419.622789  1.003752
5420.245596  1.004095
5420.868403  0.999714
5421.49121  1.0007
5422.114017  1.019261
5422.736824  1.018777
5423.359631  0.9808685
5423.982438  0.9453497
5424.605245  0.9452448
5425.228052  0.9798453
5425.850859  1.01993
5426.473666  1.039874
5427.096473  1.042074
5427.71928  1.034257
5428.342087  1.008505
5428.964894  0.9619696
5429.587701  0.9289531
5430.210508  0.9565991
5430.833315  1.00076
5431.456122  1.018777
5432.078929  1.005926
5432.701736  0.9974239
5433.324543  0.9852927
5433.94735  0.9662361
5434.570157  0.9638574
5435.192964  0.9740431
5435.815771  0.9864548
5436.438578  0.9979346
5437.061385  1.014492
5437.684192  1.028793
5438.306999  1.032139
5438.929806  1.029681
5439.552613  1.032403
5440.17542  1.035741
5440.798227  1.026345
5441.421034  1.017809
5442.043841  1.022305
5442.666648  1.03457
5443.289455  1.031308
5443.912262  1.009804
5444.535069  0.9836133
5445.157876  0.9698028
5445.780683  0.9519733
5446.40349  0.9308932
5447.026297  0.9292281
5447.649104  0.965818
5448.271911  1.009114
5448.894718  1.028267
5449.517525  1.031872
5450.140332  1.029455
5450.763139  1.026
5451.385946  1.022586
5452.008753  1.023018
5452.63156  1.023925
5453.254367  1.020738
5453.877174  1.013019
5454.499981  0.9734787
5455.122788  0.9205773
5455.745595  0.9168698
5456.368402  0.9600693
5456.991209  1.008472
5457.614016  1.025828
5458.236823  1.028036
5458.85963  1.027651
5459.482437  1.028394
5460.105244  1.028734
5460.728051  1.029117
5461.350858  1.020488
5461.973665  0.9900582
5462.596472  0.9449087
5463.219279  0.9269959
5463.842086  0.9567469
5464.464893  0.9931369
5465.0877  1.011334
5465.710507  1.005606
5466.333314  0.9904369
5466.956121  0.9923882
5467.578928  1.006605
5468.201735  1.015403
5468.824542  1.017417
