4780.  1.173755
4780.622807  1.195185
4781.245614  1.221874
4781.868421  1.220488
4782.491228  1.166731
4783.114035  1.11556
4783.736842  1.126123
4784.359649  1.182796
4784.982456  1.1981
4785.605263  1.144642
4786.22807  1.086791
4786.850877  1.091138
4787.473684  1.135433
4788.096491  1.153738
4788.719298  1.127025
4789.342105  1.104282
4789.964912  1.117032
4790.587719  1.137965
4791.210526  1.137747
4791.833333  1.123163
4792.45614  1.126495
4793.078947  1.16703
4793.701754  1.217855
4794.324561  1.24586
4794.947368  1.245762
4795.570175  1.232867
4796.192982  1.22275
4796.815789  1.215575
4797.438596  1.183873
4798.061403  1.138157
4798.68421  1.104599
4799.307017  1.090607
4799.929824  1.095622
4800.552631  1.119837
4801.175438  1.160319
4801.798245  1.183942
4802.421052  1.190457
4803.043859  1.194513
4803.666666  1.187613
4804.289473  1.151075
4804.91228  1.108716
4805.535087  1.118606
4806.157894  1.139682
4806.780701  1.134833
4807.403508  1.105821
4808.026315  1.08983
4808.649122  1.100472
4809.271929  1.125063
4809.894736  1.140043
4810.517543  1.147989
4811.14035  1.152533
4811.763157  1.150514
4812.385964  1.141058
4813.008771  1.135715
4813.631578  1.145494
4814.254385  1.165082
4814.877192  1.184573
4815.499999  1.197924
4816.122806  1.203661
4816.745613  1.19342
4817.36842  1.178529
4817.991227  1.17981
4818.614034  1.203378
4819.236841  1.219765
4819.859648  1.209612
4820.482455  1.188058
4821.105262  1.183499
4821.728069  1.184056
4822.350876  1.153411
4822.973683  1.082645
4823.59649  1.041672
4824.219297  1.073312
4824.842104  1.127723
4825.464911  1.164443
4826.087718  1.176757
4826.710525  1.182048
4827.333332  1.172798
4827.956139  1.141114
4828.578946  1.102643
4829.201753  1.105643
4829.82456  1.128317
4830.447367  1.135741
4831.070174  1.119719
4831.692981  1.105688
4832.315788  1.107414
4832.938595  1.120065
4833.561402  1.134649
4834.184209  1.148062
4834.807016  1.150182
4835.429823  1.130092
4836.05263  1.122089
4836.675437  1.138555
4837.298244  1.155404
4837.921051  1.13332
4838.543858  1.088383
4839.166665  1.051305
4839.789472  1.030706
4840.412279  1.043195
4841.035086  1.079002
4841.657893  1.103627
4842.2807  1.087112
4842.903507  1.06562
4843.526314  1.08052
4844.149121  1.114147
4844.771928  1.13592
4845.394735  1.139576
4846.017542  1.141996
4846.640349  1.128921
4847.263156  1.092685
4847.885963  1.044776
4848.50877  1.017906
4849.131577  1.03503
4849.754384  1.083142
4850.377191  1.115987
4850.999998  1.110158
4851.622805  1.083205
4852.245612  1.068062
4852.868419  1.062047
4853.491226  1.053581
4854.114033  1.018291
4854.73684  0.9342515
4855.359647  0.8723466
4855.982454  0.8774361
4856.605261  0.9258748
4857.228068  0.9525191
4857.850875  0.9404713
4858.473682  0.9031699
4859.096489  0.8461495
4859.719296  0.7594884
4860.342103  0.638741
4860.96491  0.5173982
4861.587717  0.5187545
4862.210524  0.6386888
4862.833331  0.7734029
4863.456138  0.8420757
4864.078945  0.8725781
4864.701752  0.9048513
4865.324559  0.9310626
4865.947366  0.9608175
4866.570173  0.9877982
4867.19298  0.9990309
4867.815787  1.002429
4868.438594  1.01768
4869.061401  1.042559
4869.684208  1.037412
4870.307015  0.9805421
4870.929822  0.9015809
4871.552629  0.8656174
4872.175436  0.905956
4872.798243  0.9744014
4873.42105  1.011544
4874.043857  1.02763
4874.666664  1.023946
4875.289471  1.016664
4875.912278  1.028564
4876.535085  1.045902
4877.157892  1.04567
4877.780699  1.036581
4878.403506  1.08251
4879.026313  1.147282
4879.64912  1.175492
4880.271927  1.155743
4880.894734  1.102354
4881.517541  1.063336
4882.140348  1.074913
4882.763155  1.097301
4883.385962  1.098149
4884.008769  1.06944
4884.631576  1.028272
4885.254383  0.9988248
4885.87719  0.9862928
4886.499997  0.9835401
4887.122804  1.008106
4887.745611  1.029121
4888.368418  1.025637
4888.991225  1.041966
4889.614032  1.051387
4890.236839  1.010761
4890.859646  0.9273211
4891.482453  0.947802
4892.10526  1.052917
4892.728067  1.124707
4893.350874  1.150966
4893.973681  1.163903
4894.596488  1.182122
4895.219295  1.183959
4895.842102  1.169918
4896.464909  1.156138
4897.087716  1.157713
4897.710523  1.165318
4898.33333  1.160038
4898.956137  1.130921
4899.578944  1.090403
4900.201751  1.085893
4900.824558  1.123487
4901.447365  1.15569
4902.070172  1.136855
4902.692979  1.091377
4903.315786  1.06886
4903.938593  1.0776
4904.5614  1.108997
4905.184207  1.147937
4905.807014  1.179792
4906.429821  1.179061
4907.052628  1.152679
4907.675435  1.127509
4908.298242  1.118953
4908.921049  1.084481
4909.543856  1.014807
4910.166663  0.972526
4910.78947  0.9754782
4911.412277  1.016514
4912.035084  1.070585
4912.657891  1.102522
4913.280698  1.113788
4913.903505  1.126438
4914.526312  1.15634
4915.149119  1.179749
4915.771926  1.173571
4916.394733  1.138903
4917.01754  1.096292
4917.640347  1.035362
4918.263154  0.9596273
4918.885961  0.9370676
4919.508768  0.9339563
4920.131575  0.9273177
4920.754382  0.948715
4921.377189  1.002107
4921.999996  1.05659
4922.622803  1.068685
4923.24561  1.017143
4923.868417  0.9659415
4924.491224  0.9764561
4925.114031  1.037822
4925.736838  1.107948
4926.359645  1.139617
4926.982452  1.120145
4927.605259  1.111455
4928.228066  1.139083
4928.850873  1.174411
4929.47368  1.160675
4930.096487  1.13583
4930.719294  1.134771
4931.342101  1.145386
4931.964908  1.141538
4932.587715  1.088278
4933.210522  1.00734
4933.833329  1.01767
4934.456136  1.082337
4935.078943  1.123143
4935.70175  1.112915
4936.324557  1.078124
4936.947364  1.038169
4937.570171  0.99599
4938.192978  0.9583087
4938.815785  0.9440302
4939.438592  0.9758328
4940.061399  1.059766
4940.684206  1.134108
4941.307013  1.157578
4941.92982  1.143095
4942.552627  1.143355
4943.175434  1.165767
4943.798241  1.181881
4944.421048  1.162984
4945.043855  1.111793
4945.666662  1.069991
4946.289469  1.084243
4946.912276  1.125579
4947.535083  1.157087
4948.15789  1.161914
4948.780697  1.15317
4949.403504  1.138189
4950.026311  1.134486
4950.649118  1.159983
4951.271925  1.167748
4951.894732  1.142066
4952.517539  1.111255
4953.140346  1.110463
4953.763153  1.121104
4954.38596  1.128619
4955.008767  1.158501
4955.631574  1.175056
4956.254381  1.111857
4956.877188  0.9580936
4957.499995  0.8862738
4958.122802  0.9574076
4958.745609  1.10051
4959.368416  1.184356
4959.991223  1.202186
4960.61403  1.188585
4961.236837  1.167492
4961.859644  1.152596
4962.482451  1.157671
4963.105258  1.181614
4963.728065  1.186895
4964.350872  1.155668
4964.973679  1.104648
4965.596486  1.077945
4966.219293  1.090969
4966.8421  1.106229
4967.464907  1.083647
4968.087714  1.074875
4968.710521  1.082583
4969.333328  1.083913
4969.956135  1.069374
4970.578942  1.072535
4971.201749  1.104655
4971.824556  1.138114
4972.447363  1.14163
4973.07017  1.140188
4973.692977  1.161476
4974.315784  1.175372
4974.938591  1.165587
4975.561398  1.143285
4976.184205  1.135944
4976.807012  1.134044
4977.429819  1.114397
4978.052626  1.073953
4978.675433  1.061123
4979.29824  1.067786
4979.921047  1.074909
4980.543854  1.080824
4981.166661  1.057079
4981.789468  0.9914317
4982.412275  0.9088935
4983.035082  0.8745863
4983.657889  0.9026561
4984.280696  0.9551077
4984.903503  0.9778908
4985.52631  1.000644
4986.149117  1.055739
4986.771924  1.132147
4987.394731  1.170768
4988.017538  1.158812
4988.640345  1.129572
4989.263152  1.125481
4989.885959  1.113491
4990.508766  1.077763
4991.131573  1.058479
4991.75438  1.085786
4992.377187  1.108943
4992.999994  1.073418
4993.622801  1.049454
4994.245608  1.07152
4994.868415  1.116336
4995.491222  1.126212
4996.114029  1.116346
4996.736836  1.111434
4997.359643  1.116703
4997.98245  1.110304
4998.605257  1.082481
4999.228064  1.04604
4999.850871  1.027457
5000.473678  1.016804
5001.096485  1.004686
5001.719292  0.9981434
5002.342099  1.014922
5002.964906  1.042011
5003.587713  1.053462
5004.21052  1.045257
5004.833327  1.00528
5005.456134  0.9468877
5006.078941  0.9167016
5006.701748  0.9454496
5007.324555  1.019577
5007.947362  1.094437
5008.570169  1.128058
5009.192976  1.117428
5009.815783  1.089043
5010.43859  1.074866
5011.061397  1.038955
5011.684204  0.9850709
5012.307011  0.9542168
5012.929818  0.9421232
5013.552625  0.9348251
5014.175432  0.9392225
5014.798239  0.987895
5015.421046  1.034114
5016.043853  1.036253
5016.66666  0.9967718
5017.289467  0.92926
5017.912274  0.8861167
5018.535081  0.9111864
5019.157888  0.9804013
5019.780695  1.040096
5020.403502  1.056974
5021.026309  1.04227
5021.649116  1.011452
5022.271923  0.9999605
5022.89473  1.030111
5023.517537  1.06224
5024.140344  1.07038
5024.763151  1.065636
5025.385958  1.083519
5026.008765  1.082481
5026.631572  1.035362
5027.254379  0.9732863
5027.877186  0.9804926
5028.499993  1.041469
5029.1228  1.088978
5029.745607  1.095743
5030.368414  1.080473
5030.991221  1.075879
5031.614028  1.099339
5032.236835  1.126394
5032.859642  1.147757
5033.482449  1.161376
5034.105256  1.144022
5034.728063  1.068957
5035.35087  0.9745734
5035.973677  0.961495
5036.596484  1.017676
5037.219291  1.065872
5037.842098  1.044047
5038.464905  0.9981425
5039.087712  0.9716614
5039.710519  0.95034
5040.333326  0.8659056
5040.956133  0.796777
5041.57894  0.8244808
5042.201747  0.9464401
5042.824554  1.058771
5043.447361  1.109832
5044.070168  1.117954
5044.692975  1.135781
5045.315782  1.160709
5045.938589  1.172431
5046.561396  1.15692
5047.184203  1.089432
5047.80701  1.012053
5048.429817  0.9875056
5049.052624  1.000873
5049.675431  1.032708
5050.298238  1.053877
5050.921045  1.033726
5051.543852  1.008076
5052.166659  1.013982
5052.789466  1.053598
5053.412273  1.089197
5054.03508  1.111464
5054.657887  1.122361
5055.280694  1.114762
5055.903501  1.100189
5056.526308  1.09219
5057.149115  1.094578
5057.771922  1.111503
5058.394729  1.1287
5059.017536  1.132136
5059.640343  1.128166
5060.26315  1.137827
5060.885957  1.160182
5061.508764  1.16787
5062.131571  1.172471
5062.754378  1.170836
5063.377185  1.137737
5063.999992  1.039009
5064.622799  0.9659293
5065.245606  0.9901601
5065.868413  1.051678
5066.49122  1.082222
5067.114027  1.070518
5067.736834  1.0557
5068.359641  1.044723
5068.982448  1.062677
5069.605255  1.110977
5070.228062  1.133444
5070.850869  1.089086
5071.473676  1.012747
5072.096483  0.9920078
5072.71929  1.027931
5073.342097  1.068084
5073.964904  1.066618
5074.587711  1.048822
5075.210518  1.042046
5075.833325  1.060838
5076.456132  1.099552
5077.078939  1.131692
5077.701746  1.117132
5078.324553  1.036916
5078.94736  0.9385046
5079.570167  0.8859785
5080.192974  0.9070253
5080.815781  0.9653465
5081.438588  1.024657
5082.061395  1.050093
5082.684202  1.029822
5083.307009  1.014716
5083.929816  1.031722
5084.552623  1.071387
5085.17543  1.103313
5085.798237  1.111474
5086.421044  1.097204
5087.043851  1.074257
5087.666658  1.063612
5088.289465  1.073283
5088.912272  1.093112
5089.535079  1.099869
5090.157886  1.090432
5090.780693  1.083341
5091.4035  1.10178
5092.026307  1.126844
5092.649114  1.138995
5093.271921  1.136605
5093.894728  1.130029
5094.517535  1.129192
5095.140342  1.12584
5095.763149  1.093768
5096.385956  1.044153
5097.008763  0.9997526
5097.63157  0.9691731
5098.254377  0.9220377
5098.877184  0.8891627
5099.499991  0.9184273
5100.122798  0.9935647
5100.745605  1.071862
5101.368412  1.117834
5101.991219  1.126739
5102.614026  1.108291
5103.236833  1.08498
5103.85964  1.073249
5104.482447  1.067203
5105.105254  1.070457
5105.728061  1.078246
5106.350868  1.065804
5106.973675  1.030042
5107.596482  1.009327
5108.219289  1.036205
5108.842096  1.036868
5109.464903  1.00856
5110.08771  0.9986851
5110.710517  1.039221
5111.333324  1.09327
5111.956131  1.121905
5112.578938  1.124196
5113.201745  1.12295
5113.824552  1.117751
5114.447359  1.09787
5115.070166  1.079792
5115.692973  1.088891
5116.31578  1.121287
5116.938587  1.138414
5117.561394  1.142797
5118.184201  1.143265
5118.807008  1.13887
5119.429815  1.119697
5120.052622  1.091963
5120.675429  1.069893
5121.298236  1.062489
5121.921043  1.058971
5122.54385  1.043167
5123.166657  1.010521
5123.789464  0.9920253
5124.412271  0.9871214
5125.035078  0.9861078
5125.657885  1.005138
5126.280692  1.026418
5126.903499  1.035044
5127.526306  1.034374
5128.149113  1.014103
5128.77192  0.9928214
5129.394727  0.9999248
5130.017534  1.032145
5130.640341  1.047392
5131.263148  1.034068
5131.885955  1.037862
5132.508762  1.035598
5133.131569  1.023434
5133.754376  1.028901
5134.377183  1.072983
5134.99999  1.111294
5135.622797  1.093782
5136.245604  1.034098
5136.868411  0.9918397
5137.491218  0.995777
5138.114025  1.01241
5138.736832  0.9769965
5139.359639  0.957267
5139.982446  1.026314
5140.605253  1.074057
5141.22806  1.045651
5141.850867  0.9698688
5142.473674  0.9317364
5143.096481  0.9750622
5143.719288  1.047937
5144.342095  1.067107
5144.964902  1.04325
5145.587709  1.009441
5146.210516  0.9889855
5146.833323  0.9824142
5147.45613  0.9771985
5148.078937  0.991709
5148.701744  1.046556
5149.324551  1.076628
5149.947358  1.059996
5150.570165  1.025128
5151.192972  1.012925
5151.815779  1.01914
5152.438586  1.015919
5153.061393  0.9883639
5153.6842  0.9758314
5154.307007  0.987727
5154.929814  1.006018
5155.552621  1.022931
5156.175428  1.044164
5156.798235  1.068991
5157.421042  1.079486
5158.043849  1.070827
5158.666656  1.061271
5159.289463  1.070795
5159.91227  1.085534
5160.535077  1.080807
5161.157884  1.047051
5161.780691  1.004049
5162.403498  1.003643
5163.026305  1.038025
5163.649112  1.043285
5164.271919  1.007287
5164.894726  0.9620534
5165.517533  0.9298378
5166.14034  0.8707285
5166.763147  0.7921989
5167.385954  0.7364358
5168.008761  0.745251
5168.631568  0.7979856
5169.254375  0.8887365
5169.877182  0.9909324
5170.499989  0.9791245
5171.122796  0.8814927
5171.745603  0.7793635
5172.36841  0.711636
5172.991217  0.7862467
5173.614024  0.9507987
5174.236831  1.04352
5174.859638  1.085646
5175.482445  1.089756
5176.105252  1.069558
5176.728059  1.067308
5177.350866  1.083872
5177.973673  1.099893
5178.59648  1.097842
5179.219287  1.082717
5179.842094  1.069651
5180.464901  1.066596
5181.087708  1.0603
5181.710515  1.016273
5182.333322  0.9014639
5182.956129  0.7251336
5183.578936  0.6415637
5184.201743  0.7210149
5184.82455  0.891518
5185.447357  1.000883
5186.070164  1.044654
5186.692971  1.06578
5187.315778  1.042371
5187.938585  0.9934161
5188.561392  0.9811586
5189.184199  1.049859
5189.807006  1.097769
5190.429813  1.067276
5191.05262  0.9759962
5191.675427  0.8942664
5192.298234  0.8900287
5192.921041  0.9634626
5193.543848  1.034698
5194.166655  1.022461
5194.789462  0.9631968
5195.412269  0.946593
5196.035076  0.9619008
5196.657883  0.9762632
5197.28069  0.9776962
5197.903497  0.9944395
5198.526304  1.028471
5199.149111  1.06101
5199.771918  1.070692
5200.394725  1.068459
5201.017532  1.052188
5201.640339  1.028572
5202.263146  1.032184
5202.885953  1.056661
5203.50876  1.061226
5204.131567  1.010656
5204.754374  0.9575041
5205.377181  0.9389327
5205.999988  0.9613625
5206.622795  1.014851
5207.245602  1.018748
5207.868409  0.9608704
5208.491216  0.94278
5209.114023  0.9883856
5209.73683  1.039812
5210.359637  1.037075
5210.982444  1.040708
5211.605251  1.06048
5212.228058  1.078642
5212.850865  1.089669
5213.473672  1.083963
5214.096479  1.047686
5214.719286  0.9813051
5215.342093  0.9390026
5215.9649  0.936114
5216.587707  0.9520642
5217.210514  0.9652853
5217.833321  0.9912487
5218.456128  1.035971
5219.078935  1.073581
5219.701742  1.078198
5220.324549  1.067637
5220.947356  1.071942
5221.570163  1.071693
5222.19297  1.065923
5222.815777  1.057956
5223.438584  1.042069
5224.061391  1.014718
5224.684198  0.9784233
5225.307005  0.9319469
5225.929812  0.8558165
5226.552619  0.7966024
5227.175426  0.8143921
5227.798233  0.911351
5228.42104  0.9960135
5229.043847  1.018602
5229.666654  1.015446
5230.289461  1.035859
5230.912268  1.063707
5231.535075  1.051214
5232.157882  0.991083
5232.780689  0.9538395
5233.403496  0.9683051
5234.026303  0.9772047
5234.64911  0.9704962
5235.271917  0.9713386
5235.894724  1.001125
5236.517531  1.029597
5237.140338  1.050141
5237.763145  1.066062
5238.385952  1.07333
5239.008759  1.063579
5239.631566  1.052964
5240.254373  1.067932
5240.87718  1.079601
5241.499987  1.062707
5242.122794  1.021946
5242.745601  1.002688
5243.368408  1.018516
5243.991215  1.057098
5244.614022  1.092643
5245.236829  1.097005
5245.859636  1.064205
5246.482443  1.016943
5247.10525  0.9995826
5247.728057  1.017872
5248.350864  1.040348
5248.973671  1.024372
5249.596478  0.9840127
5250.219285  0.9626742
5250.842092  0.991155
5251.464899  1.035734
5252.087706  1.059525
5252.710513  1.052338
5253.33332  1.036056
5253.956127  1.007234
5254.578934  0.9779313
5255.201741  0.9801686
5255.824548  1.021858
5256.447355  1.067742
5257.070162  1.083283
5257.692969  1.092763
5258.315776  1.097007
5258.938583  1.091269
5259.56139  1.077834
5260.184197  1.055893
5260.807004  1.015586
5261.429811  0.9574775
5262.052618  0.9194602
5262.675425  0.9010803
5263.298232  0.8860631
5263.921039  0.8690907
5264.543846  0.8467193
5265.166653  0.8229957
5265.78946  0.8159199
5266.412267  0.8676032
5267.035074  0.9478409
5267.657881  0.9879872
5268.280688  0.9482893
5268.903495  0.86123
5269.526302  0.7983474
5270.149109  0.818214
5270.771916  0.9074391
5271.394723  0.9910929
5272.01753  1.003593
5272.640337  0.9716077
5273.263144  0.9565741
5273.885951  0.9663218
5274.508758  0.9360359
5275.131565  0.8860129
5275.754372  0.8813764
5276.377179  0.9596832
5276.999986  1.045745
5277.622793  1.083649
5278.2456  1.06901
5278.868407  1.043322
5279.491214  1.014782
5280.114021  0.9890233
5280.736828  0.9796315
5281.359635  0.983243
5281.982442  0.9877089
5282.605249  0.9775432
5283.228056  0.9362904
5283.850863  0.92439
5284.47367  0.9748754
5285.096477  1.041573
5285.719284  1.087816
5286.342091  1.103455
5286.964898  1.099145
5287.587705  1.077377
5288.210512  1.061105
5288.833319  1.066933
5289.456126  1.088508
5290.078933  1.105331
5290.70174  1.106903
5291.324547  1.0992
5291.947354  1.078779
5292.570161  1.059836
5293.192968  1.056226
5293.815775  1.060212
5294.438582  1.064425
5295.061389  1.061421
5295.684196  1.04298
5296.307003  1.00116
5296.92981  0.9396673
5297.552617  0.8861108
5298.175424  0.8922033
5298.798231  0.9538764
5299.421038  1.022196
5300.043845  1.0419
5300.666652  1.028767
5301.289459  1.008131
5301.912266  0.9965734
5302.535073  1.011231
5303.15788  1.044495
5303.780687  1.075348
5304.403494  1.087055
5305.026301  1.080999
5305.649108  1.06521
5306.271915  1.04621
5306.894722  1.027565
5307.517529  1.02186
5308.140336  1.039325
5308.763143  1.067602
5309.38595  1.086297
5310.008757  1.087853
5310.631564  1.085402
5311.254371  1.085757
5311.877178  1.082056
5312.499985  1.065
5313.122792  1.050751
5313.745599  1.050586
5314.368406  1.059412
5314.991213  1.054167
5315.61402  1.01757
5316.236827  0.9746531
5316.859634  0.9744659
5317.482441  1.012778
5318.105248  1.049846
5318.728055  1.057993
5319.350862  1.061271
5319.973669  1.05678
5320.596476  1.043878
5321.219283  1.0355
5321.84209  1.043508
5322.464897  1.047466
5323.087704  1.01798
5323.710511  0.9676238
5324.333318  0.9444678
5324.956125  0.9694024
5325.578932  1.001767
5326.201739  1.023381
5326.824546  0.9995397
5327.447353  0.9087526
5328.07016  0.8175296
5328.692967  0.8084844
5329.315774  0.8982009
5329.938581  0.9902458
5330.561388  1.044196
5331.184195  1.052993
5331.807002  1.026783
5332.429809  0.9984676
5333.052616  0.9947949
5333.675423  1.020011
5334.29823  1.04535
5334.921037  1.057744
5335.543844  1.053704
5336.166651  1.031371
5336.789458  1.010481
5337.412265  1.007347
5338.035072  1.020086
5338.657879  1.015665
5339.280686  0.9799185
5339.903493  0.9320176
5340.5263  0.9148806
5341.149107  0.9455243
5341.771914  0.9992487
5342.394721  1.030177
5343.017528  1.036703
5343.640335  1.041098
5344.263142  1.052067
5344.885949  1.032223
5345.508756  0.9976577
5346.131563  0.9853863
5346.75437  1.011808
5347.377177  1.023753
5347.999984  1.002556
5348.622791  0.9731066
5349.245598  0.9623884
5349.868405  0.9840538
5350.491212  1.026982
5351.114019  1.057001
5351.736826  1.061868
5352.359633  1.044863
5352.98244  1.023037
5353.605247  1.029954
5354.228054  1.059302
5354.850861  1.084319
5355.473668  1.09167
5356.096475  1.090825
5356.719282  1.090749
5357.342089  1.089256
5357.964896  1.086254
5358.587703  1.082811
5359.21051  1.080443
5359.833317  1.080808
5360.456124  1.07674
5361.078931  1.058939
5361.701738  1.027803
5362.324545  1.004032
5362.947352  1.003703
5363.570159  1.018044
5364.192966  1.001227
5364.815773  0.976913
5365.43858  0.9832348
5366.061387  1.009461
5366.684194  1.009511
5367.307001  0.9893336
5367.929808  0.9979461
5368.552615  0.9974157
5369.175422  0.9695252
5369.798229  0.9285107
5370.421036  0.905865
5371.043843  0.9108978
5371.66665  0.9446324
5372.289457  1.00334
5372.912264  1.037593
5373.535071  1.041868
5374.157878  1.047931
5374.780685  1.062037
5375.403492  1.06896
5376.026299  1.058217
5376.649106  1.040289
5377.271913  1.028777
5377.89472  1.029696
5378.517527  1.037678
5379.140334  1.025575
5379.763141  0.9976386
5380.385948  0.9793282
5381.008755  0.9916478
5381.631562  1.009873
5382.254369  1.004852
5382.877176  0.9771889
5383.499983  0.9801189
5384.12279  1.021529
5384.745597  1.061201
5385.368404  1.065548
5385.991211  1.048005
5386.614018  1.035864
5387.236825  1.038311
5387.859632  1.043023
5388.482439  1.034251
5389.105246  1.00923
5389.728053  0.9911229
5390.35086  0.9842632
5390.973667  0.9817373
5391.596474  0.9788514
5392.219281  0.9748997
5392.842088  0.9742595
5393.464895  0.9828039
5394.087702  1.000279
5394.710509  1.015435
5395.333316  1.014548
5395.956123  0.988086
5396.57893  0.9443794
5397.201737  0.9155353
5397.824544  0.9389859
5398.447351  0.9798446
5399.070158  0.9982576
5399.692965  0.9852713
5400.315772  0.9701065
5400.938579  0.9793963
5401.561386  1.011644
5402.184193  1.032299
5402.807  1.010118
5403.429807  0.9497797
5404.052614  0.8901089
5404.675421  0.8705418
5405.298228  0.881432
5405.921035  0.8982598
5406.543842  0.9302439
5407.166649  0.9680196
5407.789456  0.9936991
5408.412263  0.9919445
5409.03507  0.957354
5409.657877  0.9176068
5410.280684  0.9108061
5410.903491  0.9360857
5411.526298  0.9791194
5412.149105  1.01435
5412.771912  1.018486
5413.394719  1.001569
5414.017526  0.9779823
5414.640333  0.9580249
5415.26314  0.9663028
5415.885947  1.000693
5416.508754  1.035317
5417.131561  1.041664
5417.754368  1.028755
5418.377175  1.015164
5418.999982  1.009481
5419.622789  0.9950393
5420.245596  0.9690883
5420.868403  0.9523641
5421.49121  0.9748403
5422.114017  1.011907
5422.736824  1.01805
5423.359631  0.9725254
5423.982438  0.9203842
5424.605245  0.9126048
5425.228052  0.9638576
5425.850859  1.024065
5426.473666  1.059896
5427.096473  1.067734
5427.71928  1.060585
5428.342087  1.020262
5428.964894  0.9522198
5429.587701  0.9059457
5430.210508  0.944881
5430.833315  1.018676
5431.456122  1.040069
5432.078929  1.020216
5432.701736  0.990594
5433.324543  0.9704121
5433.94735  0.9537126
5434.570157  0.9470989
5435.192964  0.9514588
5435.815771  0.9599915
5436.438578  0.9716247
5437.061385  0.9959065
5437.684192  1.032004
5438.306999  1.05485
5438.929806  1.062899
5439.552613  1.062307
5440.17542  1.056616
5440.798227  1.049173
5441.421034  1.045668
5442.043841  1.050275
5442.666648  1.057658
5443.289455  1.055979
5443.912262  1.037472
5444.535069  1.005334
5445.157876  0.9763815
5445.780683  0.9451396
5446.40349  0.9066937
5447.026297  0.9023194
5447.649104  0.9484528
5448.271911  1.017478
5448.894718  1.051827
5449.517525  1.058602
5450.140332  1.056746
5450.763139  1.052974
5451.385946  1.046669
5452.008753  1.039824
5452.63156  1.036463
5453.254367  1.037844
5453.877174  1.021735
5454.499981  0.9709663
5455.122788  0.8993281
5455.745595  0.8877832
5456.368402  0.9484803
5456.991209  1.025113
5457.614016  1.059388
5458.236823  1.062301
5458.85963  1.062001
5459.482437  1.057751
5460.105244  1.051246
5460.728051  1.039702
5461.350858  1.016172
5461.973665  0.9683047
5462.596472  0.9188384
5463.219279  0.9045961
5463.842086  0.9420682
5464.464893  0.9951392
5465.0877  1.022848
5465.710507  1.012434
5466.333314  0.9907988
5466.956121  0.9863338
5467.578928  1.007297
5468.201735  1.029595
5468.824542  1.036878
