4780.  1.070972
4780.622807  1.092157
4781.245614  1.11993
4781.868421  1.120834
4782.491228  1.071751
4783.114035  1.01821
4783.736842  1.021291
4784.359649  1.082617
4784.982456  1.10778
4785.605263  1.054937
4786.22807  0.9914876
4786.850877  0.9930625
4787.473684  1.040655
4788.096491  1.062285
4788.719298  1.040749
4789.342105  1.017425
4789.964912  1.02757
4790.587719  1.058707
4791.210526  1.067622
4791.833333  1.051366
4792.45614  1.046043
4793.078947  1.084746
4793.701754  1.130949
4794.324561  1.145566
4794.947368  1.141179
4795.570175  1.137857
4796.192982  1.136162
4796.815789  1.120577
4797.438596  1.093293
4798.061403  1.062759
4798.68421  1.041218
4799.307017  1.03664
4799.929824  1.030591
4800.552631  1.03265
4801.175438  1.073485
4801.798245  1.103194
4802.421052  1.106581
4803.043859  1.10168
4803.666666  1.097057
4804.289473  1.066995
4804.91228  1.030716
4805.535087  1.053904
4806.157894  1.072461
4806.780701  1.061162
4807.403508  1.043578
4808.026315  1.027253
4808.649122  1.034902
4809.271929  1.065926
4809.894736  1.082937
4810.517543  1.085755
4811.14035  1.086924
4811.763157  1.093203
4812.385964  1.091759
4813.008771  1.085318
4813.631578  1.085157
4814.254385  1.09665
4814.877192  1.110814
4815.499999  1.122465
4816.122806  1.132008
4816.745613  1.126124
4817.36842  1.113133
4817.991227  1.111554
4818.614034  1.129092
4819.236841  1.137075
4819.859648  1.123732
4820.482455  1.1118
4821.105262  1.111903
4821.728069  1.1125
4822.350876  1.08878
4822.973683  1.021399
4823.59649  0.979363
4824.219297  1.007619
4824.842104  1.062268
4825.464911  1.099536
4826.087718  1.108435
4826.710525  1.108625
4827.333332  1.114362
4827.956139  1.100381
4828.578946  1.061307
4829.201753  1.047819
4829.82456  1.072651
4830.447367  1.098279
4831.070174  1.080563
4831.692981  1.055833
4832.315788  1.050257
4832.938595  1.062731
4833.561402  1.076425
4834.184209  1.087518
4834.807016  1.091708
4835.429823  1.081835
4836.05263  1.076803
4836.675437  1.085985
4837.298244  1.097001
4837.921051  1.079954
4838.543858  1.047876
4839.166665  1.021155
4839.789472  1.005716
4840.412279  1.017255
4841.035086  1.045411
4841.657893  1.062529
4842.2807  1.053132
4842.903507  1.027934
4843.526314  1.019018
4844.149121  1.055243
4844.771928  1.087453
4845.394735  1.093314
4846.017542  1.09307
4846.640349  1.087568
4847.263156  1.068069
4847.885963  1.03246
4848.50877  0.9991412
4849.131577  1.005049
4849.754384  1.045395
4850.377191  1.074105
4850.999998  1.075304
4851.622805  1.054122
4852.245612  1.031153
4852.868419  1.030368
4853.491226  1.031628
4854.114033  1.0016
4854.73684  0.9327374
4855.359647  0.8815095
4855.982454  0.8840082
4856.605261  0.9258164
4857.228068  0.9478628
4857.850875  0.9386396
4858.473682  0.9044283
4859.096489  0.8391617
4859.719296  0.7466382
4860.342103  0.6312132
4860.96491  0.524956
4861.587717  0.5328057
4862.210524  0.6523007
4862.833331  0.7902077
4863.456138  0.8416099
4864.078945  0.8606151
4864.701752  0.8952335
4865.324559  0.9300668
4865.947366  0.9553629
4866.570173  0.9719763
4867.19298  0.9834794
4867.815787  0.985059
4868.438594  1.000875
4869.061401  1.026311
4869.684208  1.015964
4870.307015  0.9533352
4870.929822  0.8699248
4871.552629  0.8276715
4872.175436  0.8731107
4872.798243  0.949849
4873.42105  0.993407
4874.043857  1.0037
4874.666664  1.007257
4875.289471  1.010093
4875.912278  1.006874
4876.535085  1.022256
4877.157892  1.021168
4877.780699  0.9946652
4878.403506  1.013797
4879.026313  1.074025
4879.64912  1.127483
4880.271927  1.126479
4880.894734  1.071337
4881.517541  1.019903
4882.140348  1.02261
4882.763155  1.060753
4883.385962  1.077946
4884.008769  1.051126
4884.631576  1.008617
4885.254383  0.9761487
4885.87719  0.964121
4886.499997  0.970414
4887.122804  0.9909611
4887.745611  1.004339
4888.368418  1.002892
4888.991225  1.003569
4889.614032  1.009073
4890.236839  0.970436
4890.859646  0.8745715
4891.482453  0.8774686
4892.10526  0.970448
4892.728067  1.06298
4893.350874  1.102993
4893.973681  1.120252
4894.596488  1.136696
4895.219295  1.14192
4895.842102  1.130633
4896.464909  1.11615
4897.087716  1.115124
4897.710523  1.127434
4898.33333  1.131593
4898.956137  1.107358
4899.578944  1.061595
4900.201751  1.05126
4900.824558  1.083135
4901.447365  1.115925
4902.070172  1.101545
4902.692979  1.061193
4903.315786  1.033674
4903.938593  1.034619
4904.5614  1.064174
4905.184207  1.104059
4905.807014  1.128715
4906.429821  1.125174
4907.052628  1.104137
4907.675435  1.084645
4908.298242  1.076232
4908.921049  1.044649
4909.543856  0.9914625
4910.166663  0.9557385
4910.78947  0.9565133
4911.412277  0.9899579
4912.035084  1.036402
4912.657891  1.07367
4913.280698  1.081156
4913.903505  1.079647
4914.526312  1.110407
4915.149119  1.135839
4915.771926  1.137263
4916.394733  1.116438
4917.01754  1.073831
4917.640347  1.002186
4918.263154  0.9271191
4918.885961  0.8972194
4919.508768  0.8772972
4920.131575  0.8633758
4920.754382  0.8850418
4921.377189  0.9561293
4921.999996  1.024391
4922.622803  1.040841
4923.24561  1.012523
4923.868417  0.9712682
4924.491224  0.9623656
4925.114031  1.009439
4925.736838  1.067536
4926.359645  1.094532
4926.982452  1.08171
4927.605259  1.062694
4928.228066  1.082845
4928.850873  1.12361
4929.47368  1.124979
4930.096487  1.107043
4930.719294  1.10111
4931.342101  1.114689
4931.964908  1.114861
4932.587715  1.06643
4933.210522  0.9880559
4933.833329  0.9511032
4934.456136  1.000939
4935.078943  1.072771
4935.70175  1.081017
4936.324557  1.059621
4936.947364  1.026841
4937.570171  0.9857709
4938.192978  0.9380164
4938.815785  0.9165524
4939.438592  0.9464088
4940.061399  1.020735
4940.684206  1.092093
4941.307013  1.118645
4941.92982  1.102906
4942.552627  1.09665
4943.175434  1.117944
4943.798241  1.141237
4944.421048  1.12622
4945.043855  1.079942
4945.666662  1.03761
4946.289469  1.03451
4946.912276  1.075845
4947.535083  1.11366
4948.15789  1.120749
4948.780697  1.114839
4949.403504  1.096022
4950.026311  1.08786
4950.649118  1.107662
4951.271925  1.119914
4951.894732  1.103225
4952.517539  1.07357
4953.140346  1.073354
4953.763153  1.078642
4954.38596  1.081906
4955.008767  1.095933
4955.631574  1.113166
4956.254381  1.050381
4956.877188  0.9024565
4957.499995  0.822562
4958.122802  0.8931248
4958.745609  1.040704
4959.368416  1.121021
4959.991223  1.145917
4960.61403  1.141761
4961.236837  1.124398
4961.859644  1.101588
4962.482451  1.101897
4963.105258  1.126252
4963.728065  1.138472
4964.350872  1.112513
4964.973679  1.06549
4965.596486  1.037478
4966.219293  1.049998
4966.8421  1.068696
4967.464907  1.06418
4968.087714  1.049012
4968.710521  1.047758
4969.333328  1.048539
4969.956135  1.031227
4970.578942  1.029648
4971.201749  1.058514
4971.824556  1.095564
4972.447363  1.09684
4973.07017  1.091747
4973.692977  1.105357
4974.315784  1.126744
4974.938591  1.117213
4975.561398  1.097336
4976.184205  1.098704
4976.807012  1.10408
4977.429819  1.086652
4978.052626  1.051114
4978.675433  1.031692
4979.29824  1.033653
4979.921047  1.043953
4980.543854  1.043062
4981.166661  1.020312
4981.789468  0.9682042
4982.412275  0.9051884
4983.035082  0.872373
4983.657889  0.8936728
4984.280696  0.9354777
4984.903503  0.9534829
4985.52631  0.9686333
4986.149117  1.009897
4986.771924  1.073809
4987.394731  1.113305
4988.017538  1.104792
4988.640345  1.076641
4989.263152  1.073922
4989.885959  1.068648
4990.508766  1.041393
4991.131573  1.013054
4991.75438  1.041901
4992.377187  1.0691
4992.999994  1.05403
4993.622801  1.024468
4994.245608  1.034053
4994.868415  1.070576
4995.491222  1.089836
4996.114029  1.079484
4996.736836  1.067261
4997.359643  1.072078
4997.98245  1.077162
4998.605257  1.052954
4999.228064  1.014447
4999.850871  0.9949259
5000.473678  0.9883801
5001.096485  0.9824038
5001.719292  0.9767939
5002.342099  0.9858233
5002.964906  1.00635
5003.587713  1.025969
5004.21052  1.026435
5004.833327  0.9854639
5005.456134  0.9227025
5006.078941  0.8824922
5006.701748  0.9022591
5007.324555  0.96408
5007.947362  1.033565
5008.570169  1.081026
5009.192976  1.076746
5009.815783  1.051754
5010.43859  1.041921
5011.061397  1.019775
5011.684204  0.9776987
5012.307011  0.936479
5012.929818  0.9254211
5013.552625  0.9119314
5014.175432  0.9094763
5014.798239  0.9461727
5015.421046  0.9843878
5016.043853  1.003964
5016.66666  0.9879311
5017.289467  0.9237257
5017.912274  0.8816214
5018.535081  0.9020545
5019.157888  0.9646957
5019.780695  1.014751
5020.403502  1.030927
5021.026309  1.017533
5021.649116  0.9870418
5022.271923  0.970535
5022.89473  0.9848427
5023.517537  1.017085
5024.140344  1.026238
5024.763151  1.027936
5025.385958  1.045696
5026.008765  1.044108
5026.631572  1.003142
5027.254379  0.9525031
5027.877186  0.9554326
5028.499993  1.009378
5029.1228  1.059756
5029.745607  1.060843
5030.368414  1.041486
5030.991221  1.034601
5031.614028  1.051409
5032.236835  1.077777
5032.859642  1.100085
5033.482449  1.110246
5034.105256  1.100397
5034.728063  1.046971
5035.35087  0.9730127
5035.973677  0.9334989
5036.596484  0.9736279
5037.219291  1.023548
5037.842098  1.022617
5038.464905  0.979015
5039.087712  0.9592843
5039.710519  0.9444203
5040.333326  0.8884519
5040.956133  0.8160115
5041.57894  0.8196132
5042.201747  0.9174716
5042.824554  1.018792
5043.447361  1.062403
5044.070168  1.063127
5044.692975  1.070768
5045.315782  1.093976
5045.938589  1.117708
5046.561396  1.11491
5047.184203  1.067065
5047.80701  1.007839
5048.429817  0.9669931
5049.052624  0.9569328
5049.675431  0.9874656
5050.298238  1.019405
5050.921045  1.012606
5051.543852  0.975516
5052.166659  0.9744259
5052.789466  1.015392
5053.412273  1.043777
5054.03508  1.066141
5054.657887  1.080891
5055.280694  1.082643
5055.903501  1.076837
5056.526308  1.066345
5057.149115  1.058686
5057.771922  1.064411
5058.394729  1.079368
5059.017536  1.087435
5059.640343  1.081116
5060.26315  1.08644
5060.885957  1.101567
5061.508764  1.112138
5062.131571  1.110138
5062.754378  1.117198
5063.377185  1.103493
5063.999992  1.030019
5064.622799  0.9650532
5065.245606  0.962933
5065.868413  1.011142
5066.49122  1.032199
5067.114027  1.033597
5067.736834  1.025117
5068.359641  1.003311
5068.982448  1.013914
5069.605255  1.052644
5070.228062  1.0816
5070.850869  1.073389
5071.473676  1.020696
5072.096483  0.9692358
5072.71929  0.9868916
5073.342097  1.027228
5073.964904  1.040236
5074.587711  1.018657
5075.210518  1.011237
5075.833325  1.022568
5076.456132  1.044518
5077.078939  1.077444
5077.701746  1.073684
5078.324553  1.013016
5078.94736  0.9237231
5079.570167  0.8670816
5080.192974  0.8685204
5080.815781  0.9179164
5081.438588  0.9827386
5082.061395  1.011453
5082.684202  0.9949843
5083.307009  0.9736028
5083.929816  0.987231
5084.552623  1.027619
5085.17543  1.060949
5085.798237  1.071157
5086.421044  1.06166
5087.043851  1.043994
5087.666658  1.02971
5088.289465  1.031454
5088.912272  1.049225
5089.535079  1.066491
5090.157886  1.053965
5090.780693  1.043457
5091.4035  1.059245
5092.026307  1.078658
5092.649114  1.09174
5093.271921  1.093871
5093.894728  1.087837
5094.517535  1.083139
5095.140342  1.083449
5095.763149  1.072385
5096.385956  1.021276
5097.008763  0.9727342
5097.63157  0.9404872
5098.254377  0.9011985
5098.877184  0.8798246
5099.499991  0.9019725
5100.122798  0.9662306
5100.745605  1.032542
5101.368412  1.075265
5101.991219  1.08281
5102.614026  1.060209
5103.236833  1.038907
5103.85964  1.030262
5104.482447  1.027625
5105.105254  1.029072
5105.728061  1.033512
5106.350868  1.024686
5106.973675  0.9820141
5107.596482  0.9633058
5108.219289  0.9856337
5108.842096  1.008762
5109.464903  0.979005
5110.08771  0.9552404
5110.710517  0.9935747
5111.333324  1.047959
5111.956131  1.075167
5112.578938  1.072242
5113.201745  1.067776
5113.824552  1.067748
5114.447359  1.060166
5115.070166  1.040691
5115.692973  1.036946
5116.31578  1.052991
5116.938587  1.074925
5117.561394  1.085885
5118.184201  1.091291
5118.807008  1.09138
5119.429815  1.080179
5120.052622  1.058291
5120.675429  1.035609
5121.298236  1.023885
5121.921043  1.025802
5122.54385  1.01339
5123.166657  0.985161
5123.789464  0.9627745
5124.412271  0.9529369
5125.035078  0.9531705
5125.657885  0.9626503
5126.280692  0.9860309
5126.903499  0.9980925
5127.526306  0.9948632
5128.149113  0.9926801
5128.77192  0.9741068
5129.394727  0.9697658
5130.017534  1.00125
5130.640341  1.014953
5131.263148  1.009792
5131.885955  1.004474
5132.508762  1.005577
5133.131569  0.9882606
5133.754376  0.9823536
5134.377183  1.024467
5134.99999  1.06611
5135.622797  1.063407
5136.245604  1.013071
5136.868411  0.9609872
5137.491218  0.9654317
5138.114025  0.979602
5138.736832  0.9270627
5139.359639  0.9013359
5139.982446  0.9512719
5140.605253  1.029158
5141.22806  1.016159
5141.850867  0.9406452
5142.473674  0.8948114
5143.096481  0.9404349
5143.719288  1.009098
5144.342095  1.038264
5144.964902  1.01805
5145.587709  0.9912825
5146.210516  0.9742287
5146.833323  0.9608074
5147.45613  0.9417904
5148.078937  0.9502681
5148.701744  0.9952719
5149.324551  1.04495
5149.947358  1.035591
5150.570165  0.9949747
5151.192972  0.973899
5151.815779  0.9845387
5152.438586  0.9995117
5153.061393  0.9953343
5153.6842  0.9752107
5154.307007  0.9759732
5154.929814  0.9887363
5155.552621  0.9965093
5156.175428  1.014749
5156.798235  1.038082
5157.421042  1.051928
5158.043849  1.047286
5158.666656  1.037925
5159.289463  1.038885
5159.91227  1.051127
5160.535077  1.052509
5161.157884  1.020909
5161.780691  0.9743342
5162.403498  0.9652054
5163.026305  0.994561
5163.649112  1.012999
5164.271919  0.9786053
5164.894726  0.9338872
5165.517533  0.8942959
5166.14034  0.8382161
5166.763147  0.7373164
5167.385954  0.6842356
5168.008761  0.7097758
5168.631568  0.77022
5169.254375  0.8639969
5169.877182  0.9523129
5170.499989  0.972785
5171.122796  0.879772
5171.745603  0.7294576
5172.36841  0.6304342
5172.991217  0.66869
5173.614024  0.8140023
5174.236831  0.9646899
5174.859638  1.036784
5175.482445  1.048623
5176.105252  1.036997
5176.728059  1.033002
5177.350866  1.046246
5177.973673  1.06304
5178.59648  1.064194
5179.219287  1.046052
5179.842094  1.033548
5180.464901  1.030744
5181.087708  1.019182
5181.710515  0.9686358
5182.333322  0.8384848
5182.956129  0.6681601
5183.578936  0.5724906
5184.201743  0.6566719
5184.82455  0.8313934
5185.447357  0.9549893
5186.070164  1.005831
5186.692971  1.024979
5187.315778  1.019501
5187.938585  0.9629167
5188.561392  0.9443136
5189.184199  0.9915544
5189.807006  1.052984
5190.429813  1.040445
5191.05262  0.9536666
5191.675427  0.8636298
5192.298234  0.8575802
5192.921041  0.9327542
5193.543848  1.009329
5194.166655  1.00921
5194.789462  0.9567705
5195.412269  0.9234226
5196.035076  0.9410793
5196.657883  0.9622234
5197.28069  0.9700315
5197.903497  0.9787319
5198.526304  1.006923
5199.149111  1.030114
5199.771918  1.041503
5200.394725  1.045625
5201.017532  1.042487
5201.640339  1.016973
5202.263146  0.9971336
5202.885953  1.030624
5203.50876  1.034496
5204.131567  0.9902222
5204.754374  0.9390406
5205.377181  0.9089709
5205.999988  0.9314452
5206.622795  0.9836739
5207.245602  0.9883608
5207.868409  0.9347859
5208.491216  0.9041073
5209.114023  0.9654723
5209.73683  1.00987
5210.359637  1.020235
5210.982444  1.027681
5211.605251  1.041459
5212.228058  1.062114
5212.850865  1.076934
5213.473672  1.068876
5214.096479  1.034315
5214.719286  0.9840125
5215.342093  0.9412113
5215.9649  0.9334366
5216.587707  0.942629
5217.210514  0.9554711
5217.833321  0.981639
5218.456128  1.023149
5219.078935  1.055543
5219.701742  1.058524
5220.324549  1.055997
5220.947356  1.057441
5221.570163  1.059024
5222.19297  1.053393
5222.815777  1.041904
5223.438584  1.024053
5224.061391  0.9991459
5224.684198  0.9741656
5225.307005  0.9347864
5225.929812  0.8698533
5226.552619  0.7973142
5227.175426  0.8061239
5227.798233  0.9006884
5228.42104  0.9862151
5229.043847  1.007507
5229.666654  0.9961663
5230.289461  1.008717
5230.912268  1.039472
5231.535075  1.029764
5232.157882  0.9703497
5232.780689  0.9257355
5233.403496  0.9386621
5234.026303  0.9694632
5234.64911  0.9645801
5235.271917  0.9709154
5235.894724  0.9965747
5236.517531  1.024918
5237.140338  1.038307
5237.763145  1.04974
5238.385952  1.057399
5239.008759  1.050466
5239.631566  1.042954
5240.254373  1.0497
5240.87718  1.063419
5241.499987  1.051488
5242.122794  1.01936
5242.745601  0.9954219
5243.368408  1.005738
5243.991215  1.039074
5244.614022  1.072456
5245.236829  1.084452
5245.859636  1.062689
5246.482443  1.01996
5247.10525  0.9923936
5247.728057  1.012511
5248.350864  1.032285
5248.973671  1.016055
5249.596478  0.9749556
5250.219285  0.9634833
5250.842092  0.9866909
5251.464899  1.019444
5252.087706  1.037696
5252.710513  1.039614
5253.33332  1.030091
5253.956127  1.010999
5254.578934  0.9774543
5255.201741  0.9651753
5255.824548  0.9988166
5256.447355  1.043203
5257.070162  1.072894
5257.692969  1.080658
5258.315776  1.075629
5258.938583  1.071001
5259.56139  1.065973
5260.184197  1.049967
5260.807004  1.016994
5261.429811  0.9700139
5262.052618  0.924732
5262.675425  0.901665
5263.298232  0.8830612
5263.921039  0.8666521
5264.543846  0.8581356
5265.166653  0.8316436
5265.78946  0.8151018
5266.412267  0.848381
5267.035074  0.9283813
5267.657881  0.978746
5268.280688  0.946377
5268.903495  0.8500047
5269.526302  0.7729058
5270.149109  0.7868603
5270.771916  0.888997
5271.394723  0.9825915
5272.01753  1.001971
5272.640337  0.9671893
5273.263144  0.9540437
5273.885951  0.9639301
5274.508758  0.9499785
5275.131565  0.8957289
5275.754372  0.8915368
5276.377179  0.9565004
5276.999986  1.04197
5277.622793  1.077588
5278.2456  1.074385
5278.868407  1.054672
5279.491214  1.031049
5280.114021  1.011297
5280.736828  0.9929523
5281.359635  0.9785489
5281.982442  0.9807078
5282.605249  0.9721664
5283.228056  0.9423605
5283.850863  0.9195946
5284.47367  0.9574102
5285.096477  1.026339
5285.719284  1.070127
5286.342091  1.09103
5286.964898  1.086865
5287.587705  1.066853
5288.210512  1.054137
5288.833319  1.059772
5289.456126  1.077078
5290.078933  1.09172
5290.70174  1.101418
5291.324547  1.096062
5291.947354  1.074792
5292.570161  1.055243
5293.192968  1.047744
5293.815775  1.050063
5294.438582  1.054103
5295.061389  1.059202
5295.684196  1.046247
5296.307003  1.004699
5296.92981  0.9545181
5297.552617  0.9098433
5298.175424  0.903127
5298.798231  0.9605446
5299.421038  1.023189
5300.043845  1.047248
5300.666652  1.031865
5301.289459  1.011248
5301.912266  0.9987755
5302.535073  1.003673
5303.15788  1.035251
5303.780687  1.065499
5304.403494  1.079353
5305.026301  1.080869
5305.649108  1.070099
5306.271915  1.051968
5306.894722  1.035374
5307.517529  1.032372
5308.140336  1.044198
5308.763143  1.064212
5309.38595  1.082351
5310.008757  1.084175
5310.631564  1.079524
5311.254371  1.081439
5311.877178  1.080132
5312.499985  1.068608
5313.122792  1.053625
5313.745599  1.052076
5314.368406  1.05974
5314.991213  1.054555
5315.61402  1.022481
5316.236827  0.9822094
5316.859634  0.9761288
5317.482441  1.010591
5318.105248  1.039533
5318.728055  1.054903
5319.350862  1.060498
5319.973669  1.060413
5320.596476  1.04894
5321.219283  1.037727
5321.84209  1.038803
5322.464897  1.045131
5323.087704  1.009976
5323.710511  0.9479694
5324.333318  0.9271494
5324.956125  0.9576554
5325.578932  1.004531
5326.201739  1.019641
5326.824546  0.979703
5327.447353  0.8836757
5328.07016  0.7978965
5328.692967  0.81826
5329.315774  0.9019572
5329.938581  0.986312
5330.561388  1.03646
5331.184195  1.059513
5331.807002  1.044188
5332.429809  1.006753
5333.052616  1.002786
5333.675423  1.026533
5334.29823  1.054087
5334.921037  1.065485
5335.543844  1.058381
5336.166651  1.040756
5336.789458  1.027039
5337.412265  1.03108
5338.035072  1.039846
5338.657879  1.030814
5339.280686  0.9914327
5339.903493  0.9428043
5340.5263  0.9220202
5341.149107  0.9494366
5341.771914  0.9994037
5342.394721  1.031048
5343.017528  1.035329
5343.640335  1.041099
5344.263142  1.048629
5344.885949  1.036117
5345.508756  0.9992034
5346.131563  0.996593
5346.75437  1.02032
5347.377177  1.032187
5347.999984  1.016029
5348.622791  0.9849035
5349.245598  0.9678715
5349.868405  0.9843931
5350.491212  1.019153
5351.114019  1.051152
5351.736826  1.064487
5352.359633  1.051279
5352.98244  1.03071
5353.605247  1.029574
5354.228054  1.057082
5354.850861  1.081664
5355.473668  1.091404
5356.096475  1.09326
5356.719282  1.08924
5357.342089  1.08494
5357.964896  1.082707
5358.587703  1.08052
5359.21051  1.083974
5359.833317  1.088079
5360.456124  1.081144
5361.078931  1.06072
5361.701738  1.030788
5362.324545  1.00834
5362.947352  1.015501
5363.570159  1.023668
5364.192966  1.006616
5364.815773  0.9731593
5365.43858  0.9828772
5366.061387  1.011767
5366.684194  1.010956
5367.307001  0.9958023
5367.929808  0.9996161
5368.552615  1.011978
5369.175422  0.9829617
5369.798229  0.9464056
5370.421036  0.9171089
5371.043843  0.8985643
5371.66665  0.9289922
5372.289457  0.9896837
5372.912264  1.037595
5373.535071  1.047772
5374.157878  1.048807
5374.780685  1.05904
5375.403492  1.069154
5376.026299  1.062086
5376.649106  1.044546
5377.271913  1.034342
5377.89472  1.038311
5378.517527  1.041067
5379.140334  1.03113
5379.763141  1.012415
5380.385948  1.001259
5381.008755  1.00817
5381.631562  1.022308
5382.254369  1.003832
5382.877176  0.975569
5383.499983  0.9760529
5384.12279  1.015419
5384.745597  1.055073
5385.368404  1.067418
5385.991211  1.053803
5386.614018  1.039419
5387.236825  1.038571
5387.859632  1.043674
5388.482439  1.030097
5389.105246  1.010113
5389.728053  0.9982728
5390.35086  0.9968397
5390.973667  0.9942915
5391.596474  0.9868982
5392.219281  0.9788387
5392.842088  0.9784093
5393.464895  0.9866034
5394.087702  1.000146
5394.710509  1.014379
5395.333316  1.025044
5395.956123  1.005345
5396.57893  0.94948
5397.201737  0.9188075
5397.824544  0.9352439
5398.447351  0.9762502
5399.070158  0.9968451
5399.692965  0.9921454
5400.315772  0.980655
5400.938579  0.9860829
5401.561386  1.017416
5402.184193  1.038522
5402.807  1.013968
5403.429807  0.9522737
5404.052614  0.901022
5404.675421  0.8817555
5405.298228  0.8799836
5405.921035  0.900776
5406.543842  0.9397697
5407.166649  0.9802806
5407.789456  1.000865
5408.412263  0.997533
5409.03507  0.9706355
5409.657877  0.9256718
5410.280684  0.9098195
5410.903491  0.9368046
5411.526298  0.9826577
5412.149105  1.015973
5412.771912  1.025182
5413.394719  1.013187
5414.017526  0.9876745
5414.640333  0.9620797
5415.26314  0.9584469
5415.885947  0.9911397
5416.508754  1.031494
5417.131561  1.046206
5417.754368  1.030054
5418.377175  1.021811
5418.999982  1.020504
5419.622789  1.012066
5420.245596  0.9904875
5420.868403  0.9772632
5421.49121  0.9896096
5422.114017  1.018206
5422.736824  1.015739
5423.359631  0.9716268
5423.982438  0.9227569
5424.605245  0.9252269
5425.228052  0.9725561
5425.850859  1.028747
5426.473666  1.059951
5427.096473  1.06712
5427.71928  1.058199
5428.342087  1.025879
5428.964894  0.9465319
5429.587701  0.892916
5430.210508  0.9170989
5430.833315  0.9954775
5431.456122  1.031142
5432.078929  1.014688
5432.701736  0.9889136
5433.324543  0.9659908
5433.94735  0.9503199
5434.570157  0.9451112
5435.192964  0.9536339
5435.815771  0.9648408
5436.438578  0.9766133
5437.061385  0.9950676
5437.684192  1.02258
5438.306999  1.044939
5438.929806  1.055067
5439.552613  1.062746
5440.17542  1.058252
5440.798227  1.045775
5441.421034  1.041287
5442.043841  1.047339
5442.666648  1.050777
5443.289455  1.04001
5443.912262  1.020844
5444.535069  0.9986143
5445.157876  0.9722074
5445.780683  0.9372395
5446.40349  0.8966863
5447.026297  0.8953043
5447.649104  0.9579369
5448.271911  1.017522
5448.894718  1.046495
5449.517525  1.050927
5450.140332  1.049399
5450.763139  1.047028
5451.385946  1.043006
5452.008753  1.0362
5452.63156  1.030155
5453.254367  1.033871
5453.877174  1.030848
5454.499981  0.9750188
5455.122788  0.9116961
5455.745595  0.8978566
5456.368402  0.948748
5456.991209  1.011763
5457.614016  1.049163
5458.236823  1.056168
5458.85963  1.054777
5459.482437  1.045986
5460.105244  1.035801
5460.728051  1.036227
5461.350858  1.025334
5461.973665  0.9842055
5462.596472  0.9253302
5463.219279  0.9031468
5463.842086  0.9365494
5464.464893  0.9960614
5465.0877  1.023489
5465.710507  1.012422
5466.333314  0.9904738
5466.956121  0.989886
5467.578928  1.005172
5468.201735  1.024971
5468.824542  1.035911
