4780.  0.
4780.622807  0.8693117
4781.245614  1.144138
4781.868421  1.138182
4782.491228  1.089363
4783.114035  1.038501
4783.736842  1.041396
4784.359649  1.096485
4784.982456  1.120337
4785.605263  1.075467
4786.22807  1.012273
4786.850877  1.015183
4787.473684  1.06009
4788.096491  1.080935
4788.719298  1.050159
4789.342105  1.034999
4789.964912  1.051371
4790.587719  1.075865
4791.210526  1.077965
4791.833333  1.06828
4792.45614  1.07291
4793.078947  1.105845
4793.701754  1.143597
4794.324561  1.167762
4794.947368  1.171292
4795.570175  1.159551
4796.192982  1.149557
4796.815789  1.139073
4797.438596  1.113554
4798.061403  1.075475
4798.68421  1.047495
4799.307017  1.039722
4799.929824  1.033372
4800.552631  1.049879
4801.175438  1.08802
4801.798245  1.116781
4802.421052  1.125051
4803.043859  1.123629
4803.666666  1.116589
4804.289473  1.078463
4804.91228  1.052197
4805.535087  1.062473
4806.157894  1.082848
4806.780701  1.075642
4807.403508  1.048803
4808.026315  1.036076
4808.649122  1.049658
4809.271929  1.07146
4809.894736  1.082922
4810.517543  1.085826
4811.14035  1.091162
4811.763157  1.093952
4812.385964  1.084928
4813.008771  1.080694
4813.631578  1.086321
4814.254385  1.097779
4814.877192  1.10967
4815.499999  1.122113
4816.122806  1.130364
4816.745613  1.126963
4817.36842  1.11513
4817.991227  1.113816
4818.614034  1.131027
4819.236841  1.141634
4819.859648  1.133537
4820.482455  1.116664
4821.105262  1.112402
4821.728069  1.112572
4822.350876  1.084069
4822.973683  1.019983
4823.59649  0.9857494
4824.219297  1.007241
4824.842104  1.060562
4825.464911  1.095271
4826.087718  1.109785
4826.710525  1.114419
4827.333332  1.110127
4827.956139  1.084924
4828.578946  1.053214
4829.201753  1.043272
4829.82456  1.069531
4830.447367  1.082664
4831.070174  1.064573
4831.692981  1.046173
4832.315788  1.045522
4832.938595  1.059772
4833.561402  1.07666
4834.184209  1.090621
4834.807016  1.089084
4835.429823  1.073834
4836.05263  1.064679
4836.675437  1.078873
4837.298244  1.091965
4837.921051  1.072009
4838.543858  1.036901
4839.166665  1.004206
4839.789472  0.9893897
4840.412279  1.001116
4841.035086  1.033346
4841.657893  1.054665
4842.2807  1.039745
4842.903507  1.015276
4843.526314  1.01614
4844.149121  1.048894
4844.771928  1.077537
4845.394735  1.090761
4846.017542  1.091
4846.640349  1.08244
4847.263156  1.058119
4847.885963  1.021077
4848.50877  0.9915171
4849.131577  1.001985
4849.754384  1.04116
4850.377191  1.073699
4850.999998  1.069477
4851.622805  1.04515
4852.245612  1.027872
4852.868419  1.028745
4853.491226  1.024962
4854.114033  0.987016
4854.73684  0.9192179
4855.359647  0.8705398
4855.982454  0.8811275
4856.605261  0.9266942
4857.228068  0.9489564
4857.850875  0.9403791
4858.473682  0.9016327
4859.096489  0.8376638
4859.719296  0.7556167
4860.342103  0.6349273
4860.96491  0.5263906
4861.587717  0.5324777
4862.210524  0.6626785
4862.833331  0.8008959
4863.456138  0.849071
4864.078945  0.8728991
4864.701752  0.8974281
4865.324559  0.9236979
4865.947366  0.9458504
4866.570173  0.9683886
4867.19298  0.9812819
4867.815787  0.9793611
4868.438594  0.9939753
4869.061401  1.012604
4869.684208  1.001111
4870.307015  0.9405429
4870.929822  0.8634837
4871.552629  0.8310647
4872.175436  0.8777896
4872.798243  0.9407544
4873.42105  0.983311
4874.043857  0.9997768
4874.666664  0.9989684
4875.289471  0.9896952
4875.912278  0.9900561
4876.535085  1.010917
4877.157892  1.006434
4877.780699  0.9907233
4878.403506  1.009857
4879.026313  1.0743
4879.64912  1.12096
4880.271927  1.105429
4880.894734  1.051491
4881.517541  1.013139
4882.140348  1.017677
4882.763155  1.047215
4883.385962  1.053107
4884.008769  1.027354
4884.631576  0.9887699
4885.254383  0.9601061
4885.87719  0.9479497
4886.499997  0.9543608
4887.122804  0.9764072
4887.745611  0.9899378
4888.368418  0.9907698
4888.991225  0.9883062
4889.614032  0.9898818
4890.236839  0.9401429
4890.859646  0.8671326
4891.482453  0.8791726
4892.10526  0.9670006
4892.728067  1.057348
4893.350874  1.094454
4893.973681  1.11231
4894.596488  1.128952
4895.219295  1.137097
4895.842102  1.118743
4896.464909  1.102807
4897.087716  1.104669
4897.710523  1.114668
4898.33333  1.112574
4898.956137  1.084771
4899.578944  1.047028
4900.201751  1.042809
4900.824558  1.072948
4901.447365  1.101053
4902.070172  1.088617
4902.692979  1.050264
4903.315786  1.021981
4903.938593  1.027201
4904.5614  1.053993
4905.184207  1.092918
4905.807014  1.123207
4906.429821  1.121474
4907.052628  1.094177
4907.675435  1.069595
4908.298242  1.059227
4908.921049  1.025773
4909.543856  0.9732732
4910.166663  0.9346129
4910.78947  0.9416551
4911.412277  0.9793476
4912.035084  1.024683
4912.657891  1.057422
4913.280698  1.060816
4913.903505  1.066262
4914.526312  1.096307
4915.149119  1.122692
4915.771926  1.123989
4916.394733  1.09726
4917.01754  1.052272
4917.640347  0.9811695
4918.263154  0.914108
4918.885961  0.8811291
4919.508768  0.8678421
4920.131575  0.8619204
4920.754382  0.8792444
4921.377189  0.9457144
4921.999996  1.007239
4922.622803  1.02405
4923.24561  0.9963698
4923.868417  0.9572411
4924.491224  0.954098
4925.114031  1.001165
4925.736838  1.059872
4926.359645  1.085042
4926.982452  1.071436
4927.605259  1.054701
4928.228066  1.076227
4928.850873  1.109578
4929.47368  1.114253
4930.096487  1.09626
4930.719294  1.091881
4931.342101  1.104136
4931.964908  1.093891
4932.587715  1.037132
4933.210522  0.9687228
4933.833329  0.9496295
4934.456136  1.0064
4935.078943  1.062914
4935.70175  1.065287
4936.324557  1.037862
4936.947364  1.003942
4937.570171  0.9675446
4938.192978  0.9286433
4938.815785  0.9092132
4939.438592  0.9410037
4940.061399  1.019385
4940.684206  1.089719
4941.307013  1.108012
4941.92982  1.089968
4942.552627  1.087552
4943.175434  1.111659
4943.798241  1.133376
4944.421048  1.119466
4945.043855  1.072766
4945.666662  1.034373
4946.289469  1.037711
4946.912276  1.077701
4947.535083  1.109566
4948.15789  1.117868
4948.780697  1.111844
4949.403504  1.094552
4950.026311  1.090654
4950.649118  1.105831
4951.271925  1.113573
4951.894732  1.096943
4952.517539  1.074818
4953.140346  1.075251
4953.763153  1.081568
4954.38596  1.086954
4955.008767  1.094439
4955.631574  1.09936
4956.254381  1.024951
4956.877188  0.8939822
4957.499995  0.8318912
4958.122802  0.9134254
4958.745609  1.050519
4959.368416  1.123868
4959.991223  1.142622
4960.61403  1.132643
4961.236837  1.115711
4961.859644  1.100499
4962.482451  1.103813
4963.105258  1.121877
4963.728065  1.130931
4964.350872  1.10597
4964.973679  1.060864
4965.596486  1.030658
4966.219293  1.042767
4966.8421  1.059648
4967.464907  1.054153
4968.087714  1.033978
4968.710521  1.037175
4969.333328  1.042423
4969.956135  1.02896
4970.578942  1.028717
4971.201749  1.057465
4971.824556  1.092128
4972.447363  1.095174
4973.07017  1.092747
4973.692977  1.104158
4974.315784  1.121762
4974.938591  1.115282
4975.561398  1.099195
4976.184205  1.094027
4976.807012  1.097101
4977.429819  1.078653
4978.052626  1.044986
4978.675433  1.025546
4979.29824  1.027388
4979.921047  1.039847
4980.543854  1.044413
4981.166661  1.025499
4981.789468  0.9656293
4982.412275  0.8953494
4983.035082  0.8692675
4983.657889  0.8898855
4984.280696  0.9245804
4984.903503  0.9463201
4985.52631  0.9674146
4986.149117  1.017709
4986.771924  1.082817
4987.394731  1.109466
4988.017538  1.097018
4988.640345  1.077203
4989.263152  1.073591
4989.885959  1.06207
4990.508766  1.028935
4991.131573  1.002917
4991.75438  1.034131
4992.377187  1.06196
4992.999994  1.048961
4993.622801  1.019136
4994.245608  1.0323
4994.868415  1.070947
4995.491222  1.089876
4996.114029  1.076976
4996.736836  1.065727
4997.359643  1.069985
4997.98245  1.068004
4998.605257  1.041782
4999.228064  1.00636
4999.850871  0.9869156
5000.473678  0.9841868
5001.096485  0.980782
5001.719292  0.9747077
5002.342099  0.9830151
5002.964906  1.005133
5003.587713  1.023328
5004.21052  1.015791
5004.833327  0.972402
5005.456134  0.9144079
5006.078941  0.8825992
5006.701748  0.908848
5007.324555  0.9723549
5007.947362  1.039351
5008.570169  1.081353
5009.192976  1.074595
5009.815783  1.049491
5010.43859  1.035739
5011.061397  1.014417
5011.684204  0.9722973
5012.307011  0.9288989
5012.929818  0.917863
5013.552625  0.9076118
5014.175432  0.908191
5014.798239  0.9422451
5015.421046  0.9868874
5016.043853  1.004844
5016.66666  0.9789484
5017.289467  0.9291559
5017.912274  0.8925149
5018.535081  0.9039142
5019.157888  0.9635787
5019.780695  1.007185
5020.403502  1.019681
5021.026309  1.01026
5021.649116  0.9832684
5022.271923  0.9689525
5022.89473  0.9852322
5023.517537  1.020504
5024.140344  1.03488
5024.763151  1.032655
5025.385958  1.034503
5026.008765  1.033374
5026.631572  0.9965967
5027.254379  0.9469957
5027.877186  0.9566373
5028.499993  1.008499
5029.1228  1.05293
5029.745607  1.056387
5030.368414  1.041558
5030.991221  1.037031
5031.614028  1.055458
5032.236835  1.084039
5032.859642  1.108814
5033.482449  1.117803
5034.105256  1.100915
5034.728063  1.041699
5035.35087  0.970662
5035.973677  0.9392084
5036.596484  0.9764664
5037.219291  1.020876
5037.842098  1.020025
5038.464905  0.9810414
5039.087712  0.9533823
5039.710519  0.9279073
5040.333326  0.873639
5040.956133  0.8079231
5041.57894  0.8127705
5042.201747  0.9097087
5042.824554  1.018222
5043.447361  1.065367
5044.070168  1.065596
5044.692975  1.076547
5045.315782  1.099531
5045.938589  1.118208
5046.561396  1.113805
5047.184203  1.075212
5047.80701  1.011735
5048.429817  0.9607013
5049.052624  0.9600348
5049.675431  0.9864198
5050.298238  1.005333
5050.921045  0.9984152
5051.543852  0.9766796
5052.166659  0.9822493
5052.789466  1.019714
5053.412273  1.049512
5054.03508  1.070387
5054.657887  1.082229
5055.280694  1.083191
5055.903501  1.074102
5056.526308  1.065114
5057.149115  1.064873
5057.771922  1.074192
5058.394729  1.08389
5059.017536  1.085019
5059.640343  1.078621
5060.26315  1.086292
5060.885957  1.104301
5061.508764  1.117655
5062.131571  1.121566
5062.754378  1.117244
5063.377185  1.088756
5063.999992  1.021008
5064.622799  0.9616901
5065.245606  0.9602311
5065.868413  1.013962
5066.49122  1.041703
5067.114027  1.035174
5067.736834  1.016388
5068.359641  1.004798
5068.982448  1.019616
5069.605255  1.056362
5070.228062  1.085813
5070.850869  1.067815
5071.473676  1.014492
5072.096483  0.9729626
5072.71929  0.9863709
5073.342097  1.023848
5073.964904  1.04081
5074.587711  1.022701
5075.210518  1.011522
5075.833325  1.021691
5076.456132  1.045405
5077.078939  1.074321
5077.701746  1.067652
5078.324553  1.005342
5078.94736  0.914551
5079.570167  0.8606353
5080.192974  0.868456
5080.815781  0.9200732
5081.438588  0.9815739
5082.061395  1.009278
5082.684202  0.9936589
5083.307009  0.973703
5083.929816  0.9849092
5084.552623  1.024135
5085.17543  1.05896
5085.798237  1.070696
5086.421044  1.058829
5087.043851  1.038151
5087.666658  1.027278
5088.289465  1.032834
5088.912272  1.048935
5089.535079  1.062432
5090.157886  1.058299
5090.780693  1.051155
5091.4035  1.060876
5092.026307  1.079086
5092.649114  1.094367
5093.271921  1.09782
5093.894728  1.087799
5094.517535  1.079696
5095.140342  1.075823
5095.763149  1.061944
5096.385956  1.021475
5097.008763  0.9782561
5097.63157  0.9460538
5098.254377  0.9059445
5098.877184  0.8813125
5099.499991  0.9020733
5100.122798  0.9716823
5100.745605  1.038506
5101.368412  1.076765
5101.991219  1.083976
5102.614026  1.067252
5103.236833  1.044174
5103.85964  1.029002
5104.482447  1.024386
5105.105254  1.030157
5105.728061  1.036252
5106.350868  1.024949
5106.973675  0.9830003
5107.596482  0.9619909
5108.219289  0.9852884
5108.842096  1.003708
5109.464903  0.9836066
5110.08771  0.9600566
5110.710517  0.9875745
5111.333324  1.038517
5111.956131  1.071919
5112.578938  1.074376
5113.201745  1.071404
5113.824552  1.068118
5114.447359  1.057589
5115.070166  1.037738
5115.692973  1.037511
5116.31578  1.061063
5116.938587  1.089308
5117.561394  1.097046
5118.184201  1.093543
5118.807008  1.089019
5119.429815  1.076714
5120.052622  1.056435
5120.675429  1.03557
5121.298236  1.021878
5121.921043  1.01743
5122.54385  1.003286
5123.166657  0.975299
5123.789464  0.9603117
5124.412271  0.9554296
5125.035078  0.9572251
5125.657885  0.967112
5126.280692  0.9845869
5126.903499  0.9949806
5127.526306  0.988795
5128.149113  0.9791085
5128.77192  0.9662398
5129.394727  0.9646268
5130.017534  0.991528
5130.640341  1.006297
5131.263148  1.004485
5131.885955  1.005866
5132.508762  1.007895
5133.131569  1.002119
5133.754376  1.001695
5134.377183  1.037038
5134.99999  1.070326
5135.622797  1.061541
5136.245604  1.007819
5136.868411  0.9661165
5137.491218  0.9646659
5138.114025  0.975265
5138.736832  0.9337059
5139.359639  0.9167107
5139.982446  0.9653906
5140.605253  1.025757
5141.22806  1.00861
5141.850867  0.9370083
5142.473674  0.8967375
5143.096481  0.9341751
5143.719288  1.002663
5144.342095  1.03718
5144.964902  1.017779
5145.587709  0.9879142
5146.210516  0.9711726
5146.833323  0.9612161
5147.45613  0.9494919
5148.078937  0.9588674
5148.701744  0.9984214
5149.324551  1.036364
5149.947358  1.030231
5150.570165  0.9921581
5151.192972  0.9723642
5151.815779  0.9798119
5152.438586  0.9914063
5153.061393  0.9852376
5153.6842  0.9704548
5154.307007  0.9681944
5154.929814  0.9807177
5155.552621  0.9924856
5156.175428  1.012911
5156.798235  1.037623
5157.421042  1.050835
5158.043849  1.041331
5158.666656  1.028505
5159.289463  1.033477
5159.91227  1.053684
5160.535077  1.052963
5161.157884  1.018496
5161.780691  0.9737333
5162.403498  0.9636763
5163.026305  0.9820653
5163.649112  0.9906715
5164.271919  0.9584861
5164.894726  0.9216263
5165.517533  0.889497
5166.14034  0.832345
5166.763147  0.7511353
5167.385954  0.6996217
5168.008761  0.7216545
5168.631568  0.7849632
5169.254375  0.8815156
5169.877182  0.9717264
5170.499989  0.9822998
5171.122796  0.8931435
5171.745603  0.7504032
5172.36841  0.6501672
5172.991217  0.6955876
5173.614024  0.8391948
5174.236831  0.9773706
5174.859638  1.050184
5175.482445  1.058984
5176.105252  1.040046
5176.728059  1.032735
5177.350866  1.048855
5177.973673  1.067516
5178.59648  1.066606
5179.219287  1.051883
5179.842094  1.039914
5180.464901  1.036291
5181.087708  1.024477
5181.710515  0.9727993
5182.333322  0.8552941
5182.956129  0.6992203
5183.578936  0.6170809
5184.201743  0.6807934
5184.82455  0.8425253
5185.447357  0.9578476
5186.070164  1.015929
5186.692971  1.033207
5187.315778  1.018266
5187.938585  0.9706473
5188.561392  0.9519517
5189.184199  0.9989746
5189.807006  1.055001
5190.429813  1.040315
5191.05262  0.9517649
5191.675427  0.8693057
5192.298234  0.867459
5192.921041  0.9367082
5193.543848  1.00573
5194.166655  1.005054
5194.789462  0.9597754
5195.412269  0.9276482
5196.035076  0.9394009
5196.657883  0.9613131
5197.28069  0.9736724
5197.903497  0.9842653
5198.526304  1.007847
5199.149111  1.032624
5199.771918  1.044963
5200.394725  1.047835
5201.017532  1.035772
5201.640339  1.017639
5202.263146  1.013058
5202.885953  1.029459
5203.50876  1.029237
5204.131567  0.9863621
5204.754374  0.9389786
5205.377181  0.9145882
5205.999988  0.9295513
5206.622795  0.9740937
5207.245602  0.9753428
5207.868409  0.9338928
5208.491216  0.9109212
5209.114023  0.9571252
5209.73683  1.008243
5210.359637  1.016824
5210.982444  1.02198
5211.605251  1.038168
5212.228058  1.060887
5212.850865  1.07475
5213.473672  1.067793
5214.096479  1.030962
5214.719286  0.9763406
5215.342093  0.9392399
5215.9649  0.9311693
5216.587707  0.9408418
5217.210514  0.9521347
5217.833321  0.9800473
5218.456128  1.021289
5219.078935  1.054819
5219.701742  1.060054
5220.324549  1.055968
5220.947356  1.057224
5221.570163  1.056117
5222.19297  1.050785
5222.815777  1.040636
5223.438584  1.023977
5224.061391  0.9973052
5224.684198  0.9663916
5225.307005  0.9253758
5225.929812  0.8562002
5226.552619  0.7997976
5227.175426  0.8123996
5227.798233  0.9071021
5228.42104  0.9881467
5229.043847  1.01263
5229.666654  1.004406
5230.289461  1.018338
5230.912268  1.043999
5231.535075  1.038476
5232.157882  0.9782363
5232.780689  0.9345724
5233.403496  0.9389632
5234.026303  0.9649736
5234.64911  0.9627599
5235.271917  0.9636363
5235.894724  0.9933636
5236.517531  1.024436
5237.140338  1.043312
5237.763145  1.053518
5238.385952  1.060431
5239.008759  1.050499
5239.631566  1.0421
5240.254373  1.052475
5240.87718  1.065094
5241.499987  1.053385
5242.122794  1.020964
5242.745601  1.000001
5243.368408  1.0066
5243.991215  1.036062
5244.614022  1.068858
5245.236829  1.082907
5245.859636  1.060788
5246.482443  1.015117
5247.10525  0.9845988
5247.728057  0.9976979
5248.350864  1.024591
5248.973671  1.017321
5249.596478  0.9808572
5250.219285  0.957676
5250.842092  0.9749011
5251.464899  1.011296
5252.087706  1.032969
5252.710513  1.031554
5253.33332  1.019634
5253.956127  0.9939192
5254.578934  0.9656941
5255.201741  0.9596534
5255.824548  0.9989197
5256.447355  1.04614
5257.070162  1.071186
5257.692969  1.078431
5258.315776  1.07953
5258.938583  1.077031
5259.56139  1.066331
5260.184197  1.049424
5260.807004  1.013984
5261.429811  0.9626575
5262.052618  0.9221307
5262.675425  0.8966267
5263.298232  0.8790008
5263.921039  0.8606372
5264.543846  0.8476681
5265.166653  0.8272907
5265.78946  0.8099714
5266.412267  0.8483193
5267.035074  0.9248201
5267.657881  0.9781203
5268.280688  0.9502993
5268.903495  0.859194
5269.526302  0.7807392
5270.149109  0.7879736
5270.771916  0.8819115
5271.394723  0.9734871
5272.01753  0.9955522
5272.640337  0.9655569
5273.263144  0.9500813
5273.885951  0.9528799
5274.508758  0.9350573
5275.131565  0.8922849
5275.754372  0.8891932
5276.377179  0.9560344
5276.999986  1.031696
5277.622793  1.069543
5278.2456  1.066252
5278.868407  1.049743
5279.491214  1.024392
5280.114021  0.9975057
5280.736828  0.9786154
5281.359635  0.9725336
5281.982442  0.9753968
5282.605249  0.9683822
5283.228056  0.9360361
5283.850863  0.9177709
5284.47367  0.9465543
5285.096477  1.014811
5285.719284  1.066455
5286.342091  1.085884
5286.964898  1.0803
5287.587705  1.060828
5288.210512  1.048922
5288.833319  1.055722
5289.456126  1.076058
5290.078933  1.089045
5290.70174  1.092294
5291.324547  1.088072
5291.947354  1.071514
5292.570161  1.052256
5293.192968  1.042878
5293.815775  1.048529
5294.438582  1.054655
5295.061389  1.051183
5295.684196  1.033123
5296.307003  0.996334
5296.92981  0.9413775
5297.552617  0.892786
5298.175424  0.8927203
5298.798231  0.9471917
5299.421038  1.010934
5300.043845  1.032324
5300.666652  1.020704
5301.289459  0.9966004
5301.912266  0.9820354
5302.535073  0.9920139
5303.15788  1.024259
5303.780687  1.057779
5304.403494  1.070622
5305.026301  1.070222
5305.649108  1.062046
5306.271915  1.047639
5306.894722  1.029187
5307.517529  1.020635
5308.140336  1.031506
5308.763143  1.056947
5309.38595  1.075966
5310.008757  1.081094
5310.631564  1.079659
5311.254371  1.079255
5311.877178  1.074853
5312.499985  1.062371
5313.122792  1.04809
5313.745599  1.046415
5314.368406  1.052851
5314.991213  1.047759
5315.61402  1.01397
5316.236827  0.9743282
5316.859634  0.9651598
5317.482441  1.000007
5318.105248  1.035913
5318.728055  1.048025
5319.350862  1.048326
5319.973669  1.044821
5320.596476  1.036483
5321.219283  1.026113
5321.84209  1.029785
5322.464897  1.028643
5323.087704  1.000669
5323.710511  0.9495665
5324.333318  0.9293254
5324.956125  0.9527686
5325.578932  0.9917145
5326.201739  1.013026
5326.824546  0.9753731
5327.447353  0.880277
5328.07016  0.7930967
5328.692967  0.7993259
5329.315774  0.8883185
5329.938581  0.9776539
5330.561388  1.03393
5331.184195  1.047343
5331.807002  1.026204
5332.429809  0.9937096
5333.052616  0.9863835
5333.675423  1.010917
5334.29823  1.037762
5334.921037  1.050285
5335.543844  1.045506
5336.166651  1.031349
5336.789458  1.016135
5337.412265  1.014816
5338.035072  1.024733
5338.657879  1.020064
5339.280686  0.9823472
5339.903493  0.9304495
5340.5263  0.9070189
5341.149107  0.9370359
5341.771914  0.991075
5342.394721  1.025892
5343.017528  1.030097
5343.640335  1.033114
5344.263142  1.038245
5344.885949  1.021078
5345.508756  0.9936579
5346.131563  0.9864235
5346.75437  1.007513
5347.377177  1.018203
5347.999984  1.002389
5348.622791  0.972438
5349.245598  0.9580032
5349.868405  0.9752109
5350.491212  1.015791
5351.114019  1.05337
5351.736826  1.060102
5352.359633  1.038491
5352.98244  1.01536
5353.605247  1.021022
5354.228054  1.050827
5354.850861  1.080127
5355.473668  1.08783
5356.096475  1.085638
5356.719282  1.083051
5357.342089  1.081853
5357.964896  1.079119
5358.587703  1.074603
5359.21051  1.071396
5359.833317  1.072528
5360.456124  1.069509
5361.078931  1.053033
5361.701738  1.024565
5362.324545  1.004657
5362.947352  1.00697
5363.570159  1.015184
5364.192966  0.9953763
5364.815773  0.971228
5365.43858  0.9723813
5366.061387  0.9987968
5366.684194  0.9991296
5367.307001  0.9889374
5367.929808  0.9948155
5368.552615  0.9994831
5369.175422  0.9754139
5369.798229  0.9309805
5370.421036  0.9010032
5371.043843  0.8924642
5371.66665  0.919506
5372.289457  0.9777887
5372.912264  1.023136
5373.535071  1.040559
5374.157878  1.044457
5374.780685  1.05898
5375.403492  1.066561
5376.026299  1.059026
5376.649106  1.042779
5377.271913  1.030437
5377.89472  1.030568
5378.517527  1.036379
5379.140334  1.029783
5379.763141  1.00918
5380.385948  0.9935904
5381.008755  0.9997348
5381.631562  1.011508
5382.254369  1.003547
5382.877176  0.9780413
5383.499983  0.9777082
5384.12279  1.01182
5384.745597  1.052733
5385.368404  1.063009
5385.991211  1.049863
5386.614018  1.035653
5387.236825  1.035388
5387.859632  1.039291
5388.482439  1.02932
5389.105246  1.007139
5389.728053  0.9924266
5390.35086  0.9854056
5390.973667  0.9817954
5391.596474  0.9782693
5392.219281  0.9746797
5392.842088  0.9709528
5393.464895  0.9716666
5394.087702  0.9822649
5394.710509  0.9992152
5395.333316  1.00734
5395.956123  0.9894257
5396.57893  0.9434728
5397.201737  0.9126195
5397.824544  0.9317142
5398.447351  0.979033
5399.070158  1.004024
5399.692965  0.9913635
5400.315772  0.9728185
5400.938579  0.9826573
5401.561386  1.01472
5402.184193  1.032965
5402.807  1.005002
5403.429807  0.9470989
5404.052614  0.8947681
5404.675421  0.8730795
5405.298228  0.8745731
5405.921035  0.8948968
5406.543842  0.9317797
5407.166649  0.9716777
5407.789456  0.9964592
5408.412263  0.9938383
5409.03507  0.9631171
5409.657877  0.929535
5410.280684  0.9183398
5410.903491  0.9402512
5411.526298  0.9822946
5412.149105  1.017075
5412.771912  1.024927
5413.394719  1.010373
5414.017526  0.9841713
5414.640333  0.9640371
5415.26314  0.9689034
5415.885947  1.00049
5416.508754  1.03408
5417.131561  1.04303
5417.754368  1.033098
5418.377175  1.021373
5418.999982  1.014316
5419.622789  1.001174
5420.245596  0.9815162
5420.868403  0.9740808
5421.49121  0.9956033
5422.114017  1.023128
5422.736824  1.016394
5423.359631  0.9656393
5423.982438  0.9183626
5424.605245  0.9247616
5425.228052  0.9806511
5425.850859  1.034292
5426.473666  1.06031
5427.096473  1.065642
5427.71928  1.057548
5428.342087  1.010063
5428.964894  0.933793
5429.587701  0.8853553
5430.210508  0.925198
5430.833315  0.9999263
5431.456122  1.037739
5432.078929  1.012722
5432.701736  0.9820987
5433.324543  0.9648646
5433.94735  0.9551535
5434.570157  0.9484547
5435.192964  0.9492236
5435.815771  0.958729
5436.438578  0.9732284
5437.061385  1.001614
5437.684192  1.032184
5438.306999  1.05217
5438.929806  1.063515
5439.552613  1.06627
5440.17542  1.059475
5440.798227  1.046909
5441.421034  1.042171
5442.043841  1.048783
5442.666648  1.058257
5443.289455  1.054046
5443.912262  1.030201
5444.535069  0.9975598
5445.157876  0.9726781
5445.780683  0.9361782
5446.40349  0.9014765
5447.026297  0.9071507
5447.649104  0.9659278
5448.271911  1.027964
5448.894718  1.052351
5449.517525  1.056956
5450.140332  1.055688
5450.763139  1.053497
5451.385946  1.048829
5452.008753  1.042146
5452.63156  1.037827
5453.254367  1.034357
5453.877174  1.014968
5454.499981  0.9632729
5455.122788  0.9075673
5455.745595  0.9084535
5456.368402  0.9635715
5456.991209  1.027398
5457.614016  1.057826
5458.236823  1.067976
5458.85963  1.066408
5459.482437  1.058128
5460.105244  1.047493
5460.728051  1.04082
5461.350858  1.022453
5461.973665  0.9769988
5462.596472  0.9260103
5463.219279  0.9146543
5463.842086  0.9576483
5464.464893  1.010931
5465.0877  1.03176
5465.710507  1.015885
5466.333314  0.9945769
5466.956121  0.9958083
5467.578928  1.01671
5468.201735  1.035953
5468.824542  1.039363
