4780.  0.9360713
4780.622807  0.9488
4781.245614  0.9465703
4781.868421  0.9368083
4782.491228  0.9072711
4783.114035  0.8588774
4783.736842  0.8649237
4784.359649  0.9243538
4784.982456  0.963758
4785.605263  0.9004003
4786.22807  0.8234333
4786.850877  0.8224081
4787.473684  0.8941548
4788.096491  0.9160312
4788.719298  0.8784203
4789.342105  0.8444849
4789.964912  0.859781
4790.587719  0.890038
4791.210526  0.9003319
4791.833333  0.894186
4792.45614  0.8986362
4793.078947  0.9344519
4793.701754  0.9886702
4794.324561  1.009655
4794.947368  1.007765
4795.570175  0.995505
4796.192982  0.9654633
4796.815789  0.9519538
4797.438596  0.940387
4798.061403  0.9023575
4798.68421  0.8678715
4799.307017  0.8481115
4799.929824  0.848181
4800.552631  0.8742863
4801.175438  0.9277763
4801.798245  0.9765026
4802.421052  0.9858297
4803.043859  0.9851271
4803.666666  0.9697329
4804.289473  0.9324899
4804.91228  0.8944811
4805.535087  0.8993306
4806.157894  0.9284464
4806.780701  0.9217294
4807.403508  0.8868194
4808.026315  0.8576025
4808.649122  0.8645075
4809.271929  0.9091265
4809.894736  0.9444827
4810.517543  0.9445837
4811.14035  0.9302266
4811.763157  0.9311162
4812.385964  0.9398687
4813.008771  0.935693
4813.631578  0.9291341
4814.254385  0.9366125
4814.877192  0.9543884
4815.499999  0.9592177
4816.122806  0.974911
4816.745613  0.990468
4817.36842  0.9820364
4817.991227  0.9794707
4818.614034  0.9957527
4819.236841  1.014236
4819.859648  1.000643
4820.482455  0.9796932
4821.105262  0.9796399
4821.728069  0.9941218
4822.350876  0.9616634
4822.973683  0.8871934
4823.59649  0.8323964
4824.219297  0.8616496
4824.842104  0.9207706
4825.464911  0.9608011
4826.087718  0.9828281
4826.710525  0.9781529
4827.333332  0.9589766
4827.956139  0.9406805
4828.578946  0.9194596
4829.201753  0.9204808
4829.82456  0.947669
4830.447367  0.9634923
4831.070174  0.9197028
4831.692981  0.8602818
4832.315788  0.8593751
4832.938595  0.898082
4833.561402  0.9442038
4834.184209  0.9716244
4834.807016  0.9721247
4835.429823  0.9492199
4836.05263  0.9352273
4836.675437  0.9571621
4837.298244  0.9771697
4837.921051  0.9676579
4838.543858  0.9285538
4839.166665  0.8847763
4839.789472  0.8547645
4840.412279  0.8584989
4841.035086  0.9009968
4841.657893  0.9325218
4842.2807  0.9237294
4842.903507  0.8874698
4843.526314  0.8760275
4844.149121  0.9070224
4844.771928  0.9597943
4845.394735  0.9934611
4846.017542  1.001253
4846.640349  0.9890396
4847.263156  0.9607585
4847.885963  0.905144
4848.50877  0.8594496
4849.131577  0.8671401
4849.754384  0.9338093
4850.377191  0.9776544
4850.999998  0.9672461
4851.622805  0.9392658
4852.245612  0.9416805
4852.868419  0.963897
4853.491226  0.9661048
4854.114033  0.9236572
4854.73684  0.8423599
4855.359647  0.7818444
4855.982454  0.8077525
4856.605261  0.8838827
4857.228068  0.9393265
4857.850875  0.9329388
4858.473682  0.8950381
4859.096489  0.8468941
4859.719296  0.7813621
4860.342103  0.6800759
4860.96491  0.5736368
4861.587717  0.5729178
4862.210524  0.7197337
4862.833331  0.8329681
4863.456138  0.8531212
4864.078945  0.8286718
4864.701752  0.8433973
4865.324559  0.8805903
4865.947366  0.912484
4866.570173  0.9239331
4867.19298  0.9041243
4867.815787  0.8775897
4868.438594  0.8809003
4869.061401  0.9252828
4869.684208  0.9268981
4870.307015  0.8561551
4870.929822  0.7672074
4871.552629  0.7267691
4872.175436  0.7591155
4872.798243  0.8343447
4873.42105  0.8864356
4874.043857  0.8974656
4874.666664  0.8772656
4875.289471  0.8522578
4875.912278  0.8730284
4876.535085  0.9166675
4877.157892  0.928149
4877.780699  0.897999
4878.403506  0.9117482
4879.026313  0.9894389
4879.64912  1.036587
4880.271927  1.008748
4880.894734  0.9274562
4881.517541  0.8612518
4882.140348  0.8755025
4882.763155  0.9343122
4883.385962  0.9666752
4884.008769  0.9368568
4884.631576  0.882304
4885.254383  0.8408995
4885.87719  0.8234944
4886.499997  0.8260449
4887.122804  0.8517929
4887.745611  0.8841025
4888.368418  0.8751671
4888.991225  0.8768743
4889.614032  0.8843025
4890.236839  0.8328598
4890.859646  0.7523997
4891.482453  0.7474432
4892.10526  0.8599768
4892.728067  0.9552646
4893.350874  0.9940829
4893.973681  1.006741
4894.596488  1.035591
4895.219295  1.049466
4895.842102  1.040794
4896.464909  1.029166
4897.087716  1.028717
4897.710523  1.038784
4898.33333  1.035611
4898.956137  0.989529
4899.578944  0.930725
4900.201751  0.9126371
4900.824558  0.9576514
4901.447365  0.9961097
4902.070172  0.9882054
4902.692979  0.9436022
4903.315786  0.9090539
4903.938593  0.9128672
4904.5614  0.950608
4905.184207  0.9967048
4905.807014  1.037892
4906.429821  1.044319
4907.052628  1.007227
4907.675435  0.9709423
4908.298242  0.9474671
4908.921049  0.9193035
4909.543856  0.8674513
4910.166663  0.8320516
4910.78947  0.8360517
4911.412277  0.8711993
4912.035084  0.9136735
4912.657891  0.944207
4913.280698  0.9503639
4913.903505  0.9363462
4914.526312  0.9683975
4915.149119  1.023039
4915.771926  1.029652
4916.394733  1.014853
4917.01754  0.9768672
4917.640347  0.9078154
4918.263154  0.8249447
4918.885961  0.7695475
4919.508768  0.742255
4920.131575  0.7176684
4920.754382  0.7321376
4921.377189  0.7996753
4921.999996  0.8872258
4922.622803  0.9229509
4923.24561  0.9055545
4923.868417  0.8670637
4924.491224  0.8418141
4925.114031  0.8623886
4925.736838  0.9233379
4926.359645  0.9803561
4926.982452  0.9764274
4927.605259  0.9532275
4928.228066  0.968025
4928.850873  1.019942
4929.47368  1.029672
4930.096487  1.000063
4930.719294  0.9965912
4931.342101  1.025475
4931.964908  1.025795
4932.587715  0.9569415
4933.210522  0.8631672
4933.833329  0.8276762
4934.456136  0.8759813
4935.078943  0.9560406
4935.70175  0.9813023
4936.324557  0.9537728
4936.947364  0.9107451
4937.570171  0.8517361
4938.192978  0.7994375
4938.815785  0.7800714
4939.438592  0.811637
4940.061399  0.8996688
4940.684206  0.9891105
4941.307013  1.01934
4941.92982  1.001555
4942.552627  0.9874002
4943.175434  1.005875
4943.798241  1.03284
4944.421048  1.026231
4945.043855  0.9830103
4945.666662  0.9395095
4946.289469  0.9377751
4946.912276  0.9799595
4947.535083  1.028778
4948.15789  1.034115
4948.780697  1.019575
4949.403504  1.006808
4950.026311  1.002221
4950.649118  1.031475
4951.271925  1.050454
4951.894732  1.023233
4952.517539  0.9913714
4953.140346  0.9806622
4953.763153  0.9899403
4954.38596  1.002836
4955.008767  1.027927
4955.631574  1.029127
4956.254381  0.9558321
4956.877188  0.8045396
4957.499995  0.7090474
4958.122802  0.7629467
4958.745609  0.9161085
4959.368416  1.025118
4959.991223  1.053667
4960.61403  1.049386
4961.236837  1.013522
4961.859644  0.9855037
4962.482451  0.9971594
4963.105258  1.036632
4963.728065  1.051048
4964.350872  1.009697
4964.973679  0.9341449
4965.596486  0.8938062
4966.219293  0.9098969
4966.8421  0.9472852
4967.464907  0.9427376
4968.087714  0.9213604
4968.710521  0.923135
4969.333328  0.9501885
4969.956135  0.9319007
4970.578942  0.9164486
4971.201749  0.963457
4971.824556  0.9947034
4972.447363  1.000864
4973.07017  1.005122
4973.692977  1.022387
4974.315784  1.034057
4974.938591  1.023419
4975.561398  0.9953787
4976.184205  0.9838718
4976.807012  0.9816444
4977.429819  0.9638082
4978.052626  0.9197595
4978.675433  0.8998865
4979.29824  0.9153564
4979.921047  0.9344475
4980.543854  0.9425492
4981.166661  0.9165444
4981.789468  0.8545383
4982.412275  0.796285
4983.035082  0.7803131
4983.657889  0.8042389
4984.280696  0.8317318
4984.903503  0.848748
4985.52631  0.8628545
4986.149117  0.8935589
4986.771924  0.9551533
4987.394731  0.9978217
4988.017538  0.992296
4988.640345  0.96638
4989.263152  0.9580551
4989.885959  0.9512073
4990.508766  0.9179694
4991.131573  0.8960079
4991.75438  0.9301468
4992.377187  0.9847989
4992.999994  0.9524601
4993.622801  0.9061264
4994.245608  0.9124706
4994.868415  0.9628323
4995.491222  0.9835647
4996.114029  0.9680629
4996.736836  0.951463
4997.359643  0.959911
4997.98245  0.964731
4998.605257  0.9408925
4999.228064  0.8961352
4999.850871  0.8685517
5000.473678  0.8704816
5001.096485  0.8855028
5001.719292  0.885528
5002.342099  0.8909816
5002.964906  0.9075529
5003.587713  0.9088185
5004.21052  0.8939614
5004.833327  0.8574073
5005.456134  0.8053077
5006.078941  0.7786175
5006.701748  0.8013286
5007.324555  0.8685033
5007.947362  0.9450266
5008.570169  0.9825493
5009.192976  0.9698291
5009.815783  0.9363055
5010.43859  0.9271334
5011.061397  0.9098513
5011.684204  0.8586984
5012.307011  0.8175976
5012.929818  0.7993515
5013.552625  0.7882134
5014.175432  0.7738383
5014.798239  0.8125046
5015.421046  0.8728203
5016.043853  0.8971211
5016.66666  0.8908868
5017.289467  0.8521479
5017.912274  0.8146478
5018.535081  0.8320758
5019.157888  0.8716247
5019.780695  0.903635
5020.403502  0.914907
5021.026309  0.8981786
5021.649116  0.8598199
5022.271923  0.8336952
5022.89473  0.8624188
5023.517537  0.9120183
5024.140344  0.9332006
5024.763151  0.9140965
5025.385958  0.9180397
5026.008765  0.9349722
5026.631572  0.9162887
5027.254379  0.8457946
5027.877186  0.8360258
5028.499993  0.9035829
5029.1228  0.953716
5029.745607  0.9676119
5030.368414  0.9552493
5030.991221  0.9456919
5031.614028  0.971751
5032.236835  1.006506
5032.859642  1.028301
5033.482449  1.042669
5034.105256  1.035939
5034.728063  0.9792489
5035.35087  0.8792884
5035.973677  0.8265489
5036.596484  0.8603532
5037.219291  0.9315128
5037.842098  0.9385698
5038.464905  0.9021621
5039.087712  0.8564233
5039.710519  0.807202
5040.333326  0.7322406
5040.956133  0.6662441
5041.57894  0.6756982
5042.201747  0.7998151
5042.824554  0.912098
5043.447361  0.9506369
5044.070168  0.9640331
5044.692975  0.9848285
5045.315782  1.017736
5045.938589  1.047239
5046.561396  1.052642
5047.184203  1.005562
5047.80701  0.9205061
5048.429817  0.8570769
5049.052624  0.8457239
5049.675431  0.8774419
5050.298238  0.9125025
5050.921045  0.902991
5051.543852  0.873012
5052.166659  0.8704727
5052.789466  0.9133841
5053.412273  0.9542555
5054.03508  0.9809678
5054.657887  1.010246
5055.280694  1.014835
5055.903501  1.002349
5056.526308  0.9900814
5057.149115  0.9775097
5057.771922  0.9845797
5058.394729  1.001845
5059.017536  0.9994169
5059.640343  0.9885734
5060.26315  0.9945055
5060.885957  1.023484
5061.508764  1.044421
5062.131571  1.047291
5062.754378  1.035909
5063.377185  1.01108
5063.999992  0.9289736
5064.622799  0.8437515
5065.245606  0.8378301
5065.868413  0.888481
5066.49122  0.9387521
5067.114027  0.9467482
5067.736834  0.9175922
5068.359641  0.8939361
5068.982448  0.9102821
5069.605255  0.9635915
5070.228062  1.001691
5070.850869  0.9889355
5071.473676  0.9312865
5072.096483  0.8759845
5072.71929  0.8866225
5073.342097  0.9437608
5073.964904  0.9677755
5074.587711  0.956109
5075.210518  0.9286759
5075.833325  0.9145012
5076.456132  0.938613
5077.078939  0.9847451
5077.701746  0.9991606
5078.324553  0.9304537
5078.94736  0.8161908
5079.570167  0.7368149
5080.192974  0.7465512
5080.815781  0.809109
5081.438588  0.8801447
5082.061395  0.9182414
5082.684202  0.9039001
5083.307009  0.8796981
5083.929816  0.8854826
5084.552623  0.9245334
5085.17543  0.9594571
5085.798237  0.9680148
5086.421044  0.9543145
5087.043851  0.9399927
5087.666658  0.9354152
5088.289465  0.9471912
5088.912272  0.972742
5089.535079  0.9834361
5090.157886  0.978716
5090.780693  0.9726257
5091.4035  0.9722641
5092.026307  0.9809974
5092.649114  0.999961
5093.271921  1.021548
5093.894728  1.018532
5094.517535  1.004368
5095.140342  1.002083
5095.763149  0.9847125
5096.385956  0.9476691
5097.008763  0.9046346
5097.63157  0.8725085
5098.254377  0.8198359
5098.877184  0.7784911
5099.499991  0.8090323
5100.122798  0.8885412
5100.745605  0.9679933
5101.368412  1.008589
5101.991219  1.006406
5102.614026  0.9710028
5103.236833  0.9340282
5103.85964  0.9256732
5104.482447  0.9238877
5105.105254  0.9251608
5105.728061  0.9307556
5106.350868  0.9210028
5106.973675  0.8850802
5107.596482  0.8562061
5108.219289  0.8846083
5108.842096  0.9085231
5109.464903  0.8901695
5110.08771  0.8542996
5110.710517  0.8745345
5111.333324  0.9339447
5111.956131  0.9742578
5112.578938  0.9618875
5113.201745  0.9517435
5113.824552  0.9608317
5114.447359  0.9633491
5115.070166  0.9601262
5115.692973  0.9674007
5116.31578  0.9913638
5116.938587  1.012173
5117.561394  1.019065
5118.184201  1.016357
5118.807008  1.013401
5119.429815  1.000865
5120.052622  0.9745098
5120.675429  0.9452016
5121.298236  0.9351354
5121.921043  0.9187977
5122.54385  0.8781239
5123.166657  0.8310764
5123.789464  0.8133355
5124.412271  0.826543
5125.035078  0.8516439
5125.657885  0.8854004
5126.280692  0.8983346
5126.903499  0.8837331
5127.526306  0.8765646
5128.149113  0.8798933
5128.77192  0.8748615
5129.394727  0.8558424
5130.017534  0.8779597
5130.640341  0.9066702
5131.263148  0.9068776
5131.885955  0.9197886
5132.508762  0.9348938
5133.131569  0.9389383
5133.754376  0.9386908
5134.377183  0.9678062
5134.99999  1.002581
5135.622797  0.9955187
5136.245604  0.9329841
5136.868411  0.8838497
5137.491218  0.8854815
5138.114025  0.8966914
5138.736832  0.8503445
5139.359639  0.8134807
5139.982446  0.8768619
5140.605253  0.9591474
5141.22806  0.9529212
5141.850867  0.8516332
5142.473674  0.7828467
5143.096481  0.8209141
5143.719288  0.9111229
5144.342095  0.9417504
5144.964902  0.912657
5145.587709  0.8767684
5146.210516  0.8679383
5146.833323  0.8557889
5147.45613  0.8479669
5148.078937  0.8626923
5148.701744  0.903595
5149.324551  0.9404634
5149.947358  0.9380539
5150.570165  0.8926901
5151.192972  0.8528854
5151.815779  0.8464075
5152.438586  0.865867
5153.061393  0.8800617
5153.6842  0.8854207
5154.307007  0.8918782
5154.929814  0.9070715
5155.552621  0.9198692
5156.175428  0.9387731
5156.798235  0.969224
5157.421042  0.9962401
5158.043849  0.990495
5158.666656  0.9638219
5159.289463  0.9571295
5159.91227  0.9813421
5160.535077  1.000258
5161.157884  0.9780504
5161.780691  0.925444
5162.403498  0.9027331
5163.026305  0.9253247
5163.649112  0.941384
5164.271919  0.8922132
5164.894726  0.8224499
5165.517533  0.7833027
5166.14034  0.7083042
5166.763147  0.6185114
5167.385954  0.570324
5168.008761  0.5978781
5168.631568  0.669786
5169.254375  0.774139
5169.877182  0.8860375
5170.499989  0.8970908
5171.122796  0.7908572
5171.745603  0.6299207
5172.36841  0.5143565
5172.991217  0.5437475
5173.614024  0.700406
5174.236831  0.869167
5174.859638  0.9598997
5175.482445  0.9620265
5176.105252  0.9291254
5176.728059  0.9286353
5177.350866  0.9563712
5177.973673  0.9811408
5178.59648  0.9838845
5179.219287  0.9732648
5179.842094  0.9616126
5180.464901  0.9536945
5181.087708  0.9414187
5181.710515  0.8832044
5182.333322  0.7481473
5182.956129  0.5659975
5183.578936  0.4799294
5184.201743  0.5624414
5184.82455  0.7544388
5185.447357  0.8888446
5186.070164  0.9477112
5186.692971  0.9712358
5187.315778  0.9595429
5187.938585  0.9168496
5188.561392  0.8961456
5189.184199  0.9516288
5189.807006  1.012712
5190.429813  1.003113
5191.05262  0.9030443
5191.675427  0.7772581
5192.298234  0.7368044
5192.921041  0.8081481
5193.543848  0.904098
5194.166655  0.9233324
5194.789462  0.8768667
5195.412269  0.8438152
5196.035076  0.8634711
5196.657883  0.9025145
5197.28069  0.9221168
5197.903497  0.9259881
5198.526304  0.9472674
5199.149111  0.9757812
5199.771918  0.9806948
5200.394725  0.9850839
5201.017532  0.9771845
5201.640339  0.952943
5202.263146  0.9456473
5202.885953  0.9706695
5203.50876  0.9786823
5204.131567  0.9103155
5204.754374  0.8362477
5205.377181  0.7995521
5205.999988  0.8130957
5206.622795  0.8794938
5207.245602  0.8848283
5207.868409  0.8124213
5208.491216  0.7811446
5209.114023  0.8304572
5209.73683  0.8936873
5210.359637  0.9046379
5210.982444  0.9353637
5211.605251  0.9689323
5212.228058  0.9843266
5212.850865  1.00476
5213.473672  1.011418
5214.096479  0.9838161
5214.719286  0.9267191
5215.342093  0.8898241
5215.9649  0.8805657
5216.587707  0.8873609
5217.210514  0.9065628
5217.833321  0.9378414
5218.456128  0.9726233
5219.078935  0.9932525
5219.701742  0.9871718
5220.324549  0.9843339
5220.947356  1.003442
5221.570163  1.000412
5222.19297  0.9837171
5222.815777  0.9646
5223.438584  0.9313905
5224.061391  0.882182
5224.684198  0.8483848
5225.307005  0.8385696
5225.929812  0.7716949
5226.552619  0.7011089
5227.175426  0.7155734
5227.798233  0.832202
5228.42104  0.9384806
5229.043847  0.9710211
5229.666654  0.9591396
5230.289461  0.9706353
5230.912268  1.002867
5231.535075  1.006665
5232.157882  0.9460807
5232.780689  0.8894365
5233.403496  0.884169
5234.026303  0.9062451
5234.64911  0.9025335
5235.271917  0.8999771
5235.894724  0.94275
5236.517531  0.9975987
5237.140338  1.027782
5237.763145  1.025806
5238.385952  1.014666
5239.008759  0.9962451
5239.631566  0.9887225
5240.254373  1.00844
5240.87718  1.031189
5241.499987  1.032148
5242.122794  1.006847
5242.745601  0.9795801
5243.368408  0.9844069
5243.991215  1.019301
5244.614022  1.049997
5245.236829  1.056304
5245.859636  1.009418
5246.482443  0.9212461
5247.10525  0.8694988
5247.728057  0.8893456
5248.350864  0.9446176
5248.973671  0.9571137
5249.596478  0.9004179
5250.219285  0.8497106
5250.842092  0.8773189
5251.464899  0.9247705
5252.087706  0.9570574
5252.710513  0.9695151
5253.33332  0.9739368
5253.956127  0.9430526
5254.578934  0.884631
5255.201741  0.8518173
5255.824548  0.9093462
5256.447355  0.9991992
5257.070162  1.0481
5257.692969  1.058145
5258.315776  1.056027
5258.938583  1.049882
5259.56139  1.029616
5260.184197  1.015744
5260.807004  0.986612
5261.429811  0.9266006
5262.052618  0.8710136
5262.675425  0.828289
5263.298232  0.7992537
5263.921039  0.7838099
5264.543846  0.7739351
5265.166653  0.7444385
5265.78946  0.7079405
5266.412267  0.7583008
5267.035074  0.8649422
5267.657881  0.9306647
5268.280688  0.8780697
5268.903495  0.7367699
5269.526302  0.6275771
5270.149109  0.6599073
5270.771916  0.79464
5271.394723  0.9234704
5272.01753  0.9645548
5272.640337  0.9298921
5273.263144  0.907134
5273.885951  0.918372
5274.508758  0.9080911
5275.131565  0.8564078
5275.754372  0.8432882
5276.377179  0.9246908
5276.999986  1.009845
5277.622793  1.05665
5278.2456  1.06238
5278.868407  1.043346
5279.491214  1.006066
5280.114021  0.9680818
5280.736828  0.9462682
5281.359635  0.9383552
5281.982442  0.9381383
5282.605249  0.9278631
5283.228056  0.8899411
5283.850863  0.8644989
5284.47367  0.9015918
5285.096477  1.003439
5285.719284  1.0674
5286.342091  1.087711
5286.964898  1.089116
5287.587705  1.053083
5288.210512  1.027621
5288.833319  1.035871
5289.456126  1.057723
5290.078933  1.085029
5290.70174  1.097233
5291.324547  1.082443
5291.947354  1.056939
5292.570161  1.026607
5293.192968  1.005256
5293.815775  1.010766
5294.438582  1.026849
5295.061389  1.024461
5295.684196  0.9898451
5296.307003  0.945828
5296.92981  0.8834378
5297.552617  0.8192415
5298.175424  0.8208754
5298.798231  0.8952362
5299.421038  0.9804492
5300.043845  1.002417
5300.666652  0.9734433
5301.289459  0.9415822
5301.912266  0.942951
5302.535073  0.972001
5303.15788  1.017538
5303.780687  1.058875
5304.403494  1.075321
5305.026301  1.083608
5305.649108  1.076805
5306.271915  1.047618
5306.894722  1.024896
5307.517529  1.022399
5308.140336  1.039924
5308.763143  1.066691
5309.38595  1.082875
5310.008757  1.083607
5310.631564  1.077329
5311.254371  1.073097
5311.877178  1.067692
5312.499985  1.058042
5313.122792  1.051798
5313.745599  1.048469
5314.368406  1.051929
5314.991213  1.057737
5315.61402  1.022455
5316.236827  0.9770303
5316.859634  0.9740492
5317.482441  1.008998
5318.105248  1.031703
5318.728055  1.02344
5319.350862  1.016469
5319.973669  1.018661
5320.596476  1.018646
5321.219283  1.010151
5321.84209  1.018898
5322.464897  1.021058
5323.087704  0.9906544
5323.710511  0.9400805
5324.333318  0.9229661
5324.956125  0.9528895
5325.578932  0.9936828
5326.201739  1.002087
5326.824546  0.9316454
5327.447353  0.7925968
5328.07016  0.680658
5328.692967  0.6943316
5329.315774  0.8186413
5329.938581  0.9414391
5330.561388  1.015383
5331.184195  1.029166
5331.807002  1.001024
5332.429809  0.9655384
5333.052616  0.9621392
5333.675423  0.9985119
5334.29823  1.044616
5334.921037  1.071373
5335.543844  1.067038
5336.166651  1.04153
5336.789458  1.018526
5337.412265  1.027297
5338.035072  1.056679
5338.657879  1.04651
5339.280686  0.9844213
5339.903493  0.9054267
5340.5263  0.8654386
5341.149107  0.8984169
5341.771914  0.9711992
5342.394721  1.027071
5343.017528  1.038559
5343.640335  1.042829
5344.263142  1.047851
5344.885949  1.021736
5345.508756  0.9849175
5346.131563  0.9794546
5346.75437  1.013413
5347.377177  1.022214
5347.999984  0.9920401
5348.622791  0.949373
5349.245598  0.9319476
5349.868405  0.9546428
5350.491212  1.002351
5351.114019  1.043656
5351.736826  1.061599
5352.359633  1.048196
5352.98244  1.019377
5353.605247  1.01571
5354.228054  1.052507
5354.850861  1.101806
5355.473668  1.119256
5356.096475  1.109253
5356.719282  1.09713
5357.342089  1.098176
5357.964896  1.094576
5358.587703  1.09075
5359.21051  1.092911
5359.833317  1.096386
5360.456124  1.083876
5361.078931  1.053707
5361.701738  1.023514
5362.324545  1.016554
5362.947352  1.033415
5363.570159  1.045738
5364.192966  1.018627
5364.815773  0.9810247
5365.43858  0.9766586
5366.061387  1.01411
5366.684194  1.020431
5367.307001  1.009641
5367.929808  1.013617
5368.552615  1.004389
5369.175422  0.9713147
5369.798229  0.9210813
5370.421036  0.8721562
5371.043843  0.8420697
5371.66665  0.8625232
5372.289457  0.9404904
5372.912264  1.025756
5373.535071  1.062614
5374.157878  1.059875
5374.780685  1.083255
5375.403492  1.091349
5376.026299  1.070657
5376.649106  1.044607
5377.271913  1.029151
5377.89472  1.036051
5378.517527  1.055349
5379.140334  1.056884
5379.763141  1.039494
5380.385948  1.020804
5381.008755  1.016484
5381.631562  1.02634
5382.254369  1.026407
5382.877176  1.006176
5383.499983  0.9987545
5384.12279  1.024641
5384.745597  1.060909
5385.368404  1.059479
5385.991211  1.038226
5386.614018  1.024154
5387.236825  1.028226
5387.859632  1.031806
5388.482439  1.018439
5389.105246  0.9924453
5389.728053  0.9783589
5390.35086  0.9727169
5390.973667  0.9714252
5391.596474  0.9746679
5392.219281  0.971858
5392.842088  0.9673252
5393.464895  0.9644336
5394.087702  0.9545442
5394.710509  0.9598821
5395.333316  0.9722965
5395.956123  0.9516377
5396.57893  0.8811368
5397.201737  0.8391039
5397.824544  0.8899168
5398.447351  0.9658461
5399.070158  1.002435
5399.692965  0.9872193
5400.315772  0.9645209
5400.938579  0.9704323
5401.561386  1.004494
5402.184193  1.034309
5402.807  1.015255
5403.429807  0.9602275
5404.052614  0.8996069
5404.675421  0.8459136
5405.298228  0.8138054
5405.921035  0.8205447
5406.543842  0.8693748
5407.166649  0.9223934
5407.789456  0.9642661
5408.412263  0.9813104
5409.03507  0.9435207
5409.657877  0.8983163
5410.280684  0.8938605
5410.903491  0.9357676
5411.526298  0.9949937
5412.149105  1.034273
5412.771912  1.038666
5413.394719  1.033934
5414.017526  1.017613
5414.640333  0.9959481
5415.26314  0.9967653
5415.885947  1.026975
5416.508754  1.059782
5417.131561  1.064537
5417.754368  1.055297
5418.377175  1.0416
5418.999982  1.024025
5419.622789  0.9967306
5420.245596  0.964671
5420.868403  0.9531193
5421.49121  0.9845679
5422.114017  1.030506
5422.736824  1.040912
5423.359631  0.9935949
5423.982438  0.9352564
5424.605245  0.9267485
5425.228052  0.9748793
5425.850859  1.027921
5426.473666  1.067888
5427.096473  1.094754
5427.71928  1.09661
5428.342087  1.029268
5428.964894  0.9143459
5429.587701  0.8357446
5430.210508  0.8825452
5430.833315  0.9823394
5431.456122  1.031309
5432.078929  0.9906594
5432.701736  0.9542863
5433.324543  0.9383471
5433.94735  0.9189007
5434.570157  0.9021087
5435.192964  0.9011673
5435.815771  0.9150499
5436.438578  0.9320368
5437.061385  0.9663924
5437.684192  1.016768
5438.306999  1.064518
5438.929806  1.085585
5439.552613  1.088643
5440.17542  1.083752
5440.798227  1.06929
5441.421034  1.059061
5442.043841  1.062518
5442.666648  1.074685
5443.289455  1.076128
5443.912262  1.057096
5444.535069  1.024361
5445.157876  0.9928617
5445.780683  0.932989
5446.40349  0.8630298
5447.026297  0.8488885
5447.649104  0.9242244
5448.271911  1.022164
5448.894718  1.066823
5449.517525  1.074683
5450.140332  1.071283
5450.763139  1.067416
5451.385946  1.057634
5452.008753  1.051163
5452.63156  1.045844
5453.254367  1.033404
5453.877174  1.018415
5454.499981  0.9655167
5455.122788  0.8862332
5455.745595  0.865943
5456.368402  0.9261041
5456.991209  1.014946
5457.614016  1.063556
5458.236823  1.083127
5458.85963  1.085833
5459.482437  1.07396
5460.105244  1.04724
5460.728051  1.028942
5461.350858  1.020685
5461.973665  0.9973371
5462.596472  0.9486047
5463.219279  0.9198356
5463.842086  0.9520303
5464.464893  1.011452
5465.0877  1.046661
5465.710507  1.034588
5466.333314  1.000907
5466.956121  0.9962773
5467.578928  1.01974
5468.201735  1.036276
5468.824542  1.047935
