4780.  0.
4780.622807  0.
4781.245614  0.9857046
4781.868421  1.378906
4782.491228  1.379233
4783.114035  1.379379
4783.736842  1.377188
4784.359649  1.373818
4784.982456  1.371061
4785.605263  1.371078
4786.22807  1.374015
4786.850877  1.374669
4787.473684  1.367029
4788.096491  1.363772
4788.719298  1.367266
4789.342105  1.36969
4789.964912  1.366513
4790.587719  1.362674
4791.210526  1.362824
4791.833333  1.364132
4792.45614  1.361251
4793.078947  1.356538
4793.701754  1.355916
4794.324561  1.358483
4794.947368  1.361026
4795.570175  1.360677
4796.192982  1.359384
4796.815789  1.358544
4797.438596  1.356022
4798.061403  1.349757
4798.68421  1.344255
4799.307017  1.34283
4799.929824  1.344401
4800.552631  1.350402
4801.175438  1.35134
4801.798245  1.346637
4802.421052  1.347516
4803.043859  1.348382
4803.666666  1.345444
4804.289473  1.341588
4804.91228  1.335414
4805.535087  1.335807
4806.157894  1.346578
4806.780701  1.351084
4807.403508  1.347169
4808.026315  1.34067
4808.649122  1.339321
4809.271929  1.340289
4809.894736  1.337262
4810.517543  1.328992
4811.14035  1.326009
4811.763157  1.328709
4812.385964  1.331258
4813.008771  1.328596
4813.631578  1.326312
4814.254385  1.32632
4814.877192  1.325839
4815.499999  1.325307
4816.122806  1.324939
4816.745613  1.323878
4817.36842  1.322509
4817.991227  1.319608
4818.614034  1.316331
4819.236841  1.314412
4819.859648  1.313124
4820.482455  1.309826
4821.105262  1.304799
4821.728069  1.306397
4822.350876  1.305934
4822.973683  1.297884
4823.59649  1.291627
4824.219297  1.289541
4824.842104  1.289938
4825.464911  1.289403
4826.087718  1.293111
4826.710525  1.296135
4827.333332  1.293056
4827.956139  1.289328
4828.578946  1.286071
4829.201753  1.282742
4829.82456  1.279551
4830.447367  1.274107
4831.070174  1.267585
4831.692981  1.26407
4832.315788  1.264443
4832.938595  1.263728
4833.561402  1.258445
4834.184209  1.250596
4834.807016  1.243975
4835.429823  1.240098
4836.05263  1.238147
4836.675437  1.237442
4837.298244  1.233489
4837.921051  1.225659
4838.543858  1.220633
4839.166665  1.213424
4839.789472  1.20504
4840.412279  1.201114
4841.035086  1.193099
4841.657893  1.180749
4842.2807  1.16977
4842.903507  1.160565
4843.526314  1.15353
4844.149121  1.145874
4844.771928  1.132541
4845.394735  1.12075
4846.017542  1.110638
4846.640349  1.096009
4847.263156  1.080485
4847.885963  1.064895
4848.50877  1.049956
4849.131577  1.034577
4849.754384  1.019547
4850.377191  1.002897
4850.999998  0.9836672
4851.622805  0.9635617
4852.245612  0.9445557
4852.868419  0.9257112
4853.491226  0.9033032
4854.114033  0.8749051
4854.73684  0.8445621
4855.359647  0.8182521
4855.982454  0.7881862
4856.605261  0.7520611
4857.228068  0.7143271
4857.850875  0.6778398
4858.473682  0.6398393
4859.096489  0.5928764
4859.719296  0.5295915
4860.342103  0.4496357
4860.96491  0.3848016
4861.587717  0.3788283
4862.210524  0.4366814
4862.833331  0.517392
4863.456138  0.5807379
4864.078945  0.6298993
4864.701752  0.6697889
4865.324559  0.7071524
4865.947366  0.7467904
4866.570173  0.7833113
4867.19298  0.8139505
4867.815787  0.8402936
4868.438594  0.8665929
4869.061401  0.8945671
4869.684208  0.920299
4870.307015  0.9390783
4870.929822  0.9529964
4871.552629  0.9699842
4872.175436  0.9930808
4872.798243  1.011423
4873.42105  1.026984
4874.043857  1.045365
4874.666664  1.061466
4875.289471  1.072524
4875.912278  1.080561
4876.535085  1.089141
4877.157892  1.098233
4877.780699  1.110341
4878.403506  1.125129
4879.026313  1.136701
4879.64912  1.146971
4880.271927  1.157375
4880.894734  1.165089
4881.517541  1.171303
4882.140348  1.176727
4882.763155  1.180912
4883.385962  1.187646
4884.008769  1.195
4884.631576  1.198873
4885.254383  1.199834
4885.87719  1.204787
4886.499997  1.210788
4887.122804  1.210066
4887.745611  1.216017
4888.368418  1.22363
4888.991225  1.223925
4889.614032  1.227025
4890.236839  1.229218
4890.859646  1.227517
4891.482453  1.225753
4892.10526  1.231638
4892.728067  1.240504
4893.350874  1.244981
4893.973681  1.248616
4894.596488  1.253133
4895.219295  1.257268
4895.842102  1.255902
4896.464909  1.256737
4897.087716  1.259813
4897.710523  1.260311
4898.33333  1.262311
4898.956137  1.263622
4899.578944  1.261873
4900.201751  1.260752
4900.824558  1.262519
4901.447365  1.267193
4902.070172  1.271108
4902.692979  1.270542
4903.315786  1.267951
4903.938593  1.268209
4904.5614  1.268389
4905.184207  1.270581
4905.807014  1.274296
4906.429821  1.27434
4907.052628  1.271486
4907.675435  1.271747
4908.298242  1.277831
4908.921049  1.275585
4909.543856  1.270229
4910.166663  1.271291
4910.78947  1.27545
4911.412277  1.274703
4912.035084  1.271218
4912.657891  1.276047
4913.280698  1.281419
4913.903505  1.282479
4914.526312  1.279225
4915.149119  1.275643
4915.771926  1.274099
4916.394733  1.273025
4917.01754  1.270653
4917.640347  1.271462
4918.263154  1.273937
4918.885961  1.271576
4919.508768  1.268635
4920.131575  1.265927
4920.754382  1.267318
4921.377189  1.276842
4921.999996  1.280739
4922.622803  1.264026
4923.24561  1.229029
4923.868417  1.209842
4924.491224  1.222366
4925.114031  1.254934
4925.736838  1.274981
4926.359645  1.280613
4926.982452  1.280897
4927.605259  1.279528
4928.228066  1.278693
4928.850873  1.279709
4929.47368  1.281944
4930.096487  1.280918
4930.719294  1.278079
4931.342101  1.277601
4931.964908  1.281372
4932.587715  1.281878
4933.210522  1.277211
4933.833329  1.272808
4934.456136  1.273195
4935.078943  1.273906
4935.70175  1.272332
4936.324557  1.274121
4936.947364  1.277221
4937.570171  1.278655
4938.192978  1.279185
4938.815785  1.276456
4939.438592  1.274741
4940.061399  1.278537
4940.684206  1.280108
4941.307013  1.280425
4941.92982  1.281266
4942.552627  1.277573
4943.175434  1.274221
4943.798241  1.273571
4944.421048  1.275796
4945.043855  1.277872
4945.666662  1.277531
4946.289469  1.275826
4946.912276  1.276017
4947.535083  1.27695
4948.15789  1.275437
4948.780697  1.26977
4949.403504  1.269292
4950.026311  1.274616
4950.649118  1.279763
4951.271925  1.277512
4951.894732  1.273457
4952.517539  1.272626
4953.140346  1.272765
4953.763153  1.272937
4954.38596  1.272283
4955.008767  1.271078
4955.631574  1.270918
4956.254381  1.270446
4956.877188  1.267567
4957.499995  1.262856
4958.122802  1.261696
4958.745609  1.262454
4959.368416  1.260852
4959.991223  1.262754
4960.61403  1.267681
4961.236837  1.270559
4961.859644  1.270438
4962.482451  1.270412
4963.105258  1.270615
4963.728065  1.269147
4964.350872  1.267186
4964.973679  1.265899
4965.596486  1.266911
4966.219293  1.269233
4966.8421  1.271723
4967.464907  1.271642
4968.087714  1.269165
4968.710521  1.267715
4969.333328  1.266876
4969.956135  1.26444
4970.578942  1.264307
4971.201749  1.267139
4971.824556  1.270138
4972.447363  1.268065
4973.07017  1.26514
4973.692977  1.264144
4974.315784  1.263901
4974.938591  1.260086
4975.561398  1.257585
4976.184205  1.26074
4976.807012  1.262099
4977.429819  1.262112
4978.052626  1.262495
4978.675433  1.262222
4979.29824  1.259723
4979.921047  1.256819
4980.543854  1.256599
4981.166661  1.258348
4981.789468  1.259866
4982.412275  1.258368
4983.035082  1.254361
4983.657889  1.252844
4984.280696  1.255704
4984.903503  1.258882
4985.52631  1.258452
4986.149117  1.257371
4986.771924  1.259172
4987.394731  1.261963
4988.017538  1.262153
4988.640345  1.259228
4989.263152  1.257545
4989.885959  1.255976
4990.508766  1.252534
4991.131573  1.246745
4991.75438  1.247428
4992.377187  1.249882
4992.999994  1.250753
4993.622801  1.252907
4994.245608  1.255399
4994.868415  1.256594
4995.491222  1.254851
4996.114029  1.253101
4996.736836  1.252267
4997.359643  1.251399
4997.98245  1.24975
4998.605257  1.247983
4999.228064  1.247309
4999.850871  1.247245
5000.473678  1.244375
5001.096485  1.241756
5001.719292  1.243067
5002.342099  1.243813
5002.964906  1.24334
5003.587713  1.242319
5004.21052  1.2406
5004.833327  1.238737
5005.456134  1.236163
5006.078941  1.233678
5006.701748  1.235332
5007.324555  1.238491
5007.947362  1.239955
5008.570169  1.242928
5009.192976  1.246798
5009.815783  1.24827
5010.43859  1.244288
5011.061397  1.23941
5011.684204  1.237552
5012.307011  1.237087
5012.929818  1.236179
5013.552625  1.233253
5014.175432  1.232333
5014.798239  1.237451
5015.421046  1.243413
5016.043853  1.243118
5016.66666  1.232728
5017.289467  1.209559
5017.912274  1.180805
5018.535081  1.16471
5019.157888  1.179182
5019.780695  1.205745
5020.403502  1.223068
5021.026309  1.226073
5021.649116  1.229625
5022.271923  1.234176
5022.89473  1.23448
5023.517537  1.233267
5024.140344  1.230348
5024.763151  1.226071
5025.385958  1.22245
5026.008765  1.223294
5026.631572  1.225881
5027.254379  1.226311
5027.877186  1.226935
5028.499993  1.226675
5029.1228  1.224731
5029.745607  1.22249
5030.368414  1.219092
5030.991221  1.215992
5031.614028  1.214671
5032.236835  1.213866
5032.859642  1.215017
5033.482449  1.219272
5034.105256  1.223116
5034.728063  1.224275
5035.35087  1.223334
5035.973677  1.221098
5036.596484  1.217533
5037.219291  1.216555
5037.842098  1.218255
5038.464905  1.217779
5039.087712  1.214034
5039.710519  1.210889
5040.333326  1.212596
5040.956133  1.211869
5041.57894  1.206442
5042.201747  1.201498
5042.824554  1.204991
5043.447361  1.209695
5044.070168  1.209263
5044.692975  1.207699
5045.315782  1.207729
5045.938589  1.209413
5046.561396  1.211101
5047.184203  1.214126
5047.80701  1.2169
5048.429817  1.216331
5049.052624  1.211102
5049.675431  1.205311
5050.298238  1.202802
5050.921045  1.204047
5051.543852  1.204503
5052.166659  1.20481
5052.789466  1.207072
5053.412273  1.207626
5054.03508  1.206402
5054.657887  1.204209
5055.280694  1.201691
5055.903501  1.198547
5056.526308  1.197844
5057.149115  1.201521
5057.771922  1.203578
5058.394729  1.20331
5059.017536  1.200897
5059.640343  1.196886
5060.26315  1.195729
5060.885957  1.200326
5061.508764  1.205627
5062.131571  1.203492
5062.754378  1.197564
5063.377185  1.197306
5063.999992  1.201895
5064.622799  1.203594
5065.245606  1.20078
5065.868413  1.199283
5066.49122  1.197189
5067.114027  1.195565
5067.736834  1.196687
5068.359641  1.198128
5068.982448  1.194648
5069.605255  1.188135
5070.228062  1.188676
5070.850869  1.192486
5071.473676  1.194457
5072.096483  1.192297
5072.71929  1.192089
5073.342097  1.190851
5073.964904  1.187014
5074.587711  1.187934
5075.210518  1.19243
5075.833325  1.195399
5076.456132  1.194084
5077.078939  1.19135
5077.701746  1.189162
5078.324553  1.187886
5078.94736  1.185802
5079.570167  1.185544
5080.192974  1.188795
5080.815781  1.193695
5081.438588  1.193166
5082.061395  1.191327
5082.684202  1.194826
5083.307009  1.195329
5083.929816  1.193465
5084.552623  1.193012
5085.17543  1.191902
5085.798237  1.186754
5086.421044  1.182393
5087.043851  1.187234
5087.666658  1.189661
5088.289465  1.187647
5088.912272  1.186355
5089.535079  1.189068
5090.157886  1.190856
5090.780693  1.189875
5091.4035  1.188632
5092.026307  1.189217
5092.649114  1.188249
5093.271921  1.182777
5093.894728  1.178584
5094.517535  1.179456
5095.140342  1.183457
5095.763149  1.183426
5096.385956  1.183124
5097.008763  1.183528
5097.63157  1.182263
5098.254377  1.179446
5098.877184  1.176759
5099.499991  1.176204
5100.122798  1.179981
5100.745605  1.183917
5101.368412  1.183139
5101.991219  1.177265
5102.614026  1.175876
5103.236833  1.179684
5103.85964  1.183958
5104.482447  1.183955
5105.105254  1.178968
5105.728061  1.174249
5106.350868  1.174499
5106.973675  1.175991
5107.596482  1.175573
5108.219289  1.173337
5108.842096  1.173182
5109.464903  1.173148
5110.08771  1.172515
5110.710517  1.172126
5111.333324  1.170695
5111.956131  1.17047
5112.578938  1.173608
5113.201745  1.176789
5113.824552  1.174587
5114.447359  1.167476
5115.070166  1.168126
5115.692973  1.171965
5116.31578  1.173461
5116.938587  1.173246
5117.561394  1.173186
5118.184201  1.173174
5118.807008  1.172588
5119.429815  1.172613
5120.052622  1.170487
5120.675429  1.169004
5121.298236  1.174914
5121.921043  1.177024
5122.54385  1.171087
5123.166657  1.16286
5123.789464  1.161082
5124.412271  1.162703
5125.035078  1.16257
5125.657885  1.162142
5126.280692  1.164494
5126.903499  1.16833
5127.526306  1.170257
5128.149113  1.16728
5128.77192  1.1633
5129.394727  1.163824
5130.017534  1.166985
5130.640341  1.167814
5131.263148  1.165605
5131.885955  1.163013
5132.508762  1.162395
5133.131569  1.163178
5133.754376  1.165287
5134.377183  1.167361
5134.99999  1.165502
5135.622797  1.161359
5136.245604  1.160784
5136.868411  1.163873
5137.491218  1.164993
5138.114025  1.159215
5138.736832  1.154335
5139.359639  1.153495
5139.982446  1.156169
5140.605253  1.158465
5141.22806  1.160104
5141.850867  1.160502
5142.473674  1.158881
5143.096481  1.159185
5143.719288  1.159659
5144.342095  1.157113
5144.964902  1.151695
5145.587709  1.152212
5146.210516  1.158522
5146.833323  1.16046
5147.45613  1.15919
5148.078937  1.155374
5148.701744  1.151728
5149.324551  1.153664
5149.947358  1.157063
5150.570165  1.156769
5151.192972  1.151451
5151.815779  1.146715
5152.438586  1.145367
5153.061393  1.146287
5153.6842  1.146979
5154.307007  1.146998
5154.929814  1.148599
5155.552621  1.151231
5156.175428  1.15173
5156.798235  1.150957
5157.421042  1.153776
5158.043849  1.152341
5158.666656  1.14975
5159.289463  1.150353
5159.91227  1.149555
5160.535077  1.147695
5161.157884  1.144649
5161.780691  1.14004
5162.403498  1.137089
5163.026305  1.139416
5163.649112  1.146653
5164.271919  1.148407
5164.894726  1.146673
5165.517533  1.142129
5166.14034  1.128296
5166.763147  1.110041
5167.385954  1.093285
5168.008761  1.080561
5168.631568  1.068831
5169.254375  1.075394
5169.877182  1.106422
5170.499989  1.134761
5171.122796  1.132564
5171.745603  1.104326
5172.36841  1.082117
5172.991217  1.087317
5173.614024  1.112097
5174.236831  1.134618
5174.859638  1.142092
5175.482445  1.141518
5176.105252  1.140744
5176.728059  1.13942
5177.350866  1.138699
5177.973673  1.137961
5178.59648  1.138338
5179.219287  1.140534
5179.842094  1.14026
5180.464901  1.137512
5181.087708  1.140754
5181.710515  1.138438
5182.333322  1.115895
5182.956129  1.074548
5183.578936  1.057149
5184.201743  1.07508
5184.82455  1.10839
5185.447357  1.127692
5186.070164  1.130502
5186.692971  1.12802
5187.315778  1.128652
5187.938585  1.124777
5188.561392  1.119239
5189.184199  1.120131
5189.807006  1.127989
5190.429813  1.134122
5191.05262  1.133634
5191.675427  1.130487
5192.298234  1.127769
5192.921041  1.126583
5193.543848  1.126178
5194.166655  1.125292
5194.789462  1.124001
5195.412269  1.123577
5196.035076  1.123923
5196.657883  1.120226
5197.28069  1.114119
5197.903497  1.113083
5198.526304  1.117805
5199.149111  1.122094
5199.771918  1.12154
5200.394725  1.1208
5201.017532  1.121072
5201.640339  1.121388
5202.263146  1.122749
5202.885953  1.124152
5203.50876  1.124549
5204.131567  1.122133
5204.754374  1.118584
5205.377181  1.115061
5205.999988  1.114187
5206.622795  1.115991
5207.245602  1.116828
5207.868409  1.116125
5208.491216  1.113681
5209.114023  1.106402
5209.73683  1.105067
5210.359637  1.113883
5210.982444  1.120766
5211.605251  1.118618
5212.228058  1.114237
5212.850865  1.116904
5213.473672  1.115841
5214.096479  1.113095
5214.719286  1.114417
5215.342093  1.117602
5215.9649  1.119822
5216.587707  1.11885
5217.210514  1.114307
5217.833321  1.109838
5218.456128  1.110688
5219.078935  1.115565
5219.701742  1.114795
5220.324549  1.111052
5220.947356  1.109333
5221.570163  1.10927
5222.19297  1.11358
5222.815777  1.116306
5223.438584  1.111489
5224.061391  1.10792
5224.684198  1.105705
5225.307005  1.101031
5225.929812  1.093464
5226.552619  1.090464
5227.175426  1.094226
5227.798233  1.098583
5228.42104  1.101804
5229.043847  1.102598
5229.666654  1.10193
5230.289461  1.102216
5230.912268  1.103544
5231.535075  1.104854
5232.157882  1.104819
5232.780689  1.100634
5233.403496  1.09281
5234.026303  1.085996
5234.64911  1.086976
5235.271917  1.093251
5235.894724  1.097554
5236.517531  1.097134
5237.140338  1.099152
5237.763145  1.104089
5238.385952  1.107161
5239.008759  1.106775
5239.631566  1.106843
5240.254373  1.108552
5240.87718  1.106862
5241.499987  1.103737
5242.122794  1.100545
5242.745601  1.099276
5243.368408  1.102026
5243.991215  1.10551
5244.614022  1.105008
5245.236829  1.098466
5245.859636  1.095704
5246.482443  1.098604
5247.10525  1.098762
5247.728057  1.096587
5248.350864  1.096935
5248.973671  1.101878
5249.596478  1.099627
5250.219285  1.093944
5250.842092  1.093621
5251.464899  1.098557
5252.087706  1.100586
5252.710513  1.096727
5253.33332  1.090226
5253.956127  1.086116
5254.578934  1.08744
5255.201741  1.091879
5255.824548  1.090882
5256.447355  1.088155
5257.070162  1.088428
5257.692969  1.092609
5258.315776  1.09238
5258.938583  1.090189
5259.56139  1.091655
5260.184197  1.094561
5260.807004  1.092782
5261.429811  1.085945
5262.052618  1.079676
5262.675425  1.079664
5263.298232  1.084123
5263.921039  1.087286
5264.543846  1.087881
5265.166653  1.086872
5265.78946  1.083896
5266.412267  1.079319
5267.035074  1.077789
5267.657881  1.080498
5268.280688  1.083302
5268.903495  1.079837
5269.526302  1.075566
5270.149109  1.075507
5270.771916  1.076273
5271.394723  1.078107
5272.01753  1.080524
5272.640337  1.082612
5273.263144  1.083219
5273.885951  1.07923
5274.508758  1.069611
5275.131565  1.061916
5275.754372  1.059973
5276.377179  1.065739
5276.999986  1.076496
5277.622793  1.078211
5278.2456  1.073436
5278.868407  1.071935
5279.491214  1.076676
5280.114021  1.079861
5280.736828  1.077819
5281.359635  1.075439
5281.982442  1.074345
5282.605249  1.072935
5283.228056  1.069411
5283.850863  1.065828
5284.47367  1.066363
5285.096477  1.071109
5285.719284  1.074144
5286.342091  1.073943
5286.964898  1.0721
5287.587705  1.070487
5288.210512  1.068958
5288.833319  1.067565
5289.456126  1.066214
5290.078933  1.064273
5290.70174  1.065885
5291.324547  1.069626
5291.947354  1.069308
5292.570161  1.067394
5293.192968  1.067567
5293.815775  1.069696
5294.438582  1.06542
5295.061389  1.063036
5295.684196  1.067263
5296.307003  1.07112
5296.92981  1.070233
5297.552617  1.065841
5298.175424  1.064467
5298.798231  1.06726
5299.421038  1.069126
5300.043845  1.065787
5300.666652  1.060604
5301.289459  1.059274
5301.912266  1.06081
5302.535073  1.061196
5303.15788  1.05916
5303.780687  1.057391
5304.403494  1.057673
5305.026301  1.057979
5305.649108  1.05806
5306.271915  1.056821
5306.894722  1.054805
5307.517529  1.055072
5308.140336  1.056336
5308.763143  1.056207
5309.38595  1.056123
5310.008757  1.059168
5310.631564  1.063572
5311.254371  1.06232
5311.877178  1.054487
5312.499985  1.048222
5313.122792  1.050262
5313.745599  1.054259
5314.368406  1.056162
5314.991213  1.051534
5315.61402  1.038019
5316.236827  1.025149
5316.859634  1.025226
5317.482441  1.039873
5318.105248  1.04999
5318.728055  1.05239
5319.350862  1.052354
5319.973669  1.050964
5320.596476  1.049335
5321.219283  1.049123
5321.84209  1.048183
5322.464897  1.046879
5323.087704  1.044666
5323.710511  1.043395
5324.333318  1.045035
5324.956125  1.047028
5325.578932  1.046893
5326.201739  1.04598
5326.824546  1.044924
5327.447353  1.045572
5328.07016  1.046989
5328.692967  1.044228
5329.315774  1.041725
5329.938581  1.041759
5330.561388  1.042638
5331.184195  1.043584
5331.807002  1.043589
5332.429809  1.043346
5333.052616  1.046262
5333.675423  1.050148
5334.29823  1.050911
5334.921037  1.046318
5335.543844  1.040455
5336.166651  1.038659
5336.789458  1.041165
5337.412265  1.042781
5338.035072  1.041232
5338.657879  1.039112
5339.280686  1.038867
5339.903493  1.043181
5340.5263  1.047286
5341.149107  1.043732
5341.771914  1.039853
5342.394721  1.039016
5343.017528  1.039082
5343.640335  1.037976
5344.263142  1.036931
5344.885949  1.037714
5345.508756  1.037984
5346.131563  1.039079
5346.75437  1.03806
5347.377177  1.034402
5347.999984  1.035941
5348.622791  1.040181
5349.245598  1.042362
5349.868405  1.041843
5350.491212  1.043219
5351.114019  1.045877
5351.736826  1.044698
5352.359633  1.040089
5352.98244  1.034779
5353.605247  1.032312
5354.228054  1.032963
5354.850861  1.033823
5355.473668  1.034559
5356.096475  1.03734
5356.719282  1.039273
5357.342089  1.039466
5357.964896  1.038718
5358.587703  1.037369
5359.21051  1.0381
5359.833317  1.041492
5360.456124  1.043183
5361.078931  1.038351
5361.701738  1.02894
5362.324545  1.02274
5362.947352  1.025757
5363.570159  1.030725
5364.192966  1.031089
5364.815773  1.029555
5365.43858  1.0285
5366.061387  1.029643
5366.684194  1.031296
5367.307001  1.031603
5367.929808  1.02842
5368.552615  1.024636
5369.175422  1.025097
5369.798229  1.026071
5370.421036  1.024126
5371.043843  1.023214
5371.66665  1.024678
5372.289457  1.026791
5372.912264  1.026428
5373.535071  1.02563
5374.157878  1.027734
5374.780685  1.032586
5375.403492  1.034042
5376.026299  1.03207
5376.649106  1.02807
5377.271913  1.02465
5377.89472  1.024434
5378.517527  1.025561
5379.140334  1.025795
5379.763141  1.02669
5380.385948  1.027968
5381.008755  1.027478
5381.631562  1.024233
5382.254369  1.022651
5382.877176  1.022985
5383.499983  1.0235
5384.12279  1.022738
5384.745597  1.022858
5385.368404  1.023636
5385.991211  1.023487
5386.614018  1.021526
5387.236825  1.021914
5387.859632  1.024313
5388.482439  1.021187
5389.105246  1.01993
5389.728053  1.022961
5390.35086  1.0222
5390.973667  1.021593
5391.596474  1.02126
5392.219281  1.020129
5392.842088  1.017485
5393.464895  1.015651
5394.087702  1.015826
5394.710509  1.017079
5395.333316  1.016532
5395.956123  1.016059
5396.57893  1.018428
5397.201737  1.019426
5397.824544  1.016935
5398.447351  1.014541
5399.070158  1.018555
5399.692965  1.024326
5400.315772  1.023984
5400.938579  1.016023
5401.561386  1.014377
5402.184193  1.016001
5402.807  1.013542
5403.429807  1.010302
5404.052614  1.007951
5404.675421  1.007012
5405.298228  1.008254
5405.921035  1.010981
5406.543842  1.013438
5407.166649  1.012964
5407.789456  1.009709
5408.412263  1.007228
5409.03507  1.007991
5409.657877  1.009404
5410.280684  1.010043
5410.903491  1.009367
5411.526298  1.008011
5412.149105  1.008084
5412.771912  1.0089
5413.394719  1.007946
5414.017526  1.005323
5414.640333  1.00256
5415.26314  1.004319
5415.885947  1.010332
5416.508754  1.011118
5417.131561  1.008232
5417.754368  1.007505
5418.377175  1.006354
5418.999982  1.005591
5419.622789  1.005076
5420.245596  1.002571
5420.868403  1.000087
5421.49121  1.000885
5422.114017  1.0054
5422.736824  1.006511
5423.359631  1.003783
5423.982438  1.001041
5424.605245  1.002615
5425.228052  1.007107
5425.850859  1.010164
5426.473666  1.009152
5427.096473  1.007143
5427.71928  1.005547
5428.342087  1.002325
5428.964894  0.9956073
5429.587701  0.9935836
5430.210508  0.9973692
5430.833315  1.00026
5431.456122  0.9957638
5432.078929  0.9924761
5432.701736  0.9951726
5433.324543  0.994625
5433.94735  0.9927661
5434.570157  0.9932092
5435.192964  0.9951844
5435.815771  0.9924176
5436.438578  0.9879408
5437.061385  0.9867703
5437.684192  0.9891213
5438.306999  0.9929194
5438.929806  0.9956049
5439.552613  0.9973195
5440.17542  0.9960362
5440.798227  0.9952894
5441.421034  0.998267
5442.043841  0.9984366
5442.666648  0.99662
5443.289455  0.9938283
5443.912262  0.9904994
5444.535069  0.9886237
5445.157876  0.9902552
5445.780683  0.9942434
5446.40349  0.9967958
5447.026297  0.997307
5447.649104  0.9956601
5448.271911  0.9926857
5448.894718  0.9920806
5449.517525  0.9947326
5450.140332  0.9966385
5450.763139  0.9938697
5451.385946  0.9897073
5452.008753  0.9885395
5452.63156  0.9879957
5453.254367  0.9875968
5453.877174  0.9888269
5454.499981  0.9930849
5455.122788  0.9923397
5455.745595  0.986899
5456.368402  0.9833794
5456.991209  0.9866656
5457.614016  0.9899489
5458.236823  0.988734
5458.85963  0.9860772
5459.482437  0.9833462
5460.105244  0.9814283
5460.728051  0.9817601
5461.350858  0.9834897
5461.973665  0.9854591
5462.596472  0.9849235
5463.219279  0.9826493
5463.842086  0.9816889
5464.464893  0.982725
5465.0877  0.9826433
5465.710507  0.9799339
5466.333314  0.976366
5466.956121  0.9752291
5467.578928  0.9792584
5468.201735  0.9828553
5468.824542  0.9823126
