4780.  0.1673093
4780.622807  0.3986718
4781.245614  0.5369884
4781.868421  0.6008006
4782.491228  0.5862941
4783.114035  0.5752252
4783.736842  0.5878945
4784.359649  0.6180049
4784.982456  0.6327004
4785.605263  0.6123411
4786.22807  0.5865771
4786.850877  0.5925567
4787.473684  0.6193345
4788.096491  0.6208829
4788.719298  0.5966985
4789.342105  0.5835671
4789.964912  0.5995021
4790.587719  0.6177297
4791.210526  0.6174574
4791.833333  0.6165454
4792.45614  0.6342523
4793.078947  0.6701495
4793.701754  0.7068514
4794.324561  0.7272756
4794.947368  0.734185
4795.570175  0.7163752
4796.192982  0.6840902
4796.815789  0.6677
4797.438596  0.6622578
4798.061403  0.6430096
4798.68421  0.6175907
4799.307017  0.6087499
4799.929824  0.6173184
4800.552631  0.638889
4801.175438  0.6704614
4801.798245  0.7029539
4802.421052  0.7266952
4803.043859  0.7420887
4803.666666  0.7385181
4804.289473  0.7049034
4804.91228  0.6542773
4805.535087  0.6384391
4806.157894  0.6466299
4806.780701  0.6452441
4807.403508  0.631771
4808.026315  0.6282037
4808.649122  0.6452101
4809.271929  0.6763801
4809.894736  0.6945478
4810.517543  0.6924436
4811.14035  0.6791803
4811.763157  0.6717776
4812.385964  0.6731064
4813.008771  0.6757599
4813.631578  0.6776243
4814.254385  0.674145
4814.877192  0.661139
4815.499999  0.648537
4816.122806  0.6697015
4816.745613  0.7042075
4817.36842  0.7221035
4817.991227  0.7258977
4818.614034  0.7358713
4819.236841  0.7446494
4819.859648  0.7312508
4820.482455  0.7184371
4821.105262  0.7211276
4821.728069  0.7307897
4822.350876  0.710941
4822.973683  0.6547027
4823.59649  0.6087291
4824.219297  0.6305175
4824.842104  0.6739177
4825.464911  0.7086438
4826.087718  0.7282795
4826.710525  0.7091535
4827.333332  0.6801154
4827.956139  0.6660207
4828.578946  0.6567693
4829.201753  0.6662042
4829.82456  0.6933962
4830.447367  0.7128776
4831.070174  0.6731052
4831.692981  0.6049727
4832.315788  0.579127
4832.938595  0.6260357
4833.561402  0.6904496
4834.184209  0.7224571
4834.807016  0.7227408
4835.429823  0.7027187
4836.05263  0.6838619
4836.675437  0.6852888
4837.298244  0.7094737
4837.921051  0.7166576
4838.543858  0.68606
4839.166665  0.6520523
4839.789472  0.630335
4840.412279  0.6335765
4841.035086  0.6649628
4841.657893  0.6943631
4842.2807  0.6880134
4842.903507  0.6462964
4843.526314  0.6250659
4844.149121  0.6508095
4844.771928  0.7037785
4845.394735  0.736311
4846.017542  0.7468318
4846.640349  0.7425565
4847.263156  0.7236338
4847.885963  0.6799106
4848.50877  0.6404171
4849.131577  0.6469954
4849.754384  0.7120132
4850.377191  0.7527229
4850.999998  0.7318884
4851.622805  0.6910376
4852.245612  0.6990348
4852.868419  0.7372071
4853.491226  0.7486999
4854.114033  0.7176017
4854.73684  0.6499946
4855.359647  0.5945849
4855.982454  0.6138026
4856.605261  0.6865073
4857.228068  0.7451451
4857.850875  0.7424637
4858.473682  0.7175155
4859.096489  0.6882492
4859.719296  0.6494102
4860.342103  0.5898249
4860.96491  0.4988099
4861.587717  0.4718941
4862.210524  0.5898412
4862.833331  0.6721711
4863.456138  0.669514
4864.078945  0.6352738
4864.701752  0.6282496
4865.324559  0.6530837
4865.947366  0.6877744
4866.570173  0.7072892
4867.19298  0.6898706
4867.815787  0.6591105
4868.438594  0.6578556
4869.061401  0.695255
4869.684208  0.7141211
4870.307015  0.6758853
4870.929822  0.6105978
4871.552629  0.566202
4872.175436  0.5785691
4872.798243  0.6423882
4873.42105  0.6869714
4874.043857  0.6902931
4874.666664  0.6651097
4875.289471  0.6352394
4875.912278  0.6524738
4876.535085  0.7047426
4877.157892  0.7270206
4877.780699  0.7042593
4878.403506  0.7040073
4879.026313  0.7588771
4879.64912  0.7766872
4880.271927  0.7238135
4880.894734  0.638537
4881.517541  0.5937759
4882.140348  0.6184902
4882.763155  0.6789412
4883.385962  0.716945
4884.008769  0.7135111
4884.631576  0.6735381
4885.254383  0.6233523
4885.87719  0.60221
4886.499997  0.6108405
4887.122804  0.6401325
4887.745611  0.6734357
4888.368418  0.6699857
4888.991225  0.6653911
4889.614032  0.6788108
4890.236839  0.6472234
4890.859646  0.5796824
4891.482453  0.5608619
4892.10526  0.6509734
4892.728067  0.7208292
4893.350874  0.742521
4893.973681  0.7597508
4894.596488  0.7932304
4895.219295  0.8250934
4895.842102  0.8347464
4896.464909  0.8229354
4897.087716  0.8186743
4897.710523  0.8249146
4898.33333  0.8166516
4898.956137  0.7724877
4899.578944  0.7068523
4900.201751  0.6688159
4900.824558  0.707078
4901.447365  0.756146
4902.070172  0.7629033
4902.692979  0.7281175
4903.315786  0.6924917
4903.938593  0.6817089
4904.5614  0.7069588
4905.184207  0.7685756
4905.807014  0.8156375
4906.429821  0.81938
4907.052628  0.7940945
4907.675435  0.7588912
4908.298242  0.7279247
4908.921049  0.7040155
4909.543856  0.6793649
4910.166663  0.669532
4910.78947  0.6816892
4911.412277  0.7038874
4912.035084  0.7244262
4912.657891  0.7312325
4913.280698  0.7249221
4913.903505  0.7279005
4914.526312  0.752048
4915.149119  0.7872987
4915.771926  0.8087751
4916.394733  0.8163635
4917.01754  0.7965983
4917.640347  0.7383682
4918.263154  0.6685609
4918.885961  0.6125795
4919.508768  0.5737616
4920.131575  0.5363997
4920.754382  0.5424257
4921.377189  0.6022235
4921.999996  0.6810148
4922.622803  0.738681
4923.24561  0.7532679
4923.868417  0.7263833
4924.491224  0.6733621
4925.114031  0.6457396
4925.736838  0.6717592
4926.359645  0.730765
4926.982452  0.7628325
4927.605259  0.7611749
4928.228066  0.7635839
4928.850873  0.7997231
4929.47368  0.8255875
4930.096487  0.8177212
4930.719294  0.8116257
4931.342101  0.8145196
4931.964908  0.8074462
4932.587715  0.764649
4933.210522  0.6969829
4933.833329  0.6656513
4934.456136  0.7028908
4935.078943  0.7665083
4935.70175  0.7913074
4936.324557  0.7687202
4936.947364  0.7265
4937.570171  0.6581432
4938.192978  0.6045521
4938.815785  0.5997915
4939.438592  0.632406
4940.061399  0.6947294
4940.684206  0.7475209
4941.307013  0.7509218
4941.92982  0.736609
4942.552627  0.7437913
4943.175434  0.7816358
4943.798241  0.8135932
4944.421048  0.8126554
4945.043855  0.7792093
4945.666662  0.7482798
4946.289469  0.7555922
4946.912276  0.7861109
4947.535083  0.801885
4948.15789  0.8004272
4948.780697  0.8050389
4949.403504  0.8198913
4950.026311  0.8252864
4950.649118  0.8411462
4951.271925  0.855698
4951.894732  0.8396255
4952.517539  0.7992555
4953.140346  0.7784281
4953.763153  0.788583
4954.38596  0.7871948
4955.008767  0.7944592
4955.631574  0.7991574
4956.254381  0.7556737
4956.877188  0.63789
4957.499995  0.552581
4958.122802  0.5877696
4958.745609  0.6824496
4959.368416  0.7717358
4959.991223  0.8164417
4960.61403  0.8158218
4961.236837  0.7822426
4961.859644  0.7588333
4962.482451  0.771513
4963.105258  0.7902304
4963.728065  0.7785865
4964.350872  0.7344688
4964.973679  0.6899568
4965.596486  0.6678362
4966.219293  0.6681083
4966.8421  0.6741577
4967.464907  0.6712857
4968.087714  0.6790848
4968.710521  0.7054071
4969.333328  0.7281894
4969.956135  0.7302115
4970.578942  0.7361193
4971.201749  0.7708555
4971.824556  0.7900481
4972.447363  0.791011
4973.07017  0.7872112
4973.692977  0.7999155
4974.315784  0.8117394
4974.938591  0.7991984
4975.561398  0.7745936
4976.184205  0.7776679
4976.807012  0.7816038
4977.429819  0.7503911
4978.052626  0.7029961
4978.675433  0.6879403
4979.29824  0.7169267
4979.921047  0.7416727
4980.543854  0.7247362
4981.166661  0.6669152
4981.789468  0.6031252
4982.412275  0.5809135
4983.035082  0.6017991
4983.657889  0.6448357
4984.280696  0.6854415
4984.903503  0.6943558
4985.52631  0.6853534
4986.149117  0.6950597
4986.771924  0.7321816
4987.394731  0.7599691
4988.017538  0.7513276
4988.640345  0.7287641
4989.263152  0.7190682
4989.885959  0.7158493
4990.508766  0.7006625
4991.131573  0.6980261
4991.75438  0.7368963
4992.377187  0.7852257
4992.999994  0.7671453
4993.622801  0.7218441
4994.245608  0.7026732
4994.868415  0.7280878
4995.491222  0.7547343
4996.114029  0.7503951
4996.736836  0.7318364
4997.359643  0.7434869
4997.98245  0.7506785
4998.605257  0.7214766
4999.228064  0.6642203
4999.850871  0.632619
5000.473678  0.6485198
5001.096485  0.6804196
5001.719292  0.7017117
5002.342099  0.7133505
5002.964906  0.7173209
5003.587713  0.7139196
5004.21052  0.7120395
5004.833327  0.6888608
5005.456134  0.644432
5006.078941  0.6185274
5006.701748  0.6260678
5007.324555  0.6676438
5007.947362  0.722168
5008.570169  0.7368196
5009.192976  0.725365
5009.815783  0.7267821
5010.43859  0.7385595
5011.061397  0.7289315
5011.684204  0.6827554
5012.307011  0.6454937
5012.929818  0.6115882
5013.552625  0.5781886
5014.175432  0.5579786
5014.798239  0.586421
5015.421046  0.6488838
5016.043853  0.6896542
5016.66666  0.7002897
5017.289467  0.6895593
5017.912274  0.682998
5018.535081  0.6950958
5019.157888  0.7004755
5019.780695  0.6998309
5020.403502  0.7004589
5021.026309  0.6799436
5021.649116  0.63821
5022.271923  0.6037062
5022.89473  0.6294924
5023.517537  0.6902568
5024.140344  0.7246063
5024.763151  0.715466
5025.385958  0.7219536
5026.008765  0.7310815
5026.631572  0.701622
5027.254379  0.6506791
5027.877186  0.6405558
5028.499993  0.6824484
5029.1228  0.7229716
5029.745607  0.7463275
5030.368414  0.7502838
5030.991221  0.757082
5031.614028  0.7780076
5032.236835  0.7992611
5032.859642  0.8103726
5033.482449  0.8085777
5034.105256  0.7825126
5034.728063  0.7245632
5035.35087  0.6499926
5035.973677  0.6145785
5036.596484  0.6449829
5037.219291  0.7016739
5037.842098  0.7068987
5038.464905  0.6675135
5039.087712  0.6159047
5039.710519  0.5618872
5040.333326  0.496209
5040.956133  0.4611242
5041.57894  0.5103378
5042.201747  0.6075194
5042.824554  0.6744606
5043.447361  0.6960276
5044.070168  0.7230032
5044.692975  0.7593798
5045.315782  0.799591
5045.938589  0.8260475
5046.561396  0.8302203
5047.184203  0.7953764
5047.80701  0.7326149
5048.429817  0.6727312
5049.052624  0.6346819
5049.675431  0.6358227
5050.298238  0.6644431
5050.921045  0.678634
5051.543852  0.6855783
5052.166659  0.6959187
5052.789466  0.7064827
5053.412273  0.7294496
5054.03508  0.7536343
5054.657887  0.7724543
5055.280694  0.7749421
5055.903501  0.7690943
5056.526308  0.7695897
5057.149115  0.7774254
5057.771922  0.7888801
5058.394729  0.7870654
5059.017536  0.7665633
5059.640343  0.7595572
5060.26315  0.7795476
5060.885957  0.8056608
5061.508764  0.8053696
5062.131571  0.7962243
5062.754378  0.7869468
5063.377185  0.7399932
5063.999992  0.6583764
5064.622799  0.5941428
5065.245606  0.6070692
5065.868413  0.6651502
5066.49122  0.7097849
5067.114027  0.7009491
5067.736834  0.6715987
5068.359641  0.6559759
5068.982448  0.6708145
5069.605255  0.7083421
5070.228062  0.7350416
5070.850869  0.7188879
5071.473676  0.6667306
5072.096483  0.6424169
5072.71929  0.67826
5073.342097  0.7476757
5073.964904  0.7893441
5074.587711  0.7752887
5075.210518  0.7249149
5075.833325  0.6782737
5076.456132  0.6729907
5077.078939  0.722367
5077.701746  0.7713616
5078.324553  0.7328309
5078.94736  0.6392731
5079.570167  0.5665661
5080.192974  0.5677968
5080.815781  0.6087768
5081.438588  0.638218
5082.061395  0.6375073
5082.684202  0.6257
5083.307009  0.6314476
5083.929816  0.6574951
5084.552623  0.6756924
5085.17543  0.6920101
5085.798237  0.7057108
5086.421044  0.7109442
5087.043851  0.7098144
5087.666658  0.7028449
5088.289465  0.7077107
5088.912272  0.7280634
5089.535079  0.7445027
5090.157886  0.7453253
5090.780693  0.735128
5091.4035  0.7319788
5092.026307  0.7532498
5092.649114  0.7899992
5093.271921  0.8104758
5093.894728  0.7947439
5094.517535  0.7429341
5095.140342  0.689625
5095.763149  0.6713041
5096.385956  0.6950327
5097.008763  0.7292619
5097.63157  0.7214071
5098.254377  0.6626934
5098.877184  0.6065466
5099.499991  0.6213645
5100.122798  0.6615272
5100.745605  0.6925027
5101.368412  0.7170839
5101.991219  0.726985
5102.614026  0.7189376
5103.236833  0.6993968
5103.85964  0.6858137
5104.482447  0.6802253
5105.105254  0.6841317
5105.728061  0.6943489
5106.350868  0.681604
5106.973675  0.6510343
5107.596482  0.643921
5108.219289  0.668636
5108.842096  0.6873779
5109.464903  0.6687316
5110.08771  0.6440555
5110.710517  0.6542777
5111.333324  0.6891215
5111.956131  0.6948432
5112.578938  0.6708226
5113.201745  0.6649283
5113.824552  0.7163049
5114.447359  0.7712238
5115.070166  0.7785761
5115.692973  0.7442716
5116.31578  0.7429684
5116.938587  0.7795087
5117.561394  0.8070433
5118.184201  0.7830314
5118.807008  0.7604569
5119.429815  0.7479402
5120.052622  0.72807
5120.675429  0.7042289
5121.298236  0.7025158
5121.921043  0.7089809
5122.54385  0.6678833
5123.166657  0.5948489
5123.789464  0.5503043
5124.412271  0.5792588
5125.035078  0.6275232
5125.657885  0.6614696
5126.280692  0.6628094
5126.903499  0.6383541
5127.526306  0.6347254
5128.149113  0.64556
5128.77192  0.6285536
5129.394727  0.5966784
5130.017534  0.5965551
5130.640341  0.6516191
5131.263148  0.7128553
5131.885955  0.7474146
5132.508762  0.7429508
5133.131569  0.7121753
5133.754376  0.7034255
5134.377183  0.7335716
5134.99999  0.7777029
5135.622797  0.7816562
5136.245604  0.7478177
5136.868411  0.7198535
5137.491218  0.7341291
5138.114025  0.7136315
5138.736832  0.6527894
5139.359639  0.6318017
5139.982446  0.6970739
5140.605253  0.7743199
5141.22806  0.7677485
5141.850867  0.6869879
5142.473674  0.6185362
5143.096481  0.6249018
5143.719288  0.6853515
5144.342095  0.7092981
5144.964902  0.6807485
5145.587709  0.6456881
5146.210516  0.6302203
5146.833323  0.6326166
5147.45613  0.6462909
5148.078937  0.6760063
5148.701744  0.6974429
5149.324551  0.6909608
5149.947358  0.6602263
5150.570165  0.6384181
5151.192972  0.6268124
5151.815779  0.6135159
5152.438586  0.6035771
5153.061393  0.5897047
5153.6842  0.5815873
5154.307007  0.6063917
5154.929814  0.6632679
5155.552621  0.716775
5156.175428  0.7411747
5156.798235  0.7756259
5157.421042  0.812044
5158.043849  0.817365
5158.666656  0.7793593
5159.289463  0.7459775
5159.91227  0.7599326
5160.535077  0.8154774
5161.157884  0.8404305
5161.780691  0.7975572
5162.403498  0.7249988
5163.026305  0.7259921
5163.649112  0.7633235
5164.271919  0.7576844
5164.894726  0.6781933
5165.517533  0.5794648
5166.14034  0.4890287
5166.763147  0.4098116
5167.385954  0.3737405
5168.008761  0.3950311
5168.631568  0.4681881
5169.254375  0.5663954
5169.877182  0.6350265
5170.499989  0.6301692
5171.122796  0.5449604
5171.745603  0.4167899
5172.36841  0.311033
5172.991217  0.2991256
5173.614024  0.410062
5174.236831  0.5548517
5174.859638  0.644882
5175.482445  0.6651642
5176.105252  0.6682958
5176.728059  0.6767093
5177.350866  0.6793997
5177.973673  0.6732941
5178.59648  0.6667044
5179.219287  0.663637
5179.842094  0.650744
5180.464901  0.621235
5181.087708  0.579685
5181.710515  0.5262595
5182.333322  0.4525129
5182.956129  0.3581148
5183.578936  0.2917803
5184.201743  0.3477989
5184.82455  0.4933104
5185.447357  0.639132
5186.070164  0.7311348
5186.692971  0.7834046
5187.315778  0.7951769
5187.938585  0.7731782
5188.561392  0.7632025
5189.184199  0.7997358
5189.807006  0.8591841
5190.429813  0.8567325
5191.05262  0.7737095
5191.675427  0.6620755
5192.298234  0.598213
5192.921041  0.6093753
5193.543848  0.6615239
5194.166655  0.7027335
5194.789462  0.7032617
5195.412269  0.7003758
5196.035076  0.7300982
5196.657883  0.774425
5197.28069  0.799282
5197.903497  0.8036125
5198.526304  0.805254
5199.149111  0.8216236
5199.771918  0.8284317
5200.394725  0.808625
5201.017532  0.7924509
5201.640339  0.7738335
5202.263146  0.7640403
5202.885953  0.7784485
5203.50876  0.7607533
5204.131567  0.6951044
5204.754374  0.6181035
5205.377181  0.5705768
5205.999988  0.5740743
5206.622795  0.6117292
5207.245602  0.6202583
5207.868409  0.5534381
5208.491216  0.4910562
5209.114023  0.5100351
5209.73683  0.547755
5210.359637  0.5803331
5210.982444  0.6443519
5211.605251  0.7429049
5212.228058  0.8127664
5212.850865  0.8484676
5213.473672  0.8825051
5214.096479  0.8899806
5214.719286  0.8569545
5215.342093  0.8190591
5215.9649  0.7974405
5216.587707  0.7965463
5217.210514  0.8204153
5217.833321  0.8527195
5218.456128  0.8778334
5219.078935  0.8783441
5219.701742  0.8619778
5220.324549  0.8748438
5220.947356  0.907454
5221.570163  0.9191534
5222.19297  0.8918799
5222.815777  0.847339
5223.438584  0.7906726
5224.061391  0.7272116
5224.684198  0.6910548
5225.307005  0.6845427
5225.929812  0.6684995
5226.552619  0.6249992
5227.175426  0.6261088
5227.798233  0.7168725
5228.42104  0.8409889
5229.043847  0.8988999
5229.666654  0.8865131
5230.289461  0.8732427
5230.912268  0.90949
5231.535075  0.9330676
5232.157882  0.8885643
5232.780689  0.8090841
5233.403496  0.7768685
5234.026303  0.7966863
5234.64911  0.8155859
5235.271917  0.8338475
5235.894724  0.8756689
5236.517531  0.9307671
5237.140338  0.9534243
5237.763145  0.9373742
5238.385952  0.9098402
5239.008759  0.8835618
5239.631566  0.8694001
5240.254373  0.8811274
5240.87718  0.9107921
5241.499987  0.9339601
5242.122794  0.9347656
5242.745601  0.9227167
5243.368408  0.9196455
5243.991215  0.9465374
5244.614022  0.9847767
5245.236829  0.9794658
5245.859636  0.8907241
5246.482443  0.7521091
5247.10525  0.6562709
5247.728057  0.6858247
5248.350864  0.7980128
5248.973671  0.8674054
5249.596478  0.832433
5250.219285  0.7547374
5250.842092  0.7230709
5251.464899  0.7511451
5252.087706  0.7973704
5252.710513  0.8384442
5253.33332  0.8679674
5253.956127  0.8610794
5254.578934  0.7956328
5255.201741  0.7443987
5255.824548  0.7884607
5256.447355  0.883689
5257.070162  0.9491234
5257.692969  0.9747437
5258.315776  0.9871041
5258.938583  0.9791787
5259.56139  0.952334
5260.184197  0.9288552
5260.807004  0.908643
5261.429811  0.8680021
5262.052618  0.8053304
5262.675425  0.7643017
5263.298232  0.7379057
5263.921039  0.7124594
5264.543846  0.7030991
5265.166653  0.6697859
5265.78946  0.6257752
5266.412267  0.6565412
5267.035074  0.7718182
5267.657881  0.8644074
5268.280688  0.8242441
5268.903495  0.657976
5269.526302  0.5209016
5270.149109  0.5264262
5270.771916  0.6638077
5271.394723  0.8150874
5272.01753  0.8815988
5272.640337  0.8725584
5273.263144  0.8577522
5273.885951  0.8774236
5274.508758  0.8805404
5275.131565  0.830365
5275.754372  0.7971531
5276.377179  0.8445774
5276.999986  0.9415109
5277.622793  1.002521
5278.2456  1.016373
5278.868407  1.011287
5279.491214  0.9778924
5280.114021  0.9318082
5280.736828  0.8955889
5281.359635  0.8723649
5281.982442  0.8591596
5282.605249  0.8429959
5283.228056  0.8224189
5283.850863  0.8093224
5284.47367  0.8458299
5285.096477  0.9287485
5285.719284  0.9998192
5286.342091  1.034296
5286.964898  1.034505
5287.587705  0.9990044
5288.210512  0.9555522
5288.833319  0.9380423
5289.456126  0.9531298
5290.078933  0.9809412
5290.70174  1.00859
5291.324547  1.022287
5291.947354  1.001339
5292.570161  0.9711413
5293.192968  0.9632149
5293.815775  0.971435
5294.438582  0.9803545
5295.061389  0.9649613
5295.684196  0.9167925
5296.307003  0.8462973
5296.92981  0.7703987
5297.552617  0.7052232
5298.175424  0.6993718
5298.798231  0.784841
5299.421038  0.8768134
5300.043845  0.8990011
5300.666652  0.8735881
5301.289459  0.8615662
5301.912266  0.8835021
5302.535073  0.9257591
5303.15788  0.9692609
5303.780687  1.0028
5304.403494  1.029774
5305.026301  1.047629
5305.649108  1.050815
5306.271915  1.025439
5306.894722  0.9823431
5307.517529  0.9660438
5308.140336  0.9838316
5308.763143  1.017417
5309.38595  1.042708
5310.008757  1.054015
5310.631564  1.054327
5311.254371  1.032951
5311.877178  1.014791
5312.499985  0.9979672
5313.122792  0.9751673
5313.745599  0.9805915
5314.368406  1.004663
5314.991213  1.019752
5315.61402  1.007624
5316.236827  0.9836873
5316.859634  0.9793907
5317.482441  0.9910107
5318.105248  0.997391
5318.728055  0.984178
5319.350862  0.9650153
5319.973669  0.9682965
5320.596476  0.9815767
5321.219283  0.9851741
5321.84209  0.9822341
5322.464897  0.9837417
5323.087704  0.9537408
5323.710511  0.8989927
5324.333318  0.8811694
5324.956125  0.9201212
5325.578932  0.9772416
5326.201739  0.9771596
5326.824546  0.8697037
5327.447353  0.693181
5328.07016  0.5519722
5328.692967  0.5705985
5329.315774  0.7105377
5329.938581  0.8501329
5330.561388  0.9245257
5331.184195  0.9516338
5331.807002  0.9442359
5332.429809  0.9163598
5333.052616  0.9121923
5333.675423  0.9531663
5334.29823  1.010506
5334.921037  1.041707
5335.543844  1.030487
5336.166651  0.9997196
5336.789458  0.9806672
5337.412265  0.9847327
5338.035072  0.9984649
5338.657879  0.9951054
5339.280686  0.9570869
5339.903493  0.8689564
5340.5263  0.7953702
5341.149107  0.821897
5341.771914  0.9125901
5342.394721  0.9655287
5343.017528  0.95959
5343.640335  0.9713569
5344.263142  0.9927787
5344.885949  0.9707048
5345.508756  0.9214526
5346.131563  0.9281217
5346.75437  0.9749425
5347.377177  0.9832437
5347.999984  0.9443277
5348.622791  0.8953199
5349.245598  0.8700811
5349.868405  0.8939013
5350.491212  0.9511508
5351.114019  1.006737
5351.736826  1.035597
5352.359633  1.029156
5352.98244  1.008217
5353.605247  1.011125
5354.228054  1.052441
5354.850861  1.085857
5355.473668  1.08724
5356.096475  1.076929
5356.719282  1.07195
5357.342089  1.077822
5357.964896  1.090489
5358.587703  1.091723
5359.21051  1.092172
5359.833317  1.094934
5360.456124  1.070508
5361.078931  1.019435
5361.701738  0.9819727
5362.324545  0.9882807
5362.947352  1.017888
5363.570159  1.033016
5364.192966  1.016314
5364.815773  0.989041
5365.43858  0.9863979
5366.061387  0.9912114
5366.684194  0.9864047
5367.307001  0.9951214
5367.929808  1.019601
5368.552615  1.016622
5369.175422  0.9574164
5369.798229  0.8944514
5370.421036  0.8365741
5371.043843  0.7750647
5371.66665  0.7844852
5372.289457  0.8892986
5372.912264  1.002718
5373.535071  1.049128
5374.157878  1.065942
5374.780685  1.080447
5375.403492  1.068983
5376.026299  1.032759
5376.649106  1.00403
5377.271913  1.006709
5377.89472  1.04862
5378.517527  1.085487
5379.140334  1.082749
5379.763141  1.052334
5380.385948  1.016655
5381.008755  1.007465
5381.631562  1.022656
5382.254369  1.020307
5382.877176  0.9947359
5383.499983  0.9800001
5384.12279  0.9900575
5384.745597  1.008857
5385.368404  1.025217
5385.991211  1.029955
5386.614018  1.027377
5387.236825  1.029269
5387.859632  1.020257
5388.482439  0.9837714
5389.105246  0.935178
5389.728053  0.8999619
5390.35086  0.8965265
5390.973667  0.9084402
5391.596474  0.9313347
5392.219281  0.9598938
5392.842088  0.9700691
5393.464895  0.9539951
5394.087702  0.9344538
5394.710509  0.9300241
5395.333316  0.9365416
5395.956123  0.8918705
5396.57893  0.780548
5397.201737  0.7454523
5397.824544  0.8437966
5398.447351  0.9776545
5399.070158  1.033901
5399.692965  1.008154
5400.315772  0.9615948
5400.938579  0.9457043
5401.561386  0.9682252
5402.184193  0.9998047
5402.807  1.003042
5403.429807  0.9524625
5404.052614  0.8880612
5404.675421  0.8288882
5405.298228  0.7655124
5405.921035  0.7620876
5406.543842  0.8287418
5407.166649  0.8958161
5407.789456  0.9371303
5408.412263  0.9186292
5409.03507  0.8485467
5409.657877  0.8141184
5410.280684  0.8586075
5410.903491  0.9415066
5411.526298  1.001879
5412.149105  1.029751
5412.771912  1.045223
5413.394719  1.049513
5414.017526  1.042842
5414.640333  1.024197
5415.26314  1.022275
5415.885947  1.048316
5416.508754  1.075247
5417.131561  1.083343
5417.754368  1.072703
5418.377175  1.049306
5418.999982  1.019379
5419.622789  0.9842546
5420.245596  0.9567561
5420.868403  0.9699518
5421.49121  1.023049
5422.114017  1.071715
5422.736824  1.074008
5423.359631  1.018871
5423.982438  0.9645559
5424.605245  0.9675751
5425.228052  0.9977841
5425.850859  1.018231
5426.473666  1.045017
5427.096473  1.093388
5427.71928  1.117162
5428.342087  1.041068
5428.964894  0.8828579
5429.587701  0.7863429
5430.210508  0.8517942
5430.833315  0.9838264
5431.456122  1.021327
5432.078929  0.9723439
5432.701736  0.93453
5433.324543  0.9284899
5433.94735  0.9047
5434.570157  0.8783923
5435.192964  0.8854117
5435.815771  0.8917719
5436.438578  0.8845772
5437.061385  0.9203446
5437.684192  0.9825526
5438.306999  1.021064
5438.929806  1.047522
5439.552613  1.075497
5440.17542  1.094598
5440.798227  1.09407
5441.421034  1.088686
5442.043841  1.086947
5442.666648  1.096352
5443.289455  1.105392
5443.912262  1.088955
5444.535069  1.050201
5445.157876  0.9987853
5445.780683  0.9115725
5446.40349  0.7982765
5447.026297  0.7708264
5447.649104  0.8547892
5448.271911  0.9512554
5448.894718  0.9916682
5449.517525  1.024465
5450.140332  1.054753
5450.763139  1.050857
5451.385946  1.032702
5452.008753  1.022949
5452.63156  1.016424
5453.254367  1.003829
5453.877174  0.9824834
5454.499981  0.9329761
5455.122788  0.8493174
5455.745595  0.8100776
5456.368402  0.8705481
5456.991209  0.974255
5457.614016  1.038486
5458.236823  1.072744
5458.85963  1.087017
5459.482437  1.05731
5460.105244  0.9994643
5460.728051  0.9673932
5461.350858  0.9836891
5461.973665  0.9916573
5462.596472  0.9622307
5463.219279  0.9306267
5463.842086  0.9597499
5464.464893  1.011949
5465.0877  1.0362
5465.710507  1.02346
5466.333314  1.004114
5466.956121  1.007957
5467.578928  1.03068
5468.201735  1.041368
5468.824542  1.033336
