4780.  1.418144
4780.622807  1.418212
4781.245614  1.422006
4781.868421  1.42501
4782.491228  1.42519
4783.114035  1.424463
4783.736842  1.42235
4784.359649  1.415897
4784.982456  1.404577
4785.605263  1.403991
4786.22807  1.41072
4786.850877  1.414243
4787.473684  1.411824
4788.096491  1.415201
4788.719298  1.424282
4789.342105  1.427051
4789.964912  1.425385
4790.587719  1.420642
4791.210526  1.413328
4791.833333  1.403058
4792.45614  1.397493
4793.078947  1.404031
4793.701754  1.418768
4794.324561  1.42047
4794.947368  1.416044
4795.570175  1.418404
4796.192982  1.418237
4796.815789  1.418217
4797.438596  1.419711
4798.061403  1.417844
4798.68421  1.414256
4799.307017  1.413257
4799.929824  1.414757
4800.552631  1.41051
4801.175438  1.40623
4801.798245  1.407631
4802.421052  1.412489
4803.043859  1.411977
4803.666666  1.407441
4804.289473  1.404088
4804.91228  1.400411
4805.535087  1.39971
4806.157894  1.397362
4806.780701  1.384329
4807.403508  1.373141
4808.026315  1.382144
4808.649122  1.409171
4809.271929  1.416331
4809.894736  1.410285
4810.517543  1.4066
4811.14035  1.40658
4811.763157  1.401688
4812.385964  1.401595
4813.008771  1.413011
4813.631578  1.412017
4814.254385  1.406974
4814.877192  1.405977
4815.499999  1.403098
4816.122806  1.404907
4816.745613  1.408835
4817.36842  1.408722
4817.991227  1.410242
4818.614034  1.410588
4819.236841  1.404917
4819.859648  1.392934
4820.482455  1.38494
4821.105262  1.386987
4821.728069  1.397059
4822.350876  1.410268
4822.973683  1.406586
4823.59649  1.386595
4824.219297  1.377464
4824.842104  1.38012
4825.464911  1.387432
4826.087718  1.392404
4826.710525  1.388593
4827.333332  1.382631
4827.956139  1.385274
4828.578946  1.399686
4829.201753  1.394101
4829.82456  1.377927
4830.447367  1.377846
4831.070174  1.376826
4831.692981  1.378717
4832.315788  1.385704
4832.938595  1.384428
4833.561402  1.378977
4834.184209  1.372123
4834.807016  1.366113
4835.429823  1.372388
4836.05263  1.376327
4836.675437  1.366257
4837.298244  1.354169
4837.921051  1.352698
4838.543858  1.353354
4839.166665  1.34301
4839.789472  1.33595
4840.412279  1.338071
4841.035086  1.342702
4841.657893  1.334506
4842.2807  1.324744
4842.903507  1.318523
4843.526314  1.310355
4844.149121  1.297686
4844.771928  1.288385
4845.394735  1.288604
4846.017542  1.289469
4846.640349  1.279925
4847.263156  1.263505
4847.885963  1.253856
4848.50877  1.248649
4849.131577  1.24859
4849.754384  1.24603
4850.377191  1.221556
4850.999998  1.203474
4851.622805  1.198245
4852.245612  1.188717
4852.868419  1.172977
4853.491226  1.154686
4854.114033  1.133018
4854.73684  1.099058
4855.359647  1.067831
4855.982454  1.038047
4856.605261  0.9978114
4857.228068  0.9589155
4857.850875  0.9138731
4858.473682  0.8602415
4859.096489  0.8161595
4859.719296  0.7651029
4860.342103  0.6858653
4860.96491  0.5900118
4861.587717  0.5550156
4862.210524  0.6006817
4862.833331  0.6886515
4863.456138  0.7606458
4864.078945  0.8233685
4864.701752  0.8798317
4865.324559  0.9171557
4865.947366  0.9555223
4866.570173  1.002074
4867.19298  1.046001
4867.815787  1.0708
4868.438594  1.08805
4869.061401  1.111271
4869.684208  1.139448
4870.307015  1.15868
4870.929822  1.178229
4871.552629  1.203009
4872.175436  1.210768
4872.798243  1.218831
4873.42105  1.234915
4874.043857  1.246687
4874.666664  1.264756
4875.289471  1.275034
4875.912278  1.268702
4876.535085  1.273921
4877.157892  1.277739
4877.780699  1.277743
4878.403506  1.290358
4879.026313  1.30716
4879.64912  1.318924
4880.271927  1.32308
4880.894734  1.322316
4881.517541  1.324268
4882.140348  1.326026
4882.763155  1.317684
4883.385962  1.310472
4884.008769  1.309359
4884.631576  1.314186
4885.254383  1.32735
4885.87719  1.336463
4886.499997  1.338976
4887.122804  1.344069
4887.745611  1.343242
4888.368418  1.336107
4888.991225  1.331034
4889.614032  1.336716
4890.236839  1.345564
4890.859646  1.349073
4891.482453  1.347148
4892.10526  1.344988
4892.728067  1.345721
4893.350874  1.349379
4893.973681  1.354042
4894.596488  1.351121
4895.219295  1.347004
4895.842102  1.358038
4896.464909  1.355952
4897.087716  1.351016
4897.710523  1.362354
4898.33333  1.358948
4898.956137  1.353762
4899.578944  1.3543
4900.201751  1.344627
4900.824558  1.342044
4901.447365  1.346931
4902.070172  1.348364
4902.692979  1.352563
4903.315786  1.355114
4903.938593  1.353116
4904.5614  1.350711
4905.184207  1.347059
4905.807014  1.35134
4906.429821  1.364588
4907.052628  1.353946
4907.675435  1.342212
4908.298242  1.346945
4908.921049  1.350408
4909.543856  1.356977
4910.166663  1.360984
4910.78947  1.353322
4911.412277  1.34641
4912.035084  1.342941
4912.657891  1.342812
4913.280698  1.347176
4913.903505  1.353765
4914.526312  1.360986
4915.149119  1.366052
4915.771926  1.358887
4916.394733  1.348945
4917.01754  1.347298
4917.640347  1.353435
4918.263154  1.352004
4918.885961  1.344062
4919.508768  1.334267
4920.131575  1.300871
4920.754382  1.269855
4921.377189  1.268397
4921.999996  1.28623
4922.622803  1.287741
4923.24561  1.272212
4923.868417  1.270709
4924.491224  1.301751
4925.114031  1.334157
4925.736838  1.338961
4926.359645  1.330402
4926.982452  1.329398
4927.605259  1.339614
4928.228066  1.350107
4928.850873  1.351653
4929.47368  1.34778
4930.096487  1.345723
4930.719294  1.347588
4931.342101  1.347672
4931.964908  1.344228
4932.587715  1.343593
4933.210522  1.348269
4933.833329  1.347788
4934.456136  1.338519
4935.078943  1.338094
4935.70175  1.343772
4936.324557  1.3484
4936.947364  1.347467
4937.570171  1.349283
4938.192978  1.34447
4938.815785  1.332192
4939.438592  1.332249
4940.061399  1.346552
4940.684206  1.35712
4941.307013  1.348076
4941.92982  1.334004
4942.552627  1.322851
4943.175434  1.318928
4943.798241  1.326402
4944.421048  1.330816
4945.043855  1.332557
4945.666662  1.343075
4946.289469  1.335412
4946.912276  1.327271
4947.535083  1.333018
4948.15789  1.320308
4948.780697  1.321083
4949.403504  1.33523
4950.026311  1.326965
4950.649118  1.318897
4951.271925  1.318496
4951.894732  1.321364
4952.517539  1.32861
4953.140346  1.329556
4953.763153  1.322061
4954.38596  1.317438
4955.008767  1.323402
4955.631574  1.326463
4956.254381  1.31959
4956.877188  1.322297
4957.499995  1.322916
4958.122802  1.318599
4958.745609  1.323305
4959.368416  1.328262
4959.991223  1.331547
4960.61403  1.334645
4961.236837  1.336722
4961.859644  1.339835
4962.482451  1.33863
4963.105258  1.327942
4963.728065  1.328477
4964.350872  1.335128
4964.973679  1.332279
4965.596486  1.323822
4966.219293  1.318724
4966.8421  1.322284
4967.464907  1.327685
4968.087714  1.311807
4968.710521  1.296395
4969.333328  1.305054
4969.956135  1.308094
4970.578942  1.307229
4971.201749  1.308801
4971.824556  1.310301
4972.447363  1.309272
4973.07017  1.30841
4973.692977  1.311837
4974.315784  1.320259
4974.938591  1.321423
4975.561398  1.310309
4976.184205  1.298383
4976.807012  1.30511
4977.429819  1.316942
4978.052626  1.313774
4978.675433  1.310365
4979.29824  1.311126
4979.921047  1.311946
4980.543854  1.308302
4981.166661  1.312508
4981.789468  1.316827
4982.412275  1.310185
4983.035082  1.307471
4983.657889  1.302692
4984.280696  1.296164
4984.903503  1.301187
4985.52631  1.304424
4986.149117  1.30189
4986.771924  1.299481
4987.394731  1.2989
4988.017538  1.292671
4988.640345  1.284384
4989.263152  1.290029
4989.885959  1.290359
4990.508766  1.290123
4991.131573  1.300409
4991.75438  1.297312
4992.377187  1.291133
4992.999994  1.29555
4993.622801  1.303656
4994.245608  1.302802
4994.868415  1.296863
4995.491222  1.297796
4996.114029  1.302903
4996.736836  1.299915
4997.359643  1.286509
4997.98245  1.278656
4998.605257  1.283547
4999.228064  1.289657
4999.850871  1.283961
5000.473678  1.275408
5001.096485  1.267135
5001.719292  1.262613
5002.342099  1.268529
5002.964906  1.272193
5003.587713  1.271124
5004.21052  1.272339
5004.833327  1.279363
5005.456134  1.278685
5006.078941  1.268143
5006.701748  1.268075
5007.324555  1.272271
5007.947362  1.276597
5008.570169  1.282929
5009.192976  1.286373
5009.815783  1.284505
5010.43859  1.281032
5011.061397  1.281544
5011.684204  1.284778
5012.307011  1.286964
5012.929818  1.282956
5013.552625  1.27204
5014.175432  1.25749
5014.798239  1.248994
5015.421046  1.258437
5016.043853  1.257612
5016.66666  1.240909
5017.289467  1.225253
5017.912274  1.214857
5018.535081  1.227852
5019.157888  1.258
5019.780695  1.264234
5020.403502  1.251429
5021.026309  1.241677
5021.649116  1.247108
5022.271923  1.256816
5022.89473  1.26394
5023.517537  1.26978
5024.140344  1.275174
5024.763151  1.275934
5025.385958  1.27274
5026.008765  1.272489
5026.631572  1.271306
5027.254379  1.266259
5027.877186  1.257847
5028.499993  1.251668
5029.1228  1.244726
5029.745607  1.240403
5030.368414  1.246458
5030.991221  1.248976
5031.614028  1.25014
5032.236835  1.254781
5032.859642  1.254064
5033.482449  1.245746
5034.105256  1.233771
5034.728063  1.226637
5035.35087  1.227371
5035.973677  1.243205
5036.596484  1.265512
5037.219291  1.26246
5037.842098  1.257908
5038.464905  1.249687
5039.087712  1.21306
5039.710519  1.187356
5040.333326  1.189656
5040.956133  1.21136
5041.57894  1.232973
5042.201747  1.24389
5042.824554  1.245458
5043.447361  1.246681
5044.070168  1.249273
5044.692975  1.253462
5045.315782  1.253917
5045.938589  1.242659
5046.561396  1.231316
5047.184203  1.228673
5047.80701  1.231358
5048.429817  1.232031
5049.052624  1.236968
5049.675431  1.246865
5050.298238  1.242581
5050.921045  1.236229
5051.543852  1.239131
5052.166659  1.246667
5052.789466  1.248812
5053.412273  1.233744
5054.03508  1.194572
5054.657887  1.13756
5055.280694  1.134432
5055.903501  1.185235
5056.526308  1.21358
5057.149115  1.229388
5057.771922  1.238289
5058.394729  1.237539
5059.017536  1.231908
5059.640343  1.22692
5060.26315  1.227979
5060.885957  1.236772
5061.508764  1.2433
5062.131571  1.240859
5062.754378  1.233285
5063.377185  1.233908
5063.999992  1.23563
5064.622799  1.230678
5065.245606  1.221848
5065.868413  1.220124
5066.49122  1.225415
5067.114027  1.229787
5067.736834  1.229167
5068.359641  1.229289
5068.982448  1.226542
5069.605255  1.211598
5070.228062  1.213461
5070.850869  1.223436
5071.473676  1.220035
5072.096483  1.218139
5072.71929  1.220376
5073.342097  1.220632
5073.964904  1.214769
5074.587711  1.209293
5075.210518  1.210681
5075.833325  1.21785
5076.456132  1.221036
5077.078939  1.224078
5077.701746  1.228053
5078.324553  1.225656
5078.94736  1.226021
5079.570167  1.222622
5080.192974  1.20847
5080.815781  1.200018
5081.438588  1.203665
5082.061395  1.213502
5082.684202  1.220048
5083.307009  1.225523
5083.929816  1.226376
5084.552623  1.218306
5085.17543  1.207435
5085.798237  1.203462
5086.421044  1.207973
5087.043851  1.212659
5087.666658  1.205639
5088.289465  1.20122
5088.912272  1.211685
5089.535079  1.208295
5090.157886  1.20151
5090.780693  1.204047
5091.4035  1.205575
5092.026307  1.200349
5092.649114  1.199422
5093.271921  1.210583
5093.894728  1.21253
5094.517535  1.205677
5095.140342  1.197101
5095.763149  1.188186
5096.385956  1.18285
5097.008763  1.189009
5097.63157  1.202605
5098.254377  1.190912
5098.877184  1.171393
5099.499991  1.164987
5100.122798  1.163965
5100.745605  1.176443
5101.368412  1.192611
5101.991219  1.195738
5102.614026  1.197177
5103.236833  1.198861
5103.85964  1.196023
5104.482447  1.186535
5105.105254  1.177868
5105.728061  1.1779
5106.350868  1.187268
5106.973675  1.2003
5107.596482  1.207019
5108.219289  1.205001
5108.842096  1.199803
5109.464903  1.196862
5110.08771  1.194855
5110.710517  1.193112
5111.333324  1.19841
5111.956131  1.200662
5112.578938  1.194982
5113.201745  1.197086
5113.824552  1.199534
5114.447359  1.197465
5115.070166  1.19506
5115.692973  1.198732
5116.31578  1.205256
5116.938587  1.205102
5117.561394  1.194748
5118.184201  1.189982
5118.807008  1.194044
5119.429815  1.197665
5120.052622  1.194693
5120.675429  1.182332
5121.298236  1.168086
5121.921043  1.166153
5122.54385  1.170225
5123.166657  1.178802
5123.789464  1.189902
5124.412271  1.17911
5125.035078  1.166143
5125.657885  1.170819
5126.280692  1.177723
5126.903499  1.177516
5127.526306  1.176259
5128.149113  1.183798
5128.77192  1.180821
5129.394727  1.177836
5130.017534  1.185889
5130.640341  1.192187
5131.263148  1.19435
5131.885955  1.189448
5132.508762  1.175909
5133.131569  1.170702
5133.754376  1.172039
5134.377183  1.174289
5134.99999  1.182548
5135.622797  1.178655
5136.245604  1.170534
5136.868411  1.179635
5137.491218  1.180021
5138.114025  1.170847
5138.736832  1.164984
5139.359639  1.16529
5139.982446  1.171522
5140.605253  1.17711
5141.22806  1.174074
5141.850867  1.164171
5142.473674  1.15311
5143.096481  1.147407
5143.719288  1.151828
5144.342095  1.160912
5144.964902  1.16827
5145.587709  1.168501
5146.210516  1.15375
5146.833323  1.139666
5147.45613  1.140473
5148.078937  1.145175
5148.701744  1.153182
5149.324551  1.156468
5149.947358  1.146902
5150.570165  1.14953
5151.192972  1.155505
5151.815779  1.150489
5152.438586  1.149438
5153.061393  1.146618
5153.6842  1.14296
5154.307007  1.148126
5154.929814  1.152368
5155.552621  1.151027
5156.175428  1.148516
5156.798235  1.15396
5157.421042  1.163128
5158.043849  1.166733
5158.666656  1.160882
5159.289463  1.16129
5159.91227  1.167098
5160.535077  1.167503
5161.157884  1.158056
5161.780691  1.150255
5162.403498  1.150644
5163.026305  1.151666
5163.649112  1.137478
5164.271919  1.130763
5164.894726  1.14605
5165.517533  1.139327
5166.14034  1.118003
5166.763147  1.097268
5167.385954  1.083591
5168.008761  1.10147
5168.631568  1.133515
5169.254375  1.147985
5169.877182  1.145911
5170.499989  1.142989
5171.122796  1.144665
5171.745603  1.144493
5172.36841  1.148268
5172.991217  1.158664
5173.614024  1.163736
5174.236831  1.139082
5174.859638  1.111349
5175.482445  1.107136
5176.105252  1.122163
5176.728059  1.134416
5177.350866  1.137861
5177.973673  1.140709
5178.59648  1.150389
5179.219287  1.157758
5179.842094  1.153751
5180.464901  1.141888
5181.087708  1.136307
5181.710515  1.136671
5182.333322  1.132942
5182.956129  1.117728
5183.578936  1.110381
5184.201743  1.1197
5184.82455  1.129073
5185.447357  1.136809
5186.070164  1.139409
5186.692971  1.134116
5187.315778  1.126459
5187.938585  1.118876
5188.561392  1.111662
5189.184199  1.10483
5189.807006  1.109516
5190.429813  1.117724
5191.05262  1.117477
5191.675427  1.124697
5192.298234  1.12594
5192.921041  1.119807
5193.543848  1.123942
5194.166655  1.12091
5194.789462  1.113404
5195.412269  1.113848
5196.035076  1.107848
5196.657883  1.109341
5197.28069  1.120451
5197.903497  1.122888
5198.526304  1.127274
5199.149111  1.131544
5199.771918  1.125778
5200.394725  1.118493
5201.017532  1.125093
5201.640339  1.139718
5202.263146  1.13805
5202.885953  1.129333
5203.50876  1.127395
5204.131567  1.133233
5204.754374  1.127292
5205.377181  1.126079
5205.999988  1.137555
5206.622795  1.142392
5207.245602  1.135913
5207.868409  1.128586
5208.491216  1.130606
5209.114023  1.129659
5209.73683  1.128604
5210.359637  1.129597
5210.982444  1.125252
5211.605251  1.115394
5212.228058  1.107771
5212.850865  1.105431
5213.473672  1.09415
5214.096479  1.094059
5214.719286  1.110044
5215.342093  1.112073
5215.9649  1.116875
5216.587707  1.125397
5217.210514  1.125335
5217.833321  1.128032
5218.456128  1.124556
5219.078935  1.11473
5219.701742  1.116722
5220.324549  1.117935
5220.947356  1.114351
5221.570163  1.110795
5222.19297  1.105187
5222.815777  1.100386
5223.438584  1.096496
5224.061391  1.087151
5224.684198  1.073681
5225.307005  1.071525
5225.929812  1.0911
5226.552619  1.103252
5227.175426  1.116557
5227.798233  1.132914
5228.42104  1.123189
5229.043847  1.113265
5229.666654  1.112987
5230.289461  1.109935
5230.912268  1.101908
5231.535075  1.092016
5232.157882  1.086634
5232.780689  1.090464
5233.403496  1.098805
5234.026303  1.102728
5234.64911  1.099395
5235.271917  1.101056
5235.894724  1.100289
5236.517531  1.094027
5237.140338  1.097222
5237.763145  1.099531
5238.385952  1.101401
5239.008759  1.10961
5239.631566  1.111092
5240.254373  1.110541
5240.87718  1.113681
5241.499987  1.114393
5242.122794  1.107535
5242.745601  1.103072
5243.368408  1.111357
5243.991215  1.109846
5244.614022  1.102466
5245.236829  1.09997
5245.859636  1.098502
5246.482443  1.101635
5247.10525  1.104678
5247.728057  1.098126
5248.350864  1.083858
5248.973671  1.078026
5249.596478  1.081151
5250.219285  1.065835
5250.842092  1.053328
5251.464899  1.059951
5252.087706  1.080398
5252.710513  1.099526
5253.33332  1.105271
5253.956127  1.098031
5254.578934  1.092907
5255.201741  1.09145
5255.824548  1.092581
5256.447355  1.092416
5257.070162  1.078777
5257.692969  1.065406
5258.315776  1.068359
5258.938583  1.082528
5259.56139  1.090456
5260.184197  1.088037
5260.807004  1.083103
5261.429811  1.078758
5262.052618  1.080518
5262.675425  1.089388
5263.298232  1.097444
5263.921039  1.100178
5264.543846  1.100509
5265.166653  1.10335
5265.78946  1.103958
5266.412267  1.099233
5267.035074  1.091455
5267.657881  1.088991
5268.280688  1.085907
5268.903495  1.080848
5269.526302  1.080714
5270.149109  1.08899
5270.771916  1.094684
5271.394723  1.090367
5272.01753  1.084141
5272.640337  1.072675
5273.263144  1.064498
5273.885951  1.072432
5274.508758  1.079157
5275.131565  1.081191
5275.754372  1.083663
5276.377179  1.085836
5276.999986  1.094607
5277.622793  1.10236
5278.2456  1.09412
5278.868407  1.101339
5279.491214  1.102662
5280.114021  1.080803
5280.736828  1.079576
5281.359635  1.085584
5281.982442  1.085922
5282.605249  1.088891
5283.228056  1.091304
5283.850863  1.092645
5284.47367  1.093525
5285.096477  1.09434
5285.719284  1.094135
5286.342091  1.096048
5286.964898  1.103232
5287.587705  1.09786
5288.210512  1.077429
5288.833319  1.057888
5289.456126  1.064908
5290.078933  1.069697
5290.70174  1.056383
5291.324547  1.041132
5291.947354  1.021708
5292.570161  1.003647
5293.192968  1.000444
5293.815775  1.021612
5294.438582  1.047571
5295.061389  1.056725
5295.684196  1.045346
5296.307003  1.035971
5296.92981  1.042575
5297.552617  1.0593
5298.175424  1.065683
5298.798231  1.055321
5299.421038  1.044616
5300.043845  1.053832
5300.666652  1.067211
5301.289459  1.07739
5301.912266  1.083761
5302.535073  1.078202
5303.15788  1.068254
5303.780687  1.062116
5304.403494  1.062738
5305.026301  1.068995
5305.649108  1.073683
5306.271915  1.073633
5306.894722  1.078089
5307.517529  1.08209
5308.140336  1.084187
5308.763143  1.090061
5309.38595  1.085438
5310.008757  1.078415
5310.631564  1.079764
5311.254371  1.073902
5311.877178  1.054553
5312.499985  1.025114
5313.122792  0.9977495
5313.745599  0.9996762
5314.368406  1.030673
5314.991213  1.06418
5315.61402  1.068897
5316.236827  1.066599
5316.859634  1.074619
5317.482441  1.080835
5318.105248  1.079784
5318.728055  1.071985
5319.350862  1.065231
5319.973669  1.073466
5320.596476  1.079273
5321.219283  1.071072
5321.84209  1.060159
5322.464897  1.059019
5323.087704  1.063344
5323.710511  1.063965
5324.333318  1.065738
5324.956125  1.063957
5325.578932  1.054601
5326.201739  1.042924
5326.824546  1.043915
5327.447353  1.048576
5328.07016  1.044673
5328.692967  1.052867
5329.315774  1.070681
5329.938581  1.082565
5330.561388  1.07616
5331.184195  1.065881
5331.807002  1.059129
5332.429809  1.054007
5333.052616  1.051679
5333.675423  1.051489
5334.29823  1.049775
5334.921037  1.041708
5335.543844  1.030366
5336.166651  1.02392
5336.789458  1.029085
5337.412265  1.046327
5338.035072  1.055454
5338.657879  1.05203
5339.280686  1.054608
5339.903493  1.055468
5340.5263  1.049369
5341.149107  1.041588
5341.771914  1.044456
5342.394721  1.049523
5343.017528  1.053123
5343.640335  1.062691
5344.263142  1.061996
5344.885949  1.057494
5345.508756  1.064286
5346.131563  1.066542
5346.75437  1.071916
5347.377177  1.078147
5347.999984  1.066289
5348.622791  1.061189
5349.245598  1.064372
5349.868405  1.062308
5350.491212  1.0686
5351.114019  1.067113
5351.736826  1.055575
5352.359633  1.058912
5352.98244  1.06592
5353.605247  1.06634
5354.228054  1.060259
5354.850861  1.053438
5355.473668  1.051258
5356.096475  1.050192
5356.719282  1.041926
5357.342089  1.045377
5357.964896  1.053505
5358.587703  1.046717
5359.21051  1.033017
5359.833317  1.026588
5360.456124  1.035496
5361.078931  1.050439
5361.701738  1.048938
5362.324545  1.042416
5362.947352  1.054912
5363.570159  1.061286
5364.192966  1.057672
5364.815773  1.05367
5365.43858  1.056823
5366.061387  1.050932
5366.684194  1.044357
5367.307001  1.051532
5367.929808  1.048525
5368.552615  1.040402
5369.175422  1.041128
5369.798229  1.04817
5370.421036  1.054337
5371.043843  1.055687
5371.66665  1.055499
5372.289457  1.055651
5372.912264  1.053557
5373.535071  1.04743
5374.157878  1.042837
5374.780685  1.049166
5375.403492  1.053781
5376.026299  1.042245
5376.649106  1.038249
5377.271913  1.044545
5377.89472  1.050507
5378.517527  1.046981
5379.140334  1.041864
5379.763141  1.038019
5380.385948  1.032693
5381.008755  1.034216
5381.631562  1.036448
5382.254369  1.026236
5382.877176  1.001415
5383.499983  0.9985593
5384.12279  1.020785
5384.745597  1.040534
5385.368404  1.049047
5385.991211  1.04469
5386.614018  1.032695
5387.236825  1.025727
5387.859632  1.037995
5388.482439  1.050038
5389.105246  1.035145
5389.728053  1.028488
5390.35086  1.030165
5390.973667  1.027527
5391.596474  1.021891
5392.219281  1.023302
5392.842088  1.02841
5393.464895  1.027082
5394.087702  1.029579
5394.710509  1.0334
5395.333316  1.034609
5395.956123  1.035613
5396.57893  1.027158
5397.201737  1.01562
5397.824544  1.014997
5398.447351  1.012252
5399.070158  1.019245
5399.692965  1.038067
5400.315772  1.037273
5400.938579  1.023505
5401.561386  1.016115
5402.184193  1.024015
5402.807  1.027127
5403.429807  1.026461
5404.052614  1.02612
5404.675421  1.016513
5405.298228  1.004367
5405.921035  0.9992321
5406.543842  1.004453
5407.166649  1.013355
5407.789456  1.020938
5408.412263  1.024093
5409.03507  1.020538
5409.657877  1.018557
5410.280684  1.01587
5410.903491  1.005236
5411.526298  1.001289
5412.149105  1.001972
5412.771912  1.001784
5413.394719  1.006488
5414.017526  1.006449
5414.640333  1.000365
5415.26314  0.9981719
5415.885947  1.005653
5416.508754  1.01269
5417.131561  1.008857
5417.754368  0.9981774
5418.377175  0.9947407
5418.999982  1.002872
5419.622789  1.012191
5420.245596  1.010795
5420.868403  0.9934205
5421.49121  0.9708021
5422.114017  0.9679847
5422.736824  0.9835636
5423.359631  1.000147
5423.982438  1.003438
5424.605245  1.010206
5425.228052  1.010306
5425.850859  0.9982203
5426.473666  1.001658
5427.096473  1.007523
5427.71928  1.008502
5428.342087  1.009856
5428.964894  1.002514
5429.587701  0.99141
5430.210508  0.9907649
5430.833315  1.009765
5431.456122  1.015715
5432.078929  1.002352
5432.701736  0.9969983
5433.324543  1.001786
5433.94735  1.006627
5434.570157  1.004678
5435.192964  1.003903
5435.815771  1.000518
5436.438578  0.9960573
5437.061385  0.9989892
5437.684192  1.00476
5438.306999  1.003877
5438.929806  0.9972087
5439.552613  1.000762
5440.17542  0.9984553
5440.798227  0.9868194
5441.421034  0.9825092
5442.043841  0.9893047
5442.666648  0.998237
5443.289455  0.999536
5443.912262  0.9974098
5444.535069  0.9925501
5445.157876  0.9851485
5445.780683  0.9789105
5446.40349  0.9778386
5447.026297  0.9802339
5447.649104  0.9845976
5448.271911  0.9980428
5448.894718  1.003626
5449.517525  0.9975845
5450.140332  0.9944905
5450.763139  0.9863827
5451.385946  0.9838017
5452.008753  0.9918672
5452.63156  0.989626
5453.254367  0.9839997
5453.877174  0.985393
5454.499981  0.9914465
5455.122788  0.9916359
5455.745595  0.984925
5456.368402  0.9772926
5456.991209  0.9746258
5457.614016  0.9745589
5458.236823  0.9762291
5458.85963  0.9805933
5459.482437  0.9877336
5460.105244  0.9895583
5460.728051  0.9778627
5461.350858  0.9533464
5461.973665  0.937197
5462.596472  0.9411285
5463.219279  0.9562729
5463.842086  0.9720183
5464.464893  0.9786954
5465.0877  0.9762229
5465.710507  0.9798811
5466.333314  0.9836179
5466.956121  0.9836355
5467.578928  0.9861296
5468.201735  0.5332345
5468.824542  0.
