4780.  0.9788096
4780.622807  0.9942657
4781.245614  1.017783
4781.868421  1.020563
4782.491228  0.9974583
4783.114035  0.9723613
4783.736842  0.977969
4784.359649  1.000276
4784.982456  1.00719
4785.605263  0.9863471
4786.22807  0.9586712
4786.850877  0.9523664
4787.473684  0.9733395
4788.096491  0.981217
4788.719298  0.9682513
4789.342105  0.9565256
4789.964912  0.9728922
4790.587719  0.9932263
4791.210526  0.9977776
4791.833333  0.9943447
4792.45614  0.9920415
4793.078947  1.002531
4793.701754  1.024572
4794.324561  1.034288
4794.947368  1.035012
4795.570175  1.032445
4796.192982  1.023453
4796.815789  1.017627
4797.438596  1.009177
4798.061403  0.9919669
4798.68421  0.9841691
4799.307017  0.9856385
4799.929824  0.9882301
4800.552631  0.9866938
4801.175438  0.9976206
4801.798245  1.013708
4802.421052  1.015317
4803.043859  1.013073
4803.666666  1.003884
4804.289473  0.986021
4804.91228  0.9720223
4805.535087  0.9817905
4806.157894  0.9986375
4806.780701  0.9917203
4807.403508  0.9871147
4808.026315  0.9911417
4808.649122  0.9985442
4809.271929  1.010796
4809.894736  1.006646
4810.517543  0.9948688
4811.14035  1.004594
4811.763157  1.01419
4812.385964  1.013519
4813.008771  1.008093
4813.631578  1.00803
4814.254385  1.016326
4814.877192  1.028322
4815.499999  1.035424
4816.122806  1.034693
4816.745613  1.028635
4817.36842  1.024244
4817.991227  1.030021
4818.614034  1.036005
4819.236841  1.033732
4819.859648  1.029241
4820.482455  1.026265
4821.105262  1.025295
4821.728069  1.02273
4822.350876  1.006185
4822.973683  0.9757643
4823.59649  0.9503959
4824.219297  0.9586968
4824.842104  0.9882238
4825.464911  1.015561
4826.087718  1.027136
4826.710525  1.029164
4827.333332  1.022191
4827.956139  1.005976
4828.578946  0.9880939
4829.201753  0.9858264
4829.82456  0.9979402
4830.447367  1.00435
4831.070174  1.0019
4831.692981  0.9938217
4832.315788  0.9889811
4832.938595  1.001982
4833.561402  1.016877
4834.184209  1.020622
4834.807016  1.01578
4835.429823  1.002225
4836.05263  0.9960281
4836.675437  1.007603
4837.298244  1.015242
4837.921051  1.007803
4838.543858  0.9868572
4839.166665  0.9641162
4839.789472  0.9589391
4840.412279  0.9747413
4841.035086  0.9970617
4841.657893  1.006079
4842.2807  0.9937917
4842.903507  0.9737453
4843.526314  0.9760389
4844.149121  0.9983744
4844.771928  1.016198
4845.394735  1.011278
4846.017542  1.004959
4846.640349  1.002159
4847.263156  0.9945021
4847.885963  0.9777421
4848.50877  0.9637837
4849.131577  0.9686198
4849.754384  0.9931512
4850.377191  1.002269
4850.999998  0.9977487
4851.622805  0.9947723
4852.245612  0.9821125
4852.868419  0.9752327
4853.491226  0.9750118
4854.114033  0.9563384
4854.73684  0.911947
4855.359647  0.8760846
4855.982454  0.8807578
4856.605261  0.8986139
4857.228068  0.9062665
4857.850875  0.8947401
4858.473682  0.8636649
4859.096489  0.8017856
4859.719296  0.7074247
4860.342103  0.5976338
4860.96491  0.5071028
4861.587717  0.5225489
4862.210524  0.6491214
4862.833331  0.7534958
4863.456138  0.8156924
4864.078945  0.8521973
4864.701752  0.8775216
4865.324559  0.8961715
4865.947366  0.9122555
4866.570173  0.9279462
4867.19298  0.9397802
4867.815787  0.9458855
4868.438594  0.9553256
4869.061401  0.9735904
4869.684208  0.9649407
4870.307015  0.916559
4870.929822  0.8576791
4871.552629  0.8453169
4872.175436  0.8799843
4872.798243  0.9276589
4873.42105  0.9552114
4874.043857  0.9704157
4874.666664  0.9761124
4875.289471  0.970154
4875.912278  0.9660959
4876.535085  0.9656251
4877.157892  0.9599211
4877.780699  0.9435248
4878.403506  0.9613117
4879.026313  1.005712
4879.64912  1.028392
4880.271927  1.020325
4880.894734  0.9977471
4881.517541  0.9828116
4882.140348  0.9859354
4882.763155  0.9948087
4883.385962  0.9931848
4884.008769  0.9779928
4884.631576  0.966691
4885.254383  0.9565459
4885.87719  0.9444928
4886.499997  0.9478593
4887.122804  0.9609544
4887.745611  0.9684539
4888.368418  0.9614805
4888.991225  0.9615561
4889.614032  0.954196
4890.236839  0.9172416
4890.859646  0.8738042
4891.482453  0.88403
4892.10526  0.9504867
4892.728067  1.000596
4893.350874  1.027666
4893.973681  1.038219
4894.596488  1.038417
4895.219295  1.038965
4895.842102  1.037561
4896.464909  1.032703
4897.087716  1.029933
4897.710523  1.037492
4898.33333  1.041142
4898.956137  1.021919
4899.578944  0.9972235
4900.201751  0.9912302
4900.824558  1.01046
4901.447365  1.029144
4902.070172  1.01644
4902.692979  0.9827886
4903.315786  0.9697289
4903.938593  0.9772622
4904.5614  0.9965001
4905.184207  1.017411
4905.807014  1.031463
4906.429821  1.034199
4907.052628  1.026493
4907.675435  1.013365
4908.298242  1.004948
4908.921049  0.9863173
4909.543856  0.9478971
4910.166663  0.9287249
4910.78947  0.9366869
4911.412277  0.9624686
4912.035084  0.9924855
4912.657891  1.01162
4913.280698  1.012812
4913.903505  1.00678
4914.526312  1.022943
4915.149119  1.039033
4915.771926  1.033092
4916.394733  1.023001
4917.01754  1.002192
4917.640347  0.9640312
4918.263154  0.9177116
4918.885961  0.8977608
4919.508768  0.8880401
4920.131575  0.8750457
4920.754382  0.90132
4921.377189  0.9439689
4921.999996  0.9736975
4922.622803  0.9822503
4923.24561  0.9580021
4923.868417  0.9301259
4924.491224  0.9368628
4925.114031  0.9732324
4925.736838  1.012293
4926.359645  1.029918
4926.982452  1.021067
4927.605259  1.009804
4928.228066  1.016886
4928.850873  1.039577
4929.47368  1.03841
4930.096487  1.022183
4930.719294  1.014973
4931.342101  1.020884
4931.964908  1.023628
4932.587715  0.9974585
4933.210522  0.9400222
4933.833329  0.9210206
4934.456136  0.9542339
4935.078943  1.001223
4935.70175  1.011624
4936.324557  0.9981398
4936.947364  0.9754686
4937.570171  0.9411764
4938.192978  0.9121018
4938.815785  0.9026175
4939.438592  0.9223759
4940.061399  0.9736967
4940.684206  1.017258
4941.307013  1.028509
4941.92982  1.0247
4942.552627  1.022623
4943.175434  1.029912
4943.798241  1.040774
4944.421048  1.039121
4945.043855  1.016216
4945.666662  0.9898859
4946.289469  0.9951624
4946.912276  1.018621
4947.535083  1.038482
4948.15789  1.043852
4948.780697  1.036372
4949.403504  1.021738
4950.026311  1.012544
4950.649118  1.025286
4951.271925  1.029997
4951.894732  1.017318
4952.517539  1.0093
4953.140346  1.010859
4953.763153  1.016579
4954.38596  1.022409
4955.008767  1.03425
4955.631574  1.023605
4956.254381  0.9614078
4956.877188  0.8599983
4957.499995  0.836857
4958.122802  0.9061125
4958.745609  0.9930717
4959.368416  1.039428
4959.991223  1.0491
4960.61403  1.045739
4961.236837  1.035408
4961.859644  1.027256
4962.482451  1.028238
4963.105258  1.039017
4963.728065  1.043465
4964.350872  1.033394
4964.973679  1.012195
4965.596486  0.9944555
4966.219293  0.9953589
4966.8421  1.006075
4967.464907  1.004352
4968.087714  1.002847
4968.710521  1.002516
4969.333328  0.9976166
4969.956135  0.9894964
4970.578942  0.9911534
4971.201749  1.005112
4971.824556  1.017823
4972.447363  1.017756
4973.07017  1.015997
4973.692977  1.026487
4974.315784  1.037871
4974.938591  1.041657
4975.561398  1.038701
4976.184205  1.035393
4976.807012  1.028713
4977.429819  1.012818
4978.052626  0.990885
4978.675433  0.9841885
4979.29824  0.9851205
4979.921047  0.983571
4980.543854  0.9833982
4981.166661  0.9690456
4981.789468  0.9339863
4982.412275  0.8933712
4983.035082  0.8831682
4983.657889  0.8987906
4984.280696  0.917237
4984.903503  0.9299288
4985.52631  0.9485903
4986.149117  0.980345
4986.771924  1.015626
4987.394731  1.02935
4988.017538  1.020705
4988.640345  1.008002
4989.263152  1.006247
4989.885959  0.9949718
4990.508766  0.9713079
4991.131573  0.9672672
4991.75438  0.9890778
4992.377187  1.004852
4992.999994  0.98732
4993.622801  0.976446
4994.245608  0.9894645
4994.868415  1.01454
4995.491222  1.026654
4996.114029  1.022601
4996.736836  1.016747
4997.359643  1.020887
4997.98245  1.018464
4998.605257  1.000015
4999.228064  0.9745596
4999.850871  0.9680299
5000.473678  0.9690784
5001.096485  0.9638076
5001.719292  0.9539173
5002.342099  0.9640746
5002.964906  0.9878081
5003.587713  1.002904
5004.21052  1.000557
5004.833327  0.9661065
5005.456134  0.9147817
5006.078941  0.8912048
5006.701748  0.9102871
5007.324555  0.9579297
5007.947362  1.004517
5008.570169  1.02908
5009.192976  1.029163
5009.815783  1.016987
5010.43859  1.006264
5011.061397  0.9793797
5011.684204  0.9427636
5012.307011  0.9236612
5012.929818  0.9231945
5013.552625  0.9192823
5014.175432  0.9089484
5014.798239  0.9294866
5015.421046  0.9623518
5016.043853  0.9788588
5016.66666  0.9670788
5017.289467  0.9313854
5017.912274  0.9047754
5018.535081  0.9159812
5019.157888  0.9545203
5019.780695  0.9836691
5020.403502  0.9879875
5021.026309  0.9841125
5021.649116  0.9722879
5022.271923  0.963924
5022.89473  0.9737546
5023.517537  1.001894
5024.140344  1.010192
5024.763151  0.9938591
5025.385958  1.001539
5026.008765  1.0017
5026.631572  0.9782284
5027.254379  0.9553103
5027.877186  0.9629273
5028.499993  0.9924939
5029.1228  1.015058
5029.745607  1.010969
5030.368414  0.9935284
5030.991221  0.9895574
5031.614028  1.011729
5032.236835  1.028569
5032.859642  1.035223
5033.482449  1.038032
5034.105256  1.023877
5034.728063  0.9854184
5035.35087  0.940569
5035.973677  0.9260972
5036.596484  0.9554806
5037.219291  0.9903296
5037.842098  0.9861333
5038.464905  0.9628047
5039.087712  0.9456214
5039.710519  0.9296548
5040.333326  0.8828382
5040.956133  0.844115
5041.57894  0.8572237
5042.201747  0.9257594
5042.824554  0.9850522
5043.447361  1.008883
5044.070168  1.010711
5044.692975  1.018569
5045.315782  1.033237
5045.938589  1.043057
5046.561396  1.038196
5047.184203  1.015832
5047.80701  0.9876197
5048.429817  0.9658974
5049.052624  0.9472445
5049.675431  0.9505494
5050.298238  0.9703256
5050.921045  0.9708471
5051.543852  0.9671
5052.166659  0.9805348
5052.789466  1.011667
5053.412273  1.020059
5054.03508  1.021824
5054.657887  1.031598
5055.280694  1.030229
5055.903501  1.028503
5056.526308  1.029936
5057.149115  1.02876
5057.771922  1.02661
5058.394729  1.028437
5059.017536  1.032978
5059.640343  1.027963
5060.26315  1.027012
5060.885957  1.034975
5061.508764  1.040309
5062.131571  1.044708
5062.754378  1.043423
5063.377185  1.023891
5063.999992  0.9722489
5064.622799  0.9347368
5065.245606  0.9446318
5065.868413  0.9836392
5066.49122  1.007121
5067.114027  1.001801
5067.736834  0.9847504
5068.359641  0.973694
5068.982448  0.9824301
5069.605255  1.006554
5070.228062  1.02168
5070.850869  1.013218
5071.473676  0.9874485
5072.096483  0.9675275
5072.71929  0.9800975
5073.342097  0.9995334
5073.964904  0.9961229
5074.587711  0.9814544
5075.210518  0.9820521
5075.833325  0.9961579
5076.456132  1.00021
5077.078939  1.016474
5077.701746  1.018821
5078.324553  0.9754754
5078.94736  0.9137635
5079.570167  0.8816114
5080.192974  0.8960745
5080.815781  0.9303083
5081.438588  0.9701712
5082.061395  0.9873202
5082.684202  0.9675369
5083.307009  0.9541288
5083.929816  0.9651686
5084.552623  0.9916183
5085.17543  1.013862
5085.798237  1.022875
5086.421044  1.02041
5087.043851  1.014099
5087.666658  1.014302
5088.289465  1.017034
5088.912272  1.016797
5089.535079  1.015594
5090.157886  1.010668
5090.780693  1.005934
5091.4035  1.011029
5092.026307  1.0241
5092.649114  1.033487
5093.271921  1.031723
5093.894728  1.025807
5094.517535  1.022296
5095.140342  1.020751
5095.763149  1.013219
5096.385956  0.9958688
5097.008763  0.9742855
5097.63157  0.9554592
5098.254377  0.9316868
5098.877184  0.9179013
5099.499991  0.9322621
5100.122798  0.9755809
5100.745605  1.016638
5101.368412  1.033785
5101.991219  1.029045
5102.614026  1.020886
5103.236833  1.019395
5103.85964  1.019167
5104.482447  1.007411
5105.105254  1.001647
5105.728061  1.004331
5106.350868  0.9941912
5106.973675  0.9607868
5107.596482  0.9481788
5108.219289  0.9819275
5108.842096  0.9917835
5109.464903  0.9671947
5110.08771  0.9452288
5110.710517  0.9689532
5111.333324  1.006849
5111.956131  1.030799
5112.578938  1.035954
5113.201745  1.032317
5113.824552  1.028575
5114.447359  1.025327
5115.070166  1.017899
5115.692973  1.015718
5116.31578  1.023054
5116.938587  1.033322
5117.561394  1.037191
5118.184201  1.038135
5118.807008  1.039522
5119.429815  1.033655
5120.052622  1.026885
5120.675429  1.018968
5121.298236  1.00362
5121.921043  1.001935
5122.54385  0.9985102
5123.166657  0.975244
5123.789464  0.9636753
5124.412271  0.9579248
5125.035078  0.9536953
5125.657885  0.9620906
5126.280692  0.9704421
5126.903499  0.9781808
5127.526306  0.9877816
5128.149113  0.9807789
5128.77192  0.9668133
5129.394727  0.9671819
5130.017534  0.9917312
5130.640341  1.001159
5131.263148  0.9915948
5131.885955  0.9917139
5132.508762  0.9864787
5133.131569  0.9821603
5133.754376  0.9919783
5134.377183  1.010042
5134.99999  1.027416
5135.622797  1.026536
5136.245604  0.9947636
5136.868411  0.9645461
5137.491218  0.9604316
5138.114025  0.9694219
5138.736832  0.9323347
5139.359639  0.9091777
5139.982446  0.9432608
5140.605253  0.9892905
5141.22806  0.9862072
5141.850867  0.9403265
5142.473674  0.9100529
5143.096481  0.9395835
5143.719288  0.9931556
5144.342095  1.019062
5144.964902  1.007949
5145.587709  0.9910179
5146.210516  0.9831549
5146.833323  0.9760703
5147.45613  0.9691179
5148.078937  0.9736593
5148.701744  0.9949665
5149.324551  1.01682
5149.947358  1.012246
5150.570165  0.9843719
5151.192972  0.968507
5151.815779  0.9722447
5152.438586  0.9816973
5153.061393  0.9813329
5153.6842  0.9779554
5154.307007  0.9807267
5154.929814  0.9913975
5155.552621  1.002642
5156.175428  1.011248
5156.798235  1.021089
5157.421042  1.031685
5158.043849  1.02157
5158.666656  1.013425
5159.289463  1.02517
5159.91227  1.034334
5160.535077  1.027483
5161.157884  1.006762
5161.780691  0.9878958
5162.403498  0.9837572
5163.026305  0.9955468
5163.649112  1.008939
5164.271919  0.9975591
5164.894726  0.9652885
5165.517533  0.9215325
5166.14034  0.8665251
5166.763147  0.7968252
5167.385954  0.7562463
5168.008761  0.7820916
5168.631568  0.8285103
5169.254375  0.889883
5169.877182  0.9482202
5170.499989  0.9533483
5171.122796  0.8884442
5171.745603  0.7829267
5172.36841  0.704572
5172.991217  0.7349085
5173.614024  0.8475572
5174.236831  0.9619476
5174.859638  1.018361
5175.482445  1.028303
5176.105252  1.021899
5176.728059  1.019219
5177.350866  1.024974
5177.973673  1.032889
5178.59648  1.034842
5179.219287  1.031127
5179.842094  1.02559
5180.464901  1.019615
5181.087708  1.005242
5181.710515  0.9678162
5182.333322  0.8727666
5182.956129  0.7311622
5183.578936  0.6674017
5184.201743  0.7319549
5184.82455  0.8677693
5185.447357  0.9544807
5186.070164  0.9904212
5186.692971  1.004553
5187.315778  1.007556
5187.938585  0.9711802
5188.561392  0.9439919
5189.184199  0.9677745
5189.807006  1.00264
5190.429813  1.004477
5191.05262  0.9641089
5191.675427  0.9143286
5192.298234  0.9042642
5192.921041  0.943347
5193.543848  0.9943315
5194.166655  0.9960352
5194.789462  0.9615044
5195.412269  0.9382312
5196.035076  0.9566393
5196.657883  0.978597
5197.28069  0.9847369
5197.903497  0.9837277
5198.526304  0.9898831
5199.149111  1.008037
5199.771918  1.027879
5200.394725  1.029448
5201.017532  1.014708
5201.640339  0.9952595
5202.263146  0.985782
5202.885953  0.999285
5203.50876  1.000823
5204.131567  0.9714193
5204.754374  0.9500781
5205.377181  0.9366181
5205.999988  0.941718
5206.622795  0.976848
5207.245602  0.9782121
5207.868409  0.9464818
5208.491216  0.9276956
5209.114023  0.9534482
5209.73683  0.988181
5210.359637  1.004582
5210.982444  1.015383
5211.605251  1.027887
5212.228058  1.041412
5212.850865  1.049357
5213.473672  1.043505
5214.096479  1.022108
5214.719286  0.9935124
5215.342093  0.9737531
5215.9649  0.9643281
5216.587707  0.9618119
5217.210514  0.9661945
5217.833321  0.9898732
5218.456128  1.025232
5219.078935  1.049209
5219.701742  1.042415
5220.324549  1.036557
5220.947356  1.042862
5221.570163  1.041083
5222.19297  1.03617
5222.815777  1.03431
5223.438584  1.032935
5224.061391  1.016776
5224.684198  0.9939194
5225.307005  0.9631844
5225.929812  0.9132817
5226.552619  0.8601787
5227.175426  0.8618758
5227.798233  0.9415794
5228.42104  0.9919562
5229.043847  0.9994924
5229.666654  0.9980624
5230.289461  1.006696
5230.912268  1.027134
5231.535075  1.028145
5232.157882  0.9858572
5232.780689  0.9537028
5233.403496  0.9552821
5234.026303  0.9746396
5234.64911  0.975666
5235.271917  0.9812759
5235.894724  1.005074
5236.517531  1.026462
5237.140338  1.030536
5237.763145  1.031111
5238.385952  1.041391
5239.008759  1.035261
5239.631566  1.025395
5240.254373  1.028479
5240.87718  1.042806
5241.499987  1.037056
5242.122794  1.014889
5242.745601  1.002391
5243.368408  1.008435
5243.991215  1.026749
5244.614022  1.047478
5245.236829  1.061136
5245.859636  1.046961
5246.482443  1.015768
5247.10525  1.000294
5247.728057  1.004191
5248.350864  1.019661
5248.973671  1.028793
5249.596478  1.008252
5250.219285  0.9843967
5250.842092  0.9836194
5251.464899  1.00547
5252.087706  1.028862
5252.710513  1.036031
5253.33332  1.02493
5253.956127  1.015741
5254.578934  1.004692
5255.201741  0.9990724
5255.824548  1.021523
5256.447355  1.040277
5257.070162  1.046402
5257.692969  1.053849
5258.315776  1.059163
5258.938583  1.056114
5259.56139  1.046386
5260.184197  1.040565
5260.807004  1.018245
5261.429811  0.9776193
5262.052618  0.9429513
5262.675425  0.9335893
5263.298232  0.9313718
5263.921039  0.918974
5264.543846  0.9161369
5265.166653  0.9048492
5265.78946  0.8921872
5266.412267  0.9119507
5267.035074  0.9592963
5267.657881  0.9954977
5268.280688  0.9810114
5268.903495  0.9149319
5269.526302  0.8479949
5270.149109  0.8426612
5270.771916  0.9207696
5271.394723  0.9926313
5272.01753  1.005659
5272.640337  0.9784418
5273.263144  0.9662397
5273.885951  0.9746958
5274.508758  0.9784003
5275.131565  0.9584071
5275.754372  0.9514343
5276.377179  0.9794049
5276.999986  1.025479
5277.622793  1.048726
5278.2456  1.051966
5278.868407  1.049804
5279.491214  1.03303
5280.114021  1.022497
5280.736828  1.018127
5281.359635  0.9986693
5281.982442  0.9886275
5282.605249  0.9798337
5283.228056  0.9593581
5283.850863  0.9555088
5284.47367  0.9811755
5285.096477  1.022723
5285.719284  1.050403
5286.342091  1.055228
5286.964898  1.044263
5287.587705  1.032057
5288.210512  1.032412
5288.833319  1.040221
5289.456126  1.047446
5290.078933  1.056557
5290.70174  1.058521
5291.324547  1.052495
5291.947354  1.045864
5292.570161  1.043965
5293.192968  1.046897
5293.815775  1.050097
5294.438582  1.051531
5295.061389  1.043301
5295.684196  1.028441
5296.307003  1.013181
5296.92981  0.9773097
5297.552617  0.9419597
5298.175424  0.943817
5298.798231  0.9776029
5299.421038  1.016499
5300.043845  1.037963
5300.666652  1.03741
5301.289459  1.019153
5301.912266  1.002227
5302.535073  1.005535
5303.15788  1.022867
5303.780687  1.042684
5304.403494  1.052839
5305.026301  1.048566
5305.649108  1.042114
5306.271915  1.0355
5306.894722  1.021247
5307.517529  1.013203
5308.140336  1.021977
5308.763143  1.04365
5309.38595  1.056907
5310.008757  1.056707
5310.631564  1.049806
5311.254371  1.045843
5311.877178  1.051024
5312.499985  1.051357
5313.122792  1.038592
5313.745599  1.040724
5314.368406  1.049525
5314.991213  1.043254
5315.61402  1.013229
5316.236827  0.976706
5316.859634  0.9684104
5317.482441  1.003887
5318.105248  1.038142
5318.728055  1.048746
5319.350862  1.041471
5319.973669  1.036538
5320.596476  1.037216
5321.219283  1.036352
5321.84209  1.026819
5322.464897  1.023941
5323.087704  1.008018
5323.710511  0.970864
5324.333318  0.9570857
5324.956125  0.9764743
5325.578932  1.010298
5326.201739  1.025028
5326.824546  0.9949252
5327.447353  0.9202955
5328.07016  0.8449175
5328.692967  0.8577708
5329.315774  0.9298362
5329.938581  0.999045
5330.561388  1.036235
5331.184195  1.044982
5331.807002  1.03295
5332.429809  1.011802
5333.052616  1.007753
5333.675423  1.021447
5334.29823  1.039031
5334.921037  1.046664
5335.543844  1.040359
5336.166651  1.024685
5336.789458  1.010433
5337.412265  1.016554
5338.035072  1.027803
5338.657879  1.022789
5339.280686  1.002733
5339.903493  0.9742859
5340.5263  0.9563463
5341.149107  0.9703923
5341.771914  1.004083
5342.394721  1.027772
5343.017528  1.027765
5343.640335  1.031641
5344.263142  1.038401
5344.885949  1.031494
5345.508756  1.004733
5346.131563  0.9998987
5346.75437  1.016577
5347.377177  1.022757
5347.999984  1.015342
5348.622791  0.9985895
5349.245598  0.9855298
5349.868405  0.9938966
5350.491212  1.017723
5351.114019  1.0389
5351.736826  1.043391
5352.359633  1.038486
5352.98244  1.02854
5353.605247  1.02071
5354.228054  1.031766
5354.850861  1.052142
5355.473668  1.065077
5356.096475  1.064298
5356.719282  1.056931
5357.342089  1.05374
5357.964896  1.05676
5358.587703  1.056353
5359.21051  1.052366
5359.833317  1.050818
5360.456124  1.053069
5361.078931  1.044852
5361.701738  1.025992
5362.324545  1.01052
5362.947352  1.011796
5363.570159  1.017655
5364.192966  1.009793
5364.815773  0.9886648
5365.43858  0.9870912
5366.061387  1.004674
5366.684194  1.010103
5367.307001  1.000877
5367.929808  1.003178
5368.552615  1.019492
5369.175422  0.9998826
5369.798229  0.9722129
5370.421036  0.9544562
5371.043843  0.9343888
5371.66665  0.9458899
5372.289457  0.9863999
5372.912264  1.023991
5373.535071  1.032489
5374.157878  1.040435
5374.780685  1.055999
5375.403492  1.048227
5376.026299  1.050729
5376.649106  1.055356
5377.271913  1.035621
5377.89472  1.027817
5378.517527  1.034824
5379.140334  1.037395
5379.763141  1.021349
5380.385948  1.00874
5381.008755  1.010167
5381.631562  1.013036
5382.254369  1.00717
5382.877176  0.9950189
5383.499983  0.9924851
5384.12279  1.017436
5384.745597  1.039019
5385.368404  1.043572
5385.991211  1.047268
5386.614018  1.044292
5387.236825  1.040571
5387.859632  1.041163
5388.482439  1.033646
5389.105246  1.02021
5389.728053  1.010212
5390.35086  1.008199
5390.973667  1.010364
5391.596474  1.006061
5392.219281  0.9914249
5392.842088  0.9830143
5393.464895  0.988916
5394.087702  1.006319
5394.710509  1.02225
5395.333316  1.028749
5395.956123  1.010811
5396.57893  0.9659157
5397.201737  0.9407001
5397.824544  0.9583349
5398.447351  0.9991799
5399.070158  1.015032
5399.692965  1.007434
5400.315772  0.9978813
5400.938579  1.003734
5401.561386  1.01922
5402.184193  1.030688
5402.807  1.020993
5403.429807  0.9774882
5404.052614  0.9400452
5404.675421  0.9316395
5405.298228  0.9305677
5405.921035  0.94492
5406.543842  0.9741591
5407.166649  1.005297
5407.789456  1.02044
5408.412263  1.01174
5409.03507  0.9836637
5409.657877  0.9514906
5410.280684  0.9447694
5410.903491  0.9637129
5411.526298  0.986486
5412.149105  1.011894
5412.771912  1.024562
5413.394719  1.01725
5414.017526  1.006775
5414.640333  0.9821756
5415.26314  0.9673216
5415.885947  0.9990839
5416.508754  1.02036
5417.131561  1.019368
5417.754368  1.013681
5418.377175  1.003061
5418.999982  1.006192
5419.622789  1.018031
5420.245596  1.012187
5420.868403  1.005622
5421.49121  1.011735
5422.114017  1.022913
5422.736824  1.015584
5423.359631  0.9827685
5423.982438  0.9498125
5424.605245  0.959101
5425.228052  0.9901575
5425.850859  1.01539
5426.473666  1.024776
5427.096473  1.033298
5427.71928  1.033701
5428.342087  1.009698
5428.964894  0.9579954
5429.587701  0.9221317
5430.210508  0.9379644
5430.833315  0.9954048
5431.456122  1.017985
5432.078929  1.008721
5432.701736  1.001809
5433.324543  0.9851628
5433.94735  0.9639692
5434.570157  0.9542953
5435.192964  0.9682012
5435.815771  0.9887539
5436.438578  1.001313
5437.061385  1.005192
5437.684192  1.015908
5438.306999  1.025429
5438.929806  1.028328
5439.552613  1.029528
5440.17542  1.022882
5440.798227  1.016123
5441.421034  1.020364
5442.043841  1.025733
5442.666648  1.02834
5443.289455  1.025756
5443.912262  1.015306
5444.535069  0.9902974
5445.157876  0.9635842
5445.780683  0.951098
5446.40349  0.9283144
5447.026297  0.9244875
5447.649104  0.9630878
5448.271911  1.004348
5448.894718  1.027336
5449.517525  1.031216
5450.140332  1.027485
5450.763139  1.019703
5451.385946  1.017986
5452.008753  1.026122
5452.63156  1.031728
5453.254367  1.030855
5453.877174  1.012133
5454.499981  0.9617143
5455.122788  0.9155756
5455.745595  0.9093094
5456.368402  0.9486012
5456.991209  0.9939173
5457.614016  1.018401
5458.236823  1.021156
5458.85963  1.020195
5459.482437  1.019537
5460.105244  1.01954
5460.728051  1.016923
5461.350858  1.004386
5461.973665  0.9815614
5462.596472  0.9569951
5463.219279  0.9446194
5463.842086  0.9645851
5464.464893  1.000625
5465.0877  1.011868
5465.710507  0.9952999
5466.333314  0.9829631
5466.956121  0.9972976
5467.578928  1.008722
5468.201735  1.011308
5468.824542  1.010243
