4780.  0.907353
4780.622807  0.9268625
4781.245614  0.9325573
4781.868421  0.9153009
4782.491228  0.8840568
4783.114035  0.8430419
4783.736842  0.8531945
4784.359649  0.9156783
4784.982456  0.951054
4785.605263  0.8891982
4786.22807  0.8057273
4786.850877  0.8093264
4787.473684  0.8756959
4788.096491  0.906235
4788.719298  0.8676321
4789.342105  0.8333685
4789.964912  0.8411748
4790.587719  0.8712488
4791.210526  0.8827072
4791.833333  0.8753976
4792.45614  0.8784257
4793.078947  0.9141708
4793.701754  0.9690444
4794.324561  0.9990024
4794.947368  0.9954053
4795.570175  0.9802431
4796.192982  0.9584387
4796.815789  0.9413112
4797.438596  0.9240317
4798.061403  0.8777416
4798.68421  0.8474319
4799.307017  0.8433186
4799.929824  0.837045
4800.552631  0.8593677
4801.175438  0.9112445
4801.798245  0.96213
4802.421052  0.973041
4803.043859  0.9733141
4803.666666  0.9657663
4804.289473  0.9159234
4804.91228  0.8766066
4805.535087  0.883954
4806.157894  0.9186439
4806.780701  0.9046323
4807.403508  0.8675647
4808.026315  0.850856
4808.649122  0.8589417
4809.271929  0.8965862
4809.894736  0.9298872
4810.517543  0.9254467
4811.14035  0.9201206
4811.763157  0.9235863
4812.385964  0.9251465
4813.008771  0.9152101
4813.631578  0.9153997
4814.254385  0.9257236
4814.877192  0.9303381
4815.499999  0.9438783
4816.122806  0.9687927
4816.745613  0.9857401
4817.36842  0.9670349
4817.991227  0.9551807
4818.614034  0.9730282
4819.236841  0.9941151
4819.859648  0.9855961
4820.482455  0.9662409
4821.105262  0.9677766
4821.728069  0.9766141
4822.350876  0.9443768
4822.973683  0.8742033
4823.59649  0.8352523
4824.219297  0.8567656
4824.842104  0.9110199
4825.464911  0.9507981
4826.087718  0.9716733
4826.710525  0.9669479
4827.333332  0.9442528
4827.956139  0.9281955
4828.578946  0.9052272
4829.201753  0.900159
4829.82456  0.939774
4830.447367  0.9515345
4831.070174  0.9052206
4831.692981  0.8423983
4832.315788  0.8464895
4832.938595  0.8924419
4833.561402  0.9350765
4834.184209  0.955009
4834.807016  0.9522869
4835.429823  0.9331726
4836.05263  0.9185602
4836.675437  0.9464446
4837.298244  0.9656959
4837.921051  0.9435989
4838.543858  0.9051201
4839.166665  0.8713157
4839.789472  0.8479771
4840.412279  0.8424863
4841.035086  0.8847834
4841.657893  0.9235548
4842.2807  0.9114227
4842.903507  0.8664511
4843.526314  0.8576875
4844.149121  0.898133
4844.771928  0.9462922
4845.394735  0.9730073
4846.017542  0.9802113
4846.640349  0.9758191
4847.263156  0.9535781
4847.885963  0.8964606
4848.50877  0.8434086
4849.131577  0.8590901
4849.754384  0.9311345
4850.377191  0.9801817
4850.999998  0.9590852
4851.622805  0.9267666
4852.245612  0.9276394
4852.868419  0.9542361
4853.491226  0.9577183
4854.114033  0.9155816
4854.73684  0.8367841
4855.359647  0.7709329
4855.982454  0.79588
4856.605261  0.8750762
4857.228068  0.9351406
4857.850875  0.9351797
4858.473682  0.8946407
4859.096489  0.8448797
4859.719296  0.789414
4860.342103  0.6807582
4860.96491  0.5668303
4861.587717  0.5546908
4862.210524  0.7109177
4862.833331  0.8348682
4863.456138  0.8433414
4864.078945  0.820529
4864.701752  0.8333262
4865.324559  0.8715456
4865.947366  0.8995438
4866.570173  0.9120937
4867.19298  0.8910356
4867.815787  0.8602908
4868.438594  0.8698687
4869.061401  0.9087215
4869.684208  0.917634
4870.307015  0.8561469
4870.929822  0.7614736
4871.552629  0.7174591
4872.175436  0.7581794
4872.798243  0.8366608
4873.42105  0.8837718
4874.043857  0.8866087
4874.666664  0.8701352
4875.289471  0.8436789
4875.912278  0.8604196
4876.535085  0.9142957
4877.157892  0.9205023
4877.780699  0.894818
4878.403506  0.9072806
4879.026313  0.9891632
4879.64912  1.027866
4880.271927  0.9865183
4880.894734  0.9011527
4881.517541  0.839229
4882.140348  0.8594847
4882.763155  0.92634
4883.385962  0.9491709
4884.008769  0.9272147
4884.631576  0.8756021
4885.254383  0.8225281
4885.87719  0.8050054
4886.499997  0.8194227
4887.122804  0.8493399
4887.745611  0.8775626
4888.368418  0.8682622
4888.991225  0.8650259
4889.614032  0.8897929
4890.236839  0.826096
4890.859646  0.7414029
4891.482453  0.7453776
4892.10526  0.858885
4892.728067  0.9478515
4893.350874  0.9772168
4893.973681  1.002609
4894.596488  1.03108
4895.219295  1.043802
4895.842102  1.030137
4896.464909  1.011601
4897.087716  1.016433
4897.710523  1.034118
4898.33333  1.026117
4898.956137  0.9754949
4899.578944  0.9180556
4900.201751  0.902795
4900.824558  0.9434546
4901.447365  0.9830133
4902.070172  0.9771075
4902.692979  0.9345876
4903.315786  0.9040158
4903.938593  0.905112
4904.5614  0.9319583
4905.184207  0.9756723
4905.807014  1.017686
4906.429821  1.028924
4907.052628  0.9906892
4907.675435  0.9486805
4908.298242  0.9265822
4908.921049  0.9092903
4909.543856  0.8586049
4910.166663  0.8190206
4910.78947  0.82719
4911.412277  0.8567864
4912.035084  0.9024175
4912.657891  0.9319052
4913.280698  0.9217119
4913.903505  0.9303878
4914.526312  0.9646921
4915.149119  1.000742
4915.771926  1.019747
4916.394733  1.006063
4917.01754  0.9585984
4917.640347  0.889742
4918.263154  0.8170585
4918.885961  0.7634172
4919.508768  0.7360849
4920.131575  0.7137756
4920.754382  0.7327263
4921.377189  0.8014851
4921.999996  0.8735564
4922.622803  0.9120137
4923.24561  0.9042464
4923.868417  0.8659268
4924.491224  0.834946
4925.114031  0.8520864
4925.736838  0.9145314
4926.359645  0.9661926
4926.982452  0.9550826
4927.605259  0.9253339
4928.228066  0.9536033
4928.850873  1.005347
4929.47368  1.018158
4930.096487  0.9870691
4930.719294  0.9898527
4931.342101  1.01758
4931.964908  1.020938
4932.587715  0.9598227
4933.210522  0.8563942
4933.833329  0.8093256
4934.456136  0.8709741
4935.078943  0.9493449
4935.70175  0.9742503
4936.324557  0.9390264
4936.947364  0.8895831
4937.570171  0.8408405
4938.192978  0.7951896
4938.815785  0.767014
4939.438592  0.8012484
4940.061399  0.8893859
4940.684206  0.9763101
4941.307013  1.001071
4941.92982  0.9812489
4942.552627  0.9706275
4943.175434  1.002314
4943.798241  1.028501
4944.421048  1.018808
4945.043855  0.9738451
4945.666662  0.9252673
4946.289469  0.927822
4946.912276  0.971742
4947.535083  1.000907
4948.15789  1.014368
4948.780697  1.010445
4949.403504  0.9962021
4950.026311  0.9923882
4950.649118  1.011089
4951.271925  1.026862
4951.894732  1.001379
4952.517539  0.969208
4953.140346  0.9621231
4953.763153  0.9796447
4954.38596  0.9864842
4955.008767  1.007815
4955.631574  1.026003
4956.254381  0.9605806
4956.877188  0.8070233
4957.499995  0.7026962
4958.122802  0.7745234
4958.745609  0.9147082
4959.368416  1.016799
4959.991223  1.04357
4960.61403  1.036626
4961.236837  1.007102
4961.859644  0.9820133
4962.482451  0.9920465
4963.105258  1.025321
4963.728065  1.031863
4964.350872  0.9835423
4964.973679  0.917459
4965.596486  0.8840104
4966.219293  0.9013105
4966.8421  0.9385819
4967.464907  0.9306383
4968.087714  0.9069746
4968.710521  0.9187617
4969.333328  0.9351642
4969.956135  0.922707
4970.578942  0.9077581
4971.201749  0.9543257
4971.824556  0.9945616
4972.447363  0.9957258
4973.07017  0.9843782
4973.692977  1.003908
4974.315784  1.023901
4974.938591  1.009152
4975.561398  0.9741346
4976.184205  0.9627863
4976.807012  0.965944
4977.429819  0.9428205
4978.052626  0.9060145
4978.675433  0.888585
4979.29824  0.9044411
4979.921047  0.9253888
4980.543854  0.9316478
4981.166661  0.9051989
4981.789468  0.8446239
4982.412275  0.79351
4983.035082  0.7796599
4983.657889  0.8024161
4984.280696  0.8354262
4984.903503  0.8469335
4985.52631  0.848086
4986.149117  0.8845069
4986.771924  0.9460341
4987.394731  0.9868649
4988.017538  0.9772933
4988.640345  0.9521778
4989.263152  0.9446251
4989.885959  0.9427394
4990.508766  0.9016119
4991.131573  0.885652
4991.75438  0.9258606
4992.377187  0.9785177
4992.999994  0.9523451
4993.622801  0.90019
4994.245608  0.903345
4994.868415  0.9534233
4995.491222  0.9753804
4996.114029  0.952844
4996.736836  0.9365302
4997.359643  0.9461065
4997.98245  0.9545785
4998.605257  0.930157
4999.228064  0.8830373
4999.850871  0.8558479
5000.473678  0.8623884
5001.096485  0.8748913
5001.719292  0.8816941
5002.342099  0.8848147
5002.964906  0.8902469
5003.587713  0.8938988
5004.21052  0.8860633
5004.833327  0.85592
5005.456134  0.8038685
5006.078941  0.776023
5006.701748  0.7965565
5007.324555  0.8567365
5007.947362  0.9380826
5008.570169  0.9762139
5009.192976  0.9483725
5009.815783  0.9179534
5010.43859  0.9129446
5011.061397  0.9026078
5011.684204  0.8456076
5012.307011  0.8035178
5012.929818  0.7836704
5013.552625  0.7680181
5014.175432  0.7654522
5014.798239  0.8017449
5015.421046  0.8603541
5016.043853  0.8857784
5016.66666  0.8758543
5017.289467  0.8431427
5017.912274  0.8145261
5018.535081  0.8294423
5019.157888  0.8646808
5019.780695  0.8911117
5020.403502  0.9038349
5021.026309  0.8911891
5021.649116  0.8538876
5022.271923  0.8196191
5022.89473  0.8433049
5023.517537  0.8944481
5024.140344  0.9176357
5024.763151  0.9022197
5025.385958  0.9117335
5026.008765  0.9290087
5026.631572  0.8852647
5027.254379  0.8277577
5027.877186  0.8289329
5028.499993  0.8997328
5029.1228  0.9478237
5029.745607  0.9506871
5030.368414  0.9345644
5030.991221  0.9372767
5031.614028  0.9606624
5032.236835  0.9917874
5032.859642  1.016055
5033.482449  1.028625
5034.105256  1.014714
5034.728063  0.9571447
5035.35087  0.8598971
5035.973677  0.8069385
5036.596484  0.8403843
5037.219291  0.9178679
5037.842098  0.9246004
5038.464905  0.8784231
5039.087712  0.8358059
5039.710519  0.7990471
5040.333326  0.7216689
5040.956133  0.6445379
5041.57894  0.6670954
5042.201747  0.7924438
5042.824554  0.9104942
5043.447361  0.9403534
5044.070168  0.9439214
5044.692975  0.964281
5045.315782  1.004196
5045.938589  1.033721
5046.561396  1.03769
5047.184203  0.994413
5047.80701  0.9108642
5048.429817  0.8491783
5049.052624  0.8362875
5049.675431  0.8633224
5050.298238  0.8968993
5050.921045  0.8869374
5051.543852  0.855451
5052.166659  0.8592902
5052.789466  0.9009941
5053.412273  0.9432898
5054.03508  0.9658818
5054.657887  0.9925727
5055.280694  1.002826
5055.903501  0.9902703
5056.526308  0.9726987
5057.149115  0.96749
5057.771922  0.9794244
5058.394729  0.9926158
5059.017536  0.9816072
5059.640343  0.9692161
5060.26315  0.9820926
5060.885957  1.017547
5061.508764  1.033187
5062.131571  1.029836
5062.754378  1.021624
5063.377185  0.9862466
5063.999992  0.9068639
5064.622799  0.8257335
5065.245606  0.8254566
5065.868413  0.8836268
5066.49122  0.9327505
5067.114027  0.9266585
5067.736834  0.8964068
5068.359641  0.8781027
5068.982448  0.8955559
5069.605255  0.9481021
5070.228062  0.9839737
5070.850869  0.9674559
5071.473676  0.9080779
5072.096483  0.8562347
5072.71929  0.8673354
5073.342097  0.9325491
5073.964904  0.9588138
5074.587711  0.9455197
5075.210518  0.9218768
5075.833325  0.9101394
5076.456132  0.9219201
5077.078939  0.9592418
5077.701746  0.9868173
5078.324553  0.9225918
5078.94736  0.80466
5079.570167  0.7195146
5080.192974  0.7249764
5080.815781  0.7895734
5081.438588  0.8616532
5082.061395  0.8988531
5082.684202  0.8769995
5083.307009  0.8523137
5083.929816  0.8709725
5084.552623  0.9103808
5085.17543  0.9407299
5085.798237  0.9477916
5086.421044  0.9372193
5087.043851  0.9234186
5087.666658  0.9196539
5088.289465  0.9303536
5088.912272  0.9501951
5089.535079  0.9654738
5090.157886  0.9654452
5090.780693  0.9511412
5091.4035  0.9480279
5092.026307  0.9637929
5092.649114  0.9891593
5093.271921  1.010413
5093.894728  1.007969
5094.517535  0.9883739
5095.140342  0.9776254
5095.763149  0.9574362
5096.385956  0.9250335
5097.008763  0.892702
5097.63157  0.8586578
5098.254377  0.8067003
5098.877184  0.7630422
5099.499991  0.8009312
5100.122798  0.8790573
5100.745605  0.9468318
5101.368412  0.9819129
5101.991219  0.9781997
5102.614026  0.9525696
5103.236833  0.9280179
5103.85964  0.9143278
5104.482447  0.9049883
5105.105254  0.9047214
5105.728061  0.917751
5106.350868  0.8959777
5106.973675  0.8497356
5107.596482  0.8304223
5108.219289  0.8697777
5108.842096  0.8943457
5109.464903  0.864812
5110.08771  0.8347127
5110.710517  0.8573794
5111.333324  0.9154239
5111.956131  0.9515331
5112.578938  0.9439452
5113.201745  0.9312077
5113.824552  0.940981
5114.447359  0.949613
5115.070166  0.9453723
5115.692973  0.9432078
5116.31578  0.9640275
5116.938587  0.9890197
5117.561394  1.00143
5118.184201  0.9987094
5118.807008  0.9951333
5119.429815  0.9837259
5120.052622  0.9584124
5120.675429  0.9265723
5121.298236  0.9148824
5121.921043  0.9058691
5122.54385  0.8695503
5123.166657  0.8158767
5123.789464  0.7965127
5124.412271  0.8196765
5125.035078  0.8374552
5125.657885  0.8643185
5126.280692  0.8798018
5126.903499  0.8598622
5127.526306  0.8506565
5128.149113  0.8490689
5128.77192  0.8405151
5129.394727  0.8328651
5130.017534  0.8558683
5130.640341  0.8867744
5131.263148  0.8864169
5131.885955  0.904952
5132.508762  0.9237906
5133.131569  0.9162011
5133.754376  0.9116548
5134.377183  0.9431084
5134.99999  0.9874328
5135.622797  0.9823374
5136.245604  0.9160507
5136.868411  0.8628256
5137.491218  0.8767099
5138.114025  0.8793518
5138.736832  0.8354716
5139.359639  0.8010935
5139.982446  0.8683518
5140.605253  0.9364141
5141.22806  0.9188626
5141.850867  0.8249817
5142.473674  0.7654833
5143.096481  0.8020527
5143.719288  0.8920481
5144.342095  0.9169689
5144.964902  0.8873524
5145.587709  0.8563582
5146.210516  0.8536736
5146.833323  0.8417071
5147.45613  0.8253639
5148.078937  0.8369129
5148.701744  0.8924543
5149.324551  0.922213
5149.947358  0.8980408
5150.570165  0.8616189
5151.192972  0.8344758
5151.815779  0.8321886
5152.438586  0.8506164
5153.061393  0.857682
5153.6842  0.8581898
5154.307007  0.8663753
5154.929814  0.8854235
5155.552621  0.9032906
5156.175428  0.9241455
5156.798235  0.9552355
5157.421042  0.9786131
5158.043849  0.9723591
5158.666656  0.9440735
5159.289463  0.9371554
5159.91227  0.9590725
5160.535077  0.9780713
5161.157884  0.9565203
5161.780691  0.9109244
5162.403498  0.8885406
5163.026305  0.9050106
5163.649112  0.9082836
5164.271919  0.8658058
5164.894726  0.8018329
5165.517533  0.7634465
5166.14034  0.6930692
5166.763147  0.6060792
5167.385954  0.5633335
5168.008761  0.5874632
5168.631568  0.6629338
5169.254375  0.7697869
5169.877182  0.8824843
5170.499989  0.8921586
5171.122796  0.7717661
5171.745603  0.5986978
5172.36841  0.4904514
5172.991217  0.5232264
5173.614024  0.6789519
5174.236831  0.8487514
5174.859638  0.9411933
5175.482445  0.945935
5176.105252  0.9222317
5176.728059  0.9201432
5177.350866  0.944941
5177.973673  0.9702347
5178.59648  0.967583
5179.219287  0.9501364
5179.842094  0.9389876
5180.464901  0.9376703
5181.087708  0.9282408
5181.710515  0.870197
5182.333322  0.735484
5182.956129  0.5482637
5183.578936  0.4540299
5184.201743  0.5419526
5184.82455  0.7425855
5185.447357  0.8836449
5186.070164  0.9349114
5186.692971  0.9652379
5187.315778  0.9548995
5187.938585  0.9112123
5188.561392  0.8855647
5189.184199  0.9433687
5189.807006  1.010835
5190.429813  1.004502
5191.05262  0.9059848
5191.675427  0.7832718
5192.298234  0.7352955
5192.921041  0.800114
5193.543848  0.8971638
5194.166655  0.9188229
5194.789462  0.8656957
5195.412269  0.8413405
5196.035076  0.8641775
5196.657883  0.9023769
5197.28069  0.9194915
5197.903497  0.9228205
5198.526304  0.9377119
5199.149111  0.9667435
5199.771918  0.9802129
5200.394725  0.9832895
5201.017532  0.9721381
5201.640339  0.9463735
5202.263146  0.9429383
5202.885953  0.9614552
5203.50876  0.9650317
5204.131567  0.9098788
5204.754374  0.8386659
5205.377181  0.7995712
5205.999988  0.8103887
5206.622795  0.8764136
5207.245602  0.8874499
5207.868409  0.7986017
5208.491216  0.7795095
5209.114023  0.831068
5209.73683  0.8839144
5210.359637  0.8923116
5210.982444  0.9132968
5211.605251  0.9502804
5212.228058  0.9739764
5212.850865  1.002313
5213.473672  1.009806
5214.096479  0.9792145
5214.719286  0.9325848
5215.342093  0.8871452
5215.9649  0.8657333
5216.587707  0.8793369
5217.210514  0.896634
5217.833321  0.9246446
5218.456128  0.9641798
5219.078935  0.976607
5219.701742  0.9693171
5220.324549  0.9725295
5220.947356  1.000622
5221.570163  1.002383
5222.19297  0.9796216
5222.815777  0.9573848
5223.438584  0.9287077
5224.061391  0.8851615
5224.684198  0.8422821
5225.307005  0.8222237
5225.929812  0.7619134
5226.552619  0.6953849
5227.175426  0.7121125
5227.798233  0.8301567
5228.42104  0.9441466
5229.043847  0.9737155
5229.666654  0.9561898
5230.289461  0.958885
5230.912268  0.9926641
5231.535075  1.006827
5232.157882  0.9458257
5232.780689  0.8835377
5233.403496  0.8872396
5234.026303  0.9006998
5234.64911  0.8956285
5235.271917  0.8954964
5235.894724  0.9414684
5236.517531  0.9929872
5237.140338  1.019606
5237.763145  1.018859
5238.385952  1.007914
5239.008759  0.991775
5239.631566  0.9823685
5240.254373  0.9979858
5240.87718  1.026793
5241.499987  1.032491
5242.122794  0.9984877
5242.745601  0.9757218
5243.368408  0.9854468
5243.991215  1.020901
5244.614022  1.058921
5245.236829  1.059441
5245.859636  1.001837
5246.482443  0.9083719
5247.10525  0.8471421
5247.728057  0.8702813
5248.350864  0.9467628
5248.973671  0.9577628
5249.596478  0.9010588
5250.219285  0.846545
5250.842092  0.8628258
5251.464899  0.912514
5252.087706  0.9478448
5252.710513  0.9537496
5253.33332  0.9642973
5253.956127  0.9421329
5254.578934  0.8824582
5255.201741  0.8520076
5255.824548  0.9065049
5256.447355  0.9958262
5257.070162  1.034611
5257.692969  1.049024
5258.315776  1.05503
5258.938583  1.052252
5259.56139  1.034802
5260.184197  1.013333
5260.807004  0.9804702
5261.429811  0.9237527
5262.052618  0.872922
5262.675425  0.8317937
5263.298232  0.7990984
5263.921039  0.79239
5264.543846  0.7848478
5265.166653  0.751677
5265.78946  0.7106732
5266.412267  0.7616696
5267.035074  0.8785232
5267.657881  0.9462086
5268.280688  0.8858055
5268.903495  0.7396731
5269.526302  0.6258596
5270.149109  0.6516371
5270.771916  0.7878262
5271.394723  0.926633
5272.01753  0.9718313
5272.640337  0.9365615
5273.263144  0.9077557
5273.885951  0.9232264
5274.508758  0.9090215
5275.131565  0.8662993
5275.754372  0.8536908
5276.377179  0.922133
5276.999986  1.012317
5277.622793  1.06665
5278.2456  1.069523
5278.868407  1.052214
5279.491214  1.018076
5280.114021  0.9745671
5280.736828  0.9444015
5281.359635  0.9298697
5281.982442  0.9288823
5282.605249  0.9265143
5283.228056  0.8837772
5283.850863  0.8610201
5284.47367  0.9072816
5285.096477  0.992575
5285.719284  1.060762
5286.342091  1.085446
5286.964898  1.076207
5287.587705  1.048197
5288.210512  1.028963
5288.833319  1.034068
5289.456126  1.057203
5290.078933  1.079221
5290.70174  1.088295
5291.324547  1.083146
5291.947354  1.057913
5292.570161  1.026295
5293.192968  1.009377
5293.815775  1.015175
5294.438582  1.027741
5295.061389  1.024506
5295.684196  0.9938436
5296.307003  0.9439144
5296.92981  0.8775578
5297.552617  0.8115337
5298.175424  0.8106265
5298.798231  0.8877572
5299.421038  0.9811507
5300.043845  0.9928212
5300.666652  0.9614955
5301.289459  0.9395548
5301.912266  0.9456893
5302.535073  0.9754397
5303.15788  1.014647
5303.780687  1.049943
5304.403494  1.076577
5305.026301  1.088743
5305.649108  1.080938
5306.271915  1.052399
5306.894722  1.019949
5307.517529  1.008986
5308.140336  1.029871
5308.763143  1.061225
5309.38595  1.082606
5310.008757  1.08572
5310.631564  1.077649
5311.254371  1.077889
5311.877178  1.075466
5312.499985  1.053198
5313.122792  1.042154
5313.745599  1.045931
5314.368406  1.053044
5314.991213  1.053601
5315.61402  1.022593
5316.236827  0.9790376
5316.859634  0.9726055
5317.482441  1.007078
5318.105248  1.037408
5318.728055  1.03174
5319.350862  1.019465
5319.973669  1.018589
5320.596476  1.021129
5321.219283  1.008629
5321.84209  1.013929
5322.464897  1.024367
5323.087704  1.003255
5323.710511  0.9483486
5324.333318  0.9272683
5324.956125  0.9627767
5325.578932  0.9883894
5326.201739  1.005927
5326.824546  0.9511488
5327.447353  0.7828694
5328.07016  0.6698359
5328.692967  0.6919952
5329.315774  0.8151745
5329.938581  0.9369145
5330.561388  1.011927
5331.184195  1.029846
5331.807002  1.002581
5332.429809  0.9601331
5333.052616  0.9526585
5333.675423  0.997717
5334.29823  1.04327
5334.921037  1.068061
5335.543844  1.065662
5336.166651  1.038657
5336.789458  1.017823
5337.412265  1.023267
5338.035072  1.045092
5338.657879  1.039513
5339.280686  0.9872527
5339.903493  0.9103051
5340.5263  0.8635943
5341.149107  0.8894441
5341.771914  0.9642571
5342.394721  1.022222
5343.017528  1.0302
5343.640335  1.031482
5344.263142  1.049924
5344.885949  1.026681
5345.508756  0.9854653
5346.131563  0.9735823
5346.75437  1.006676
5347.377177  1.017642
5347.999984  0.9913961
5348.622791  0.9562388
5349.245598  0.9376583
5349.868405  0.960584
5350.491212  1.012041
5351.114019  1.043739
5351.736826  1.054914
5352.359633  1.044593
5352.98244  1.018996
5353.605247  1.018608
5354.228054  1.052132
5354.850861  1.09455
5355.473668  1.109578
5356.096475  1.105067
5356.719282  1.096201
5357.342089  1.092223
5357.964896  1.093281
5358.587703  1.09418
5359.21051  1.092413
5359.833317  1.09543
5360.456124  1.087538
5361.078931  1.0603
5361.701738  1.024813
5362.324545  1.012504
5362.947352  1.029107
5363.570159  1.046152
5364.192966  1.019113
5364.815773  0.9839903
5365.43858  0.9830577
5366.061387  1.0104
5366.684194  1.019284
5367.307001  1.014808
5367.929808  1.027346
5368.552615  1.015109
5369.175422  0.9783254
5369.798229  0.9311795
5370.421036  0.8763571
5371.043843  0.8369885
5371.66665  0.8571379
5372.289457  0.9538075
5372.912264  1.026285
5373.535071  1.053811
5374.157878  1.068586
5374.780685  1.081125
5375.403492  1.088757
5376.026299  1.079349
5376.649106  1.048368
5377.271913  1.033814
5377.89472  1.043165
5378.517527  1.0563
5379.140334  1.058762
5379.763141  1.042293
5380.385948  1.018809
5381.008755  1.015157
5381.631562  1.026492
5382.254369  1.027593
5382.877176  1.004975
5383.499983  1.003082
5384.12279  1.030937
5384.745597  1.063181
5385.368404  1.067615
5385.991211  1.048157
5386.614018  1.028378
5387.236825  1.026157
5387.859632  1.030784
5388.482439  1.022055
5389.105246  0.9961536
5389.728053  0.9816812
5390.35086  0.9755948
5390.973667  0.9689831
5391.596474  0.9647889
5392.219281  0.9640555
5392.842088  0.9637506
5393.464895  0.960305
5394.087702  0.9583402
5394.710509  0.9695378
5395.333316  0.980756
5395.956123  0.9500637
5396.57893  0.8783014
5397.201737  0.8320348
5397.824544  0.8797129
5398.447351  0.9632332
5399.070158  1.01188
5399.692965  1.00005
5400.315772  0.9707898
5400.938579  0.9671876
5401.561386  0.9996387
5402.184193  1.03421
5402.807  1.024244
5403.429807  0.9693857
5404.052614  0.9042731
5404.675421  0.8541107
5405.298228  0.8266513
5405.921035  0.8268374
5406.543842  0.861318
5407.166649  0.9166557
5407.789456  0.9650969
5408.412263  0.9782761
5409.03507  0.9410804
5409.657877  0.8970833
5410.280684  0.8944654
5410.903491  0.9367004
5411.526298  0.993362
5412.149105  1.032714
5412.771912  1.04301
5413.394719  1.040265
5414.017526  1.022492
5414.640333  0.994304
5415.26314  0.9956278
5415.885947  1.022691
5416.508754  1.053843
5417.131561  1.070294
5417.754368  1.05885
5418.377175  1.035842
5418.999982  1.020521
5419.622789  0.9935796
5420.245596  0.9641194
5420.868403  0.9578171
5421.49121  0.9929097
5422.114017  1.040521
5422.736824  1.05244
5423.359631  1.002915
5423.982438  0.9392056
5424.605245  0.9263045
5425.228052  0.9799999
5425.850859  1.031711
5426.473666  1.059465
5427.096473  1.074406
5427.71928  1.085581
5428.342087  1.031941
5428.964894  0.9194303
5429.587701  0.8334352
5430.210508  0.8832461
5430.833315  0.9888711
5431.456122  1.032362
5432.078929  0.9874542
5432.701736  0.9521371
5433.324543  0.9444815
5433.94735  0.9176237
5434.570157  0.8989142
5435.192964  0.9026313
5435.815771  0.9172543
5436.438578  0.9208205
5437.061385  0.9546288
5437.684192  1.018844
5438.306999  1.065046
5438.929806  1.087395
5439.552613  1.091477
5440.17542  1.084064
5440.798227  1.069202
5441.421034  1.060704
5442.043841  1.063939
5442.666648  1.070373
5443.289455  1.074003
5443.912262  1.058792
5444.535069  1.021331
5445.157876  0.9975911
5445.780683  0.947153
5446.40349  0.8661821
5447.026297  0.8431295
5447.649104  0.9144097
5448.271911  1.015662
5448.894718  1.054597
5449.517525  1.074041
5450.140332  1.081594
5450.763139  1.070376
5451.385946  1.057346
5452.008753  1.04986
5452.63156  1.042696
5453.254367  1.026437
5453.877174  1.011236
5454.499981  0.9669234
5455.122788  0.8871123
5455.745595  0.8639877
5456.368402  0.9213444
5456.991209  1.010261
5457.614016  1.055939
5458.236823  1.079548
5458.85963  1.08826
5459.482437  1.070556
5460.105244  1.045232
5460.728051  1.031048
5461.350858  1.022346
5461.973665  0.9883147
5462.596472  0.9389542
5463.219279  0.9137509
5463.842086  0.9451196
5464.464893  1.006488
5465.0877  1.045035
5465.710507  1.033592
5466.333314  1.009188
5466.956121  1.001195
5467.578928  1.016731
5468.201735  1.040541
5468.824542  1.046194
