4780.  0.8343195
4780.622807  0.8396171
4781.245614  0.8420877
4781.868421  0.835582
4782.491228  0.8132508
4783.114035  0.7690968
4783.736842  0.7595222
4784.359649  0.8074332
4784.982456  0.8522709
4785.605263  0.8276015
4786.22807  0.7634295
4786.850877  0.7484685
4787.473684  0.8079023
4788.096491  0.84781
4788.719298  0.8103172
4789.342105  0.7748426
4789.964912  0.7687505
4790.587719  0.7882141
4791.210526  0.8116689
4791.833333  0.8147492
4792.45614  0.8208917
4793.078947  0.8572251
4793.701754  0.9088333
4794.324561  0.941036
4794.947368  0.9426245
4795.570175  0.9274897
4796.192982  0.8920951
4796.815789  0.8658856
4797.438596  0.8650351
4798.061403  0.8399221
4798.68421  0.8029
4799.307017  0.7773471
4799.929824  0.7703965
4800.552631  0.794013
4801.175438  0.8436893
4801.798245  0.8956849
4802.421052  0.9179443
4803.043859  0.9259071
4803.666666  0.9242505
4804.289473  0.8852608
4804.91228  0.8404383
4805.535087  0.8289971
4806.157894  0.8528733
4806.780701  0.8441197
4807.403508  0.8113831
4808.026315  0.7930644
4808.649122  0.8018613
4809.271929  0.8349581
4809.894736  0.8709999
4810.517543  0.88418
4811.14035  0.8719881
4811.763157  0.8610283
4812.385964  0.8654441
4813.008771  0.8595186
4813.631578  0.8536528
4814.254385  0.8549033
4814.877192  0.8563321
4815.499999  0.8586818
4816.122806  0.8771745
4816.745613  0.9100496
4817.36842  0.9141863
4817.991227  0.909448
4818.614034  0.9194377
4819.236841  0.9379131
4819.859648  0.9330526
4820.482455  0.9136005
4821.105262  0.908378
4821.728069  0.9188848
4822.350876  0.8902678
4822.973683  0.8147829
4823.59649  0.7691694
4824.219297  0.78862
4824.842104  0.844692
4825.464911  0.8838958
4826.087718  0.9022038
4826.710525  0.8943323
4827.333332  0.8674119
4827.956139  0.8459136
4828.578946  0.8355471
4829.201753  0.8436971
4829.82456  0.8723272
4830.447367  0.8939721
4831.070174  0.8567731
4831.692981  0.774798
4832.315788  0.7661623
4832.938595  0.811478
4833.561402  0.86091
4834.184209  0.889854
4834.807016  0.8921901
4835.429823  0.8716003
4836.05263  0.8509502
4836.675437  0.8703042
4837.298244  0.8942065
4837.921051  0.8877664
4838.543858  0.8578351
4839.166665  0.8223806
4839.789472  0.7963819
4840.412279  0.7938551
4841.035086  0.8315862
4841.657893  0.8655249
4842.2807  0.8568007
4842.903507  0.8161336
4843.526314  0.7950332
4844.149121  0.8189884
4844.771928  0.8712621
4845.394735  0.9116671
4846.017542  0.9271548
4846.640349  0.9202604
4847.263156  0.893055
4847.885963  0.8358777
4848.50877  0.7846358
4849.131577  0.7968687
4849.754384  0.8717046
4850.377191  0.9246461
4850.999998  0.9024024
4851.622805  0.8701653
4852.245612  0.8742898
4852.868419  0.904514
4853.491226  0.9080746
4854.114033  0.8613442
4854.73684  0.7815054
4855.359647  0.7240635
4855.982454  0.7563443
4856.605261  0.8320894
4857.228068  0.8839869
4857.850875  0.8865957
4858.473682  0.850697
4859.096489  0.8096241
4859.719296  0.7708017
4860.342103  0.6792079
4860.96491  0.5805984
4861.587717  0.5699727
4862.210524  0.696414
4862.833331  0.7965172
4863.456138  0.7988787
4864.078945  0.766094
4864.701752  0.7774813
4865.324559  0.8206353
4865.947366  0.8551227
4866.570173  0.8711424
4867.19298  0.837759
4867.815787  0.7923887
4868.438594  0.8054301
4869.061401  0.8525968
4869.684208  0.8650907
4870.307015  0.8009412
4870.929822  0.7004372
4871.552629  0.6534236
4872.175436  0.6946905
4872.798243  0.7751612
4873.42105  0.8264017
4874.043857  0.833689
4874.666664  0.8169648
4875.289471  0.7874911
4875.912278  0.8091225
4876.535085  0.8697658
4877.157892  0.8758905
4877.780699  0.8532948
4878.403506  0.8660707
4879.026313  0.9330555
4879.64912  0.9629899
4880.271927  0.9077239
4880.894734  0.8069652
4881.517541  0.7634928
4882.140348  0.7960488
4882.763155  0.8621868
4883.385962  0.8993562
4884.008769  0.8752275
4884.631576  0.8171121
4885.254383  0.766148
4885.87719  0.738806
4886.499997  0.753682
4887.122804  0.7924659
4887.745611  0.8159852
4888.368418  0.8180106
4888.991225  0.8223422
4889.614032  0.821327
4890.236839  0.7494416
4890.859646  0.6603513
4891.482453  0.6504875
4892.10526  0.7609259
4892.728067  0.8681429
4893.350874  0.9200912
4893.973681  0.9446863
4894.596488  0.9811684
4895.219295  1.003553
4895.842102  0.9918153
4896.464909  0.9696714
4897.087716  0.969547
4897.710523  0.9865656
4898.33333  0.9829482
4898.956137  0.9249662
4899.578944  0.8555627
4900.201751  0.8362696
4900.824558  0.8837977
4901.447365  0.925254
4902.070172  0.9187624
4902.692979  0.8799082
4903.315786  0.842205
4903.938593  0.8400171
4904.5614  0.8810232
4905.184207  0.9361714
4905.807014  0.9811568
4906.429821  0.9848922
4907.052628  0.9348875
4907.675435  0.8988779
4908.298242  0.8785308
4908.921049  0.8448482
4909.543856  0.8028975
4910.166663  0.780834
4910.78947  0.7923523
4911.412277  0.8237385
4912.035084  0.8585587
4912.657891  0.8804955
4913.280698  0.8830051
4913.903505  0.8804188
4914.526312  0.9073345
4915.149119  0.9547904
4915.771926  0.9668882
4916.394733  0.9556584
4917.01754  0.9264875
4917.640347  0.8686159
4918.263154  0.7790409
4918.885961  0.6936623
4919.508768  0.6421911
4920.131575  0.6201302
4920.754382  0.6430011
4921.377189  0.717917
4921.999996  0.8199608
4922.622803  0.8741252
4923.24561  0.8693533
4923.868417  0.8328659
4924.491224  0.7904478
4925.114031  0.7851916
4925.736838  0.8318813
4926.359645  0.8982145
4926.982452  0.9128035
4927.605259  0.8988273
4928.228066  0.91768
4928.850873  0.9708952
4929.47368  0.9895169
4930.096487  0.9600277
4930.719294  0.9482921
4931.342101  0.9699394
4931.964908  0.9698672
4932.587715  0.8987153
4933.210522  0.8085534
4933.833329  0.7819525
4934.456136  0.8397234
4935.078943  0.9102409
4935.70175  0.930221
4936.324557  0.8946807
4936.947364  0.8387883
4937.570171  0.7728922
4938.192978  0.7226796
4938.815785  0.7129366
4939.438592  0.7513843
4940.061399  0.8300763
4940.684206  0.905022
4941.307013  0.9284698
4941.92982  0.9201515
4942.552627  0.9200902
4943.175434  0.9487344
4943.798241  0.9804016
4944.421048  0.9717653
4945.043855  0.9223629
4945.666662  0.8821286
4946.289469  0.8934501
4946.912276  0.9341596
4947.535083  0.9586474
4948.15789  0.9618812
4948.780697  0.9597121
4949.403504  0.9615468
4950.026311  0.9635162
4950.649118  0.9872918
4951.271925  1.001769
4951.894732  0.9704366
4952.517539  0.9404014
4953.140346  0.9327874
4953.763153  0.940014
4954.38596  0.9426128
4955.008767  0.9682155
4955.631574  0.977926
4956.254381  0.8969842
4956.877188  0.7301073
4957.499995  0.6241083
4958.122802  0.6858317
4958.745609  0.83788
4959.368416  0.9522468
4959.991223  0.9883222
4960.61403  0.9934152
4961.236837  0.9692619
4961.859644  0.9456217
4962.482451  0.9550244
4963.105258  0.9932322
4963.728065  0.9860995
4964.350872  0.9134479
4964.973679  0.842026
4965.596486  0.8204653
4966.219293  0.8394537
4966.8421  0.8589373
4967.464907  0.8591951
4968.087714  0.8593301
4968.710521  0.8766078
4969.333328  0.8995178
4969.956135  0.8917913
4970.578942  0.8842278
4971.201749  0.9220672
4971.824556  0.9475809
4972.447363  0.9506455
4973.07017  0.9529312
4973.692977  0.9718954
4974.315784  0.9820778
4974.938591  0.9644907
4975.561398  0.9327399
4976.184205  0.9382938
4976.807012  0.9429504
4977.429819  0.9011998
4978.052626  0.8508514
4978.675433  0.8320138
4979.29824  0.8542663
4979.921047  0.8870351
4980.543854  0.8819937
4981.166661  0.8397622
4981.789468  0.7881268
4982.412275  0.7414491
4983.035082  0.7269364
4983.657889  0.7537734
4984.280696  0.7971193
4984.903503  0.812984
4985.52631  0.8127377
4986.149117  0.83716
4986.771924  0.8857291
4987.394731  0.9206631
4988.017538  0.9189622
4988.640345  0.8997592
4989.263152  0.886502
4989.885959  0.874999
4990.508766  0.8509398
4991.131573  0.8403074
4991.75438  0.8766149
4992.377187  0.9343747
4992.999994  0.9169561
4993.622801  0.8659376
4994.245608  0.8505533
4994.868415  0.8905496
4995.491222  0.9131659
4996.114029  0.9057704
4996.736836  0.8969455
4997.359643  0.8984521
4997.98245  0.8976918
4998.605257  0.8768923
4999.228064  0.8349728
4999.850871  0.804122
5000.473678  0.8040367
5001.096485  0.8257481
5001.719292  0.8326424
5002.342099  0.8399371
5002.964906  0.8537781
5003.587713  0.8468242
5004.21052  0.8289924
5004.833327  0.8010182
5005.456134  0.7577991
5006.078941  0.7175618
5006.701748  0.7320383
5007.324555  0.8103382
5007.947362  0.8832716
5008.570169  0.905543
5009.192976  0.8863118
5009.815783  0.870501
5010.43859  0.8754541
5011.061397  0.860992
5011.684204  0.8042264
5012.307011  0.7603972
5012.929818  0.731901
5013.552625  0.7095472
5014.175432  0.7003341
5014.798239  0.7341387
5015.421046  0.7964596
5016.043853  0.8417153
5016.66666  0.8336234
5017.289467  0.7989748
5017.912274  0.7808339
5018.535081  0.7976685
5019.157888  0.8260427
5019.780695  0.8433851
5020.403502  0.8409422
5021.026309  0.8206031
5021.649116  0.7781717
5022.271923  0.7433002
5022.89473  0.7762016
5023.517537  0.8378389
5024.140344  0.8696721
5024.763151  0.8562802
5025.385958  0.8697203
5026.008765  0.8778539
5026.631572  0.8315843
5027.254379  0.7655356
5027.877186  0.7596068
5028.499993  0.8243305
5029.1228  0.8884928
5029.745607  0.8965148
5030.368414  0.8825737
5030.991221  0.8977041
5031.614028  0.9213684
5032.236835  0.9442649
5032.859642  0.9670647
5033.482449  0.9868031
5034.105256  0.9706297
5034.728063  0.9024838
5035.35087  0.8068348
5035.973677  0.7528895
5036.596484  0.7848246
5037.219291  0.8622704
5037.842098  0.8778016
5038.464905  0.835843
5039.087712  0.7801827
5039.710519  0.731407
5040.333326  0.6314846
5040.956133  0.5617909
5041.57894  0.6097167
5042.201747  0.7373533
5042.824554  0.8395354
5043.447361  0.8770244
5044.070168  0.8942201
5044.692975  0.9214249
5045.315782  0.957744
5045.938589  0.9865041
5046.561396  0.9957001
5047.184203  0.9430068
5047.80701  0.8488841
5048.429817  0.7923024
5049.052624  0.762989
5049.675431  0.7720689
5050.298238  0.8172241
5050.921045  0.820489
5051.543852  0.8044899
5052.166659  0.8126523
5052.789466  0.8460457
5053.412273  0.8755664
5054.03508  0.8986441
5054.657887  0.9237072
5055.280694  0.9239966
5055.903501  0.9108662
5056.526308  0.9062444
5057.149115  0.9124328
5057.771922  0.929871
5058.394729  0.9416731
5059.017536  0.9312994
5059.640343  0.9279828
5060.26315  0.9433841
5060.885957  0.9638661
5061.508764  0.9652162
5062.131571  0.9609807
5062.754378  0.9535536
5063.377185  0.9179624
5063.999992  0.8171319
5064.622799  0.7288747
5065.245606  0.7431473
5065.868413  0.8138821
5066.49122  0.8626897
5067.114027  0.8517402
5067.736834  0.8132039
5068.359641  0.7968334
5068.982448  0.8203334
5069.605255  0.8667276
5070.228062  0.9079698
5070.850869  0.895501
5071.473676  0.8288145
5072.096483  0.7818841
5072.71929  0.8041506
5073.342097  0.8698071
5073.964904  0.9095488
5074.587711  0.9052807
5075.210518  0.8655841
5075.833325  0.8272286
5076.456132  0.8399183
5077.078939  0.891153
5077.701746  0.9157859
5078.324553  0.8510753
5078.94736  0.747936
5079.570167  0.6736614
5080.192974  0.6687788
5080.815781  0.721971
5081.438588  0.7792693
5082.061395  0.799445
5082.684202  0.7868493
5083.307009  0.7842439
5083.929816  0.80158
5084.552623  0.8219113
5085.17543  0.8461971
5085.798237  0.8601553
5086.421044  0.856445
5087.043851  0.848249
5087.666658  0.8484994
5088.289465  0.8592743
5088.912272  0.87446
5089.535079  0.8935965
5090.157886  0.8989163
5090.780693  0.8851909
5091.4035  0.8797085
5092.026307  0.8966209
5092.649114  0.9282398
5093.271921  0.950334
5093.894728  0.9399369
5094.517535  0.9082663
5095.140342  0.877564
5095.763149  0.850563
5096.385956  0.8445007
5097.008763  0.8463069
5097.63157  0.8147988
5098.254377  0.753373
5098.877184  0.714629
5099.499991  0.7436327
5100.122798  0.804617
5100.745605  0.8612098
5101.368412  0.8906918
5101.991219  0.8879393
5102.614026  0.8694175
5103.236833  0.8517119
5103.85964  0.8393954
5104.482447  0.8165348
5105.105254  0.8158593
5105.728061  0.8414336
5106.350868  0.8213072
5106.973675  0.7762097
5107.596482  0.7584694
5108.219289  0.7913015
5108.842096  0.8167384
5109.464903  0.7990102
5110.08771  0.7609262
5110.710517  0.7775906
5111.333324  0.8239765
5111.956131  0.847993
5112.578938  0.8325309
5113.201745  0.8258418
5113.824552  0.8527292
5114.447359  0.8924437
5115.070166  0.895481
5115.692973  0.8756222
5116.31578  0.8742089
5116.938587  0.9123201
5117.561394  0.9400979
5118.184201  0.9357616
5118.807008  0.9166831
5119.429815  0.8952606
5120.052622  0.8672125
5120.675429  0.83866
5121.298236  0.8381941
5121.921043  0.829713
5122.54385  0.7856255
5123.166657  0.7229697
5123.789464  0.6958703
5124.412271  0.7142918
5125.035078  0.7543673
5125.657885  0.7903679
5126.280692  0.7923431
5126.903499  0.7707427
5127.526306  0.7688446
5128.149113  0.7748529
5128.77192  0.7620499
5129.394727  0.7337406
5130.017534  0.7522201
5130.640341  0.7950886
5131.263148  0.8304182
5131.885955  0.8622994
5132.508762  0.862608
5133.131569  0.8371531
5133.754376  0.8258658
5134.377183  0.8654959
5134.99999  0.9140521
5135.622797  0.9125155
5136.245604  0.8551441
5136.868411  0.8188431
5137.491218  0.8208998
5138.114025  0.8045815
5138.736832  0.7466463
5139.359639  0.7270733
5139.982446  0.8030614
5140.605253  0.8815747
5141.22806  0.8636145
5141.850867  0.7663541
5142.473674  0.7151259
5143.096481  0.7504468
5143.719288  0.8166575
5144.342095  0.8354298
5144.964902  0.8054991
5145.587709  0.7769941
5146.210516  0.7723358
5146.833323  0.7601817
5147.45613  0.7579173
5148.078937  0.7796297
5148.701744  0.8136927
5149.324551  0.8190867
5149.947358  0.8004818
5150.570165  0.7767366
5151.192972  0.7509223
5151.815779  0.7525095
5152.438586  0.7688206
5153.061393  0.759654
5153.6842  0.7410532
5154.307007  0.7508014
5154.929814  0.7990051
5155.552621  0.8381677
5156.175428  0.8550154
5156.798235  0.8724011
5157.421042  0.9131276
5158.043849  0.9085229
5158.666656  0.8686827
5159.289463  0.8539732
5159.91227  0.8795407
5160.535077  0.918745
5161.157884  0.9216462
5161.780691  0.8574053
5162.403498  0.8084107
5163.026305  0.8135579
5163.649112  0.8352811
5164.271919  0.8074741
5164.894726  0.7363517
5165.517533  0.6545377
5166.14034  0.5697165
5166.763147  0.493572
5167.385954  0.451331
5168.008761  0.4744654
5168.631568  0.5731083
5169.254375  0.7026902
5169.877182  0.7871211
5170.499989  0.7654306
5171.122796  0.6382926
5171.745603  0.4716539
5172.36841  0.3654813
5172.991217  0.3942993
5173.614024  0.5389999
5174.236831  0.7086377
5174.859638  0.805865
5175.482445  0.8245672
5176.105252  0.8098779
5176.728059  0.8071647
5177.350866  0.8204577
5177.973673  0.8388566
5178.59648  0.8476617
5179.219287  0.8339082
5179.842094  0.8079876
5180.464901  0.7820087
5181.087708  0.7484174
5181.710515  0.6879603
5182.333322  0.5723761
5182.956129  0.4120034
5183.578936  0.3451418
5184.201743  0.433115
5184.82455  0.6177989
5185.447357  0.7582142
5186.070164  0.8398529
5186.692971  0.8904064
5187.315778  0.9151558
5187.938585  0.8748
5188.561392  0.8412731
5189.184199  0.89913
5189.807006  0.9733213
5190.429813  0.9668013
5191.05262  0.8530275
5191.675427  0.7139478
5192.298234  0.6629529
5192.921041  0.7234588
5193.543848  0.8175665
5194.166655  0.8388844
5194.789462  0.806565
5195.412269  0.7923394
5196.035076  0.8211618
5196.657883  0.8658925
5197.28069  0.8893629
5197.903497  0.8841925
5198.526304  0.8987563
5199.149111  0.9228614
5199.771918  0.9250122
5200.394725  0.919458
5201.017532  0.9030475
5201.640339  0.8812606
5202.263146  0.8734257
5202.885953  0.8919894
5203.50876  0.8867077
5204.131567  0.8105146
5204.754374  0.7191262
5205.377181  0.6719585
5205.999988  0.6930386
5206.622795  0.747696
5207.245602  0.7343867
5207.868409  0.660686
5208.491216  0.6235726
5209.114023  0.6587306
5209.73683  0.7089522
5210.359637  0.7388079
5210.982444  0.8122698
5211.605251  0.8839639
5212.228058  0.9241135
5212.850865  0.9506746
5213.473672  0.9657839
5214.096479  0.953608
5214.719286  0.9056454
5215.342093  0.8508913
5215.9649  0.8375377
5216.587707  0.8610592
5217.210514  0.8683299
5217.833321  0.9096352
5218.456128  0.9577176
5219.078935  0.9560142
5219.701742  0.9452709
5220.324549  0.9543653
5220.947356  0.974974
5221.570163  0.9719615
5222.19297  0.951478
5222.815777  0.9201087
5223.438584  0.8734432
5224.061391  0.8098662
5224.684198  0.7735169
5225.307005  0.7676149
5225.929812  0.7072337
5226.552619  0.6496682
5227.175426  0.6687535
5227.798233  0.774621
5228.42104  0.8930159
5229.043847  0.9505779
5229.666654  0.9375017
5230.289461  0.9312261
5230.912268  0.9623582
5231.535075  0.9789919
5232.157882  0.9012973
5232.780689  0.8318985
5233.403496  0.8224194
5234.026303  0.8448118
5234.64911  0.8647201
5235.271917  0.8885492
5235.894724  0.9314869
5236.517531  0.9832045
5237.140338  1.006899
5237.763145  0.9971875
5238.385952  0.9769195
5239.008759  0.950061
5239.631566  0.9351448
5240.254373  0.948871
5240.87718  0.983063
5241.499987  1.002488
5242.122794  0.9889753
5242.745601  0.9626726
5243.368408  0.9665177
5243.991215  1.006773
5244.614022  1.048439
5245.236829  1.035189
5245.859636  0.9486706
5246.482443  0.8349999
5247.10525  0.7806685
5247.728057  0.8224139
5248.350864  0.9024801
5248.973671  0.9252859
5249.596478  0.8685153
5250.219285  0.8030887
5250.842092  0.7991552
5251.464899  0.8481315
5252.087706  0.8914387
5252.710513  0.9185272
5253.33332  0.9498745
5253.956127  0.9159153
5254.578934  0.8375197
5255.201741  0.7975649
5255.824548  0.8599488
5256.447355  0.9542242
5257.070162  1.011762
5257.692969  1.031766
5258.315776  1.037543
5258.938583  1.029473
5259.56139  1.001659
5260.184197  0.9814111
5260.807004  0.9496501
5261.429811  0.8966649
5262.052618  0.8473734
5262.675425  0.7906054
5263.298232  0.7500965
5263.921039  0.7516981
5264.543846  0.739581
5265.166653  0.6962243
5265.78946  0.6623926
5266.412267  0.7096991
5267.035074  0.8193243
5267.657881  0.8924603
5268.280688  0.8279364
5268.903495  0.6503351
5269.526302  0.5122381
5270.149109  0.5423402
5270.771916  0.6958212
5271.394723  0.8573558
5272.01753  0.9300804
5272.640337  0.9036244
5273.263144  0.8939822
5273.885951  0.9137065
5274.508758  0.8992451
5275.131565  0.84124
5275.754372  0.8278081
5276.377179  0.902676
5276.999986  0.9922762
5277.622793  1.043115
5278.2456  1.053103
5278.868407  1.049042
5279.491214  1.019493
5280.114021  0.972544
5280.736828  0.9286358
5281.359635  0.9033315
5281.982442  0.9006723
5282.605249  0.8960338
5283.228056  0.8628595
5283.850863  0.8437191
5284.47367  0.8795208
5285.096477  0.9689389
5285.719284  1.049602
5286.342091  1.083497
5286.964898  1.066397
5287.587705  1.025663
5288.210512  1.002484
5288.833319  1.008382
5289.456126  1.030369
5290.078933  1.054814
5290.70174  1.073825
5291.324547  1.075532
5291.947354  1.046219
5292.570161  1.013536
5293.192968  1.000517
5293.815775  1.005964
5294.438582  1.013901
5295.061389  1.006581
5295.684196  0.9711736
5296.307003  0.9065959
5296.92981  0.8271351
5297.552617  0.7666109
5298.175424  0.7663252
5298.798231  0.8482775
5299.421038  0.9409285
5300.043845  0.9636676
5300.666652  0.9441294
5301.289459  0.9184851
5301.912266  0.9183733
5302.535073  0.9569871
5303.15788  1.00394
5303.780687  1.03868
5304.403494  1.063278
5305.026301  1.090008
5305.649108  1.097005
5306.271915  1.068215
5306.894722  1.026846
5307.517529  1.009287
5308.140336  1.030732
5308.763143  1.073567
5309.38595  1.099091
5310.008757  1.096419
5310.631564  1.082567
5311.254371  1.080162
5311.877178  1.069601
5312.499985  1.04424
5313.122792  1.027292
5313.745599  1.031898
5314.368406  1.047749
5314.991213  1.050856
5315.61402  1.023947
5316.236827  0.9951323
5316.859634  0.9908791
5317.482441  1.006195
5318.105248  1.019254
5318.728055  1.017282
5319.350862  1.006972
5319.973669  1.009681
5320.596476  1.014009
5321.219283  1.009677
5321.84209  1.013819
5322.464897  1.014453
5323.087704  0.9834533
5323.710511  0.9146329
5324.333318  0.8952001
5324.956125  0.9327296
5325.578932  0.9760892
5326.201739  0.9871283
5326.824546  0.9042465
5327.447353  0.7399765
5328.07016  0.6061596
5328.692967  0.6165499
5329.315774  0.7501395
5329.938581  0.8950543
5330.561388  0.9824903
5331.184195  1.004953
5331.807002  0.9853607
5332.429809  0.9469348
5333.052616  0.9371296
5333.675423  0.9716992
5334.29823  1.026238
5334.921037  1.067404
5335.543844  1.069257
5336.166651  1.038849
5336.789458  1.019135
5337.412265  1.022907
5338.035072  1.035793
5338.657879  1.027406
5339.280686  0.9752666
5339.903493  0.8886397
5340.5263  0.820536
5341.149107  0.8537602
5341.771914  0.9406931
5342.394721  1.00385
5343.017528  1.019772
5343.640335  1.029624
5344.263142  1.036681
5344.885949  1.01278
5345.508756  0.9631914
5346.131563  0.9577938
5346.75437  1.009052
5347.377177  1.010032
5347.999984  0.9769624
5348.622791  0.9412361
5349.245598  0.9158464
5349.868405  0.938697
5350.491212  0.9922181
5351.114019  1.03659
5351.736826  1.063174
5352.359633  1.05328
5352.98244  1.024863
5353.605247  1.030185
5354.228054  1.070772
5354.850861  1.106442
5355.473668  1.105811
5356.096475  1.105206
5356.719282  1.108319
5357.342089  1.108571
5357.964896  1.108444
5358.587703  1.103315
5359.21051  1.106904
5359.833317  1.127047
5360.456124  1.108224
5361.078931  1.062274
5361.701738  1.027908
5362.324545  1.015469
5362.947352  1.034527
5363.570159  1.057386
5364.192966  1.039678
5364.815773  1.008057
5365.43858  0.9947734
5366.061387  1.005465
5366.684194  1.006694
5367.307001  1.00549
5367.929808  1.014471
5368.552615  1.021063
5369.175422  0.9848016
5369.798229  0.9150182
5370.421036  0.8514775
5371.043843  0.7889593
5371.66665  0.7889172
5372.289457  0.8796664
5372.912264  0.9878812
5373.535071  1.054564
5374.157878  1.079062
5374.780685  1.097434
5375.403492  1.096559
5376.026299  1.075581
5376.649106  1.047604
5377.271913  1.028553
5377.89472  1.03689
5378.517527  1.065643
5379.140334  1.081511
5379.763141  1.06747
5380.385948  1.039057
5381.008755  1.02546
5381.631562  1.032931
5382.254369  1.027595
5382.877176  1.000036
5383.499983  0.9924706
5384.12279  1.011777
5384.745597  1.040766
5385.368404  1.054768
5385.991211  1.049224
5386.614018  1.034094
5387.236825  1.024261
5387.859632  1.023565
5388.482439  1.007833
5389.105246  0.9773709
5389.728053  0.9584295
5390.35086  0.9434567
5390.973667  0.9369733
5391.596474  0.9451928
5392.219281  0.9543612
5392.842088  0.9656969
5393.464895  0.9697593
5394.087702  0.9471488
5394.710509  0.948055
5395.333316  0.96077
5395.956123  0.9281501
5396.57893  0.8394811
5397.201737  0.7861984
5397.824544  0.8341924
5398.447351  0.9308715
5399.070158  1.001729
5399.692965  1.008514
5400.315772  0.9718544
5400.938579  0.9503612
5401.561386  0.9767473
5402.184193  1.027148
5402.807  1.026296
5403.429807  0.979413
5404.052614  0.9106912
5404.675421  0.8322449
5405.298228  0.7767778
5405.921035  0.7644439
5406.543842  0.7992275
5407.166649  0.8751638
5407.789456  0.9466917
5408.412263  0.9663308
5409.03507  0.923025
5409.657877  0.8695258
5410.280684  0.8632991
5410.903491  0.921814
5411.526298  0.9903629
5412.149105  1.029831
5412.771912  1.039358
5413.394719  1.051486
5414.017526  1.044164
5414.640333  1.018748
5415.26314  1.012563
5415.885947  1.028579
5416.508754  1.060663
5417.131561  1.089484
5417.754368  1.07876
5418.377175  1.058478
5418.999982  1.043192
5419.622789  1.004123
5420.245596  0.9691595
5420.868403  0.9639721
5421.49121  0.99369
5422.114017  1.04768
5422.736824  1.068561
5423.359631  1.024671
5423.982438  0.9601318
5424.605245  0.940258
5425.228052  0.9755525
5425.850859  1.022004
5426.473666  1.055013
5427.096473  1.08325
5427.71928  1.102332
5428.342087  1.05652
5428.964894  0.9269227
5429.587701  0.7995499
5430.210508  0.8144377
5430.833315  0.9375004
5431.456122  1.025911
5432.078929  0.9893104
5432.701736  0.9538823
5433.324543  0.9308681
5433.94735  0.8977848
5434.570157  0.8781661
5435.192964  0.8819159
5435.815771  0.8941225
5436.438578  0.8977777
5437.061385  0.9309908
5437.684192  0.9881646
5438.306999  1.040951
5438.929806  1.07697
5439.552613  1.091763
5440.17542  1.091996
5440.798227  1.088355
5441.421034  1.082554
5442.043841  1.077322
5442.666648  1.079322
5443.289455  1.095316
5443.912262  1.083799
5444.535069  1.041321
5445.157876  1.019182
5445.780683  0.9494122
5446.40349  0.8423172
5447.026297  0.7883925
5447.649104  0.8472857
5448.271911  0.954041
5448.894718  1.029261
5449.517525  1.07681
5450.140332  1.092963
5450.763139  1.085871
5451.385946  1.071828
5452.008753  1.057031
5452.63156  1.041149
5453.254367  1.025643
5453.877174  1.01385
5454.499981  0.9630847
5455.122788  0.8776847
5455.745595  0.8322881
5456.368402  0.8709126
5456.991209  0.9648013
5457.614016  1.048413
5458.236823  1.089783
5458.85963  1.102977
5459.482437  1.096188
5460.105244  1.050227
5460.728051  1.012365
5461.350858  1.004757
5461.973665  1.00306
5462.596472  0.9698727
5463.219279  0.9267502
5463.842086  0.9267947
5464.464893  0.9964654
5465.0877  1.051645
5465.710507  1.046313
5466.333314  1.023886
5466.956121  1.015069
5467.578928  1.027925
5468.201735  1.049632
5468.824542  1.056448
