4780.  1.185858
4780.622807  1.209039
4781.245614  1.232269
4781.868421  1.226798
4782.491228  1.185805
4783.114035  1.14048
4783.736842  1.143499
4784.359649  1.187386
4784.982456  1.212446
4785.605263  1.167772
4786.22807  1.113365
4786.850877  1.116082
4787.473684  1.159378
4788.096491  1.173073
4788.719298  1.145728
4789.342105  1.129221
4789.964912  1.144348
4790.587719  1.168775
4791.210526  1.172834
4791.833333  1.162205
4792.45614  1.167519
4793.078947  1.199171
4793.701754  1.233818
4794.324561  1.250877
4794.947368  1.248887
4795.570175  1.240257
4796.192982  1.234156
4796.815789  1.223097
4797.438596  1.199546
4798.061403  1.169881
4798.68421  1.150698
4799.307017  1.139079
4799.929824  1.127202
4800.552631  1.13893
4801.175438  1.169351
4801.798245  1.195945
4802.421052  1.201233
4803.043859  1.203236
4803.666666  1.196872
4804.289473  1.162189
4804.91228  1.136878
4805.535087  1.142458
4806.157894  1.164886
4806.780701  1.162058
4807.403508  1.143039
4808.026315  1.134085
4808.649122  1.147766
4809.271929  1.162855
4809.894736  1.166586
4810.517543  1.163666
4811.14035  1.169008
4811.763157  1.173381
4812.385964  1.169471
4813.008771  1.168156
4813.631578  1.178249
4814.254385  1.193498
4814.877192  1.202052
4815.499999  1.210909
4816.122806  1.215178
4816.745613  1.207768
4817.36842  1.192211
4817.991227  1.19347
4818.614034  1.211614
4819.236841  1.221686
4819.859648  1.211453
4820.482455  1.196442
4821.105262  1.194562
4821.728069  1.197
4822.350876  1.163631
4822.973683  1.096067
4823.59649  1.050819
4824.219297  1.068681
4824.842104  1.125192
4825.464911  1.168125
4826.087718  1.184036
4826.710525  1.186439
4827.333332  1.182165
4827.956139  1.159826
4828.578946  1.128881
4829.201753  1.115104
4829.82456  1.133419
4830.447367  1.146851
4831.070174  1.143246
4831.692981  1.133457
4832.315788  1.133018
4832.938595  1.138853
4833.561402  1.148073
4834.184209  1.159683
4834.807016  1.157791
4835.429823  1.143051
4836.05263  1.131485
4836.675437  1.143812
4837.298244  1.153737
4837.921051  1.138409
4838.543858  1.107534
4839.166665  1.078969
4839.789472  1.065366
4840.412279  1.070736
4841.035086  1.098629
4841.657893  1.117419
4842.2807  1.107344
4842.903507  1.086319
4843.526314  1.087016
4844.149121  1.109986
4844.771928  1.130304
4845.394735  1.135086
4846.017542  1.12973
4846.640349  1.118785
4847.263156  1.089372
4847.885963  1.051948
4848.50877  1.029729
4849.131577  1.040255
4849.754384  1.069376
4850.377191  1.09114
4850.999998  1.089542
4851.622805  1.071145
4852.245612  1.053993
4852.868419  1.04724
4853.491226  1.037827
4854.114033  0.9917765
4854.73684  0.9223256
4855.359647  0.8752437
4855.982454  0.8781561
4856.605261  0.9039053
4857.228068  0.9161652
4857.850875  0.9038196
4858.473682  0.8595341
4859.096489  0.7935168
4859.719296  0.7154135
4860.342103  0.5925974
4860.96491  0.4817443
4861.587717  0.4694157
4862.210524  0.5817922
4862.833331  0.7128006
4863.456138  0.7900494
4864.078945  0.832121
4864.701752  0.8668658
4865.324559  0.899912
4865.947366  0.9264569
4866.570173  0.9573811
4867.19298  0.9815652
4867.815787  0.9952947
4868.438594  1.01131
4869.061401  1.027946
4869.684208  1.02253
4870.307015  0.9767286
4870.929822  0.9138247
4871.552629  0.8889045
4872.175436  0.9250172
4872.798243  0.9803381
4873.42105  1.019073
4874.043857  1.037053
4874.666664  1.048792
4875.289471  1.041041
4875.912278  1.034937
4876.535085  1.04485
4877.157892  1.041559
4877.780699  1.034205
4878.403506  1.051322
4879.026313  1.107509
4879.64912  1.153781
4880.271927  1.154542
4880.894734  1.115556
4881.517541  1.083838
4882.140348  1.082924
4882.763155  1.100143
4883.385962  1.098799
4884.008769  1.075115
4884.631576  1.046857
4885.254383  1.031914
4885.87719  1.022197
4886.499997  1.02594
4887.122804  1.043125
4887.745611  1.050181
4888.368418  1.051758
4888.991225  1.058682
4889.614032  1.064116
4890.236839  1.012953
4890.859646  0.9517207
4891.482453  0.9584649
4892.10526  1.040499
4892.728067  1.118715
4893.350874  1.150276
4893.973681  1.165263
4894.596488  1.179445
4895.219295  1.185671
4895.842102  1.174743
4896.464909  1.163543
4897.087716  1.162962
4897.710523  1.170223
4898.33333  1.16896
4898.956137  1.142634
4899.578944  1.111125
4900.201751  1.109859
4900.824558  1.136675
4901.447365  1.161149
4902.070172  1.15463
4902.692979  1.120117
4903.315786  1.09217
4903.938593  1.092983
4904.5614  1.119685
4905.184207  1.156006
4905.807014  1.181753
4906.429821  1.181975
4907.052628  1.159896
4907.675435  1.140337
4908.298242  1.129638
4908.921049  1.103822
4909.543856  1.052327
4910.166663  1.007397
4910.78947  1.010331
4911.412277  1.05073
4912.035084  1.100046
4912.657891  1.130005
4913.280698  1.133635
4913.903505  1.140839
4914.526312  1.16218
4915.149119  1.182119
4915.771926  1.183102
4916.394733  1.15879
4917.01754  1.113018
4917.640347  1.052981
4918.263154  1.00415
4918.885961  0.9777307
4919.508768  0.9654812
4920.131575  0.9624894
4920.754382  0.9862095
4921.377189  1.041287
4921.999996  1.084623
4922.622803  1.082222
4923.24561  1.039068
4923.868417  0.9994575
4924.491224  1.009484
4925.114031  1.068393
4925.736838  1.134073
4926.359645  1.157219
4926.982452  1.14189
4927.605259  1.126872
4928.228066  1.148335
4928.850873  1.174332
4929.47368  1.176384
4930.096487  1.159267
4930.719294  1.151848
4931.342101  1.155816
4931.964908  1.148193
4932.587715  1.103562
4933.210522  1.042151
4933.833329  1.018515
4934.456136  1.069792
4935.078943  1.122089
4935.70175  1.133318
4936.324557  1.109961
4936.947364  1.078323
4937.570171  1.041622
4938.192978  1.002726
4938.815785  0.9809296
4939.438592  1.01437
4940.061399  1.089264
4940.684206  1.153169
4941.307013  1.171904
4941.92982  1.161541
4942.552627  1.157158
4943.175434  1.175602
4943.798241  1.191991
4944.421048  1.181813
4945.043855  1.14498
4945.666662  1.111219
4946.289469  1.1084
4946.912276  1.136904
4947.535083  1.161697
4948.15789  1.170752
4948.780697  1.163144
4949.403504  1.147005
4950.026311  1.148257
4950.649118  1.165694
4951.271925  1.175176
4951.894732  1.154835
4952.517539  1.133315
4953.140346  1.131786
4953.763153  1.136719
4954.38596  1.146283
4955.008767  1.165565
4955.631574  1.171428
4956.254381  1.06815
4956.877188  0.9344465
4957.499995  0.8974784
4958.122802  0.9884576
4958.745609  1.10982
4959.368416  1.182829
4959.991223  1.20137
4960.61403  1.194338
4961.236837  1.179993
4961.859644  1.167457
4962.482451  1.167072
4963.105258  1.178613
4963.728065  1.187912
4964.350872  1.175231
4964.973679  1.139167
4965.596486  1.110531
4966.219293  1.114896
4966.8421  1.124018
4967.464907  1.116349
4968.087714  1.10061
4968.710521  1.106197
4969.333328  1.106732
4969.956135  1.095976
4970.578942  1.096846
4971.201749  1.122686
4971.824556  1.14583
4972.447363  1.14592
4973.07017  1.145954
4973.692977  1.162193
4974.315784  1.18188
4974.938591  1.180444
4975.561398  1.169119
4976.184205  1.164534
4976.807012  1.164904
4977.429819  1.141898
4978.052626  1.112916
4978.675433  1.0978
4979.29824  1.097017
4979.921047  1.101829
4980.543854  1.10165
4981.166661  1.081541
4981.789468  1.021819
4982.412275  0.9554377
4983.035082  0.9260008
4983.657889  0.9482547
4984.280696  0.9839519
4984.903503  1.010211
4985.52631  1.038453
4986.149117  1.091792
4986.771924  1.148458
4987.394731  1.17444
4988.017538  1.163681
4988.640345  1.145126
4989.263152  1.136081
4989.885959  1.124268
4990.508766  1.090611
4991.131573  1.073834
4991.75438  1.105376
4992.377187  1.125828
4992.999994  1.108694
4993.622801  1.082294
4994.245608  1.10272
4994.868415  1.136636
4995.491222  1.150801
4996.114029  1.142359
4996.736836  1.137521
4997.359643  1.138159
4997.98245  1.131932
4998.605257  1.108293
4999.228064  1.079326
4999.850871  1.059782
5000.473678  1.052232
5001.096485  1.036012
5001.719292  1.024464
5002.342099  1.037517
5002.964906  1.067042
5003.587713  1.090448
5004.21052  1.084731
5004.833327  1.041799
5005.456134  0.984755
5006.078941  0.9529179
5006.701748  0.9725347
5007.324555  1.029057
5007.947362  1.096818
5008.570169  1.142542
5009.192976  1.140576
5009.815783  1.12225
5010.43859  1.104138
5011.061397  1.077524
5011.684204  1.034655
5012.307011  1.002835
5012.929818  0.9963524
5013.552625  0.9878253
5014.175432  0.9916583
5014.798239  1.019184
5015.421046  1.057234
5016.043853  1.072927
5016.66666  1.042772
5017.289467  0.9769258
5017.912274  0.92671
5018.535081  0.9382312
5019.157888  1.001236
5019.780695  1.056185
5020.403502  1.084106
5021.026309  1.077914
5021.649116  1.049382
5022.271923  1.037464
5022.89473  1.056454
5023.517537  1.088087
5024.140344  1.098188
5024.763151  1.101172
5025.385958  1.10481
5026.008765  1.096627
5026.631572  1.053512
5027.254379  1.015023
5027.877186  1.024289
5028.499993  1.069633
5029.1228  1.10914
5029.745607  1.117214
5030.368414  1.104604
5030.991221  1.100491
5031.614028  1.114992
5032.236835  1.139266
5032.859642  1.158105
5033.482449  1.16513
5034.105256  1.148523
5034.728063  1.093613
5035.35087  1.02896
5035.973677  1.005978
5036.596484  1.045053
5037.219291  1.083857
5037.842098  1.077919
5038.464905  1.037711
5039.087712  1.015523
5039.710519  1.005668
5040.333326  0.966806
5040.956133  0.8888873
5041.57894  0.8814382
5042.201747  0.9684272
5042.824554  1.081699
5043.447361  1.124796
5044.070168  1.130597
5044.692975  1.143834
5045.315782  1.162137
5045.938589  1.174254
5046.561396  1.163464
5047.184203  1.124107
5047.80701  1.071287
5048.429817  1.035614
5049.052624  1.034143
5049.675431  1.053106
5050.298238  1.06813
5050.921045  1.055243
5051.543852  1.021304
5052.166659  1.03613
5052.789466  1.079166
5053.412273  1.108187
5054.03508  1.127164
5054.657887  1.13328
5055.280694  1.127304
5055.903501  1.117031
5056.526308  1.111509
5057.149115  1.115022
5057.771922  1.126413
5058.394729  1.142726
5059.017536  1.149352
5059.640343  1.147764
5060.26315  1.155769
5060.885957  1.166206
5061.508764  1.171725
5062.131571  1.171989
5062.754378  1.175395
5063.377185  1.153645
5063.999992  1.093228
5064.622799  1.030153
5065.245606  1.02992
5065.868413  1.074736
5066.49122  1.095845
5067.114027  1.098148
5067.736834  1.085944
5068.359641  1.072866
5068.982448  1.086435
5069.605255  1.121196
5070.228062  1.145808
5070.850869  1.128178
5071.473676  1.071143
5072.096483  1.030063
5072.71929  1.047513
5073.342097  1.086359
5073.964904  1.09473
5074.587711  1.070076
5075.210518  1.063385
5075.833325  1.080086
5076.456132  1.112454
5077.078939  1.140034
5077.701746  1.124232
5078.324553  1.057604
5078.94736  0.9762675
5079.570167  0.9420545
5080.192974  0.9577159
5080.815781  1.003889
5081.438588  1.054686
5082.061395  1.075211
5082.684202  1.059325
5083.307009  1.035967
5083.929816  1.052115
5084.552623  1.091456
5085.17543  1.123808
5085.798237  1.133613
5086.421044  1.121478
5087.043851  1.102292
5087.666658  1.093467
5088.289465  1.100795
5088.912272  1.114898
5089.535079  1.118709
5090.157886  1.104675
5090.780693  1.100478
5091.4035  1.117445
5092.026307  1.141518
5092.649114  1.152612
5093.271921  1.148492
5093.894728  1.141719
5094.517535  1.144951
5095.140342  1.146391
5095.763149  1.126851
5096.385956  1.080108
5097.008763  1.041076
5097.63157  1.006506
5098.254377  0.9662059
5098.877184  0.94772
5099.499991  0.9760908
5100.122798  1.038044
5100.745605  1.089771
5101.368412  1.123501
5101.991219  1.135869
5102.614026  1.129371
5103.236833  1.1158
5103.85964  1.103955
5104.482447  1.098723
5105.105254  1.102077
5105.728061  1.104849
5106.350868  1.087685
5106.973675  1.04948
5107.596482  1.040356
5108.219289  1.061468
5108.842096  1.073671
5109.464903  1.04258
5110.08771  1.02756
5110.710517  1.061359
5111.333324  1.111458
5111.956131  1.136063
5112.578938  1.138685
5113.201745  1.139594
5113.824552  1.135016
5114.447359  1.116893
5115.070166  1.09814
5115.692973  1.106636
5116.31578  1.132135
5116.938587  1.151597
5117.561394  1.151524
5118.184201  1.148338
5118.807008  1.143589
5119.429815  1.132734
5120.052622  1.117003
5120.675429  1.098244
5121.298236  1.08509
5121.921043  1.083135
5122.54385  1.072951
5123.166657  1.053964
5123.789464  1.035205
5124.412271  1.021103
5125.035078  1.016212
5125.657885  1.026627
5126.280692  1.052926
5126.903499  1.068968
5127.526306  1.070244
5128.149113  1.062302
5128.77192  1.038789
5129.394727  1.037029
5130.017534  1.063489
5130.640341  1.072664
5131.263148  1.068939
5131.885955  1.063715
5132.508762  1.058096
5133.131569  1.038146
5133.754376  1.040023
5134.377183  1.082474
5134.99999  1.120126
5135.622797  1.115556
5136.245604  1.069673
5136.868411  1.022479
5137.491218  1.028126
5138.114025  1.033451
5138.736832  0.9908203
5139.359639  0.9791777
5139.982446  1.030062
5140.605253  1.089178
5141.22806  1.063291
5141.850867  0.9916577
5142.473674  0.9544258
5143.096481  0.9961932
5143.719288  1.066996
5144.342095  1.100906
5144.964902  1.079557
5145.587709  1.049114
5146.210516  1.032132
5146.833323  1.023784
5147.45613  1.013592
5148.078937  1.02453
5148.701744  1.061278
5149.324551  1.095888
5149.947358  1.083712
5150.570165  1.054359
5151.192972  1.044569
5151.815779  1.058187
5152.438586  1.059998
5153.061393  1.041951
5153.6842  1.022309
5154.307007  1.024587
5154.929814  1.037519
5155.552621  1.050946
5156.175428  1.072636
5156.798235  1.092928
5157.421042  1.102434
5158.043849  1.098793
5158.666656  1.090047
5159.289463  1.092592
5159.91227  1.105397
5160.535077  1.100264
5161.157884  1.062327
5161.780691  1.021317
5162.403498  1.02448
5163.026305  1.062792
5163.649112  1.085396
5164.271919  1.061391
5164.894726  1.024216
5165.517533  0.978961
5166.14034  0.9119251
5166.763147  0.8212631
5167.385954  0.7846207
5168.008761  0.8000707
5168.631568  0.829903
5169.254375  0.9017275
5169.877182  0.9867626
5170.499989  1.01928
5171.122796  0.9482766
5171.745603  0.8194536
5172.36841  0.7364058
5172.991217  0.7788993
5173.614024  0.9127887
5174.236831  1.041584
5174.859638  1.098056
5175.482445  1.100503
5176.105252  1.085704
5176.728059  1.080669
5177.350866  1.09131
5177.973673  1.100074
5178.59648  1.100519
5179.219287  1.094984
5179.842094  1.088538
5180.464901  1.082623
5181.087708  1.070329
5181.710515  1.030072
5182.333322  0.9201313
5182.956129  0.7737172
5183.578936  0.6894866
5184.201743  0.7652674
5184.82455  0.9114856
5185.447357  1.012669
5186.070164  1.059314
5186.692971  1.070455
5187.315778  1.04851
5187.938585  0.9975156
5188.561392  0.9851869
5189.184199  1.029865
5189.807006  1.083362
5190.429813  1.063647
5191.05262  0.9862366
5191.675427  0.9206595
5192.298234  0.9292934
5192.921041  0.9982294
5193.543848  1.054915
5194.166655  1.042241
5194.789462  0.9930198
5195.412269  0.9674554
5196.035076  0.9826741
5196.657883  0.9974691
5197.28069  1.001893
5197.903497  1.009672
5198.526304  1.0345
5199.149111  1.0616
5199.771918  1.077199
5200.394725  1.075771
5201.017532  1.061749
5201.640339  1.041632
5202.263146  1.037601
5202.885953  1.062321
5203.50876  1.058015
5204.131567  1.02074
5204.754374  0.9815929
5205.377181  0.9599648
5205.999988  0.9826558
5206.622795  1.027779
5207.245602  1.031961
5207.868409  0.9856638
5208.491216  0.9599604
5209.114023  1.009644
5209.73683  1.04957
5210.359637  1.058493
5210.982444  1.057446
5211.605251  1.070043
5212.228058  1.08997
5212.850865  1.102274
5213.473672  1.093882
5214.096479  1.056916
5214.719286  1.006096
5215.342093  0.9683909
5215.9649  0.9645967
5216.587707  0.9736453
5217.210514  0.9855379
5217.833321  1.013851
5218.456128  1.057003
5219.078935  1.089524
5219.701742  1.091428
5220.324549  1.083024
5220.947356  1.080073
5221.570163  1.083546
5222.19297  1.080874
5222.815777  1.075315
5223.438584  1.063549
5224.061391  1.040176
5224.684198  1.013909
5225.307005  0.9691615
5225.929812  0.8996995
5226.552619  0.8363886
5227.175426  0.8558514
5227.798233  0.946014
5228.42104  1.01688
5229.043847  1.033207
5229.666654  1.029562
5230.289461  1.04869
5230.912268  1.073996
5231.535075  1.058376
5232.157882  1.002847
5232.780689  0.9662209
5233.403496  0.9736153
5234.026303  0.9909331
5234.64911  0.9837431
5235.271917  0.9938067
5235.894724  1.019185
5236.517531  1.040941
5237.140338  1.054022
5237.763145  1.06797
5238.385952  1.07784
5239.008759  1.072388
5239.631566  1.066208
5240.254373  1.072093
5240.87718  1.080997
5241.499987  1.0655
5242.122794  1.036064
5242.745601  1.018871
5243.368408  1.030673
5243.991215  1.062717
5244.614022  1.09233
5245.236829  1.099985
5245.859636  1.081202
5246.482443  1.048674
5247.10525  1.029167
5247.728057  1.041236
5248.350864  1.0528
5248.973671  1.04208
5249.596478  1.016091
5250.219285  1.004041
5250.842092  1.017081
5251.464899  1.044943
5252.087706  1.062777
5252.710513  1.061686
5253.33332  1.045876
5253.956127  1.024717
5254.578934  1.00404
5255.201741  1.006509
5255.824548  1.038855
5256.447355  1.069027
5257.070162  1.082286
5257.692969  1.084982
5258.315776  1.091139
5258.938583  1.09063
5259.56139  1.080559
5260.184197  1.062131
5260.807004  1.025048
5261.429811  0.9774916
5262.052618  0.9397944
5262.675425  0.9291319
5263.298232  0.916994
5263.921039  0.8974404
5264.543846  0.8829986
5265.166653  0.8599749
5265.78946  0.8537778
5266.412267  0.8933594
5267.035074  0.9668882
5267.657881  1.003269
5268.280688  0.9668303
5268.903495  0.889718
5269.526302  0.8357453
5270.149109  0.8537108
5270.771916  0.9356523
5271.394723  1.003372
5272.01753  1.01282
5272.640337  0.9841961
5273.263144  0.9761983
5273.885951  0.9765695
5274.508758  0.9526504
5275.131565  0.9052148
5275.754372  0.9112863
5276.377179  0.9752101
5276.999986  1.048504
5277.622793  1.077016
5278.2456  1.071115
5278.868407  1.05104
5279.491214  1.027722
5280.114021  1.011607
5280.736828  1.002163
5281.359635  0.9971651
5281.982442  0.9997403
5282.605249  0.9883115
5283.228056  0.9604654
5283.850863  0.9454457
5284.47367  0.9795092
5285.096477  1.038269
5285.719284  1.075619
5286.342091  1.090408
5286.964898  1.086326
5287.587705  1.07262
5288.210512  1.063091
5288.833319  1.068039
5289.456126  1.082963
5290.078933  1.09396
5290.70174  1.096026
5291.324547  1.087627
5291.947354  1.073755
5292.570161  1.064142
5293.192968  1.062026
5293.815775  1.064836
5294.438582  1.068106
5295.061389  1.066328
5295.684196  1.051251
5296.307003  1.017163
5296.92981  0.9693375
5297.552617  0.929328
5298.175424  0.9260106
5298.798231  0.974299
5299.421038  1.025412
5300.043845  1.047258
5300.666652  1.040594
5301.289459  1.019538
5301.912266  1.004481
5302.535073  1.012041
5303.15788  1.044131
5303.780687  1.070745
5304.403494  1.077437
5305.026301  1.072803
5305.649108  1.061006
5306.271915  1.042197
5306.894722  1.024792
5307.517529  1.025132
5308.140336  1.040978
5308.763143  1.060747
5309.38595  1.075149
5310.008757  1.078832
5310.631564  1.078084
5311.254371  1.078342
5311.877178  1.074159
5312.499985  1.062074
5313.122792  1.049599
5313.745599  1.052534
5314.368406  1.060041
5314.991213  1.050658
5315.61402  1.01161
5316.236827  0.9644766
5316.859634  0.9577947
5317.482441  1.003773
5318.105248  1.046762
5318.728055  1.061936
5319.350862  1.058287
5319.973669  1.058435
5320.596476  1.051463
5321.219283  1.043637
5321.84209  1.044195
5322.464897  1.040608
5323.087704  1.011423
5323.710511  0.9684199
5324.333318  0.9547082
5324.956125  0.9749734
5325.578932  1.010294
5326.201739  1.03001
5326.824546  1.005202
5327.447353  0.9249365
5328.07016  0.8400931
5328.692967  0.8469647
5329.315774  0.9195412
5329.938581  0.9979792
5330.561388  1.041521
5331.184195  1.056443
5331.807002  1.042413
5332.429809  1.013645
5333.052616  1.01031
5333.675423  1.029221
5334.29823  1.048533
5334.921037  1.051947
5335.543844  1.044121
5336.166651  1.027482
5336.789458  1.009221
5337.412265  1.009965
5338.035072  1.019876
5338.657879  1.015566
5339.280686  0.9828087
5339.903493  0.947602
5340.5263  0.9413685
5341.149107  0.9736283
5341.771914  1.017137
5342.394721  1.042081
5343.017528  1.042341
5343.640335  1.042436
5344.263142  1.041398
5344.885949  1.028776
5345.508756  1.003521
5346.131563  1.000605
5346.75437  1.017348
5347.377177  1.027098
5347.999984  1.012045
5348.622791  0.9849887
5349.245598  0.9709944
5349.868405  0.9859229
5350.491212  1.023131
5351.114019  1.055996
5351.736826  1.060895
5352.359633  1.046188
5352.98244  1.031884
5353.605247  1.035483
5354.228054  1.058102
5354.850861  1.077107
5355.473668  1.082269
5356.096475  1.080845
5356.719282  1.079181
5357.342089  1.078506
5357.964896  1.076837
5358.587703  1.075932
5359.21051  1.07522
5359.833317  1.074919
5360.456124  1.071454
5361.078931  1.055418
5361.701738  1.026674
5362.324545  1.001831
5362.947352  1.006299
5363.570159  1.012732
5364.192966  0.9960673
5364.815773  0.9713672
5365.43858  0.9809561
5366.061387  1.0073
5366.684194  1.003909
5367.307001  0.9903741
5367.929808  0.9905918
5368.552615  0.9978206
5369.175422  0.9732789
5369.798229  0.9425099
5370.421036  0.924971
5371.043843  0.9201546
5371.66665  0.9468815
5372.289457  0.9935889
5372.912264  1.03119
5373.535071  1.039688
5374.157878  1.043319
5374.780685  1.056253
5375.403492  1.063079
5376.026299  1.056289
5376.649106  1.042772
5377.271913  1.034811
5377.89472  1.0368
5378.517527  1.03688
5379.140334  1.02307
5379.763141  0.9986265
5380.385948  0.9836248
5381.008755  0.9905549
5381.631562  1.007206
5382.254369  0.9987427
5382.877176  0.9767056
5383.499983  0.975831
5384.12279  1.014775
5384.745597  1.050095
5385.368404  1.054448
5385.991211  1.043077
5386.614018  1.035198
5387.236825  1.038339
5387.859632  1.043469
5388.482439  1.033209
5389.105246  1.01332
5389.728053  0.997907
5390.35086  0.9932016
5390.973667  0.9898424
5391.596474  0.9859887
5392.219281  0.9850378
5392.842088  0.9808117
5393.464895  0.9851537
5394.087702  1.006051
5394.710509  1.027701
5395.333316  1.031557
5395.956123  1.006158
5396.57893  0.959919
5397.201737  0.9366865
5397.824544  0.9534523
5398.447351  0.9909095
5399.070158  1.005987
5399.692965  0.9933773
5400.315772  0.976847
5400.938579  0.9870473
5401.561386  1.01478
5402.184193  1.029578
5402.807  1.006389
5403.429807  0.9521156
5404.052614  0.9042792
5404.675421  0.8892708
5405.298228  0.8984986
5405.921035  0.9234881
5406.543842  0.9560525
5407.166649  0.9866326
5407.789456  1.002454
5408.412263  0.9955145
5409.03507  0.9684252
5409.657877  0.9371058
5410.280684  0.9245811
5410.903491  0.9427903
5411.526298  0.9822482
5412.149105  1.014969
5412.771912  1.02318
5413.394719  1.007091
5414.017526  0.9800457
5414.640333  0.9570498
5415.26314  0.9561605
5415.885947  0.9901395
5416.508754  1.023622
5417.131561  1.033669
5417.754368  1.023697
5418.377175  1.012245
5418.999982  1.008444
5419.622789  1.006339
5420.245596  0.9907346
5420.868403  0.9801846
5421.49121  0.9910105
5422.114017  1.014862
5422.736824  1.009545
5423.359631  0.9684949
5423.982438  0.9250437
5424.605245  0.9287378
5425.228052  0.9716966
5425.850859  1.020009
5426.473666  1.046846
5427.096473  1.058947
5427.71928  1.052866
5428.342087  1.017326
5428.964894  0.9548146
5429.587701  0.9173589
5430.210508  0.9424794
5430.833315  1.002647
5431.456122  1.033743
5432.078929  1.018946
5432.701736  0.9929422
5433.324543  0.9747061
5433.94735  0.9639959
5434.570157  0.957811
5435.192964  0.9651765
5435.815771  0.976974
5436.438578  0.9890032
5437.061385  1.008473
5437.684192  1.030938
5438.306999  1.046449
5438.929806  1.050878
5439.552613  1.050277
5440.17542  1.045735
5440.798227  1.037971
5441.421034  1.034554
5442.043841  1.039939
5442.666648  1.048579
5443.289455  1.045775
5443.912262  1.02342
5444.535069  0.9924893
5445.157876  0.9669355
5445.780683  0.9443074
5446.40349  0.9205703
5447.026297  0.9182536
5447.649104  0.9658533
5448.271911  1.016766
5448.894718  1.0435
5449.517525  1.04764
5450.140332  1.044271
5450.763139  1.04114
5451.385946  1.039158
5452.008753  1.036522
5452.63156  1.033403
5453.254367  1.029944
5453.877174  1.017704
5454.499981  0.9720125
5455.122788  0.9187819
5455.745595  0.9049258
5456.368402  0.9531753
5456.991209  1.012396
5457.614016  1.044099
5458.236823  1.050824
5458.85963  1.047917
5459.482437  1.04247
5460.105244  1.035849
5460.728051  1.032732
5461.350858  1.016936
5461.973665  0.9774166
5462.596472  0.9275553
5463.219279  0.9113606
5463.842086  0.943357
5464.464893  0.9962587
5465.0877  1.020412
5465.710507  1.009122
5466.333314  0.9881651
5466.956121  0.9882601
5467.578928  1.006918
5468.201735  1.027082
5468.824542  1.034135
