4780.  0.9721399
4780.622807  0.9869163
4781.245614  0.9993659
4781.868421  0.9822124
4782.491228  0.9281695
4783.114035  0.8685681
4783.736842  0.8699129
4784.359649  0.9392309
4784.982456  0.996657
4785.605263  0.9628265
4786.22807  0.8851189
4786.850877  0.8702132
4787.473684  0.929937
4788.096491  0.9619996
4788.719298  0.9193015
4789.342105  0.8956934
4789.964912  0.9115152
4790.587719  0.9430957
4791.210526  0.9585609
4791.833333  0.9629378
4792.45614  0.9681851
4793.078947  0.9872528
4793.701754  1.027315
4794.324561  1.06436
4794.947368  1.07656
4795.570175  1.063017
4796.192982  1.045359
4796.815789  1.028838
4797.438596  1.008464
4798.061403  0.985225
4798.68421  0.9531041
4799.307017  0.9175719
4799.929824  0.9002507
4800.552631  0.9242386
4801.175438  0.9748062
4801.798245  1.017901
4802.421052  1.038159
4803.043859  1.04381
4803.666666  1.033789
4804.289473  0.9932505
4804.91228  0.9668756
4805.535087  0.9783722
4806.157894  1.004357
4806.780701  0.9822071
4807.403508  0.9378558
4808.026315  0.9208183
4808.649122  0.9376068
4809.271929  0.976667
4809.894736  1.007582
4810.517543  1.009183
4811.14035  1.015375
4811.763157  1.021618
4812.385964  1.011959
4813.008771  0.9964687
4813.631578  0.9913049
4814.254385  0.999077
4814.877192  1.009323
4815.499999  1.032982
4816.122806  1.05922
4816.745613  1.067057
4817.36842  1.048298
4817.991227  1.039766
4818.614034  1.057804
4819.236841  1.073658
4819.859648  1.061548
4820.482455  1.037704
4821.105262  1.033463
4821.728069  1.03462
4822.350876  0.9906942
4822.973683  0.9022036
4823.59649  0.8553071
4824.219297  0.8968518
4824.842104  0.9816718
4825.464911  1.026603
4826.087718  1.037448
4826.710525  1.030065
4827.333332  1.016251
4827.956139  1.001467
4828.578946  0.9730925
4829.201753  0.9555358
4829.82456  0.9845574
4830.447367  0.9995161
4831.070174  0.9718153
4831.692981  0.9290041
4832.315788  0.9328224
4832.938595  0.9684045
4833.561402  1.0023
4834.184209  1.021827
4834.807016  1.024731
4835.429823  1.012061
4836.05263  0.9984477
4836.675437  1.021696
4837.298244  1.033705
4837.921051  1.002792
4838.543858  0.9684122
4839.166665  0.9401854
4839.789472  0.920997
4840.412279  0.9180912
4841.035086  0.948973
4841.657893  0.9789836
4842.2807  0.9731388
4842.903507  0.9433969
4843.526314  0.940954
4844.149121  0.9762883
4844.771928  1.014648
4845.394735  1.041563
4846.017542  1.050443
4846.640349  1.042418
4847.263156  1.026185
4847.885963  0.9886169
4848.50877  0.9503941
4849.131577  0.9599454
4849.754384  1.010364
4850.377191  1.049188
4850.999998  1.035874
4851.622805  0.9997975
4852.245612  0.9931146
4852.868419  1.019635
4853.491226  1.022553
4854.114033  0.9792286
4854.73684  0.9054235
4855.359647  0.8493769
4855.982454  0.8661955
4856.605261  0.9220381
4857.228068  0.9613611
4857.850875  0.9656546
4858.473682  0.9178694
4859.096489  0.8400818
4859.719296  0.7701148
4860.342103  0.6896185
4860.96491  0.6141828
4861.587717  0.6028779
4862.210524  0.7210261
4862.833331  0.8407971
4863.456138  0.8783672
4864.078945  0.8788431
4864.701752  0.9098281
4865.324559  0.952904
4865.947366  0.9656343
4866.570173  0.9741239
4867.19298  0.9650094
4867.815787  0.9426903
4868.438594  0.9437354
4869.061401  0.9676505
4869.684208  0.9537989
4870.307015  0.8488016
4870.929822  0.699192
4871.552629  0.621241
4872.175436  0.6764791
4872.798243  0.8045701
4873.42105  0.9132304
4874.043857  0.9582649
4874.666664  0.9532019
4875.289471  0.9258805
4875.912278  0.9364049
4876.535085  0.980151
4877.157892  0.952257
4877.780699  0.8931453
4878.403506  0.8890427
4879.026313  0.9767265
4879.64912  1.060273
4880.271927  1.060852
4880.894734  0.981665
4881.517541  0.9178713
4882.140348  0.9313682
4882.763155  0.9957849
4883.385962  1.022696
4884.008769  0.9976699
4884.631576  0.9395516
4885.254383  0.8793364
4885.87719  0.8402857
4886.499997  0.8445923
4887.122804  0.8790852
4887.745611  0.8965475
4888.368418  0.8951418
4888.991225  0.88621
4889.614032  0.8613754
4890.236839  0.7624552
4890.859646  0.6487331
4891.482453  0.629055
4892.10526  0.7588683
4892.728067  0.9201016
4893.350874  1.019327
4893.973681  1.056694
4894.596488  1.079057
4895.219295  1.088815
4895.842102  1.077016
4896.464909  1.071509
4897.087716  1.061823
4897.710523  1.056849
4898.33333  1.075134
4898.956137  1.05079
4899.578944  1.000428
4900.201751  0.9857956
4900.824558  1.021087
4901.447365  1.051885
4902.070172  1.029255
4902.692979  0.9596812
4903.315786  0.9007922
4903.938593  0.901956
4904.5614  0.9645295
4905.184207  1.030066
4905.807014  1.075296
4906.429821  1.085352
4907.052628  1.041674
4907.675435  1.002291
4908.298242  0.9856879
4908.921049  0.9586321
4909.543856  0.8976014
4910.166663  0.8553938
4910.78947  0.8772531
4911.412277  0.9228744
4912.035084  0.9681174
4912.657891  0.9924067
4913.280698  0.9892079
4913.903505  0.9966367
4914.526312  1.02535
4915.149119  1.055093
4915.771926  1.056701
4916.394733  1.031547
4917.01754  0.9803883
4917.640347  0.892383
4918.263154  0.7823162
4918.885961  0.6814654
4919.508768  0.6178684
4920.131575  0.5947539
4920.754382  0.6377197
4921.377189  0.7464842
4921.999996  0.8683652
4922.622803  0.9387665
4923.24561  0.9438425
4923.868417  0.9171641
4924.491224  0.888624
4925.114031  0.9020911
4925.736838  0.9651185
4926.359645  1.022313
4926.982452  1.024684
4927.605259  0.998189
4928.228066  1.013673
4928.850873  1.06396
4929.47368  1.089239
4930.096487  1.06029
4930.719294  1.040887
4931.342101  1.052704
4931.964908  1.058815
4932.587715  1.002093
4933.210522  0.9088501
4933.833329  0.8644627
4934.456136  0.9191628
4935.078943  0.9933667
4935.70175  1.021997
4936.324557  0.9933422
4936.947364  0.9440015
4937.570171  0.8758132
4938.192978  0.7988812
4938.815785  0.7498149
4939.438592  0.7965924
4940.061399  0.9117911
4940.684206  1.014096
4941.307013  1.042928
4941.92982  1.031705
4942.552627  1.03319
4943.175434  1.066561
4943.798241  1.100057
4944.421048  1.090424
4945.043855  1.027702
4945.666662  0.9582354
4946.289469  0.9518229
4946.912276  1.012778
4947.535083  1.070844
4948.15789  1.088881
4948.780697  1.074422
4949.403504  1.055803
4950.026311  1.045155
4950.649118  1.057707
4951.271925  1.079187
4951.894732  1.070259
4952.517539  1.042906
4953.140346  1.023193
4953.763153  1.022603
4954.38596  1.019097
4955.008767  1.021226
4955.631574  1.000116
4956.254381  0.8735052
4956.877188  0.6903998
4957.499995  0.5871671
4958.122802  0.6688938
4958.745609  0.8448185
4959.368416  0.9939415
4959.991223  1.055143
4960.61403  1.066795
4961.236837  1.052735
4961.859644  1.037237
4962.482451  1.042891
4963.105258  1.069038
4963.728065  1.077794
4964.350872  1.036673
4964.973679  0.967563
4965.596486  0.9208096
4966.219293  0.9250524
4966.8421  0.9593479
4967.464907  0.9627513
4968.087714  0.9476445
4968.710521  0.9599466
4969.333328  0.973444
4969.956135  0.9736088
4970.578942  0.976176
4971.201749  1.015097
4971.824556  1.044664
4972.447363  1.043767
4973.07017  1.036931
4973.692977  1.051551
4974.315784  1.071392
4974.938591  1.069152
4975.561398  1.047469
4976.184205  1.040994
4976.807012  1.042641
4977.429819  1.009772
4978.052626  0.9616162
4978.675433  0.9350938
4979.29824  0.9494815
4979.921047  0.9802073
4980.543854  0.9804003
4981.166661  0.9265618
4981.789468  0.8382499
4982.412275  0.7591363
4983.035082  0.7307976
4983.657889  0.7626484
4984.280696  0.8077758
4984.903503  0.8322379
4985.52631  0.8495497
4986.149117  0.9118865
4986.771924  0.9964429
4987.394731  1.045599
4988.017538  1.026049
4988.640345  1.000931
4989.263152  0.996241
4989.885959  0.9906605
4990.508766  0.947579
4991.131573  0.9185039
4991.75438  0.9519674
4992.377187  1.028007
4992.999994  1.015806
4993.622801  0.9536622
4994.245608  0.9476206
4994.868415  0.9929206
4995.491222  1.027509
4996.114029  1.018851
4996.736836  0.9992946
4997.359643  1.009252
4997.98245  1.019754
4998.605257  0.9831097
4999.228064  0.9264489
4999.850871  0.8943447
5000.473678  0.8919172
5001.096485  0.876681
5001.719292  0.862899
5002.342099  0.8691502
5002.964906  0.8969454
5003.587713  0.92902
5004.21052  0.9328457
5004.833327  0.8826153
5005.456134  0.7842965
5006.078941  0.7233842
5006.701748  0.7448626
5007.324555  0.8230574
5007.947362  0.9239424
5008.570169  0.9914877
5009.192976  0.9969508
5009.815783  0.9772083
5010.43859  0.9675061
5011.061397  0.9507226
5011.684204  0.883148
5012.307011  0.8351426
5012.929818  0.8252418
5013.552625  0.8178469
5014.175432  0.7868051
5014.798239  0.7944518
5015.421046  0.8574021
5016.043853  0.8935431
5016.66666  0.8995215
5017.289467  0.8816139
5017.912274  0.8540265
5018.535081  0.8689322
5019.157888  0.9151621
5019.780695  0.9517515
5020.403502  0.9519464
5021.026309  0.9205564
5021.649116  0.8714808
5022.271923  0.8281417
5022.89473  0.8523976
5023.517537  0.9203293
5024.140344  0.9645767
5024.763151  0.9493508
5025.385958  0.9453458
5026.008765  0.9600183
5026.631572  0.9158987
5027.254379  0.8520859
5027.877186  0.8392292
5028.499993  0.903498
5029.1228  0.9678605
5029.745607  0.9940845
5030.368414  0.9879892
5030.991221  0.9801663
5031.614028  0.995505
5032.236835  1.025744
5032.859642  1.046943
5033.482449  1.060168
5034.105256  1.042824
5034.728063  0.975455
5035.35087  0.8758354
5035.973677  0.8342614
5036.596484  0.8745502
5037.219291  0.9352226
5037.842098  0.9532251
5038.464905  0.9191201
5039.087712  0.8656418
5039.710519  0.8282415
5040.333326  0.7570722
5040.956133  0.6735581
5041.57894  0.6831764
5042.201747  0.7911263
5042.824554  0.9097057
5043.447361  0.9580429
5044.070168  0.9751115
5044.692975  0.9970662
5045.315782  1.032075
5045.938589  1.058667
5046.561396  1.065192
5047.184203  1.029586
5047.80701  0.9481462
5048.429817  0.8784729
5049.052624  0.840394
5049.675431  0.8346279
5050.298238  0.8615161
5050.921045  0.8820107
5051.543852  0.8866968
5052.166659  0.9012707
5052.789466  0.9386299
5053.412273  0.9740817
5054.03508  0.9898118
5054.657887  1.011091
5055.280694  1.012028
5055.903501  0.9914092
5056.526308  0.9846627
5057.149115  0.9977991
5057.771922  1.018182
5058.394729  1.027064
5059.017536  1.016069
5059.640343  1.01241
5060.26315  1.028033
5060.885957  1.039747
5061.508764  1.038915
5062.131571  1.036567
5062.754378  1.039361
5063.377185  1.014905
5063.999992  0.938016
5064.622799  0.8462341
5065.245606  0.8342124
5065.868413  0.891289
5066.49122  0.9452975
5067.114027  0.9347025
5067.736834  0.8877806
5068.359641  0.8591907
5068.982448  0.8833813
5069.605255  0.947534
5070.228062  0.9977209
5070.850869  0.9908651
5071.473676  0.9295035
5072.096483  0.8805424
5072.71929  0.889589
5073.342097  0.9397482
5073.964904  0.947194
5074.587711  0.9251999
5075.210518  0.9107551
5075.833325  0.9119912
5076.456132  0.9323241
5077.078939  0.969945
5077.701746  0.9941122
5078.324553  0.92314
5078.94736  0.8094239
5079.570167  0.740587
5080.192974  0.7440833
5080.815781  0.8014154
5081.438588  0.8657029
5082.061395  0.8919439
5082.684202  0.8756377
5083.307009  0.854355
5083.929816  0.8656411
5084.552623  0.9072506
5085.17543  0.9534116
5085.798237  0.983858
5086.421044  0.994534
5087.043851  0.9798148
5087.666658  0.9578925
5088.289465  0.952599
5088.912272  0.9653398
5089.535079  0.9759085
5090.157886  0.9666964
5090.780693  0.9444781
5091.4035  0.9591126
5092.026307  1.003662
5092.649114  1.034406
5093.271921  1.046242
5093.894728  1.033719
5094.517535  1.00303
5095.140342  0.9744817
5095.763149  0.9479438
5096.385956  0.9253796
5097.008763  0.9082284
5097.63157  0.8750721
5098.254377  0.8234253
5098.877184  0.783188
5099.499991  0.8044767
5100.122798  0.8692547
5100.745605  0.9350246
5101.368412  0.9731116
5101.991219  0.9922872
5102.614026  0.9881102
5103.236833  0.9596606
5103.85964  0.938811
5104.482447  0.9300148
5105.105254  0.9331761
5105.728061  0.9458179
5106.350868  0.9139209
5106.973675  0.8554778
5107.596482  0.8346839
5108.219289  0.8724112
5108.842096  0.8964418
5109.464903  0.8657942
5110.08771  0.842225
5110.710517  0.8650253
5111.333324  0.9221747
5111.956131  0.9651632
5112.578938  0.9673522
5113.201745  0.9613241
5113.824552  0.9784798
5114.447359  0.9955729
5115.070166  0.9872304
5115.692973  0.9664789
5116.31578  0.97203
5116.938587  0.9966505
5117.561394  1.016232
5118.184201  1.016954
5118.807008  1.017289
5119.429815  0.9997834
5120.052622  0.9600832
5120.675429  0.9262735
5121.298236  0.9235647
5121.921043  0.9329763
5122.54385  0.9162979
5123.166657  0.869055
5123.789464  0.82491
5124.412271  0.8113645
5125.035078  0.8221173
5125.657885  0.8554618
5126.280692  0.8804696
5126.903499  0.8703156
5127.526306  0.8810126
5128.149113  0.9008837
5128.77192  0.8941858
5129.394727  0.865494
5130.017534  0.8705471
5130.640341  0.912908
5131.263148  0.9380244
5131.885955  0.9487111
5132.508762  0.9346052
5133.131569  0.8939307
5133.754376  0.8658279
5134.377183  0.894368
5134.99999  0.9579035
5135.622797  0.9726059
5136.245604  0.9276168
5136.868411  0.8760451
5137.491218  0.8634949
5138.114025  0.8354751
5138.736832  0.7713996
5139.359639  0.7286387
5139.982446  0.8062887
5140.605253  0.90407
5141.22806  0.9154162
5141.850867  0.8329388
5142.473674  0.7836357
5143.096481  0.8239816
5143.719288  0.9103661
5144.342095  0.9388058
5144.964902  0.9150615
5145.587709  0.8817049
5146.210516  0.8640327
5146.833323  0.8467788
5147.45613  0.8360617
5148.078937  0.8503877
5148.701744  0.8930452
5149.324551  0.9170889
5149.947358  0.9002137
5150.570165  0.8748331
5151.192972  0.8578145
5151.815779  0.8598653
5152.438586  0.8752652
5153.061393  0.8756202
5153.6842  0.8659931
5154.307007  0.8694701
5154.929814  0.8971696
5155.552621  0.9189065
5156.175428  0.9292748
5156.798235  0.9504502
5157.421042  0.978633
5158.043849  0.9875782
5158.666656  0.9660941
5159.289463  0.9458587
5159.91227  0.9635474
5160.535077  0.9946716
5161.157884  0.970716
5161.780691  0.8924441
5162.403498  0.8381885
5163.026305  0.8626497
5163.649112  0.890221
5164.271919  0.8642509
5164.894726  0.787043
5165.517533  0.7055551
5166.14034  0.5969746
5166.763147  0.4931214
5167.385954  0.4571119
5168.008761  0.4964237
5168.631568  0.5852375
5169.254375  0.6873358
5169.877182  0.7678267
5170.499989  0.7472856
5171.122796  0.62445
5171.745603  0.4820491
5172.36841  0.3951122
5172.991217  0.414445
5173.614024  0.5360741
5174.236831  0.6925384
5174.859638  0.8082684
5175.482445  0.8589191
5176.105252  0.8763827
5176.728059  0.8856643
5177.350866  0.8946596
5177.973673  0.900607
5178.59648  0.9052076
5179.219287  0.8886841
5179.842094  0.8494536
5180.464901  0.8104842
5181.087708  0.7527646
5181.710515  0.6634645
5182.333322  0.5486105
5182.956129  0.4260378
5183.578936  0.3725916
5184.201743  0.4348554
5184.82455  0.5695208
5185.447357  0.7090451
5186.070164  0.8167536
5186.692971  0.8872447
5187.315778  0.8987423
5187.938585  0.8709646
5188.561392  0.857821
5189.184199  0.9108582
5189.807006  0.9674895
5190.429813  0.9443666
5191.05262  0.8205528
5191.675427  0.6955282
5192.298234  0.6704499
5192.921041  0.7646584
5193.543848  0.878624
5194.166655  0.9042279
5194.789462  0.8412468
5195.412269  0.8045834
5196.035076  0.8367066
5196.657883  0.9056405
5197.28069  0.9496299
5197.903497  0.9452491
5198.526304  0.9417351
5199.149111  0.9716524
5199.771918  0.9955853
5200.394725  1.000089
5201.017532  0.9761382
5201.640339  0.9307267
5202.263146  0.9190162
5202.885953  0.9217677
5203.50876  0.8892429
5204.131567  0.8111205
5204.754374  0.724044
5205.377181  0.6768421
5205.999988  0.6939965
5206.622795  0.7547548
5207.245602  0.7687098
5207.868409  0.6949292
5208.491216  0.6646329
5209.114023  0.7178623
5209.73683  0.8061289
5210.359637  0.8544925
5210.982444  0.9146354
5211.605251  0.9926743
5212.228058  1.04331
5212.850865  1.053676
5213.473672  1.03367
5214.096479  0.9895133
5214.719286  0.9140172
5215.342093  0.8599747
5215.9649  0.848637
5216.587707  0.8578288
5217.210514  0.8816611
5217.833321  0.9295415
5218.456128  0.9948115
5219.078935  1.032364
5219.701742  1.03846
5220.324549  1.03448
5220.947356  1.041013
5221.570163  1.042773
5222.19297  1.028214
5222.815777  0.9987643
5223.438584  0.9681484
5224.061391  0.9219877
5224.684198  0.8674633
5225.307005  0.8378096
5225.929812  0.7649395
5226.552619  0.6710228
5227.175426  0.6587631
5227.798233  0.7782983
5228.42104  0.9105652
5229.043847  0.9483431
5229.666654  0.9437431
5230.289461  0.9568526
5230.912268  0.9866139
5231.535075  0.9743896
5232.157882  0.8692782
5232.780689  0.7796212
5233.403496  0.8131896
5234.026303  0.8922583
5234.64911  0.9382165
5235.271917  0.9481916
5235.894724  0.9834555
5236.517531  1.03022
5237.140338  1.058554
5237.763145  1.057152
5238.385952  1.050824
5239.008759  1.048499
5239.631566  1.05047
5240.254373  1.058033
5240.87718  1.058171
5241.499987  1.043507
5242.122794  1.016609
5242.745601  0.9895937
5243.368408  0.9965774
5243.991215  1.043777
5244.614022  1.082147
5245.236829  1.092128
5245.859636  1.058883
5246.482443  0.9841791
5247.10525  0.9351945
5247.728057  0.9449267
5248.350864  0.991098
5248.973671  1.010188
5249.596478  0.9715567
5250.219285  0.9149879
5250.842092  0.9207799
5251.464899  0.968526
5252.087706  1.003158
5252.710513  0.9977421
5253.33332  0.9980918
5253.956127  0.9787398
5254.578934  0.9319365
5255.201741  0.9187166
5255.824548  0.9643114
5256.447355  1.039627
5257.070162  1.090302
5257.692969  1.098693
5258.315776  1.095075
5258.938583  1.097586
5259.56139  1.07126
5260.184197  1.033192
5260.807004  0.9895155
5261.429811  0.9261066
5262.052618  0.8621408
5262.675425  0.8074535
5263.298232  0.7695343
5263.921039  0.7645374
5264.543846  0.7627489
5265.166653  0.7279246
5265.78946  0.6638309
5266.412267  0.683345
5267.035074  0.7886761
5267.657881  0.8685945
5268.280688  0.8118289
5268.903495  0.6506054
5269.526302  0.5174474
5270.149109  0.5424312
5270.771916  0.6872842
5271.394723  0.8421713
5272.01753  0.9161807
5272.640337  0.9100068
5273.263144  0.9003398
5273.885951  0.9261646
5274.508758  0.9133719
5275.131565  0.8701877
5275.754372  0.8599352
5276.377179  0.9351912
5276.999986  1.031418
5277.622793  1.083721
5278.2456  1.078744
5278.868407  1.072355
5279.491214  1.058563
5280.114021  1.019318
5280.736828  0.9605377
5281.359635  0.9173949
5281.982442  0.896121
5282.605249  0.8765256
5283.228056  0.8410031
5283.850863  0.8367524
5284.47367  0.9012731
5285.096477  1.004124
5285.719284  1.074637
5286.342091  1.097905
5286.964898  1.106222
5287.587705  1.083629
5288.210512  1.057987
5288.833319  1.062208
5289.456126  1.086313
5290.078933  1.110086
5290.70174  1.120974
5291.324547  1.117727
5291.947354  1.095751
5292.570161  1.065978
5293.192968  1.048431
5293.815775  1.054991
5294.438582  1.063136
5295.061389  1.052192
5295.684196  1.022654
5296.307003  0.9606978
5296.92981  0.8718159
5297.552617  0.7939844
5298.175424  0.7955448
5298.798231  0.8810093
5299.421038  0.9859469
5300.043845  1.017417
5300.666652  0.9973355
5301.289459  0.9627655
5301.912266  0.9343005
5302.535073  0.9497493
5303.15788  1.011107
5303.780687  1.080411
5304.403494  1.102592
5305.026301  1.104091
5305.649108  1.10407
5306.271915  1.084676
5306.894722  1.060841
5307.517529  1.046362
5308.140336  1.051691
5308.763143  1.091316
5309.38595  1.123944
5310.008757  1.124303
5310.631564  1.122003
5311.254371  1.122379
5311.877178  1.113824
5312.499985  1.088323
5313.122792  1.077121
5313.745599  1.079928
5314.368406  1.081998
5314.991213  1.077356
5315.61402  1.050349
5316.236827  1.020113
5316.859634  1.026099
5317.482441  1.05287
5318.105248  1.073627
5318.728055  1.076618
5319.350862  1.07822
5319.973669  1.078684
5320.596476  1.068896
5321.219283  1.045985
5321.84209  1.03348
5322.464897  1.014515
5323.087704  0.9525113
5323.710511  0.8573692
5324.333318  0.8214648
5324.956125  0.8843469
5325.578932  0.9581198
5326.201739  0.9758644
5326.824546  0.8906022
5327.447353  0.7175717
5328.07016  0.5971149
5328.692967  0.6193574
5329.315774  0.7651505
5329.938581  0.9135619
5330.561388  1.011452
5331.184195  1.048243
5331.807002  1.037535
5332.429809  1.004157
5333.052616  0.9940372
5333.675423  1.031803
5334.29823  1.081402
5334.921037  1.102597
5335.543844  1.090777
5336.166651  1.078473
5336.789458  1.070263
5337.412265  1.070759
5338.035072  1.072059
5338.657879  1.029363
5339.280686  0.9479959
5339.903493  0.866688
5340.5263  0.8294747
5341.149107  0.8730676
5341.771914  0.9643292
5342.394721  1.028145
5343.017528  1.043916
5343.640335  1.051146
5344.263142  1.064864
5344.885949  1.016552
5345.508756  0.9676783
5346.131563  0.9746289
5346.75437  1.018836
5347.377177  1.032037
5347.999984  0.9951164
5348.622791  0.9439884
5349.245598  0.9291512
5349.868405  0.9637837
5350.491212  1.025904
5351.114019  1.075154
5351.736826  1.091934
5352.359633  1.077641
5352.98244  1.05299
5353.605247  1.050612
5354.228054  1.079316
5354.850861  1.117289
5355.473668  1.129998
5356.096475  1.134746
5356.719282  1.142112
5357.342089  1.141482
5357.964896  1.134231
5358.587703  1.12556
5359.21051  1.121439
5359.833317  1.124491
5360.456124  1.116396
5361.078931  1.090782
5361.701738  1.06499
5362.324545  1.049156
5362.947352  1.049436
5363.570159  1.052153
5364.192966  1.005264
5364.815773  0.9610869
5365.43858  0.9691252
5366.061387  1.001562
5366.684194  0.9988669
5367.307001  0.9766742
5367.929808  0.9879629
5368.552615  0.9842607
5369.175422  0.9435904
5369.798229  0.8689496
5370.421036  0.7764684
5371.043843  0.7303531
5371.66665  0.7696356
5372.289457  0.8749174
5372.912264  0.9759551
5373.535071  1.034129
5374.157878  1.057728
5374.780685  1.08522
5375.403492  1.10662
5376.026299  1.100468
5376.649106  1.067248
5377.271913  1.051618
5377.89472  1.063866
5378.517527  1.080347
5379.140334  1.081983
5379.763141  1.076046
5380.385948  1.07187
5381.008755  1.063118
5381.631562  1.049276
5382.254369  1.012088
5382.877176  0.9474534
5383.499983  0.938293
5384.12279  0.9905617
5384.745597  1.053602
5385.368404  1.081352
5385.991211  1.080656
5386.614018  1.071799
5387.236825  1.063809
5387.859632  1.056463
5388.482439  1.043565
5389.105246  1.020301
5389.728053  0.9908776
5390.35086  0.9786851
5390.973667  0.9855382
5391.596474  0.980386
5392.219281  0.9533945
5392.842088  0.9265754
5393.464895  0.9276161
5394.087702  0.94443
5394.710509  0.9757215
5395.333316  0.998133
5395.956123  0.9550037
5396.57893  0.8613241
5397.201737  0.7992426
5397.824544  0.8464047
5398.447351  0.9394692
5399.070158  0.9987843
5399.692965  0.9931821
5400.315772  0.971212
5400.938579  0.9707184
5401.561386  1.005225
5402.184193  1.052946
5402.807  1.025633
5403.429807  0.9397544
5404.052614  0.8641092
5404.675421  0.7858366
5405.298228  0.741204
5405.921035  0.7598913
5406.543842  0.8271875
5407.166649  0.9138717
5407.789456  0.9807469
5408.412263  0.9916514
5409.03507  0.9356453
5409.657877  0.8629971
5410.280684  0.8407268
5410.903491  0.8933511
5411.526298  0.9667489
5412.149105  1.018821
5412.771912  1.047764
5413.394719  1.046612
5414.017526  1.008295
5414.640333  0.9533088
5415.26314  0.947642
5415.885947  0.9890931
5416.508754  1.04306
5417.131561  1.079244
5417.754368  1.087772
5418.377175  1.078486
5418.999982  1.062506
5419.622789  1.02847
5420.245596  0.9975479
5420.868403  0.9964772
5421.49121  1.02608
5422.114017  1.055281
5422.736824  1.039454
5423.359631  0.9626853
5423.982438  0.8952971
5424.605245  0.8998243
5425.228052  0.9761015
5425.850859  1.04729
5426.473666  1.087355
5427.096473  1.10231
5427.71928  1.097592
5428.342087  1.019185
5428.964894  0.8871357
5429.587701  0.7936735
5430.210508  0.8338383
5430.833315  0.9511179
5431.456122  1.030792
5432.078929  1.008236
5432.701736  0.960674
5433.324543  0.9203714
5433.94735  0.8719823
5434.570157  0.8585356
5435.192964  0.880648
5435.815771  0.916068
5436.438578  0.9513528
5437.061385  0.9896377
5437.684192  1.03684
5438.306999  1.085735
5438.929806  1.098714
5439.552613  1.094375
5440.17542  1.099184
5440.798227  1.088035
5441.421034  1.076482
5442.043841  1.081428
5442.666648  1.094749
5443.289455  1.094331
5443.912262  1.063612
5444.535069  1.007264
5445.157876  0.9612286
5445.780683  0.891891
5446.40349  0.8035808
5447.026297  0.7890487
5447.649104  0.8723398
5448.271911  0.9912623
5448.894718  1.05859
5449.517525  1.08491
5450.140332  1.092962
5450.763139  1.094272
5451.385946  1.081456
5452.008753  1.07144
5452.63156  1.065894
5453.254367  1.048287
5453.877174  1.024836
5454.499981  0.9575342
5455.122788  0.8454224
5455.745595  0.8121486
5456.368402  0.8861142
5456.991209  1.0037
5457.614016  1.067408
5458.236823  1.096803
5458.85963  1.10809
5459.482437  1.095203
5460.105244  1.065166
5460.728051  1.044754
5461.350858  1.035639
5461.973665  0.9928787
5462.596472  0.927865
5463.219279  0.8921427
5463.842086  0.9296599
5464.464893  1.004928
5465.0877  1.052361
5465.710507  1.040173
5466.333314  1.01478
5466.956121  1.016431
5467.578928  1.044912
5468.201735  1.064706
5468.824542  1.068384
