4780.  0.9485739
4780.622807  0.970255
4781.245614  0.9948632
4781.868421  0.9892785
4782.491228  0.9490892
4783.114035  0.9127264
4783.736842  0.9179994
4784.359649  0.9567013
4784.982456  0.9727676
4785.605263  0.9403476
4786.22807  0.8957776
4786.850877  0.8963137
4787.473684  0.9320172
4788.096491  0.9502298
4788.719298  0.9268796
4789.342105  0.905895
4789.964912  0.9206035
4790.587719  0.94867
4791.210526  0.9537253
4791.833333  0.9399722
4792.45614  0.9402865
4793.078947  0.966471
4793.701754  0.9996439
4794.324561  1.017639
4794.947368  1.019434
4795.570175  1.013123
4796.192982  1.00465
4796.815789  0.9924692
4797.438596  0.9713116
4798.061403  0.9418501
4798.68421  0.9180684
4799.307017  0.9217005
4799.929824  0.9284054
4800.552631  0.9322914
4801.175438  0.9536146
4801.798245  0.9734232
4802.421052  0.9813952
4803.043859  0.9813233
4803.666666  0.9823077
4804.289473  0.9602876
4804.91228  0.925903
4805.535087  0.9306263
4806.157894  0.9515648
4806.780701  0.95679
4807.403508  0.9399964
4808.026315  0.9324965
4808.649122  0.9407583
4809.271929  0.9553661
4809.894736  0.9664031
4810.517543  0.9668583
4811.14035  0.9648407
4811.763157  0.9707134
4812.385964  0.9725366
4813.008771  0.9734071
4813.631578  0.9785907
4814.254385  0.9806851
4814.877192  0.9877537
4815.499999  1.001872
4816.122806  1.01229
4816.745613  1.008006
4817.36842  0.9965099
4817.991227  0.9924245
4818.614034  1.00283
4819.236841  1.018447
4819.859648  1.021311
4820.482455  1.002945
4821.105262  0.9938581
4821.728069  0.9930289
4822.350876  0.9713953
4822.973683  0.9141452
4823.59649  0.8770909
4824.219297  0.897468
4824.842104  0.9419192
4825.464911  0.976153
4826.087718  0.9901938
4826.710525  0.994126
4827.333332  0.9978382
4827.956139  0.9809083
4828.578946  0.9426625
4829.201753  0.9316232
4829.82456  0.9477211
4830.447367  0.9632636
4831.070174  0.9548653
4831.692981  0.9499638
4832.315788  0.9482553
4832.938595  0.9451154
4833.561402  0.9608555
4834.184209  0.979028
4834.807016  0.9794262
4835.429823  0.9612428
4836.05263  0.9467226
4836.675437  0.9563383
4837.298244  0.9800018
4837.921051  0.9657615
4838.543858  0.9314377
4839.166665  0.9063445
4839.789472  0.8931895
4840.412279  0.902687
4841.035086  0.9283022
4841.657893  0.9479986
4842.2807  0.9403118
4842.903507  0.9233142
4843.526314  0.922489
4844.149121  0.9399444
4844.771928  0.9582716
4845.394735  0.9681419
4846.017542  0.9717416
4846.640349  0.9645606
4847.263156  0.9393787
4847.885963  0.9015616
4848.50877  0.8788687
4849.131577  0.8863552
4849.754384  0.9176339
4850.377191  0.9474899
4850.999998  0.9439664
4851.622805  0.9239765
4852.245612  0.9165574
4852.868419  0.9105908
4853.491226  0.9000213
4854.114033  0.8700403
4854.73684  0.8064776
4855.359647  0.7585893
4855.982454  0.7590573
4856.605261  0.7963706
4857.228068  0.8169619
4857.850875  0.8036458
4858.473682  0.7652184
4859.096489  0.7122222
4859.719296  0.6333349
4860.342103  0.5277854
4860.96491  0.4307514
4861.587717  0.4311531
4862.210524  0.5325212
4862.833331  0.6574032
4863.456138  0.70692
4864.078945  0.7307935
4864.701752  0.7685582
4865.324559  0.799855
4865.947366  0.8207635
4866.570173  0.8388727
4867.19298  0.8592172
4867.815787  0.8683325
4868.438594  0.879558
4869.061401  0.8948334
4869.684208  0.892663
4870.307015  0.851462
4870.929822  0.7911659
4871.552629  0.7611254
4872.175436  0.7972656
4872.798243  0.8507826
4873.42105  0.8784956
4874.043857  0.8939484
4874.666664  0.898154
4875.289471  0.8945692
4875.912278  0.8909287
4876.535085  0.8991196
4877.157892  0.8982438
4877.780699  0.8858585
4878.403506  0.9067233
4879.026313  0.9585042
4879.64912  1.004207
4880.271927  1.004074
4880.894734  0.9671502
4881.517541  0.9305064
4882.140348  0.9247066
4882.763155  0.9424134
4883.385962  0.9501157
4884.008769  0.9329801
4884.631576  0.9068881
4885.254383  0.8845154
4885.87719  0.872875
4886.499997  0.8753911
4887.122804  0.8932914
4887.745611  0.9090498
4888.368418  0.9123621
4888.991225  0.9108832
4889.614032  0.9116614
4890.236839  0.8834363
4890.859646  0.8199935
4891.482453  0.8313029
4892.10526  0.9029325
4892.728067  0.9670953
4893.350874  0.9910604
4893.973681  1.003106
4894.596488  1.016631
4895.219295  1.018932
4895.842102  1.010658
4896.464909  1.001902
4897.087716  1.001814
4897.710523  1.008376
4898.33333  1.009242
4898.956137  0.9894942
4899.578944  0.9505312
4900.201751  0.9409809
4900.824558  0.9658778
4901.447365  0.995002
4902.070172  0.998616
4902.692979  0.9694824
4903.315786  0.9359499
4903.938593  0.9407567
4904.5614  0.9682238
4905.184207  1.000303
4905.807014  1.024829
4906.429821  1.025906
4907.052628  1.005701
4907.675435  0.9824128
4908.298242  0.9742876
4908.921049  0.942642
4909.543856  0.8912946
4910.166663  0.8612871
4910.78947  0.8637133
4911.412277  0.8984163
4912.035084  0.945667
4912.657891  0.9703446
4913.280698  0.9746869
4913.903505  0.9794608
4914.526312  1.000042
4915.149119  1.024653
4915.771926  1.030041
4916.394733  1.006118
4917.01754  0.9687428
4917.640347  0.9167865
4918.263154  0.865133
4918.885961  0.8425215
4919.508768  0.8322842
4920.131575  0.8250206
4920.754382  0.8336768
4921.377189  0.8853475
4921.999996  0.9347299
4922.622803  0.9377957
4923.24561  0.9005913
4923.868417  0.8588662
4924.491224  0.8571519
4925.114031  0.9113571
4925.736838  0.9759677
4926.359645  1.005514
4926.982452  0.9908214
4927.605259  0.9692927
4928.228066  0.980605
4928.850873  1.012573
4929.47368  1.020547
4930.096487  1.002988
4930.719294  0.9902744
4931.342101  0.9989724
4931.964908  0.9952945
4932.587715  0.9579696
4933.210522  0.9005565
4933.833329  0.868174
4934.456136  0.9078176
4935.078943  0.9681774
4935.70175  0.9815378
4936.324557  0.9691035
4936.947364  0.9398237
4937.570171  0.9007768
4938.192978  0.8663597
4938.815785  0.8480477
4939.438592  0.8717386
4940.061399  0.9441832
4940.684206  1.006791
4941.307013  1.024171
4941.92982  1.00691
4942.552627  1.003016
4943.175434  1.020314
4943.798241  1.034954
4944.421048  1.019094
4945.043855  0.9866378
4945.666662  0.9603246
4946.289469  0.9588699
4946.912276  0.9848104
4947.535083  1.009117
4948.15789  1.019319
4948.780697  1.020728
4949.403504  0.9980547
4950.026311  0.9879001
4950.649118  1.015154
4951.271925  1.025177
4951.894732  1.005601
4952.517539  0.9789745
4953.140346  0.9779394
4953.763153  0.9955778
4954.38596  1.010347
4955.008767  1.013
4955.631574  1.020021
4956.254381  0.9695886
4956.877188  0.8589689
4957.499995  0.7977047
4958.122802  0.8584573
4958.745609  0.9741061
4959.368416  1.03109
4959.991223  1.053586
4960.61403  1.053861
4961.236837  1.037557
4961.859644  1.017241
4962.482451  1.014456
4963.105258  1.030685
4963.728065  1.042822
4964.350872  1.024336
4964.973679  0.9866471
4965.596486  0.9603816
4966.219293  0.9628855
4966.8421  0.9797168
4967.464907  0.9856624
4968.087714  0.970118
4968.710521  0.9653466
4969.333328  0.965757
4969.956135  0.954392
4970.578942  0.9536701
4971.201749  0.9782367
4971.824556  1.01085
4972.447363  1.016102
4973.07017  1.01318
4973.692977  1.020229
4974.315784  1.033992
4974.938591  1.027097
4975.561398  1.015833
4976.184205  1.017173
4976.807012  1.017553
4977.429819  1.001794
4978.052626  0.978039
4978.675433  0.9662401
4979.29824  0.9629172
4979.921047  0.9652484
4980.543854  0.9645915
4981.166661  0.9423796
4981.789468  0.8917944
4982.412275  0.836617
4983.035082  0.8143053
4983.657889  0.8298141
4984.280696  0.8606511
4984.903503  0.8826631
4985.52631  0.8987418
4986.149117  0.9439315
4986.771924  1.007495
4987.394731  1.032696
4988.017538  1.027423
4988.640345  1.010669
4989.263152  0.9969284
4989.885959  0.9904246
4990.508766  0.9632457
4991.131573  0.9338081
4991.75438  0.9671767
4992.377187  0.992281
4992.999994  0.9747869
4993.622801  0.9475897
4994.245608  0.9601736
4994.868415  0.9941521
4995.491222  1.012379
4996.114029  1.009109
4996.736836  1.005087
4997.359643  1.005954
4997.98245  0.9979036
4998.605257  0.9784677
4999.228064  0.9484404
4999.850871  0.9205077
5000.473678  0.9199625
5001.096485  0.9172053
5001.719292  0.9067787
5002.342099  0.9188669
5002.964906  0.9427503
5003.587713  0.9654187
5004.21052  0.9698722
5004.833327  0.9311783
5005.456134  0.8752742
5006.078941  0.8470508
5006.701748  0.8708618
5007.324555  0.9195182
5007.947362  0.9724194
5008.570169  1.014601
5009.192976  1.016631
5009.815783  0.9946839
5010.43859  0.9725472
5011.061397  0.9522107
5011.684204  0.9167061
5012.307011  0.8822832
5012.929818  0.8762465
5013.552625  0.8640559
5014.175432  0.8624265
5014.798239  0.894693
5015.421046  0.9405415
5016.043853  0.9575746
5016.66666  0.9299361
5017.289467  0.8775712
5017.912274  0.8276379
5018.535081  0.8284833
5019.157888  0.8908548
5019.780695  0.9431517
5020.403502  0.9634427
5021.026309  0.9550747
5021.649116  0.9294992
5022.271923  0.9193624
5022.89473  0.9353927
5023.517537  0.9619872
5024.140344  0.9746368
5024.763151  0.9784023
5025.385958  0.9871872
5026.008765  0.9962268
5026.631572  0.9582491
5027.254379  0.9059787
5027.877186  0.910757
5028.499993  0.9604207
5029.1228  0.9968371
5029.745607  0.9908875
5030.368414  0.9788387
5030.991221  0.9779595
5031.614028  0.993549
5032.236835  1.020549
5032.859642  1.038086
5033.482449  1.045011
5034.105256  1.035273
5034.728063  0.9786174
5035.35087  0.9095328
5035.973677  0.8847992
5036.596484  0.931729
5037.219291  0.9787417
5037.842098  0.9761412
5038.464905  0.9310969
5039.087712  0.9026154
5039.710519  0.887496
5040.333326  0.8521319
5040.956133  0.7846621
5041.57894  0.7828814
5042.201747  0.8696141
5042.824554  0.9749749
5043.447361  1.011557
5044.070168  1.006465
5044.692975  1.016875
5045.315782  1.047493
5045.938589  1.061815
5046.561396  1.047202
5047.184203  1.016243
5047.80701  0.9606208
5048.429817  0.9186512
5049.052624  0.9217516
5049.675431  0.944371
5050.298238  0.957177
5050.921045  0.9454307
5051.543852  0.921625
5052.166659  0.9368255
5052.789466  0.9728261
5053.412273  0.992529
5054.03508  1.011754
5054.657887  1.02405
5055.280694  1.022145
5055.903501  1.011237
5056.526308  1.007971
5057.149115  1.011563
5057.771922  1.014888
5058.394729  1.024321
5059.017536  1.029947
5059.640343  1.029938
5060.26315  1.037506
5060.885957  1.051226
5061.508764  1.059734
5062.131571  1.057501
5062.754378  1.063159
5063.377185  1.039069
5063.999992  0.9687996
5064.622799  0.9115101
5065.245606  0.9164259
5065.868413  0.9644591
5066.49122  0.9913966
5067.114027  0.9864644
5067.736834  0.9674284
5068.359641  0.9588221
5068.982448  0.9714754
5069.605255  1.005842
5070.228062  1.036101
5070.850869  1.023196
5071.473676  0.9665697
5072.096483  0.9259692
5072.71929  0.9493029
5073.342097  0.9908266
5073.964904  0.9931195
5074.587711  0.961908
5075.210518  0.9624801
5075.833325  0.9790984
5076.456132  1.004615
5077.078939  1.033894
5077.701746  1.021642
5078.324553  0.9543649
5078.94736  0.8700208
5079.570167  0.838679
5080.192974  0.8534439
5080.815781  0.8987382
5081.438588  0.9568349
5082.061395  0.9763156
5082.684202  0.9574202
5083.307009  0.9370757
5083.929816  0.9501652
5084.552623  0.987209
5085.17543  1.020135
5085.798237  1.028425
5086.421044  1.019252
5087.043851  1.001659
5087.666658  0.9875873
5088.289465  0.9958013
5088.912272  1.01818
5089.535079  1.028916
5090.157886  1.009425
5090.780693  0.9988867
5091.4035  1.013752
5092.026307  1.038249
5092.649114  1.049904
5093.271921  1.045422
5093.894728  1.037669
5094.517535  1.04193
5095.140342  1.045571
5095.763149  1.024864
5096.385956  0.9753624
5097.008763  0.9431363
5097.63157  0.9182479
5098.254377  0.8831401
5098.877184  0.858174
5099.499991  0.8771256
5100.122798  0.9352948
5100.745605  0.9935426
5101.368412  1.03293
5101.991219  1.044424
5102.614026  1.032554
5103.236833  1.013508
5103.85964  0.9995372
5104.482447  0.9982842
5105.105254  1.007845
5105.728061  1.012505
5106.350868  0.9928204
5106.973675  0.9536219
5107.596482  0.9454124
5108.219289  0.9697826
5108.842096  0.9875408
5109.464903  0.9607015
5110.08771  0.9389851
5110.710517  0.9602122
5111.333324  1.010769
5111.956131  1.032931
5112.578938  1.036283
5113.201745  1.042992
5113.824552  1.038959
5114.447359  1.021078
5115.070166  1.005104
5115.692973  1.012746
5116.31578  1.034052
5116.938587  1.052287
5117.561394  1.057289
5118.184201  1.056111
5118.807008  1.056943
5119.429815  1.051866
5120.052622  1.028557
5120.675429  1.011386
5121.298236  1.00535
5121.921043  0.9998335
5122.54385  0.9865803
5123.166657  0.963519
5123.789464  0.9423631
5124.412271  0.9391609
5125.035078  0.9405785
5125.657885  0.9492291
5126.280692  0.9696404
5126.903499  0.9720406
5127.526306  0.9706393
5128.149113  0.9696041
5128.77192  0.9453682
5129.394727  0.9493629
5130.017534  0.9773682
5130.640341  0.9816424
5131.263148  0.9719791
5131.885955  0.9690334
5132.508762  0.9746765
5133.131569  0.9665095
5133.754376  0.9717434
5134.377183  1.004353
5134.99999  1.040296
5135.622797  1.032822
5136.245604  0.9842052
5136.868411  0.939554
5137.491218  0.9468237
5138.114025  0.9509311
5138.736832  0.9196728
5139.359639  0.8974977
5139.982446  0.9474763
5140.605253  1.007302
5141.22806  0.984623
5141.850867  0.9198856
5142.473674  0.8895523
5143.096481  0.9274758
5143.719288  0.9907226
5144.342095  1.014587
5144.964902  0.9915107
5145.587709  0.9614128
5146.210516  0.9459398
5146.833323  0.9403752
5147.45613  0.9382136
5148.078937  0.9507869
5148.701744  0.9913903
5149.324551  1.027568
5149.947358  1.011625
5150.570165  0.9772942
5151.192972  0.9614229
5151.815779  0.9720889
5152.438586  0.976669
5153.061393  0.9626554
5153.6842  0.9486469
5154.307007  0.9611384
5154.929814  0.9727715
5155.552621  0.983259
5156.175428  1.003298
5156.798235  1.015274
5157.421042  1.018941
5158.043849  1.017589
5158.666656  1.010062
5159.289463  1.014517
5159.91227  1.029089
5160.535077  1.03131
5161.157884  0.9994485
5161.780691  0.9608974
5162.403498  0.9560428
5163.026305  0.9925011
5163.649112  1.006413
5164.271919  0.9801214
5164.894726  0.9465161
5165.517533  0.9125254
5166.14034  0.8522376
5166.763147  0.7710429
5167.385954  0.7432107
5168.008761  0.7496677
5168.631568  0.7818036
5169.254375  0.8573143
5169.877182  0.941138
5170.499989  0.9637828
5171.122796  0.887679
5171.745603  0.7698615
5172.36841  0.7059138
5172.991217  0.749873
5173.614024  0.8727983
5174.236831  0.9860953
5174.859638  1.040461
5175.482445  1.04055
5176.105252  1.015177
5176.728059  1.008315
5177.350866  1.029627
5177.973673  1.041249
5178.59648  1.038053
5179.219287  1.026039
5179.842094  1.014663
5180.464901  1.015509
5181.087708  1.018047
5181.710515  0.9866735
5182.333322  0.8797121
5182.956129  0.7280237
5183.578936  0.648242
5184.201743  0.7401082
5184.82455  0.8755496
5185.447357  0.9663163
5186.070164  1.001643
5186.692971  1.014018
5187.315778  0.9899407
5187.938585  0.9417692
5188.561392  0.9246628
5189.184199  0.9723934
5189.807006  1.029806
5190.429813  1.016691
5191.05262  0.9383991
5191.675427  0.8698422
5192.298234  0.8727772
5192.921041  0.936042
5193.543848  0.9967396
5194.166655  0.9969562
5194.789462  0.9393033
5195.412269  0.917962
5196.035076  0.9369112
5196.657883  0.9538109
5197.28069  0.9511874
5197.903497  0.9589664
5198.526304  0.9849249
5199.149111  1.006806
5199.771918  1.01705
5200.394725  1.023252
5201.017532  1.021278
5201.640339  0.9843723
5202.263146  0.9785125
5202.885953  1.011335
5203.50876  1.008311
5204.131567  0.9691893
5204.754374  0.9253331
5205.377181  0.9109933
5205.999988  0.934045
5206.622795  0.9767714
5207.245602  0.9891309
5207.868409  0.9297826
5208.491216  0.9165897
5209.114023  0.9657146
5209.73683  1.002673
5210.359637  1.011611
5210.982444  1.014428
5211.605251  1.030959
5212.228058  1.04866
5212.850865  1.058213
5213.473672  1.051006
5214.096479  1.020942
5214.719286  0.9673554
5215.342093  0.9224561
5215.9649  0.9143561
5216.587707  0.9336913
5217.210514  0.9540876
5217.833321  0.9760298
5218.456128  1.019781
5219.078935  1.046238
5219.701742  1.047829
5220.324549  1.042781
5220.947356  1.04184
5221.570163  1.043391
5222.19297  1.043703
5222.815777  1.03947
5223.438584  1.023346
5224.061391  0.998403
5224.684198  0.9703265
5225.307005  0.9289346
5225.929812  0.8605826
5226.552619  0.7992334
5227.175426  0.8242301
5227.798233  0.9154363
5228.42104  0.9935145
5229.043847  0.9988183
5229.666654  0.9925345
5230.289461  1.00964
5230.912268  1.034886
5231.535075  1.021934
5232.157882  0.9665002
5232.780689  0.9218794
5233.403496  0.9446842
5234.026303  0.9566161
5234.64911  0.9513316
5235.271917  0.9638423
5235.894724  0.9854555
5236.517531  1.007551
5237.140338  1.02664
5237.763145  1.042418
5238.385952  1.045197
5239.008759  1.034653
5239.631566  1.025987
5240.254373  1.043673
5240.87718  1.056385
5241.499987  1.03513
5242.122794  0.9974021
5242.745601  0.9842138
5243.368408  1.003126
5243.991215  1.031116
5244.614022  1.062208
5245.236829  1.074577
5245.859636  1.051783
5246.482443  1.007867
5247.10525  0.9898379
5247.728057  1.007839
5248.350864  1.024459
5248.973671  1.007375
5249.596478  0.9708839
5250.219285  0.9537377
5250.842092  0.9805737
5251.464899  1.015561
5252.087706  1.029775
5252.710513  1.030261
5253.33332  1.01667
5253.956127  0.9896811
5254.578934  0.9638515
5255.201741  0.973465
5255.824548  1.007595
5256.447355  1.037155
5257.070162  1.048042
5257.692969  1.056091
5258.315776  1.065496
5258.938583  1.066582
5259.56139  1.060621
5260.184197  1.040492
5260.807004  1.000904
5261.429811  0.9500177
5262.052618  0.9175673
5262.675425  0.9044904
5263.298232  0.8860326
5263.921039  0.8733938
5264.543846  0.8592773
5265.166653  0.8361128
5265.78946  0.823682
5266.412267  0.8670169
5267.035074  0.9491255
5267.657881  0.9873852
5268.280688  0.9534891
5268.903495  0.8750578
5269.526302  0.8145094
5270.149109  0.8339496
5270.771916  0.9175866
5271.394723  0.9926939
5272.01753  0.9912576
5272.640337  0.9598516
5273.263144  0.9514508
5273.885951  0.9649312
5274.508758  0.9336542
5275.131565  0.8830371
5275.754372  0.8835553
5276.377179  0.9656809
5276.999986  1.041672
5277.622793  1.063725
5278.2456  1.058242
5278.868407  1.037043
5279.491214  1.014747
5280.114021  0.9974441
5280.736828  0.9785709
5281.359635  0.9715914
5281.982442  0.9804852
5282.605249  0.9842919
5283.228056  0.9475724
5283.850863  0.9220355
5284.47367  0.9689868
5285.096477  1.028887
5285.719284  1.06878
5286.342091  1.082318
5286.964898  1.077079
5287.587705  1.057314
5288.210512  1.04282
5288.833319  1.051219
5289.456126  1.065104
5290.078933  1.077043
5290.70174  1.082553
5291.324547  1.073417
5291.947354  1.061104
5292.570161  1.05284
5293.192968  1.047711
5293.815775  1.048279
5294.438582  1.05008
5295.061389  1.046897
5295.684196  1.031643
5296.307003  0.9966455
5296.92981  0.9449557
5297.552617  0.9001406
5298.175424  0.9073733
5298.798231  0.9638887
5299.421038  1.025423
5300.043845  1.04611
5300.666652  1.031921
5301.289459  1.008882
5301.912266  0.9942098
5302.535073  1.00897
5303.15788  1.04205
5303.780687  1.064593
5304.403494  1.070887
5305.026301  1.06504
5305.649108  1.053852
5306.271915  1.042531
5306.894722  1.024738
5307.517529  1.013838
5308.140336  1.031221
5308.763143  1.056569
5309.38595  1.072347
5310.008757  1.075375
5310.631564  1.077528
5311.254371  1.075641
5311.877178  1.06892
5312.499985  1.062006
5313.122792  1.045557
5313.745599  1.034728
5314.368406  1.044495
5314.991213  1.044218
5315.61402  1.003585
5316.236827  0.9509521
5316.859634  0.9646325
5317.482441  1.008626
5318.105248  1.041352
5318.728055  1.04973
5319.350862  1.044821
5319.973669  1.040369
5320.596476  1.039182
5321.219283  1.032763
5321.84209  1.039883
5322.464897  1.044305
5323.087704  1.009043
5323.710511  0.9616058
5324.333318  0.9489239
5324.956125  0.9828008
5325.578932  1.00454
5326.201739  1.0177
5326.824546  0.9982057
5327.447353  0.9008168
5328.07016  0.827783
5328.692967  0.8426
5329.315774  0.9240565
5329.938581  0.9904848
5330.561388  1.034733
5331.184195  1.056187
5331.807002  1.026313
5332.429809  0.9974688
5333.052616  1.003291
5333.675423  1.030708
5334.29823  1.042286
5334.921037  1.043565
5335.543844  1.045625
5336.166651  1.02661
5336.789458  1.004271
5337.412265  1.00111
5338.035072  1.019327
5338.657879  1.019103
5339.280686  0.9834473
5339.903493  0.934525
5340.5263  0.9229105
5341.149107  0.9616724
5341.771914  1.015955
5342.394721  1.034309
5343.017528  1.037521
5343.640335  1.043347
5344.263142  1.044909
5344.885949  1.019941
5345.508756  0.9893172
5346.131563  0.9838611
5346.75437  1.007212
5347.377177  1.020874
5347.999984  1.004537
5348.622791  0.9730646
5349.245598  0.9628095
5349.868405  0.985083
5350.491212  1.025136
5351.114019  1.053464
5351.736826  1.057138
5352.359633  1.041336
5352.98244  1.024268
5353.605247  1.033543
5354.228054  1.063934
5354.850861  1.09002
5355.473668  1.091918
5356.096475  1.084047
5356.719282  1.079522
5357.342089  1.07544
5357.964896  1.078948
5358.587703  1.084215
5359.21051  1.081636
5359.833317  1.076372
5360.456124  1.067126
5361.078931  1.050063
5361.701738  1.026307
5362.324545  1.007918
5362.947352  1.008806
5363.570159  1.023945
5364.192966  1.00104
5364.815773  0.9714372
5365.43858  0.9823141
5366.061387  1.015191
5366.684194  1.016277
5367.307001  0.9909746
5367.929808  0.9962474
5368.552615  1.004047
5369.175422  0.9859438
5369.798229  0.945457
5370.421036  0.9239619
5371.043843  0.9205799
5371.66665  0.9422224
5372.289457  1.010281
5372.912264  1.04615
5373.535071  1.044453
5374.157878  1.050915
5374.780685  1.054419
5375.403492  1.059127
5376.026299  1.062193
5376.649106  1.045096
5377.271913  1.038812
5377.89472  1.04792
5378.517527  1.047346
5379.140334  1.035434
5379.763141  1.009481
5380.385948  0.9829092
5381.008755  0.9907167
5381.631562  1.014535
5382.254369  1.014116
5382.877176  0.9756131
5383.499983  0.9777827
5384.12279  1.023764
5384.745597  1.061221
5385.368404  1.066081
5385.991211  1.051261
5386.614018  1.040992
5387.236825  1.045776
5387.859632  1.051882
5388.482439  1.04429
5389.105246  1.021243
5389.728053  1.004597
5390.35086  0.9957771
5390.973667  0.989711
5391.596474  0.9914938
5392.219281  0.9878523
5392.842088  0.9817564
5393.464895  0.990112
5394.087702  1.009378
5394.710509  1.026559
5395.333316  1.026784
5395.956123  0.999871
5396.57893  0.950073
5397.201737  0.9183291
5397.824544  0.9511755
5398.447351  0.9935945
5399.070158  1.005417
5399.692965  0.989282
5400.315772  0.9748323
5400.938579  0.9865288
5401.561386  1.01983
5402.184193  1.039433
5402.807  1.011877
5403.429807  0.9520069
5404.052614  0.9048336
5404.675421  0.8921021
5405.298228  0.8984832
5405.921035  0.9130666
5406.543842  0.9530875
5407.166649  0.987941
5407.789456  1.001949
5408.412263  1.003509
5409.03507  0.9712971
5409.657877  0.933683
5410.280684  0.928789
5410.903491  0.9481099
5411.526298  0.9866787
5412.149105  1.024044
5412.771912  1.030123
5413.394719  1.017497
5414.017526  0.9904638
5414.640333  0.9568483
5415.26314  0.9606903
5415.885947  0.9950753
5416.508754  1.028773
5417.131561  1.038433
5417.754368  1.027762
5418.377175  1.013225
5418.999982  1.00904
5419.622789  1.007138
5420.245596  0.9939428
5420.868403  0.9760361
5421.49121  0.9916559
5422.114017  1.021932
5422.736824  1.022861
5423.359631  0.9703009
5423.982438  0.9222447
5424.605245  0.9240112
5425.228052  0.974498
5425.850859  1.022007
5426.473666  1.053286
5427.096473  1.068254
5427.71928  1.059449
5428.342087  1.015676
5428.964894  0.948137
5429.587701  0.8984988
5430.210508  0.9319203
5430.833315  1.000606
5431.456122  1.031048
5432.078929  1.010733
5432.701736  0.9888189
5433.324543  0.9807178
5433.94735  0.9639072
5434.570157  0.9554834
5435.192964  0.9636769
5435.815771  0.9788864
5436.438578  0.9825403
5437.061385  1.001769
5437.684192  1.03605
5438.306999  1.045566
5438.929806  1.045928
5439.552613  1.045521
5440.17542  1.042253
5440.798227  1.033353
5441.421034  1.031479
5442.043841  1.040856
5442.666648  1.046085
5443.289455  1.045097
5443.912262  1.02944
5444.535069  0.9959201
5445.157876  0.9755332
5445.780683  0.9470361
5446.40349  0.9045061
5447.026297  0.909278
5447.649104  0.9610047
5448.271911  1.017478
5448.894718  1.037031
5449.517525  1.04234
5450.140332  1.045139
5450.763139  1.041811
5451.385946  1.032231
5452.008753  1.031544
5452.63156  1.038067
5453.254367  1.028164
5453.877174  1.01068
5454.499981  0.9732613
5455.122788  0.9137072
5455.745595  0.8987195
5456.368402  0.9452883
5456.991209  1.012753
5457.614016  1.035792
5458.236823  1.037753
5458.85963  1.039769
5459.482437  1.040026
5460.105244  1.046649
5460.728051  1.048692
5461.350858  1.028501
5461.973665  0.9806833
5462.596472  0.9288301
5463.219279  0.9072601
5463.842086  0.9347414
5464.464893  0.9834093
5465.0877  1.011902
5465.710507  1.001405
5466.333314  0.9825327
5466.956121  0.984601
5467.578928  1.008176
5468.201735  1.024385
5468.824542  1.029531
