4780.  1.12904
4780.622807  1.143612
4781.245614  1.165422
4781.868421  1.169352
4782.491228  1.14335
4783.114035  1.113765
4783.736842  1.115839
4784.359649  1.149093
4784.982456  1.153803
4785.605263  1.126846
4786.22807  1.095081
4786.850877  1.086048
4787.473684  1.112651
4788.096491  1.129299
4788.719298  1.099854
4789.342105  1.092717
4789.964912  1.108309
4790.587719  1.126292
4791.210526  1.144125
4791.833333  1.143334
4792.45614  1.134522
4793.078947  1.141748
4793.701754  1.158231
4794.324561  1.171372
4794.947368  1.175807
4795.570175  1.174628
4796.192982  1.17028
4796.815789  1.161452
4797.438596  1.148793
4798.061403  1.139588
4798.68421  1.131824
4799.307017  1.124597
4799.929824  1.125356
4800.552631  1.127081
4801.175438  1.132691
4801.798245  1.150029
4802.421052  1.151744
4803.043859  1.148813
4803.666666  1.153207
4804.289473  1.129041
4804.91228  1.104064
4805.535087  1.105507
4806.157894  1.123035
4806.780701  1.124091
4807.403508  1.116653
4808.026315  1.126442
4808.649122  1.140997
4809.271929  1.138842
4809.894736  1.121985
4810.517543  1.120413
4811.14035  1.12475
4811.763157  1.126794
4812.385964  1.129374
4813.008771  1.137076
4813.631578  1.149291
4814.254385  1.159323
4814.877192  1.158874
4815.499999  1.156583
4816.122806  1.159909
4816.745613  1.164188
4817.36842  1.153538
4817.991227  1.145378
4818.614034  1.156932
4819.236841  1.166892
4819.859648  1.160271
4820.482455  1.144787
4821.105262  1.143205
4821.728069  1.15223
4822.350876  1.137776
4822.973683  1.083535
4823.59649  1.038306
4824.219297  1.054481
4824.842104  1.111798
4825.464911  1.130684
4826.087718  1.140238
4826.710525  1.150646
4827.333332  1.147426
4827.956139  1.12994
4828.578946  1.107687
4829.201753  1.098869
4829.82456  1.117277
4830.447367  1.120274
4831.070174  1.109425
4831.692981  1.117418
4832.315788  1.117544
4832.938595  1.111414
4833.561402  1.113387
4834.184209  1.12359
4834.807016  1.130299
4835.429823  1.119094
4836.05263  1.092602
4836.675437  1.092892
4837.298244  1.10736
4837.921051  1.10496
4838.543858  1.089256
4839.166665  1.068182
4839.789472  1.056911
4840.412279  1.068989
4841.035086  1.089772
4841.657893  1.102077
4842.2807  1.097006
4842.903507  1.078433
4843.526314  1.073638
4844.149121  1.086623
4844.771928  1.088741
4845.394735  1.088017
4846.017542  1.088394
4846.640349  1.083843
4847.263156  1.06881
4847.885963  1.035619
4848.50877  1.004323
4849.131577  1.018107
4849.754384  1.051588
4850.377191  1.065055
4850.999998  1.044537
4851.622805  1.027859
4852.245612  1.02521
4852.868419  1.024203
4853.491226  1.008938
4854.114033  0.9745594
4854.73684  0.928201
4855.359647  0.8875382
4855.982454  0.8779132
4856.605261  0.8893804
4857.228068  0.8937612
4857.850875  0.8739201
4858.473682  0.8341872
4859.096489  0.771982
4859.719296  0.6767193
4860.342103  0.5577954
4860.96491  0.4713452
4861.587717  0.4776935
4862.210524  0.5817515
4862.833331  0.7035738
4863.456138  0.7804934
4864.078945  0.8231533
4864.701752  0.8525974
4865.324559  0.8807131
4865.947366  0.9082984
4866.570173  0.9378861
4867.19298  0.9644036
4867.815787  0.9830078
4868.438594  0.9961256
4869.061401  1.005984
4869.684208  1.001407
4870.307015  0.9678625
4870.929822  0.9175709
4871.552629  0.8987489
4872.175436  0.9346418
4872.798243  0.98094
4873.42105  1.009522
4874.043857  1.022396
4874.666664  1.037653
4875.289471  1.038375
4875.912278  1.028556
4876.535085  1.021893
4877.157892  1.018766
4877.780699  1.011527
4878.403506  1.016751
4879.026313  1.060901
4879.64912  1.096771
4880.271927  1.100662
4880.894734  1.083095
4881.517541  1.063283
4882.140348  1.063127
4882.763155  1.072573
4883.385962  1.055307
4884.008769  1.043625
4884.631576  1.041619
4885.254383  1.029028
4885.87719  1.02013
4886.499997  1.019684
4887.122804  1.031316
4887.745611  1.059204
4888.368418  1.064048
4888.991225  1.051031
4889.614032  1.050073
4890.236839  1.00888
4890.859646  0.9636036
4891.482453  0.9738243
4892.10526  1.035881
4892.728067  1.08635
4893.350874  1.105425
4893.973681  1.126396
4894.596488  1.135496
4895.219295  1.136147
4895.842102  1.139739
4896.464909  1.138828
4897.087716  1.131412
4897.710523  1.125388
4898.33333  1.125469
4898.956137  1.101314
4899.578944  1.069073
4900.201751  1.069545
4900.824558  1.10204
4901.447365  1.127642
4902.070172  1.118331
4902.692979  1.088821
4903.315786  1.067998
4903.938593  1.070824
4904.5614  1.090683
4905.184207  1.112339
4905.807014  1.125075
4906.429821  1.127837
4907.052628  1.127139
4907.675435  1.11784
4908.298242  1.102332
4908.921049  1.085102
4909.543856  1.043713
4910.166663  1.009258
4910.78947  1.017236
4911.412277  1.048317
4912.035084  1.079571
4912.657891  1.098247
4913.280698  1.106129
4913.903505  1.110787
4914.526312  1.121352
4915.149119  1.135627
4915.771926  1.132258
4916.394733  1.113884
4917.01754  1.088226
4917.640347  1.05539
4918.263154  1.02075
4918.885961  1.002
4919.508768  1.004538
4920.131575  0.9879617
4920.754382  0.9893425
4921.377189  1.031808
4921.999996  1.064426
4922.622803  1.058187
4923.24561  1.021
4923.868417  0.9915324
4924.491224  1.011621
4925.114031  1.058852
4925.736838  1.093584
4926.359645  1.114018
4926.982452  1.11147
4927.605259  1.105174
4928.228066  1.12215
4928.850873  1.130722
4929.47368  1.12694
4930.096487  1.124179
4930.719294  1.118867
4931.342101  1.116547
4931.964908  1.106561
4932.587715  1.06607
4933.210522  1.014393
4933.833329  0.9955923
4934.456136  1.03135
4935.078943  1.078427
4935.70175  1.102542
4936.324557  1.095693
4936.947364  1.072363
4937.570171  1.042358
4938.192978  1.00687
4938.815785  0.9764671
4939.438592  0.9962815
4940.061399  1.057089
4940.684206  1.11596
4941.307013  1.136879
4941.92982  1.128698
4942.552627  1.118376
4943.175434  1.1235
4943.798241  1.127777
4944.421048  1.12211
4945.043855  1.105749
4945.666662  1.081685
4946.289469  1.077144
4946.912276  1.098651
4947.535083  1.121139
4948.15789  1.125141
4948.780697  1.112508
4949.403504  1.099661
4950.026311  1.100834
4950.649118  1.119787
4951.271925  1.13256
4951.894732  1.108087
4952.517539  1.089922
4953.140346  1.097598
4953.763153  1.113112
4954.38596  1.111874
4955.008767  1.112854
4955.631574  1.113336
4956.254381  1.065341
4956.877188  0.9743071
4957.499995  0.9229445
4958.122802  0.9855286
4958.745609  1.072436
4959.368416  1.127501
4959.991223  1.139447
4960.61403  1.125094
4961.236837  1.10864
4961.859644  1.104129
4962.482451  1.108217
4963.105258  1.113294
4963.728065  1.114147
4964.350872  1.109359
4964.973679  1.096764
4965.596486  1.077689
4966.219293  1.066054
4966.8421  1.075776
4967.464907  1.078511
4968.087714  1.074557
4968.710521  1.077239
4969.333328  1.075352
4969.956135  1.064325
4970.578942  1.060995
4971.201749  1.088165
4971.824556  1.100311
4972.447363  1.091384
4973.07017  1.09188
4973.692977  1.107495
4974.315784  1.118494
4974.938591  1.115006
4975.561398  1.113841
4976.184205  1.110567
4976.807012  1.100992
4977.429819  1.087076
4978.052626  1.071288
4978.675433  1.064488
4979.29824  1.067746
4979.921047  1.061023
4980.543854  1.054024
4981.166661  1.037238
4981.789468  0.9906946
4982.412275  0.9592698
4983.035082  0.9456497
4983.657889  0.9401165
4984.280696  0.9732884
4984.903503  1.000711
4985.52631  1.009737
4986.149117  1.048176
4986.771924  1.090152
4987.394731  1.113189
4988.017538  1.111723
4988.640345  1.088729
4989.263152  1.077022
4989.885959  1.076719
4990.508766  1.045414
4991.131573  1.034984
4991.75438  1.057474
4992.377187  1.072356
4992.999994  1.052871
4993.622801  1.034431
4994.245608  1.047905
4994.868415  1.069229
4995.491222  1.089475
4996.114029  1.100521
4996.736836  1.095366
4997.359643  1.090915
4997.98245  1.080114
4998.605257  1.056096
4999.228064  1.042241
4999.850871  1.036605
5000.473678  1.028094
5001.096485  1.011626
5001.719292  1.009095
5002.342099  1.025822
5002.964906  1.049045
5003.587713  1.06651
5004.21052  1.05543
5004.833327  1.012658
5005.456134  0.9653038
5006.078941  0.948832
5006.701748  0.9701981
5007.324555  1.0113
5007.947362  1.058731
5008.570169  1.085866
5009.192976  1.085865
5009.815783  1.082471
5010.43859  1.073407
5011.061397  1.049453
5011.684204  1.012424
5012.307011  0.9933473
5012.929818  0.9913692
5013.552625  0.989965
5014.175432  0.9849733
5014.798239  1.000746
5015.421046  1.036498
5016.043853  1.055942
5016.66666  1.038001
5017.289467  0.9822796
5017.912274  0.9269704
5018.535081  0.9460324
5019.157888  0.9976419
5019.780695  1.033499
5020.403502  1.058343
5021.026309  1.053886
5021.649116  1.03659
5022.271923  1.033973
5022.89473  1.036088
5023.517537  1.049088
5024.140344  1.07067
5024.763151  1.080925
5025.385958  1.082265
5026.008765  1.067138
5026.631572  1.030112
5027.254379  1.002258
5027.877186  1.009721
5028.499993  1.048222
5029.1228  1.075539
5029.745607  1.072752
5030.368414  1.055651
5030.991221  1.057677
5031.614028  1.074138
5032.236835  1.090118
5032.859642  1.098719
5033.482449  1.106243
5034.105256  1.092516
5034.728063  1.050629
5035.35087  1.006383
5035.973677  1.007619
5036.596484  1.037234
5037.219291  1.048715
5037.842098  1.045228
5038.464905  1.026792
5039.087712  1.004072
5039.710519  0.994034
5040.333326  0.9576607
5040.956133  0.906972
5041.57894  0.8997161
5042.201747  0.9713859
5042.824554  1.0505
5043.447361  1.072405
5044.070168  1.070279
5044.692975  1.083249
5045.315782  1.10811
5045.938589  1.113888
5046.561396  1.11103
5047.184203  1.088508
5047.80701  1.046018
5048.429817  1.024386
5049.052624  1.017483
5049.675431  1.02185
5050.298238  1.041619
5050.921045  1.028219
5051.543852  1.004394
5052.166659  1.018111
5052.789466  1.05199
5053.412273  1.081076
5054.03508  1.092856
5054.657887  1.096138
5055.280694  1.095757
5055.903501  1.088062
5056.526308  1.071861
5057.149115  1.06303
5057.771922  1.074307
5058.394729  1.097729
5059.017536  1.104936
5059.640343  1.099599
5060.26315  1.095418
5060.885957  1.098513
5061.508764  1.09813
5062.131571  1.09934
5062.754378  1.104865
5063.377185  1.095473
5063.999992  1.052974
5064.622799  1.007868
5065.245606  1.013268
5065.868413  1.043282
5066.49122  1.060789
5067.114027  1.051805
5067.736834  1.041759
5068.359641  1.035343
5068.982448  1.040476
5069.605255  1.067515
5070.228062  1.086538
5070.850869  1.075292
5071.473676  1.03815
5072.096483  1.008609
5072.71929  1.022767
5073.342097  1.062428
5073.964904  1.057705
5074.587711  1.040411
5075.210518  1.034741
5075.833325  1.038544
5076.456132  1.067505
5077.078939  1.09131
5077.701746  1.075335
5078.324553  1.023827
5078.94736  0.9667284
5079.570167  0.9372847
5080.192974  0.9522476
5080.815781  0.995731
5081.438588  1.037659
5082.061395  1.050322
5082.684202  1.024885
5083.307009  1.003648
5083.929816  1.015432
5084.552623  1.047322
5085.17543  1.080652
5085.798237  1.09026
5086.421044  1.070111
5087.043851  1.054547
5087.666658  1.050545
5088.289465  1.057059
5088.912272  1.07697
5089.535079  1.0879
5090.157886  1.073886
5090.780693  1.047134
5091.4035  1.062646
5092.026307  1.089738
5092.649114  1.091589
5093.271921  1.091555
5093.894728  1.092911
5094.517535  1.094142
5095.140342  1.09159
5095.763149  1.076693
5096.385956  1.045841
5097.008763  1.008441
5097.63157  0.9895636
5098.254377  0.969985
5098.877184  0.9546787
5099.499991  0.9775882
5100.122798  1.023854
5100.745605  1.06048
5101.368412  1.071583
5101.991219  1.080556
5102.614026  1.084225
5103.236833  1.079107
5103.85964  1.077385
5104.482447  1.071693
5105.105254  1.065447
5105.728061  1.065093
5106.350868  1.054041
5106.973675  1.023824
5107.596482  1.001823
5108.219289  1.035771
5108.842096  1.045594
5109.464903  1.012655
5110.08771  0.9990395
5110.710517  1.033129
5111.333324  1.072974
5111.956131  1.078048
5112.578938  1.078945
5113.201745  1.085478
5113.824552  1.086242
5114.447359  1.067309
5115.070166  1.059045
5115.692973  1.066513
5116.31578  1.075728
5116.938587  1.082536
5117.561394  1.094485
5118.184201  1.106921
5118.807008  1.101684
5119.429815  1.091671
5120.052622  1.081331
5120.675429  1.068597
5121.298236  1.06294
5121.921043  1.058241
5122.54385  1.044963
5123.166657  1.02421
5123.789464  1.014914
5124.412271  1.017912
5125.035078  1.019767
5125.657885  1.028136
5126.280692  1.036919
5126.903499  1.036643
5127.526306  1.029137
5128.149113  1.028499
5128.77192  1.028896
5129.394727  1.016474
5130.017534  1.03499
5130.640341  1.053148
5131.263148  1.033769
5131.885955  1.027913
5132.508762  1.030294
5133.131569  1.028715
5133.754376  1.031442
5134.377183  1.052153
5134.99999  1.077782
5135.622797  1.081059
5136.245604  1.046613
5136.868411  1.016251
5137.491218  1.014681
5138.114025  1.01174
5138.736832  0.9828007
5139.359639  0.9643165
5139.982446  1.002589
5140.605253  1.041318
5141.22806  1.035526
5141.850867  0.9894943
5142.473674  0.9608988
5143.096481  0.9846234
5143.719288  1.036948
5144.342095  1.061926
5144.964902  1.058245
5145.587709  1.03742
5146.210516  1.016181
5146.833323  1.014341
5147.45613  1.013595
5148.078937  1.015274
5148.701744  1.044449
5149.324551  1.06452
5149.947358  1.054755
5150.570165  1.029402
5151.192972  1.022473
5151.815779  1.035773
5152.438586  1.045293
5153.061393  1.026222
5153.6842  1.004515
5154.307007  1.003668
5154.929814  1.024237
5155.552621  1.044695
5156.175428  1.063953
5156.798235  1.081668
5157.421042  1.081133
5158.043849  1.066852
5158.666656  1.055757
5159.289463  1.062189
5159.91227  1.075219
5160.535077  1.073412
5161.157884  1.048141
5161.780691  1.021589
5162.403498  1.024189
5163.026305  1.052984
5163.649112  1.071016
5164.271919  1.059112
5164.894726  1.024564
5165.517533  0.9812624
5166.14034  0.9261058
5166.763147  0.8705798
5167.385954  0.8381591
5168.008761  0.8476879
5168.631568  0.8746267
5169.254375  0.9275652
5169.877182  1.008539
5170.499989  1.015108
5171.122796  0.9458235
5171.745603  0.8629563
5172.36841  0.8232881
5172.991217  0.8742768
5173.614024  0.978085
5174.236831  1.046837
5174.859638  1.070181
5175.482445  1.063776
5176.105252  1.054197
5176.728059  1.06523
5177.350866  1.082165
5177.973673  1.087707
5178.59648  1.082806
5179.219287  1.067849
5179.842094  1.059221
5180.464901  1.067305
5181.087708  1.065775
5181.710515  1.031532
5182.333322  0.9472448
5182.956129  0.8247234
5183.578936  0.7834495
5184.201743  0.8546304
5184.82455  0.9640172
5185.447357  1.021661
5186.070164  1.036268
5186.692971  1.044617
5187.315778  1.041794
5187.938585  1.001596
5188.561392  0.9680126
5189.184199  1.008046
5189.807006  1.04685
5190.429813  1.035072
5191.05262  0.9803551
5191.675427  0.9358727
5192.298234  0.9472442
5192.921041  0.9988406
5193.543848  1.026204
5194.166655  1.011623
5194.789462  0.9769607
5195.412269  0.9619565
5196.035076  0.9920996
5196.657883  1.012959
5197.28069  1.001265
5197.903497  1.007204
5198.526304  1.02243
5199.149111  1.03772
5199.771918  1.052633
5200.394725  1.065321
5201.017532  1.055871
5201.640339  1.026897
5202.263146  1.018279
5202.885953  1.031254
5203.50876  1.036243
5204.131567  1.007596
5204.754374  0.9759449
5205.377181  0.9648823
5205.999988  0.9811568
5206.622795  1.0146
5207.245602  1.01786
5207.868409  0.9873103
5208.491216  0.9727807
5209.114023  1.005305
5209.73683  1.04501
5210.359637  1.046545
5210.982444  1.042323
5211.605251  1.053056
5212.228058  1.071174
5212.850865  1.072932
5213.473672  1.069582
5214.096479  1.054363
5214.719286  1.016504
5215.342093  0.9869107
5215.9649  0.9823349
5216.587707  0.9941117
5217.210514  0.9991724
5217.833321  1.02413
5218.456128  1.062439
5219.078935  1.077195
5219.701742  1.07032
5220.324549  1.066137
5220.947356  1.078013
5221.570163  1.086709
5222.19297  1.084218
5222.815777  1.074697
5223.438584  1.065833
5224.061391  1.052805
5224.684198  1.034083
5225.307005  0.9987859
5225.929812  0.9206779
5226.552619  0.8670781
5227.175426  0.8962904
5227.798233  0.9846488
5228.42104  1.032058
5229.043847  1.027741
5229.666654  1.02845
5230.289461  1.043704
5230.912268  1.056413
5231.535075  1.047767
5232.157882  1.019559
5232.780689  0.9921874
5233.403496  0.9799883
5234.026303  0.981856
5234.64911  0.9906372
5235.271917  1.005804
5235.894724  1.025844
5236.517531  1.041243
5237.140338  1.050924
5237.763145  1.056989
5238.385952  1.0608
5239.008759  1.048613
5239.631566  1.040044
5240.254373  1.053243
5240.87718  1.059139
5241.499987  1.044474
5242.122794  1.026242
5242.745601  1.034653
5243.368408  1.046809
5243.991215  1.056322
5244.614022  1.070059
5245.236829  1.076797
5245.859636  1.06927
5246.482443  1.054038
5247.10525  1.047432
5247.728057  1.053611
5248.350864  1.057945
5248.973671  1.042525
5249.596478  1.025493
5250.219285  1.014789
5250.842092  1.015387
5251.464899  1.04255
5252.087706  1.057006
5252.710513  1.046561
5253.33332  1.03906
5253.956127  1.030681
5254.578934  1.022098
5255.201741  1.024537
5255.824548  1.054459
5256.447355  1.076688
5257.070162  1.074376
5257.692969  1.076567
5258.315776  1.082868
5258.938583  1.080434
5259.56139  1.063006
5260.184197  1.053344
5260.807004  1.030099
5261.429811  0.9860494
5262.052618  0.9613877
5262.675425  0.9597723
5263.298232  0.9565592
5263.921039  0.9324666
5264.543846  0.9244516
5265.166653  0.9222143
5265.78946  0.9143444
5266.412267  0.9365978
5267.035074  0.983435
5267.657881  1.018185
5268.280688  1.002778
5268.903495  0.943837
5269.526302  0.891164
5270.149109  0.8940367
5270.771916  0.9491494
5271.394723  1.007218
5272.01753  1.023364
5272.640337  0.9972156
5273.263144  0.9805534
5273.885951  0.984216
5274.508758  0.9786305
5275.131565  0.948116
5275.754372  0.9469559
5276.377179  1.000422
5276.999986  1.046095
5277.622793  1.068257
5278.2456  1.068094
5278.868407  1.054678
5279.491214  1.042007
5280.114021  1.031268
5280.736828  1.018171
5281.359635  1.005719
5281.982442  1.00632
5282.605249  1.004347
5283.228056  0.9730614
5283.850863  0.9636972
5284.47367  0.9928036
5285.096477  1.03738
5285.719284  1.072792
5286.342091  1.083727
5286.964898  1.07326
5287.587705  1.057149
5288.210512  1.053295
5288.833319  1.061762
5289.456126  1.070406
5290.078933  1.067566
5290.70174  1.068728
5291.324547  1.07821
5291.947354  1.068877
5292.570161  1.059893
5293.192968  1.060809
5293.815775  1.062558
5294.438582  1.070182
5295.061389  1.073902
5295.684196  1.060368
5296.307003  1.030855
5296.92981  0.9924679
5297.552617  0.9650723
5298.175424  0.9702798
5298.798231  1.007172
5299.421038  1.046396
5300.043845  1.058673
5300.666652  1.04616
5301.289459  1.024318
5301.912266  1.012465
5302.535073  1.023518
5303.15788  1.044565
5303.780687  1.066284
5304.403494  1.081845
5305.026301  1.070928
5305.649108  1.051113
5306.271915  1.040151
5306.894722  1.029531
5307.517529  1.027006
5308.140336  1.03667
5308.763143  1.052549
5309.38595  1.064524
5310.008757  1.066144
5310.631564  1.060529
5311.254371  1.062546
5311.877178  1.069543
5312.499985  1.067281
5313.122792  1.046124
5313.745599  1.036242
5314.368406  1.043788
5314.991213  1.046713
5315.61402  1.012227
5316.236827  0.970571
5316.859634  0.9650822
5317.482441  1.006503
5318.105248  1.037815
5318.728055  1.046746
5319.350862  1.057102
5319.973669  1.052132
5320.596476  1.04074
5321.219283  1.041152
5321.84209  1.056649
5322.464897  1.053828
5323.087704  1.024721
5323.710511  0.9931665
5324.333318  0.9811285
5324.956125  0.9902877
5325.578932  1.012433
5326.201739  1.037072
5326.824546  1.014645
5327.447353  0.9376162
5328.07016  0.8693437
5328.692967  0.8884838
5329.315774  0.9648159
5329.938581  1.019959
5330.561388  1.044527
5331.184195  1.05393
5331.807002  1.051215
5332.429809  1.021687
5333.052616  1.017502
5333.675423  1.035086
5334.29823  1.035307
5334.921037  1.032944
5335.543844  1.032852
5336.166651  1.025837
5336.789458  1.000943
5337.412265  1.000181
5338.035072  1.020992
5338.657879  1.019275
5339.280686  1.000446
5339.903493  0.9741644
5340.5263  0.9594632
5341.149107  0.9852952
5341.771914  1.031971
5342.394721  1.062036
5343.017528  1.054942
5343.640335  1.047327
5344.263142  1.04564
5344.885949  1.034943
5345.508756  1.018335
5346.131563  1.01719
5346.75437  1.032333
5347.377177  1.035409
5347.999984  1.031034
5348.622791  1.015223
5349.245598  0.9890878
5349.868405  1.004278
5350.491212  1.040051
5351.114019  1.058872
5351.736826  1.061393
5352.359633  1.04447
5352.98244  1.026019
5353.605247  1.031853
5354.228054  1.053982
5354.850861  1.071893
5355.473668  1.073972
5356.096475  1.068332
5356.719282  1.063929
5357.342089  1.065219
5357.964896  1.068963
5358.587703  1.074426
5359.21051  1.075215
5359.833317  1.067786
5360.456124  1.058713
5361.078931  1.044689
5361.701738  1.024415
5362.324545  1.006368
5362.947352  1.006565
5363.570159  1.014674
5364.192966  1.00843
5364.815773  0.9871267
5365.43858  0.9904503
5366.061387  1.021417
5366.684194  1.010951
5367.307001  0.9953479
5367.929808  1.002258
5368.552615  1.010042
5369.175422  0.9890373
5369.798229  0.9604006
5370.421036  0.9536796
5371.043843  0.9512956
5371.66665  0.9685695
5372.289457  1.00603
5372.912264  1.034943
5373.535071  1.036874
5374.157878  1.034562
5374.780685  1.054807
5375.403492  1.064772
5376.026299  1.059856
5376.649106  1.049132
5377.271913  1.040454
5377.89472  1.04553
5378.517527  1.050784
5379.140334  1.034542
5379.763141  1.00667
5380.385948  0.993614
5381.008755  1.007788
5381.631562  1.025795
5382.254369  1.011011
5382.877176  0.980792
5383.499983  0.9898387
5384.12279  1.015262
5384.745597  1.040185
5385.368404  1.05577
5385.991211  1.047611
5386.614018  1.035867
5387.236825  1.038346
5387.859632  1.047911
5388.482439  1.044652
5389.105246  1.028656
5389.728053  1.016186
5390.35086  1.014117
5390.973667  1.011506
5391.596474  1.003004
5392.219281  1.001768
5392.842088  0.9985084
5393.464895  0.9992539
5394.087702  1.017082
5394.710509  1.032807
5395.333316  1.034955
5395.956123  1.017788
5396.57893  0.9767613
5397.201737  0.9573118
5397.824544  0.9751298
5398.447351  0.9975922
5399.070158  1.00998
5399.692965  1.007731
5400.315772  0.999356
5400.938579  1.008216
5401.561386  1.026034
5402.184193  1.030873
5402.807  1.008944
5403.429807  0.9645093
5404.052614  0.9319201
5404.675421  0.9368211
5405.298228  0.9424737
5405.921035  0.9512096
5406.543842  0.9751709
5407.166649  1.00296
5407.789456  1.0159
5408.412263  1.003065
5409.03507  0.9696158
5409.657877  0.9459252
5410.280684  0.9457943
5410.903491  0.9651663
5411.526298  0.9919739
5412.149105  1.006324
5412.771912  1.008508
5413.394719  1.013867
5414.017526  0.9895287
5414.640333  0.9573811
5415.26314  0.959235
5415.885947  0.9856762
5416.508754  1.011758
5417.131561  1.021553
5417.754368  1.018958
5418.377175  1.013365
5418.999982  1.014415
5419.622789  1.019408
5420.245596  1.005828
5420.868403  0.9997597
5421.49121  1.016545
5422.114017  1.018952
5422.736824  1.010862
5423.359631  0.9876197
5423.982438  0.9449234
5424.605245  0.9459922
5425.228052  0.9855938
5425.850859  1.020943
5426.473666  1.034775
5427.096473  1.041008
5427.71928  1.039446
5428.342087  1.00869
5428.964894  0.9568439
5429.587701  0.9283367
5430.210508  0.955367
5430.833315  0.9991494
5431.456122  1.021116
5432.078929  1.008424
5432.701736  0.9834045
5433.324543  0.9752113
5433.94735  0.9752175
5434.570157  0.9622295
5435.192964  0.9702893
5435.815771  0.9953159
5436.438578  1.012547
5437.061385  1.011708
5437.684192  1.015998
5438.306999  1.030757
5438.929806  1.036063
5439.552613  1.024829
5440.17542  1.018138
5440.798227  1.028293
5441.421034  1.020124
5442.043841  1.016942
5442.666648  1.027806
5443.289455  1.025523
5443.912262  1.009306
5444.535069  0.9876266
5445.157876  0.9665126
5445.780683  0.9439747
5446.40349  0.9226041
5447.026297  0.9235632
5447.649104  0.9719608
5448.271911  1.015468
5448.894718  1.028337
5449.517525  1.029095
5450.140332  1.025223
5450.763139  1.0225
5451.385946  1.022158
5452.008753  1.018865
5452.63156  1.017803
5453.254367  1.018484
5453.877174  1.009468
5454.499981  0.9682491
5455.122788  0.917244
5455.745595  0.9043419
5456.368402  0.9590465
5456.991209  1.007426
5457.614016  1.01291
5458.236823  1.025298
5458.85963  1.025684
5459.482437  1.017062
5460.105244  1.017044
5460.728051  1.012243
5461.350858  0.9988951
5461.973665  0.9780386
5462.596472  0.9500518
5463.219279  0.9335467
5463.842086  0.9487204
5464.464893  0.9930642
5465.0877  1.009585
5465.710507  0.9967516
5466.333314  0.9844813
5466.956121  0.9840313
5467.578928  0.9985065
5468.201735  1.015769
5468.824542  1.018178
