4780.  0.9559142
4780.622807  0.9715052
4781.245614  0.9909129
4781.868421  0.9874059
4782.491228  0.9462684
4783.114035  0.8935218
4783.736842  0.9006526
4784.359649  0.9575685
4784.982456  0.9891126
4785.605263  0.9245158
4786.22807  0.8445513
4786.850877  0.8392713
4787.473684  0.9129215
4788.096491  0.9364183
4788.719298  0.9044036
4789.342105  0.8732607
4789.964912  0.8798576
4790.587719  0.9089127
4791.210526  0.9254104
4791.833333  0.9152302
4792.45614  0.9268662
4793.078947  0.9664236
4793.701754  1.010958
4794.324561  1.036517
4794.947368  1.044418
4795.570175  1.036475
4796.192982  1.01455
4796.815789  0.9964117
4797.438596  0.9684651
4798.061403  0.9191729
4798.68421  0.8802023
4799.307017  0.8693798
4799.929824  0.8815798
4800.552631  0.9023168
4801.175438  0.9525785
4801.798245  0.9983721
4802.421052  1.002595
4803.043859  1.004827
4803.666666  0.9905505
4804.289473  0.9507629
4804.91228  0.9159934
4805.535087  0.9273238
4806.157894  0.9574145
4806.780701  0.9486434
4807.403508  0.9122419
4808.026315  0.8850576
4808.649122  0.8932089
4809.271929  0.9272262
4809.894736  0.9572712
4810.517543  0.964187
4811.14035  0.9542592
4811.763157  0.956967
4812.385964  0.9658726
4813.008771  0.9637488
4813.631578  0.9577683
4814.254385  0.9636769
4814.877192  0.9780496
4815.499999  0.9843639
4816.122806  0.9992877
4816.745613  1.011812
4817.36842  1.006665
4817.991227  1.00325
4818.614034  1.018961
4819.236841  1.038959
4819.859648  1.026682
4820.482455  1.003595
4821.105262  1.003124
4821.728069  1.021603
4822.350876  0.9868971
4822.973683  0.9038382
4823.59649  0.8431967
4824.219297  0.8780876
4824.842104  0.93578
4825.464911  0.9724868
4826.087718  1.000364
4826.710525  1.011309
4827.333332  1.003223
4827.956139  0.9773944
4828.578946  0.9414412
4829.201753  0.9345124
4829.82456  0.9626985
4830.447367  0.9872957
4831.070174  0.9578909
4831.692981  0.908467
4832.315788  0.8997247
4832.938595  0.9335107
4833.561402  0.9703159
4834.184209  0.9861757
4834.807016  0.9896416
4835.429823  0.968282
4836.05263  0.9506199
4836.675437  0.9697468
4837.298244  0.9967543
4837.921051  0.9918031
4838.543858  0.9491367
4839.166665  0.9071707
4839.789472  0.8787974
4840.412279  0.8829419
4841.035086  0.9257123
4841.657893  0.9592987
4842.2807  0.9489882
4842.903507  0.9073076
4843.526314  0.8944843
4844.149121  0.9302585
4844.771928  0.9858245
4845.394735  1.013588
4846.017542  1.011603
4846.640349  1.000816
4847.263156  0.9862328
4847.885963  0.9371302
4848.50877  0.8847855
4849.131577  0.8810661
4849.754384  0.9437855
4850.377191  0.9941593
4850.999998  0.9958557
4851.622805  0.9724873
4852.245612  0.9731618
4852.868419  0.9837717
4853.491226  0.9751431
4854.114033  0.9365025
4854.73684  0.8508627
4855.359647  0.7798688
4855.982454  0.8016824
4856.605261  0.8862789
4857.228068  0.945875
4857.850875  0.9358273
4858.473682  0.9011326
4859.096489  0.8558095
4859.719296  0.7822106
4860.342103  0.6665714
4860.96491  0.5548976
4861.587717  0.5606527
4862.210524  0.7050439
4862.833331  0.8221667
4863.456138  0.8491455
4864.078945  0.8316659
4864.701752  0.8538068
4865.324559  0.8910172
4865.947366  0.9193045
4866.570173  0.9289303
4867.19298  0.9186359
4867.815787  0.9071645
4868.438594  0.9157971
4869.061401  0.9445824
4869.684208  0.9389862
4870.307015  0.8772951
4870.929822  0.7899933
4871.552629  0.7447807
4872.175436  0.7809738
4872.798243  0.8634458
4873.42105  0.9000189
4874.043857  0.9115689
4874.666664  0.9057809
4875.289471  0.8780996
4875.912278  0.8923941
4876.535085  0.9330995
4877.157892  0.9496523
4877.780699  0.9273334
4878.403506  0.9470942
4879.026313  1.017575
4879.64912  1.058583
4880.271927  1.033616
4880.894734  0.9567363
4881.517541  0.8870839
4882.140348  0.8963196
4882.763155  0.9501863
4883.385962  0.9789094
4884.008769  0.9460313
4884.631576  0.8978768
4885.254383  0.8611311
4885.87719  0.8394287
4886.499997  0.8465807
4887.122804  0.8777341
4887.745611  0.9054827
4888.368418  0.8996733
4888.991225  0.907683
4889.614032  0.9077309
4890.236839  0.8471398
4890.859646  0.7746772
4891.482453  0.7886168
4892.10526  0.9001732
4892.728067  0.9802725
4893.350874  1.010495
4893.973681  1.024394
4894.596488  1.05354
4895.219295  1.072484
4895.842102  1.064132
4896.464909  1.040409
4897.087716  1.039138
4897.710523  1.050901
4898.33333  1.046492
4898.956137  1.006822
4899.578944  0.95252
4900.201751  0.9335026
4900.824558  0.9720102
4901.447365  1.013013
4902.070172  1.008249
4902.692979  0.9671238
4903.315786  0.9507948
4903.938593  0.9531419
4904.5614  0.9731771
4905.184207  1.0159
4905.807014  1.058528
4906.429821  1.063941
4907.052628  1.027443
4907.675435  0.9910684
4908.298242  0.9672593
4908.921049  0.9337878
4909.543856  0.8727456
4910.166663  0.8330573
4910.78947  0.8406912
4911.412277  0.8850965
4912.035084  0.9310344
4912.657891  0.9580564
4913.280698  0.9633532
4913.903505  0.965259
4914.526312  1.006307
4915.149119  1.05331
4915.771926  1.05681
4916.394733  1.035553
4917.01754  0.9851273
4917.640347  0.912223
4918.263154  0.8454044
4918.885961  0.8077952
4919.508768  0.7816591
4920.131575  0.7494746
4920.754382  0.7608175
4921.377189  0.8249493
4921.999996  0.9022664
4922.622803  0.9301903
4923.24561  0.9101365
4923.868417  0.871781
4924.491224  0.8519179
4925.114031  0.8842938
4925.736838  0.9543886
4926.359645  1.009975
4926.982452  0.998876
4927.605259  0.9750882
4928.228066  0.9926172
4928.850873  1.043722
4929.47368  1.047921
4930.096487  1.017784
4930.719294  1.012798
4931.342101  1.040399
4931.964908  1.04825
4932.587715  0.9897754
4933.210522  0.8808856
4933.833329  0.837579
4934.456136  0.8896769
4935.078943  0.971447
4935.70175  0.9962234
4936.324557  0.9682486
4936.947364  0.9217038
4937.570171  0.8699454
4938.192978  0.8246853
4938.815785  0.8066981
4939.438592  0.8377395
4940.061399  0.9229035
4940.684206  1.009177
4941.307013  1.042976
4941.92982  1.025841
4942.552627  1.010724
4943.175434  1.027373
4943.798241  1.053966
4944.421048  1.045193
4945.043855  0.9998805
4945.666662  0.9563078
4946.289469  0.9625043
4946.912276  1.004659
4947.535083  1.045434
4948.15789  1.056981
4948.780697  1.041938
4949.403504  1.024174
4950.026311  1.025369
4950.649118  1.045337
4951.271925  1.054238
4951.894732  1.033394
4952.517539  0.9988757
4953.140346  0.9941747
4953.763153  1.014405
4954.38596  1.02572
4955.008767  1.040429
4955.631574  1.051146
4956.254381  1.003384
4956.877188  0.8316551
4957.499995  0.7362083
4958.122802  0.8089266
4958.745609  0.9492041
4959.368416  1.043021
4959.991223  1.069291
4960.61403  1.060577
4961.236837  1.033012
4961.859644  1.013502
4962.482451  1.021686
4963.105258  1.054299
4963.728065  1.065091
4964.350872  1.027704
4964.973679  0.9595563
4965.596486  0.9193885
4966.219293  0.9345328
4966.8421  0.9711466
4967.464907  0.9622344
4968.087714  0.945927
4968.710521  0.9483494
4969.333328  0.9565369
4969.956135  0.9391406
4970.578942  0.932787
4971.201749  0.9684941
4971.824556  1.013737
4972.447363  1.025202
4973.07017  1.019774
4973.692977  1.044269
4974.315784  1.063998
4974.938591  1.055482
4975.561398  1.028066
4976.184205  1.015265
4976.807012  1.00487
4977.429819  0.9778066
4978.052626  0.9381777
4978.675433  0.9247236
4979.29824  0.9381837
4979.921047  0.9524212
4980.543854  0.9556313
4981.166661  0.9288778
4981.789468  0.8723161
4982.412275  0.8164442
4983.035082  0.7932818
4983.657889  0.8124972
4984.280696  0.851782
4984.903503  0.8675142
4985.52631  0.8729737
4986.149117  0.903275
4986.771924  0.9665377
4987.394731  1.017291
4988.017538  1.02297
4988.640345  0.994494
4989.263152  0.9777457
4989.885959  0.9602386
4990.508766  0.9271543
4991.131573  0.9183285
4991.75438  0.9594997
4992.377187  1.003416
4992.999994  0.9728266
4993.622801  0.9318455
4994.245608  0.9348963
4994.868415  0.9784664
4995.491222  1.003485
4996.114029  0.9927236
4996.736836  0.9735617
4997.359643  0.9849498
4997.98245  0.9817197
4998.605257  0.9491481
4999.228064  0.9105975
4999.850871  0.883554
5000.473678  0.8842186
5001.096485  0.9024967
5001.719292  0.9027924
5002.342099  0.907566
5002.964906  0.9196317
5003.587713  0.9186798
5004.21052  0.910481
5004.833327  0.8793154
5005.456134  0.8254161
5006.078941  0.7933632
5006.701748  0.8140888
5007.324555  0.8848653
5007.947362  0.9684316
5008.570169  1.010947
5009.192976  0.9983687
5009.815783  0.961733
5010.43859  0.9531764
5011.061397  0.9322124
5011.684204  0.8773261
5012.307011  0.8311985
5012.929818  0.8094916
5013.552625  0.8001449
5014.175432  0.7952265
5014.798239  0.8340488
5015.421046  0.8865204
5016.043853  0.9113199
5016.66666  0.9056312
5017.289467  0.8549376
5017.912274  0.8074587
5018.535081  0.8294351
5019.157888  0.8804251
5019.780695  0.9189582
5020.403502  0.9274649
5021.026309  0.9129651
5021.649116  0.8810828
5022.271923  0.8609815
5022.89473  0.8875267
5023.517537  0.9293247
5024.140344  0.9468548
5024.763151  0.936022
5025.385958  0.9500246
5026.008765  0.9586778
5026.631572  0.9246938
5027.254379  0.8625316
5027.877186  0.8615801
5028.499993  0.9241778
5029.1228  0.9803357
5029.745607  0.9888922
5030.368414  0.9695105
5030.991221  0.9629771
5031.614028  0.988544
5032.236835  1.020331
5032.859642  1.047463
5033.482449  1.071811
5034.105256  1.061639
5034.728063  0.998944
5035.35087  0.9065966
5035.973677  0.8489379
5036.596484  0.8797314
5037.219291  0.9480078
5037.842098  0.945022
5038.464905  0.9039835
5039.087712  0.8654881
5039.710519  0.8313789
5040.333326  0.7605095
5040.956133  0.694591
5041.57894  0.7041651
5042.201747  0.8171346
5042.824554  0.9311821
5043.447361  0.9848462
5044.070168  0.9939163
5044.692975  1.0158
5045.315782  1.052025
5045.938589  1.077598
5046.561396  1.074625
5047.184203  1.026127
5047.80701  0.9486742
5048.429817  0.8859687
5049.052624  0.8721445
5049.675431  0.905395
5050.298238  0.9425054
5050.921045  0.9248336
5051.543852  0.8908016
5052.166659  0.8925086
5052.789466  0.9391354
5053.412273  0.9786361
5054.03508  1.001222
5054.657887  1.021283
5055.280694  1.030378
5055.903501  1.026968
5056.526308  1.013924
5057.149115  0.9982426
5057.771922  1.000845
5058.394729  1.012725
5059.017536  1.012847
5059.640343  1.014458
5060.26315  1.029136
5060.885957  1.054194
5061.508764  1.069592
5062.131571  1.072422
5062.754378  1.065446
5063.377185  1.041047
5063.999992  0.9553813
5064.622799  0.8725896
5065.245606  0.86972
5065.868413  0.9332533
5066.49122  0.9759441
5067.114027  0.963011
5067.736834  0.9360114
5068.359641  0.9207375
5068.982448  0.9396523
5069.605255  0.9902463
5070.228062  1.029051
5070.850869  1.013928
5071.473676  0.9494136
5072.096483  0.8941929
5072.71929  0.9078833
5073.342097  0.9598147
5073.964904  0.9799379
5074.587711  0.9682138
5075.210518  0.9420414
5075.833325  0.9307026
5076.456132  0.9597769
5077.078939  1.007307
5077.701746  1.015779
5078.324553  0.9418526
5078.94736  0.8229846
5079.570167  0.7445173
5080.192974  0.757028
5080.815781  0.8223712
5081.438588  0.9046429
5082.061395  0.9522629
5082.684202  0.9307728
5083.307009  0.9049279
5083.929816  0.9155146
5084.552623  0.9567817
5085.17543  0.9922441
5085.798237  1.003494
5086.421044  0.9884646
5087.043851  0.9607611
5087.666658  0.9541383
5088.289465  0.9719862
5088.912272  0.992951
5089.535079  1.000485
5090.157886  0.9945544
5090.780693  0.987878
5091.4035  0.9954642
5092.026307  1.008331
5092.649114  1.025151
5093.271921  1.045573
5093.894728  1.037344
5094.517535  1.026891
5095.140342  1.034088
5095.763149  1.019578
5096.385956  0.9745656
5097.008763  0.9179187
5097.63157  0.87497
5098.254377  0.8236243
5098.877184  0.7919542
5099.499991  0.8211043
5100.122798  0.9049199
5100.745605  0.9876392
5101.368412  1.027381
5101.991219  1.026068
5102.614026  0.9963336
5103.236833  0.9675878
5103.85964  0.9582462
5104.482447  0.948024
5105.105254  0.9532329
5105.728061  0.968962
5106.350868  0.9483362
5106.973675  0.9013362
5107.596482  0.8792096
5108.219289  0.9141477
5108.842096  0.9353103
5109.464903  0.9073892
5110.08771  0.8671844
5110.710517  0.9007061
5111.333324  0.9692518
5111.956131  1.008107
5112.578938  0.9956504
5113.201745  0.9896653
5113.824552  0.992259
5114.447359  0.980603
5115.070166  0.9742844
5115.692973  0.986972
5116.31578  1.013889
5116.938587  1.034541
5117.561394  1.038709
5118.184201  1.038203
5118.807008  1.043564
5119.429815  1.029352
5120.052622  0.999935
5120.675429  0.9744798
5121.298236  0.9634603
5121.921043  0.9428726
5122.54385  0.9005189
5123.166657  0.8541982
5123.789464  0.8474582
5124.412271  0.8676638
5125.035078  0.8867586
5125.657885  0.9062594
5126.280692  0.9134284
5126.903499  0.9074281
5127.526306  0.9001103
5128.149113  0.894588
5128.77192  0.886726
5129.394727  0.8814222
5130.017534  0.9016606
5130.640341  0.9195994
5131.263148  0.9229628
5131.885955  0.9354401
5132.508762  0.9440849
5133.131569  0.9476158
5133.754376  0.9593884
5134.377183  0.9871101
5134.99999  1.018999
5135.622797  1.018509
5136.245604  0.9477869
5136.868411  0.89807
5137.491218  0.9081407
5138.114025  0.9263613
5138.736832  0.8764175
5139.359639  0.8431793
5139.982446  0.9064008
5140.605253  0.9780408
5141.22806  0.9617169
5141.850867  0.8693262
5142.473674  0.8142151
5143.096481  0.8507059
5143.719288  0.9280465
5144.342095  0.9612157
5144.964902  0.9329798
5145.587709  0.9003477
5146.210516  0.8920842
5146.833323  0.8747609
5147.45613  0.8625719
5148.078937  0.8788637
5148.701744  0.9270647
5149.324551  0.9711193
5149.947358  0.9695621
5150.570165  0.9223293
5151.192972  0.883388
5151.815779  0.8833841
5152.438586  0.9022794
5153.061393  0.9004081
5153.6842  0.8958207
5154.307007  0.9068024
5154.929814  0.9300221
5155.552621  0.9391798
5156.175428  0.9595478
5156.798235  0.9922739
5157.421042  1.003303
5158.043849  1.000576
5158.666656  0.9958273
5159.289463  0.9978887
5159.91227  1.012239
5160.535077  1.017774
5161.157884  0.992696
5161.780691  0.941477
5162.403498  0.9264906
5163.026305  0.9501032
5163.649112  0.9583697
5164.271919  0.9086192
5164.894726  0.8511176
5165.517533  0.8178532
5166.14034  0.7532236
5166.763147  0.6775673
5167.385954  0.631654
5168.008761  0.6418625
5168.631568  0.702074
5169.254375  0.8085473
5169.877182  0.9197959
5170.499989  0.9362398
5171.122796  0.8381226
5171.745603  0.687036
5172.36841  0.5907705
5172.991217  0.6237178
5173.614024  0.7644674
5174.236831  0.9217355
5174.859638  1.006644
5175.482445  1.010355
5176.105252  0.9796391
5176.728059  0.9694152
5177.350866  0.993588
5177.973673  1.020912
5178.59648  1.017148
5179.219287  1.002231
5179.842094  0.9891246
5180.464901  0.9845213
5181.087708  0.9867281
5181.710515  0.9517568
5182.333322  0.8292228
5182.956129  0.633269
5183.578936  0.5441642
5184.201743  0.6318974
5184.82455  0.8167289
5185.447357  0.9327298
5186.070164  0.9745895
5186.692971  0.9833578
5187.315778  0.9699405
5187.938585  0.9193243
5188.561392  0.8962178
5189.184199  0.9594991
5189.807006  1.026779
5190.429813  1.018082
5191.05262  0.9166448
5191.675427  0.7919701
5192.298234  0.754962
5192.921041  0.8303797
5193.543848  0.937281
5194.166655  0.9491171
5194.789462  0.8936163
5195.412269  0.8605597
5196.035076  0.8821493
5196.657883  0.9126473
5197.28069  0.9209745
5197.903497  0.9243337
5198.526304  0.9535484
5199.149111  0.9830401
5199.771918  0.9852784
5200.394725  0.9953395
5201.017532  0.992759
5201.640339  0.9710688
5202.263146  0.9635043
5202.885953  0.9886246
5203.50876  0.9972099
5204.131567  0.9374132
5204.754374  0.8609849
5205.377181  0.820096
5205.999988  0.8436499
5206.622795  0.9144319
5207.245602  0.9183616
5207.868409  0.8576302
5208.491216  0.8359285
5209.114023  0.8940499
5209.73683  0.950746
5210.359637  0.9478836
5210.982444  0.9594223
5211.605251  0.9792524
5212.228058  0.9943488
5212.850865  1.008522
5213.473672  1.022831
5214.096479  1.00425
5214.719286  0.9390538
5215.342093  0.8857052
5215.9649  0.8725061
5216.587707  0.8882596
5217.210514  0.9018349
5217.833321  0.9373108
5218.456128  0.9836545
5219.078935  1.005766
5219.701742  1.000729
5220.324549  0.9967002
5220.947356  1.006637
5221.570163  1.007177
5222.19297  0.9938129
5222.815777  0.9753127
5223.438584  0.9564009
5224.061391  0.9156879
5224.684198  0.8756285
5225.307005  0.8455774
5225.929812  0.7782043
5226.552619  0.7172291
5227.175426  0.7330069
5227.798233  0.8480286
5228.42104  0.9503377
5229.043847  0.9831215
5229.666654  0.9722269
5230.289461  0.9839813
5230.912268  1.018235
5231.535075  1.022727
5232.157882  0.9524651
5232.780689  0.8996864
5233.403496  0.8977477
5234.026303  0.9068002
5234.64911  0.8973293
5235.271917  0.9016464
5235.894724  0.9444191
5236.517531  0.9924817
5237.140338  1.020662
5237.763145  1.030468
5238.385952  1.034503
5239.008759  1.014214
5239.631566  0.9998236
5240.254373  1.019759
5240.87718  1.04126
5241.499987  1.036674
5242.122794  1.006184
5242.745601  0.9785447
5243.368408  0.9801096
5243.991215  1.01616
5244.614022  1.062909
5245.236829  1.072968
5245.859636  1.021014
5246.482443  0.9363416
5247.10525  0.8918646
5247.728057  0.9146707
5248.350864  0.9577046
5248.973671  0.9517528
5249.596478  0.8961048
5250.219285  0.8572049
5250.842092  0.8831642
5251.464899  0.9373599
5252.087706  0.970418
5252.710513  0.9791429
5253.33332  0.987951
5253.956127  0.9525542
5254.578934  0.8904775
5255.201741  0.8657254
5255.824548  0.9243724
5256.447355  1.00104
5257.070162  1.041676
5257.692969  1.058525
5258.315776  1.062839
5258.938583  1.0544
5259.56139  1.032682
5260.184197  1.021295
5260.807004  0.9914664
5261.429811  0.9302619
5262.052618  0.875187
5262.675425  0.8356462
5263.298232  0.8124449
5263.921039  0.8021155
5264.543846  0.7878025
5265.166653  0.7532582
5265.78946  0.7256209
5266.412267  0.7809238
5267.035074  0.8791737
5267.657881  0.9422009
5268.280688  0.9140111
5268.903495  0.7864013
5269.526302  0.6749721
5270.149109  0.6968225
5270.771916  0.8221076
5271.394723  0.9355589
5272.01753  0.9625068
5272.640337  0.9310623
5273.263144  0.9134653
5273.885951  0.9170328
5274.508758  0.9000898
5275.131565  0.848024
5275.754372  0.8385599
5276.377179  0.9177821
5276.999986  1.018611
5277.622793  1.063144
5278.2456  1.052083
5278.868407  1.037169
5279.491214  1.003208
5280.114021  0.9661893
5280.736828  0.947646
5281.359635  0.9396257
5281.982442  0.9454021
5282.605249  0.9406832
5283.228056  0.8959768
5283.850863  0.8689795
5284.47367  0.9045401
5285.096477  0.9914327
5285.719284  1.055861
5286.342091  1.085735
5286.964898  1.086429
5287.587705  1.056281
5288.210512  1.036385
5288.833319  1.044191
5289.456126  1.067356
5290.078933  1.082901
5290.70174  1.089528
5291.324547  1.086402
5291.947354  1.059844
5292.570161  1.025094
5293.192968  1.005265
5293.815775  1.013201
5294.438582  1.030508
5295.061389  1.034218
5295.684196  1.011006
5296.307003  0.9618965
5296.92981  0.8908015
5297.552617  0.8304521
5298.175424  0.8316786
5298.798231  0.9095044
5299.421038  0.9893964
5300.043845  0.9980294
5300.666652  0.9837032
5301.289459  0.964344
5301.912266  0.9507657
5302.535073  0.9617888
5303.15788  1.001369
5303.780687  1.048241
5304.403494  1.074719
5305.026301  1.079856
5305.649108  1.070928
5306.271915  1.053059
5306.894722  1.026587
5307.517529  1.017383
5308.140336  1.036222
5308.763143  1.067813
5309.38595  1.091897
5310.008757  1.092463
5310.631564  1.074236
5311.254371  1.069045
5311.877178  1.068041
5312.499985  1.058696
5313.122792  1.046426
5313.745599  1.04247
5314.368406  1.048547
5314.991213  1.048088
5315.61402  1.008161
5316.236827  0.9650275
5316.859634  0.9614284
5317.482441  0.9933356
5318.105248  1.026492
5318.728055  1.035737
5319.350862  1.023719
5319.973669  1.015907
5320.596476  1.01581
5321.219283  1.015795
5321.84209  1.013973
5322.464897  1.013234
5323.087704  0.9975593
5323.710511  0.9520788
5324.333318  0.9324529
5324.956125  0.9518379
5325.578932  0.9862447
5326.201739  1.010814
5326.824546  0.9550192
5327.447353  0.8213406
5328.07016  0.7216123
5328.692967  0.7290278
5329.315774  0.828057
5329.938581  0.9427133
5330.561388  1.019437
5331.184195  1.039636
5331.807002  1.013053
5332.429809  0.9681538
5333.052616  0.9627562
5333.675423  1.003273
5334.29823  1.044349
5334.921037  1.065274
5335.543844  1.058553
5336.166651  1.034374
5336.789458  1.017142
5337.412265  1.023446
5338.035072  1.041849
5338.657879  1.037434
5339.280686  0.9907263
5339.903493  0.9230954
5340.5263  0.8829626
5341.149107  0.9115589
5341.771914  0.9761671
5342.394721  1.024411
5343.017528  1.034436
5343.640335  1.045875
5344.263142  1.053498
5344.885949  1.023793
5345.508756  0.9883058
5346.131563  0.98562
5346.75437  1.01531
5347.377177  1.023214
5347.999984  0.9929339
5348.622791  0.9494458
5349.245598  0.936482
5349.868405  0.9653196
5350.491212  1.012841
5351.114019  1.046456
5351.736826  1.056269
5352.359633  1.044334
5352.98244  1.027601
5353.605247  1.029436
5354.228054  1.061526
5354.850861  1.101445
5355.473668  1.116495
5356.096475  1.106128
5356.719282  1.095171
5357.342089  1.095867
5357.964896  1.091483
5358.587703  1.090085
5359.21051  1.098343
5359.833317  1.105827
5360.456124  1.088988
5361.078931  1.056119
5361.701738  1.026921
5362.324545  1.002644
5362.947352  1.01542
5363.570159  1.041896
5364.192966  1.01709
5364.815773  0.9891675
5365.43858  0.9922282
5366.061387  1.016958
5366.684194  1.019012
5367.307001  1.011364
5367.929808  1.010246
5368.552615  1.002488
5369.175422  0.9751942
5369.798229  0.930775
5370.421036  0.8879843
5371.043843  0.8624799
5371.66665  0.8909937
5372.289457  0.969008
5372.912264  1.026584
5373.535071  1.050443
5374.157878  1.059703
5374.780685  1.075988
5375.403492  1.088784
5376.026299  1.079098
5376.649106  1.048068
5377.271913  1.037068
5377.89472  1.047789
5378.517527  1.058452
5379.140334  1.049058
5379.763141  1.033039
5380.385948  1.018167
5381.008755  1.008244
5381.631562  1.016653
5382.254369  1.014758
5382.877176  0.9953098
5383.499983  1.001166
5384.12279  1.033508
5384.745597  1.062698
5385.368404  1.059605
5385.991211  1.041123
5386.614018  1.023568
5387.236825  1.017917
5387.859632  1.028158
5388.482439  1.027771
5389.105246  1.008328
5389.728053  0.9888058
5390.35086  0.9746441
5390.973667  0.9711717
5391.596474  0.9748349
5392.219281  0.9654863
5392.842088  0.9594079
5393.464895  0.962095
5394.087702  0.9573073
5394.710509  0.9742164
5395.333316  0.9951284
5395.956123  0.9725685
5396.57893  0.9055699
5397.201737  0.8657628
5397.824544  0.9012782
5398.447351  0.9692507
5399.070158  1.003762
5399.692965  0.9881473
5400.315772  0.9638771
5400.938579  0.9692166
5401.561386  1.003966
5402.184193  1.035199
5402.807  1.020696
5403.429807  0.9633412
5404.052614  0.8948895
5404.675421  0.8526983
5405.298228  0.8408973
5405.921035  0.8501915
5406.543842  0.876041
5407.166649  0.929103
5407.789456  0.9776103
5408.412263  0.985577
5409.03507  0.9485244
5409.657877  0.8983542
5410.280684  0.8840753
5410.903491  0.930487
5411.526298  0.9894324
5412.149105  1.029266
5412.771912  1.040312
5413.394719  1.026004
5414.017526  1.001441
5414.640333  0.9832093
5415.26314  0.9845034
5415.885947  1.01853
5416.508754  1.056632
5417.131561  1.062726
5417.754368  1.044434
5418.377175  1.02879
5418.999982  1.020865
5419.622789  0.9976165
5420.245596  0.9706392
5420.868403  0.9631845
5421.49121  0.9881899
5422.114017  1.029755
5422.736824  1.035807
5423.359631  0.9854282
5423.982438  0.9283876
5424.605245  0.9272301
5425.228052  0.9797762
5425.850859  1.031452
5426.473666  1.066051
5427.096473  1.087907
5427.71928  1.088575
5428.342087  1.028306
5428.964894  0.9282189
5429.587701  0.8580416
5430.210508  0.8864327
5430.833315  0.9801082
5431.456122  1.035155
5432.078929  0.9942982
5432.701736  0.9615945
5433.324543  0.9431412
5433.94735  0.9226486
5434.570157  0.9169625
5435.192964  0.9194142
5435.815771  0.9258707
5436.438578  0.9397352
5437.061385  0.9706748
5437.684192  1.017581
5438.306999  1.061848
5438.929806  1.077508
5439.552613  1.081326
5440.17542  1.080544
5440.798227  1.066492
5441.421034  1.059175
5442.043841  1.061976
5442.666648  1.065444
5443.289455  1.0667
5443.912262  1.046111
5444.535069  1.010642
5445.157876  0.9911889
5445.780683  0.9396747
5446.40349  0.8746597
5447.026297  0.865023
5447.649104  0.9385666
5448.271911  1.024193
5448.894718  1.061622
5449.517525  1.07742
5450.140332  1.075548
5450.763139  1.063316
5451.385946  1.054612
5452.008753  1.052073
5452.63156  1.048027
5453.254367  1.037893
5453.877174  1.031129
5454.499981  0.977316
5455.122788  0.895142
5455.745595  0.8802588
5456.368402  0.9353719
5456.991209  1.012365
5457.614016  1.061078
5458.236823  1.079908
5458.85963  1.082358
5459.482437  1.075746
5460.105244  1.056843
5460.728051  1.042614
5461.350858  1.026907
5461.973665  0.9900838
5462.596472  0.9372128
5463.219279  0.909294
5463.842086  0.9372571
5464.464893  1.001763
5465.0877  1.043122
5465.710507  1.035176
5466.333314  1.005448
5466.956121  0.9952602
5467.578928  1.010682
5468.201735  1.032921
5468.824542  1.049275
