4780.  0.8437085
4780.622807  0.8564487
4781.245614  0.8623469
4781.868421  0.8416306
4782.491228  0.7802253
4783.114035  0.7167682
4783.736842  0.7280826
4784.359649  0.8269053
4784.982456  0.8801622
4785.605263  0.7773734
4786.22807  0.648569
4786.850877  0.6411698
4787.473684  0.7478303
4788.096491  0.7956998
4788.719298  0.7513893
4789.342105  0.6889787
4789.964912  0.6945153
4790.587719  0.7412059
4791.210526  0.7731993
4791.833333  0.7759961
4792.45614  0.8035176
4793.078947  0.8643814
4793.701754  0.9306185
4794.324561  0.9659297
4794.947368  0.9677334
4795.570175  0.9306401
4796.192982  0.8736649
4796.815789  0.8513138
4797.438596  0.8105387
4798.061403  0.7377169
4798.68421  0.6898474
4799.307017  0.6868483
4799.929824  0.7078959
4800.552631  0.744279
4801.175438  0.8436895
4801.798245  0.9239683
4802.421052  0.9372509
4803.043859  0.9299303
4803.666666  0.8954008
4804.289473  0.8278824
4804.91228  0.7595259
4805.535087  0.7774593
4806.157894  0.8125228
4806.780701  0.7905223
4807.403508  0.7400275
4808.026315  0.7030802
4808.649122  0.7176138
4809.271929  0.7834288
4809.894736  0.8320111
4810.517543  0.834075
4811.14035  0.8133413
4811.763157  0.8193772
4812.385964  0.8259717
4813.008771  0.820681
4813.631578  0.8228247
4814.254385  0.8349344
4814.877192  0.8344503
4815.499999  0.8254867
4816.122806  0.8685961
4816.745613  0.9099971
4817.36842  0.907454
4817.991227  0.8904727
4818.614034  0.9280471
4819.236841  0.9694868
4819.859648  0.9431555
4820.482455  0.9107616
4821.105262  0.9227899
4821.728069  0.9448384
4822.350876  0.8809372
4822.973683  0.7552108
4823.59649  0.6810873
4824.219297  0.7359939
4824.842104  0.8171491
4825.464911  0.8783015
4826.087718  0.9111077
4826.710525  0.9090379
4827.333332  0.8789809
4827.956139  0.8299376
4828.578946  0.7826363
4829.201753  0.7957997
4829.82456  0.8644439
4830.447367  0.9055423
4831.070174  0.8093238
4831.692981  0.6966031
4832.315788  0.6813108
4832.938595  0.7607191
4833.561402  0.8523365
4834.184209  0.9043008
4834.807016  0.9036096
4835.429823  0.8568521
4836.05263  0.8269737
4836.675437  0.8525971
4837.298244  0.9039497
4837.921051  0.8932441
4838.543858  0.8248374
4839.166665  0.7580337
4839.789472  0.7051229
4840.412279  0.712638
4841.035086  0.7846963
4841.657893  0.8505968
4842.2807  0.8383597
4842.903507  0.7632223
4843.526314  0.7150563
4844.149121  0.7772127
4844.771928  0.8817853
4845.394735  0.9331276
4846.017542  0.9248062
4846.640349  0.897184
4847.263156  0.847522
4847.885963  0.7511327
4848.50877  0.6736193
4849.131577  0.6935377
4849.754384  0.8057693
4850.377191  0.8813214
4850.999998  0.8823137
4851.622805  0.8546019
4852.245612  0.8667863
4852.868419  0.8935381
4853.491226  0.8772385
4854.114033  0.7807344
4854.73684  0.6316323
4855.359647  0.5563102
4855.982454  0.6295782
4856.605261  0.7893516
4857.228068  0.8785366
4857.850875  0.8597836
4858.473682  0.7967499
4859.096489  0.7175411
4859.719296  0.6253729
4860.342103  0.5049976
4860.96491  0.3640005
4861.587717  0.3657652
4862.210524  0.5322279
4862.833331  0.7100776
4863.456138  0.7265564
4864.078945  0.6700647
4864.701752  0.6755972
4865.324559  0.7123327
4865.947366  0.765127
4866.570173  0.7965978
4867.19298  0.7722769
4867.815787  0.7353021
4868.438594  0.7473456
4869.061401  0.8113049
4869.684208  0.8299292
4870.307015  0.7511088
4870.929822  0.6166621
4871.552629  0.5392798
4872.175436  0.5874757
4872.798243  0.690013
4873.42105  0.7362556
4874.043857  0.7339203
4874.666664  0.69572
4875.289471  0.6628424
4875.912278  0.694595
4876.535085  0.7829776
4877.157892  0.8352782
4877.780699  0.8023855
4878.403506  0.8580924
4879.026313  0.9716191
4879.64912  1.01572
4880.271927  0.9265966
4880.894734  0.7776764
4881.517541  0.6805676
4882.140348  0.6962733
4882.763155  0.7675244
4883.385962  0.8107955
4884.008769  0.7819474
4884.631576  0.7125851
4885.254383  0.6492931
4885.87719  0.6263554
4886.499997  0.6547915
4887.122804  0.7351678
4887.745611  0.7877553
4888.368418  0.7633129
4888.991225  0.7588241
4889.614032  0.7518104
4890.236839  0.6853492
4890.859646  0.5688849
4891.482453  0.5956579
4892.10526  0.7559182
4892.728067  0.884056
4893.350874  0.9084419
4893.973681  0.9245619
4894.596488  0.996653
4895.219295  1.041047
4895.842102  1.029033
4896.464909  0.9949921
4897.087716  0.9947242
4897.710523  1.019198
4898.33333  1.00603
4898.956137  0.9136806
4899.578944  0.7862008
4900.201751  0.7559584
4900.824558  0.8385166
4901.447365  0.9134912
4902.070172  0.8970609
4902.692979  0.8322806
4903.315786  0.8003054
4903.938593  0.8051932
4904.5614  0.8547532
4905.184207  0.9417011
4905.807014  1.029091
4906.429821  1.036855
4907.052628  0.9640554
4907.675435  0.8757734
4908.298242  0.8287263
4908.921049  0.7748801
4909.543856  0.6969302
4910.166663  0.6657777
4910.78947  0.6761028
4911.412277  0.722759
4912.035084  0.7942756
4912.657891  0.8315014
4913.280698  0.8216228
4913.903505  0.810436
4914.526312  0.8682108
4915.149119  0.9517529
4915.771926  0.9952458
4916.394733  0.9688819
4917.01754  0.9076133
4917.640347  0.8023781
4918.263154  0.6714898
4918.885961  0.6149429
4919.508768  0.585273
4920.131575  0.5541765
4920.754382  0.567524
4921.377189  0.6486493
4921.999996  0.7496673
4922.622803  0.7937645
4923.24561  0.7483014
4923.868417  0.6605838
4924.491224  0.61496
4925.114031  0.6731204
4925.736838  0.8106923
4926.359645  0.9183998
4926.982452  0.9114053
4927.605259  0.8699192
4928.228066  0.9032814
4928.850873  1.000667
4929.47368  1.010479
4930.096487  0.9703367
4930.719294  0.9614511
4931.342101  1.005966
4931.964908  1.004963
4932.587715  0.9069505
4933.210522  0.7512808
4933.833329  0.6563933
4934.456136  0.7167402
4935.078943  0.8591775
4935.70175  0.9076382
4936.324557  0.871857
4936.947364  0.7916533
4937.570171  0.6977346
4938.192978  0.6073711
4938.815785  0.5593903
4939.438592  0.6009766
4940.061399  0.7484351
4940.684206  0.9151927
4941.307013  0.9933992
4941.92982  0.9522409
4942.552627  0.9130663
4943.175434  0.9207382
4943.798241  0.9502406
4944.421048  0.9490257
4945.043855  0.8944804
4945.666662  0.8349975
4946.289469  0.8387615
4946.912276  0.8919355
4947.535083  0.9413844
4948.15789  0.9545332
4948.780697  0.9538521
4949.403504  0.9449431
4950.026311  0.9594452
4950.649118  1.020871
4951.271925  1.044457
4951.894732  0.98689
4952.517539  0.8975433
4953.140346  0.8997963
4953.763153  0.9406089
4954.38596  0.9658085
4955.008767  0.9930568
4955.631574  1.023692
4956.254381  0.9497427
4956.877188  0.7346755
4957.499995  0.6182441
4958.122802  0.6775185
4958.745609  0.8383225
4959.368416  0.9639964
4959.991223  1.030937
4960.61403  1.020412
4961.236837  0.9367164
4961.859644  0.8787967
4962.482451  0.924996
4963.105258  1.03125
4963.728065  1.035563
4964.350872  0.9447843
4964.973679  0.8286536
4965.596486  0.7544403
4966.219293  0.7636743
4966.8421  0.8084601
4967.464907  0.8290649
4968.087714  0.8320121
4968.710521  0.8648416
4969.333328  0.8941804
4969.956135  0.8413522
4970.578942  0.8070855
4971.201749  0.851027
4971.824556  0.9347427
4972.447363  0.9437823
4973.07017  0.9405056
4973.692977  0.9899392
4974.315784  1.050422
4974.938591  1.024966
4975.561398  0.9502586
4976.184205  0.9254001
4976.807012  0.9251242
4977.429819  0.8902389
4978.052626  0.8235976
4978.675433  0.8112305
4979.29824  0.8297354
4979.921047  0.84398
4980.543854  0.8323674
4981.166661  0.768159
4981.789468  0.6617201
4982.412275  0.5680354
4983.035082  0.5625786
4983.657889  0.6287149
4984.280696  0.696979
4984.903503  0.7084804
4985.52631  0.6948746
4986.149117  0.7253178
4986.771924  0.8206422
4987.394731  0.8953222
4988.017538  0.906354
4988.640345  0.8680096
4989.263152  0.8286728
4989.885959  0.8021899
4990.508766  0.7837902
4991.131573  0.7859682
4991.75438  0.8660271
4992.377187  0.919217
4992.999994  0.8603076
4993.622801  0.7531691
4994.245608  0.7467965
4994.868415  0.8423472
4995.491222  0.912662
4996.114029  0.8874303
4996.736836  0.8395904
4997.359643  0.8468387
4997.98245  0.8688977
4998.605257  0.8296815
4999.228064  0.7441937
4999.850871  0.7031109
5000.473678  0.7222767
5001.096485  0.7519838
5001.719292  0.7535667
5002.342099  0.762135
5002.964906  0.7645828
5003.587713  0.75426
5004.21052  0.7432755
5004.833327  0.6949691
5005.456134  0.6270576
5006.078941  0.5979075
5006.701748  0.6471018
5007.324555  0.7700493
5007.947362  0.9050687
5008.570169  0.9609358
5009.192976  0.9126663
5009.815783  0.8425604
5010.43859  0.8284659
5011.061397  0.7696378
5011.684204  0.6795899
5012.307011  0.6208416
5012.929818  0.6098102
5013.552625  0.5836937
5014.175432  0.5654524
5014.798239  0.6326882
5015.421046  0.7178534
5016.043853  0.768348
5016.66666  0.7629132
5017.289467  0.7041658
5017.912274  0.6448695
5018.535081  0.6337554
5019.157888  0.6782793
5019.780695  0.7333048
5020.403502  0.7704663
5021.026309  0.7747822
5021.649116  0.725004
5022.271923  0.6806799
5022.89473  0.7069162
5023.517537  0.8025059
5024.140344  0.8434708
5024.763151  0.8243961
5025.385958  0.8326076
5026.008765  0.8860692
5026.631572  0.8574877
5027.254379  0.7328775
5027.877186  0.7236455
5028.499993  0.8187607
5029.1228  0.9107655
5029.745607  0.9143521
5030.368414  0.8835077
5030.991221  0.8733206
5031.614028  0.9098399
5032.236835  0.9824424
5032.859642  1.041667
5033.482449  1.060812
5034.105256  1.040133
5034.728063  0.934406
5035.35087  0.7718349
5035.973677  0.6607449
5036.596484  0.7267326
5037.219291  0.8349764
5037.842098  0.8460251
5038.464905  0.7733815
5039.087712  0.6994116
5039.710519  0.626413
5040.333326  0.5189502
5040.956133  0.4346374
5041.57894  0.4768616
5042.201747  0.6582212
5042.824554  0.8445708
5043.447361  0.9145738
5044.070168  0.9066706
5044.692975  0.948128
5045.315782  1.025289
5045.938589  1.088899
5046.561396  1.086166
5047.184203  0.9919981
5047.80701  0.8655691
5048.429817  0.7699605
5049.052624  0.7363865
5049.675431  0.7877323
5050.298238  0.8356922
5050.921045  0.7996294
5051.543852  0.7476062
5052.166659  0.7557325
5052.789466  0.8289043
5053.412273  0.9014997
5054.03508  0.9698265
5054.657887  1.021691
5055.280694  1.038796
5055.903501  1.02359
5056.526308  0.9855024
5057.149115  0.9535872
5057.771922  0.9653386
5058.394729  0.9899933
5059.017536  0.9825675
5059.640343  0.9424851
5060.26315  0.9653063
5060.885957  1.044479
5061.508764  1.110027
5062.131571  1.106843
5062.754378  1.077554
5063.377185  1.003148
5063.999992  0.8309826
5064.622799  0.7055663
5065.245606  0.725292
5065.868413  0.8499539
5066.49122  0.9016436
5067.114027  0.8761089
5067.736834  0.8250317
5068.359641  0.7835706
5068.982448  0.8150663
5069.605255  0.9171954
5070.228062  1.012169
5070.850869  0.9907104
5071.473676  0.8694823
5072.096483  0.7635145
5072.71929  0.7913182
5073.342097  0.8975453
5073.964904  0.9609951
5074.587711  0.9128671
5075.210518  0.8397077
5075.833325  0.8174047
5076.456132  0.8678046
5077.078939  0.9483755
5077.701746  0.9573243
5078.324553  0.8365514
5078.94736  0.6317579
5079.570167  0.4957429
5080.192974  0.50684
5080.815781  0.6360269
5081.438588  0.776866
5082.061395  0.8407865
5082.684202  0.8073491
5083.307009  0.7392594
5083.929816  0.7576291
5084.552623  0.8508441
5085.17543  0.9206564
5085.798237  0.9221187
5086.421044  0.8772166
5087.043851  0.8363482
5087.666658  0.8360114
5088.289465  0.8842698
5088.912272  0.9385177
5089.535079  0.9492539
5090.157886  0.936783
5090.780693  0.9229426
5091.4035  0.9237062
5092.026307  0.947125
5092.649114  0.9836723
5093.271921  1.012692
5093.894728  1.01913
5094.517535  1.016878
5095.140342  1.016554
5095.763149  0.9995265
5096.385956  0.9193941
5097.008763  0.8430814
5097.63157  0.7915655
5098.254377  0.7114918
5098.877184  0.6494697
5099.499991  0.6820627
5100.122798  0.8247496
5100.745605  0.9558588
5101.368412  1.005276
5101.991219  0.9756617
5102.614026  0.923902
5103.236833  0.8892854
5103.85964  0.8718472
5104.482447  0.8579059
5105.105254  0.8660077
5105.728061  0.8875371
5106.350868  0.8771229
5106.973675  0.7857592
5107.596482  0.7426156
5108.219289  0.7928215
5108.842096  0.8394524
5109.464903  0.7630994
5110.08771  0.6764925
5110.710517  0.7275431
5111.333324  0.8600942
5111.956131  0.9250245
5112.578938  0.8964436
5113.201745  0.890651
5113.824552  0.9022447
5114.447359  0.9010205
5115.070166  0.8858783
5115.692973  0.9146969
5116.31578  0.9783798
5116.938587  1.031942
5117.561394  1.041078
5118.184201  1.023391
5118.807008  1.001554
5119.429815  0.9829949
5120.052622  0.9604
5120.675429  0.931328
5121.298236  0.8908359
5121.921043  0.8274487
5122.54385  0.7208317
5123.166657  0.6275588
5123.789464  0.6364868
5124.412271  0.7138728
5125.035078  0.7906463
5125.657885  0.8163816
5126.280692  0.79482
5126.903499  0.7443663
5127.526306  0.7142738
5128.149113  0.748702
5128.77192  0.7737098
5129.394727  0.7839417
5130.017534  0.8070254
5130.640341  0.8074021
5131.263148  0.7966348
5131.885955  0.8042903
5132.508762  0.8418967
5133.131569  0.8645202
5133.754376  0.890278
5134.377183  0.9614735
5134.99999  1.029336
5135.622797  0.9976294
5136.245604  0.8651405
5136.868411  0.7804336
5137.491218  0.8068097
5138.114025  0.8518196
5138.736832  0.7937424
5139.359639  0.7704749
5139.982446  0.8518462
5140.605253  0.9583644
5141.22806  0.8987389
5141.850867  0.7287246
5142.473674  0.6173301
5143.096481  0.6806046
5143.719288  0.802708
5144.342095  0.8555502
5144.964902  0.8091569
5145.587709  0.7645843
5146.210516  0.7462471
5146.833323  0.7324741
5147.45613  0.7109562
5148.078937  0.7408599
5148.701744  0.8249563
5149.324551  0.8947792
5149.947358  0.8635253
5150.570165  0.7592201
5151.192972  0.6794314
5151.815779  0.7015079
5152.438586  0.7529694
5153.061393  0.7725371
5153.6842  0.7694393
5154.307007  0.792006
5154.929814  0.8290859
5155.552621  0.8566902
5156.175428  0.8948312
5156.798235  0.9428368
5157.421042  0.9741536
5158.043849  0.9605883
5158.666656  0.9312682
5159.289463  0.9348708
5159.91227  0.9825127
5160.535077  1.005911
5161.157884  0.9551806
5161.780691  0.8708257
5162.403498  0.8629518
5163.026305  0.9199861
5163.649112  0.9402995
5164.271919  0.8472131
5164.894726  0.7335436
5165.517533  0.6385369
5166.14034  0.5537521
5166.763147  0.465187
5167.385954  0.4283706
5168.008761  0.451293
5168.631568  0.5054462
5169.254375  0.6477279
5169.877182  0.8079486
5170.499989  0.8509845
5171.122796  0.7066326
5171.745603  0.5110238
5172.36841  0.4069136
5172.991217  0.4393805
5173.614024  0.6177314
5174.236831  0.8329165
5174.859638  0.9424951
5175.482445  0.9036907
5176.105252  0.8354965
5176.728059  0.8470311
5177.350866  0.9263633
5177.973673  0.9878979
5178.59648  0.9792861
5179.219287  0.9236666
5179.842094  0.9039648
5180.464901  0.929219
5181.087708  0.9496417
5181.710515  0.9042854
5182.333322  0.7414291
5182.956129  0.522881
5183.578936  0.4060949
5184.201743  0.5313006
5184.82455  0.7548925
5185.447357  0.8781028
5186.070164  0.9195635
5186.692971  0.9319125
5187.315778  0.9074536
5187.938585  0.8094668
5188.561392  0.7961754
5189.184199  0.914257
5189.807006  1.049995
5190.429813  1.008389
5191.05262  0.8123577
5191.675427  0.6080362
5192.298234  0.5361365
5192.921041  0.6417413
5193.543848  0.7897298
5194.166655  0.8046082
5194.789462  0.7162906
5195.412269  0.6759772
5196.035076  0.7464337
5196.657883  0.7953607
5197.28069  0.7943617
5197.903497  0.7951233
5198.526304  0.8519858
5199.149111  0.8918805
5199.771918  0.9012138
5200.394725  0.9068503
5201.017532  0.9164264
5201.640339  0.9075382
5202.263146  0.9035379
5202.885953  0.9480411
5203.50876  0.9150279
5204.131567  0.7878125
5204.754374  0.6540937
5205.377181  0.5940692
5205.999988  0.6490315
5206.622795  0.7576854
5207.245602  0.7831168
5207.868409  0.710663
5208.491216  0.6652671
5209.114023  0.7496765
5209.73683  0.8009652
5210.359637  0.8041465
5210.982444  0.8164597
5211.605251  0.8537357
5212.228058  0.8983025
5212.850865  0.9423305
5213.473672  0.9797514
5214.096479  0.94376
5214.719286  0.8412034
5215.342093  0.7416285
5215.9649  0.7159721
5216.587707  0.7427936
5217.210514  0.7893893
5217.833321  0.8516766
5218.456128  0.9112618
5219.078935  0.9277217
5219.701742  0.8958957
5220.324549  0.9032643
5220.947356  0.9350163
5221.570163  0.9451329
5222.19297  0.92169
5222.815777  0.8828734
5223.438584  0.8286124
5224.061391  0.7478607
5224.684198  0.6601112
5225.307005  0.584394
5225.929812  0.5282418
5226.552619  0.492291
5227.175426  0.5416839
5227.798233  0.6986229
5228.42104  0.8907356
5229.043847  0.9502668
5229.666654  0.9068655
5230.289461  0.8997002
5230.912268  0.9924878
5231.535075  1.010314
5232.157882  0.8952575
5232.780689  0.8042727
5233.403496  0.7668326
5234.026303  0.7448327
5234.64911  0.7207196
5235.271917  0.786747
5235.894724  0.8980154
5236.517531  0.9776298
5237.140338  1.006208
5237.763145  0.9990098
5238.385952  0.9708923
5239.008759  0.9347324
5239.631566  0.9262378
5240.254373  0.9666975
5240.87718  1.025222
5241.499987  1.019697
5242.122794  0.962311
5242.745601  0.9186469
5243.368408  0.9469959
5243.991215  1.030274
5244.614022  1.103255
5245.236829  1.083398
5245.859636  0.9163861
5246.482443  0.7059089
5247.10525  0.6039404
5247.728057  0.6853587
5248.350864  0.8253964
5248.973671  0.841387
5249.596478  0.6853939
5250.219285  0.6043388
5250.842092  0.6620129
5251.464899  0.7754894
5252.087706  0.8334471
5252.710513  0.866556
5253.33332  0.8827299
5253.956127  0.8417963
5254.578934  0.7313898
5255.201741  0.698791
5255.824548  0.8274807
5256.447355  0.9670365
5257.070162  1.042931
5257.692969  1.060617
5258.315776  1.064
5258.938583  1.028739
5259.56139  0.9880916
5260.184197  0.9741544
5260.807004  0.932031
5261.429811  0.8485571
5262.052618  0.7508682
5262.675425  0.6817306
5263.298232  0.6310319
5263.921039  0.6046488
5264.543846  0.6030396
5265.166653  0.5695034
5265.78946  0.5532931
5266.412267  0.6302702
5267.035074  0.8013697
5267.657881  0.9027447
5268.280688  0.8170723
5268.903495  0.5864803
5269.526302  0.4288944
5270.149109  0.4635667
5270.771916  0.6584127
5271.394723  0.8636799
5272.01753  0.9207759
5272.640337  0.8505178
5273.263144  0.8185299
5273.885951  0.8309239
5274.508758  0.8089765
5275.131565  0.7271516
5275.754372  0.7268809
5276.377179  0.8374752
5276.999986  0.9841231
5277.622793  1.060213
5278.2456  1.085256
5278.868407  1.062812
5279.491214  0.9868994
5280.114021  0.9181991
5280.736828  0.8760995
5281.359635  0.8627027
5281.982442  0.8801035
5282.605249  0.8684307
5283.228056  0.805172
5283.850863  0.7461519
5284.47367  0.8156322
5285.096477  0.9740026
5285.719284  1.103072
5286.342091  1.145332
5286.964898  1.116812
5287.587705  1.06038
5288.210512  1.015983
5288.833319  1.01213
5289.456126  1.045804
5290.078933  1.091688
5290.70174  1.124908
5291.324547  1.117448
5291.947354  1.059702
5292.570161  0.9788789
5293.192968  0.9428774
5293.815775  0.9662862
5294.438582  1.005441
5295.061389  1.005307
5295.684196  0.9430671
5296.307003  0.8350996
5296.92981  0.7247667
5297.552617  0.6572185
5298.175424  0.6847739
5298.798231  0.8217109
5299.421038  0.9524026
5300.043845  0.9794756
5300.666652  0.9009833
5301.289459  0.8301206
5301.912266  0.8180404
5302.535073  0.8656206
5303.15788  0.9478508
5303.780687  1.040257
5304.403494  1.111338
5305.026301  1.136879
5305.649108  1.117088
5306.271915  1.05403
5306.894722  0.9826997
5307.517529  0.9697087
5308.140336  1.028077
5308.763143  1.109085
5309.38595  1.14587
5310.008757  1.131174
5310.631564  1.099705
5311.254371  1.081046
5311.877178  1.066295
5312.499985  1.041949
5313.122792  1.023551
5313.745599  1.04014
5314.368406  1.07213
5314.991213  1.070609
5315.61402  1.011771
5316.236827  0.941705
5316.859634  0.9225853
5317.482441  0.964661
5318.105248  1.010824
5318.728055  1.003684
5319.350862  0.9754134
5319.973669  0.9839672
5320.596476  0.9939647
5321.219283  0.9933957
5321.84209  0.9914628
5322.464897  0.998328
5323.087704  0.9644149
5323.710511  0.9036328
5324.333318  0.8807352
5324.956125  0.905799
5325.578932  0.9585885
5326.201739  0.9809914
5326.824546  0.8917973
5327.447353  0.7032665
5328.07016  0.5330802
5328.692967  0.5258254
5329.315774  0.6850606
5329.938581  0.8789428
5330.561388  0.982148
5331.184195  1.025656
5331.807002  0.9849042
5332.429809  0.8968772
5333.052616  0.8785605
5333.675423  0.9442402
5334.29823  1.043454
5334.921037  1.105463
5335.543844  1.089528
5336.166651  1.024219
5336.789458  0.9772335
5337.412265  1.002106
5338.035072  1.058231
5338.657879  1.07009
5339.280686  0.9853925
5339.903493  0.8261546
5340.5263  0.7437022
5341.149107  0.8306702
5341.771914  0.9649702
5342.394721  1.041314
5343.017528  1.053582
5343.640335  1.071847
5344.263142  1.08029
5344.885949  1.032916
5345.508756  0.9396147
5346.131563  0.9327326
5346.75437  0.9887819
5347.377177  1.015111
5347.999984  0.9562129
5348.622791  0.8746823
5349.245598  0.8403885
5349.868405  0.8810354
5350.491212  0.9733138
5351.114019  1.064786
5351.736826  1.102936
5352.359633  1.069583
5352.98244  1.039328
5353.605247  1.06899
5354.228054  1.148305
5354.850861  1.212095
5355.473668  1.223204
5356.096475  1.189923
5356.719282  1.15104
5357.342089  1.139482
5357.964896  1.154713
5358.587703  1.172085
5359.21051  1.197791
5359.833317  1.205584
5360.456124  1.162537
5361.078931  1.089461
5361.701738  1.023372
5362.324545  1.005674
5362.947352  1.051404
5363.570159  1.076366
5364.192966  1.035138
5364.815773  0.9644551
5365.43858  0.9574167
5366.061387  0.9993842
5366.684194  1.026497
5367.307001  1.014156
5367.929808  1.018871
5368.552615  1.021628
5369.175422  0.9437518
5369.798229  0.8564667
5370.421036  0.7838861
5371.043843  0.7380131
5371.66665  0.7889317
5372.289457  0.9318378
5372.912264  1.076339
5373.535071  1.115637
5374.157878  1.131059
5374.780685  1.160076
5375.403492  1.16826
5376.026299  1.121128
5376.649106  1.052333
5377.271913  1.026016
5377.89472  1.076179
5378.517527  1.116668
5379.140334  1.102715
5379.763141  1.061486
5380.385948  1.014578
5381.008755  0.9977934
5381.631562  1.017689
5382.254369  1.025496
5382.877176  1.010539
5383.499983  1.004898
5384.12279  1.045686
5384.745597  1.07617
5385.368404  1.064354
5385.991211  1.026698
5386.614018  1.007691
5387.236825  1.014598
5387.859632  1.02118
5388.482439  0.995159
5389.105246  0.9505165
5389.728053  0.9221665
5390.35086  0.9290804
5390.973667  0.9357734
5391.596474  0.9390578
5392.219281  0.9452937
5392.842088  0.9438115
5393.464895  0.9174396
5394.087702  0.8962645
5394.710509  0.9261529
5395.333316  0.9524754
5395.956123  0.8905126
5396.57893  0.742103
5397.201737  0.669282
5397.824544  0.7572128
5398.447351  0.9348372
5399.070158  1.028949
5399.692965  1.005964
5400.315772  0.9466371
5400.938579  0.9474103
5401.561386  1.002368
5402.184193  1.051166
5402.807  1.033298
5403.429807  0.9377921
5404.052614  0.8303071
5404.675421  0.7461723
5405.298228  0.6853049
5405.921035  0.6816987
5406.543842  0.7489769
5407.166649  0.8618296
5407.789456  0.9548972
5408.412263  0.960717
5409.03507  0.8789821
5409.657877  0.7862574
5410.280684  0.7774214
5410.903491  0.8647525
5411.526298  0.9872829
5412.149105  1.06559
5412.771912  1.075659
5413.394719  1.040955
5414.017526  1.004419
5414.640333  0.9846055
5415.26314  0.9995301
5415.885947  1.054202
5416.508754  1.114493
5417.131561  1.133547
5417.754368  1.102257
5418.377175  1.061899
5418.999982  1.025366
5419.622789  0.98777
5420.245596  0.9465017
5420.868403  0.9264073
5421.49121  0.9692312
5422.114017  1.058732
5422.736824  1.08163
5423.359631  1.001058
5423.982438  0.8918869
5424.605245  0.8761379
5425.228052  0.9449413
5425.850859  1.03987
5426.473666  1.112151
5427.096473  1.166347
5427.71928  1.177219
5428.342087  1.091793
5428.964894  0.8870013
5429.587701  0.7546092
5430.210508  0.8117052
5430.833315  0.9855065
5431.456122  1.030077
5432.078929  0.9593102
5432.701736  0.8960353
5433.324543  0.8725743
5433.94735  0.8423678
5434.570157  0.8007278
5435.192964  0.7945167
5435.815771  0.8071138
5436.438578  0.8378919
5437.061385  0.9068092
5437.684192  1.03203
5438.306999  1.125774
5438.929806  1.153075
5439.552613  1.172347
5440.17542  1.174992
5440.798227  1.156187
5441.421034  1.129784
5442.043841  1.118667
5442.666648  1.140819
5443.289455  1.169148
5443.912262  1.137541
5444.535069  1.077538
5445.157876  1.0103
5445.780683  0.9210272
5446.40349  0.7935428
5447.026297  0.7519025
5447.649104  0.871372
5448.271911  1.019335
5448.894718  1.117058
5449.517525  1.150552
5450.140332  1.150108
5450.763139  1.125495
5451.385946  1.10582
5452.008753  1.105924
5452.63156  1.088337
5453.254367  1.062521
5453.877174  1.023477
5454.499981  0.9371927
5455.122788  0.83219
5455.745595  0.7954967
5456.368402  0.8862044
5456.991209  1.015377
5457.614016  1.111624
5458.236823  1.157432
5458.85963  1.179173
5459.482437  1.140066
5460.105244  1.062939
5460.728051  1.024843
5461.350858  1.043243
5461.973665  1.023386
5462.596472  0.913698
5463.219279  0.8494403
5463.842086  0.9058543
5464.464893  1.038124
5465.0877  1.118674
5465.710507  1.100406
5466.333314  1.033637
5466.956121  1.003396
5467.578928  1.032881
5468.201735  1.074621
5468.824542  1.079087
