4780.  0.9582441
4780.622807  0.9633175
4781.245614  0.9563284
4781.868421  0.9489908
4782.491228  0.9051215
4783.114035  0.8642046
4783.736842  0.8764544
4784.359649  0.9342925
4784.982456  0.9476567
4785.605263  0.8889738
4786.22807  0.821951
4786.850877  0.8436774
4787.473684  0.9072511
4788.096491  0.9260651
4788.719298  0.8973714
4789.342105  0.8635692
4789.964912  0.8586413
4790.587719  0.8811818
4791.210526  0.8996018
4791.833333  0.9051351
4792.45614  0.9161667
4793.078947  0.9581912
4793.701754  1.003967
4794.324561  1.031393
4794.947368  1.0457
4795.570175  1.025516
4796.192982  0.9892094
4796.815789  0.9689212
4797.438596  0.947126
4798.061403  0.9144763
4798.68421  0.87901
4799.307017  0.8604535
4799.929824  0.8516223
4800.552631  0.8717563
4801.175438  0.9394659
4801.798245  0.9934515
4802.421052  1.009722
4803.043859  0.9988456
4803.666666  0.9789637
4804.289473  0.9346052
4804.91228  0.8956673
4805.535087  0.9153562
4806.157894  0.9393408
4806.780701  0.9256412
4807.403508  0.8799786
4808.026315  0.8553811
4808.649122  0.8744247
4809.271929  0.9155163
4809.894736  0.9354773
4810.517543  0.9417601
4811.14035  0.9396386
4811.763157  0.9308563
4812.385964  0.9275735
4813.008771  0.9241371
4813.631578  0.9220117
4814.254385  0.9401956
4814.877192  0.9523894
4815.499999  0.9636203
4816.122806  0.9928839
4816.745613  1.003721
4817.36842  0.9888343
4817.991227  0.9767257
4818.614034  1.005975
4819.236841  1.023698
4819.859648  1.004531
4820.482455  0.9816078
4821.105262  0.9863094
4821.728069  0.9890597
4822.350876  0.9462138
4822.973683  0.8668782
4823.59649  0.8314604
4824.219297  0.8696834
4824.842104  0.924828
4825.464911  0.9613193
4826.087718  0.9767162
4826.710525  0.9788247
4827.333332  0.9500148
4827.956139  0.9231389
4828.578946  0.9187242
4829.201753  0.9159864
4829.82456  0.9478605
4830.447367  0.9697486
4831.070174  0.9158558
4831.692981  0.8622085
4832.315788  0.8618054
4832.938595  0.9084333
4833.561402  0.9470778
4834.184209  0.9674234
4834.807016  0.969058
4835.429823  0.9523923
4836.05263  0.9334705
4836.675437  0.9407547
4837.298244  0.9686096
4837.921051  0.9520012
4838.543858  0.9129485
4839.166665  0.8811304
4839.789472  0.8575215
4840.412279  0.864703
4841.035086  0.8959599
4841.657893  0.9201896
4842.2807  0.9139822
4842.903507  0.8805664
4843.526314  0.861355
4844.149121  0.9058995
4844.771928  0.9591749
4845.394735  0.9830015
4846.017542  0.9836516
4846.640349  0.9801166
4847.263156  0.9589278
4847.885963  0.9085314
4848.50877  0.8566461
4849.131577  0.8638523
4849.754384  0.9258355
4850.377191  0.973973
4850.999998  0.9655734
4851.622805  0.9391779
4852.245612  0.9427132
4852.868419  0.9551887
4853.491226  0.9470855
4854.114033  0.9003293
4854.73684  0.8246098
4855.359647  0.7695963
4855.982454  0.7829722
4856.605261  0.8573853
4857.228068  0.9011619
4857.850875  0.8989679
4858.473682  0.8648487
4859.096489  0.8054317
4859.719296  0.7481548
4860.342103  0.6730592
4860.96491  0.5751216
4861.587717  0.5772028
4862.210524  0.6901835
4862.833331  0.814789
4863.456138  0.8260223
4864.078945  0.8132721
4864.701752  0.8366213
4865.324559  0.8690857
4865.947366  0.897961
4866.570173  0.9090945
4867.19298  0.8928847
4867.815787  0.8548214
4868.438594  0.8569857
4869.061401  0.8968888
4869.684208  0.8959805
4870.307015  0.8283911
4870.929822  0.7303599
4871.552629  0.6757833
4872.175436  0.7288773
4872.798243  0.8209518
4873.42105  0.8737198
4874.043857  0.8783768
4874.666664  0.8601751
4875.289471  0.8456581
4875.912278  0.8541123
4876.535085  0.9050803
4877.157892  0.9215212
4877.780699  0.8847126
4878.403506  0.90648
4879.026313  0.9802886
4879.64912  1.027132
4880.271927  0.9822024
4880.894734  0.9044171
4881.517541  0.8563256
4882.140348  0.8660649
4882.763155  0.9167256
4883.385962  0.944967
4884.008769  0.9178424
4884.631576  0.8585751
4885.254383  0.8111333
4885.87719  0.7935058
4886.499997  0.8026267
4887.122804  0.8367277
4887.745611  0.8586252
4888.368418  0.8578147
4888.991225  0.8637684
4889.614032  0.8708621
4890.236839  0.816693
4890.859646  0.6975362
4891.482453  0.7014049
4892.10526  0.8172299
4892.728067  0.9328558
4893.350874  0.9724388
4893.973681  0.9945636
4894.596488  1.03012
4895.219295  1.050911
4895.842102  1.027822
4896.464909  0.9966987
4897.087716  0.996631
4897.710523  1.011123
4898.33333  1.010544
4898.956137  0.9705604
4899.578944  0.9019792
4900.201751  0.8899972
4900.824558  0.9348935
4901.447365  0.978416
4902.070172  0.9773648
4902.692979  0.9322963
4903.315786  0.8899783
4903.938593  0.9047167
4904.5614  0.9410598
4905.184207  0.9873977
4905.807014  1.036796
4906.429821  1.033491
4907.052628  0.9935318
4907.675435  0.9518878
4908.298242  0.9181923
4908.921049  0.8884863
4909.543856  0.8540083
4910.166663  0.8188999
4910.78947  0.8178444
4911.412277  0.8432394
4912.035084  0.8798642
4912.657891  0.9299132
4913.280698  0.9393792
4913.903505  0.9304797
4914.526312  0.9708546
4915.149119  1.001442
4915.771926  1.004214
4916.394733  0.989819
4917.01754  0.953007
4917.640347  0.8823702
4918.263154  0.7958756
4918.885961  0.7340661
4919.508768  0.6877859
4920.131575  0.6628255
4920.754382  0.6842768
4921.377189  0.7755738
4921.999996  0.864964
4922.622803  0.8943798
4923.24561  0.8797007
4923.868417  0.8403036
4924.491224  0.8160111
4925.114031  0.8425609
4925.736838  0.9091927
4926.359645  0.9548297
4926.982452  0.9457826
4927.605259  0.9227333
4928.228066  0.9590158
4928.850873  1.020401
4929.47368  1.015155
4930.096487  0.9838182
4930.719294  0.9797651
4931.342101  1.007656
4931.964908  1.00608
4932.587715  0.9473683
4933.210522  0.8593637
4933.833329  0.8109531
4934.456136  0.8742485
4935.078943  0.9605955
4935.70175  0.9593549
4936.324557  0.9235039
4936.947364  0.8670976
4937.570171  0.8047121
4938.192978  0.7655275
4938.815785  0.7553385
4939.438592  0.7916512
4940.061399  0.8772898
4940.684206  0.9589522
4941.307013  0.9940543
4941.92982  0.9833528
4942.552627  0.9740468
4943.175434  0.9968942
4943.798241  1.025684
4944.421048  1.011042
4945.043855  0.9607365
4945.666662  0.9168816
4946.289469  0.920667
4946.912276  0.9741027
4947.535083  1.006413
4948.15789  0.9995891
4948.780697  0.9975335
4949.403504  0.9833031
4950.026311  0.9766183
4950.649118  0.9985441
4951.271925  1.022655
4951.894732  1.00425
4952.517539  0.9594888
4953.140346  0.956793
4953.763153  0.9662101
4954.38596  0.9741851
4955.008767  0.9898025
4955.631574  1.007757
4956.254381  0.9342977
4956.877188  0.7673701
4957.499995  0.6643701
4958.122802  0.7273036
4958.745609  0.8880503
4959.368416  0.9988865
4959.991223  1.04326
4960.61403  1.034675
4961.236837  1.002011
4961.859644  0.9778576
4962.482451  0.9884933
4963.105258  1.02078
4963.728065  1.030783
4964.350872  0.986674
4964.973679  0.919418
4965.596486  0.8821711
4966.219293  0.8936834
4966.8421  0.9267738
4967.464907  0.9350801
4968.087714  0.8991429
4968.710521  0.9057549
4969.333328  0.9337788
4969.956135  0.9230984
4970.578942  0.9151071
4971.201749  0.9439194
4971.824556  0.9877136
4972.447363  0.9860529
4973.07017  0.9844239
4973.692977  1.006427
4974.315784  1.029547
4974.938591  1.01601
4975.561398  0.9849815
4976.184205  0.9691501
4976.807012  0.9698727
4977.429819  0.9478114
4978.052626  0.9062028
4978.675433  0.8854935
4979.29824  0.8871269
4979.921047  0.9031442
4980.543854  0.9142462
4981.166661  0.8942515
4981.789468  0.8365843
4982.412275  0.7740495
4983.035082  0.7555763
4983.657889  0.7757712
4984.280696  0.8072931
4984.903503  0.8270264
4985.52631  0.8374743
4986.149117  0.8784897
4986.771924  0.946686
4987.394731  0.9833785
4988.017538  0.9818925
4988.640345  0.9629452
4989.263152  0.9498484
4989.885959  0.9430997
4990.508766  0.9139078
4991.131573  0.8824092
4991.75438  0.9251363
4992.377187  0.9680038
4992.999994  0.9534295
4993.622801  0.9013616
4994.245608  0.8899834
4994.868415  0.9258934
4995.491222  0.9608088
4996.114029  0.9463422
4996.736836  0.9315239
4997.359643  0.9420552
4997.98245  0.9473644
4998.605257  0.9182332
4999.228064  0.8701329
4999.850871  0.8423161
5000.473678  0.8536973
5001.096485  0.8630965
5001.719292  0.8570259
5002.342099  0.8695159
5002.964906  0.8834623
5003.587713  0.8841225
5004.21052  0.8667676
5004.833327  0.8295026
5005.456134  0.7754515
5006.078941  0.7372178
5006.701748  0.7664012
5007.324555  0.8402382
5007.947362  0.9214169
5008.570169  0.9728028
5009.192976  0.95202
5009.815783  0.9150354
5010.43859  0.908143
5011.061397  0.8901814
5011.684204  0.8392207
5012.307011  0.7870864
5012.929818  0.7772003
5013.552625  0.7598634
5014.175432  0.7523531
5014.798239  0.7905113
5015.421046  0.85258
5016.043853  0.8801633
5016.66666  0.8561561
5017.289467  0.8177873
5017.912274  0.7850131
5018.535081  0.7944075
5019.157888  0.8507037
5019.780695  0.8780706
5020.403502  0.8844506
5021.026309  0.8775768
5021.649116  0.8362976
5022.271923  0.8160979
5022.89473  0.8449432
5023.517537  0.8993613
5024.140344  0.9236724
5024.763151  0.9140827
5025.385958  0.9061099
5026.008765  0.9283369
5026.631572  0.8889473
5027.254379  0.8115844
5027.877186  0.8109326
5028.499993  0.8767129
5029.1228  0.9358343
5029.745607  0.9413831
5030.368414  0.9309072
5030.991221  0.9291202
5031.614028  0.9505342
5032.236835  0.9950402
5032.859642  1.031156
5033.482449  1.042794
5034.105256  1.025626
5034.728063  0.9704376
5035.35087  0.8823568
5035.973677  0.8190098
5036.596484  0.8546097
5037.219291  0.914593
5037.842098  0.9267276
5038.464905  0.8811866
5039.087712  0.8354071
5039.710519  0.7903046
5040.333326  0.7236219
5040.956133  0.6438286
5041.57894  0.6664969
5042.201747  0.7912404
5042.824554  0.9084083
5043.447361  0.9513881
5044.070168  0.9609932
5044.692975  0.989549
5045.315782  1.019488
5045.938589  1.047594
5046.561396  1.047989
5047.184203  0.9905981
5047.80701  0.9024673
5048.429817  0.8368509
5049.052624  0.8280298
5049.675431  0.8579584
5050.298238  0.8897514
5050.921045  0.8920028
5051.543852  0.8631318
5052.166659  0.8637179
5052.789466  0.8939505
5053.412273  0.9231818
5054.03508  0.9620972
5054.657887  0.9927791
5055.280694  1.001515
5055.903501  0.9966668
5056.526308  0.9749818
5057.149115  0.9585947
5057.771922  0.9738863
5058.394729  1.001997
5059.017536  1.00677
5059.640343  0.988303
5060.26315  0.9999334
5060.885957  1.035295
5061.508764  1.060694
5062.131571  1.053853
5062.754378  1.048815
5063.377185  1.01738
5063.999992  0.9319065
5064.622799  0.840663
5065.245606  0.8293538
5065.868413  0.891882
5066.49122  0.9328691
5067.114027  0.9287515
5067.736834  0.8951406
5068.359641  0.870761
5068.982448  0.8949704
5069.605255  0.9532262
5070.228062  0.9999983
5070.850869  0.9920704
5071.473676  0.9274032
5072.096483  0.866519
5072.71929  0.8736761
5073.342097  0.9298871
5073.964904  0.9608082
5074.587711  0.9387071
5075.210518  0.9249955
5075.833325  0.9214818
5076.456132  0.9368361
5077.078939  0.9767789
5077.701746  0.9905908
5078.324553  0.9257712
5078.94736  0.8011463
5079.570167  0.7287474
5080.192974  0.7345982
5080.815781  0.7973019
5081.438588  0.8750038
5082.061395  0.9128995
5082.684202  0.8982722
5083.307009  0.8671247
5083.929816  0.8801274
5084.552623  0.9206852
5085.17543  0.9520174
5085.798237  0.9590613
5086.421044  0.9499579
5087.043851  0.9364352
5087.666658  0.9285509
5088.289465  0.9358693
5088.912272  0.9617751
5089.535079  0.9850412
5090.157886  0.9711289
5090.780693  0.9585962
5091.4035  0.9673513
5092.026307  0.987263
5092.649114  1.014089
5093.271921  1.029361
5093.894728  1.021574
5094.517535  1.001619
5095.140342  0.9957621
5095.763149  0.9859014
5096.385956  0.935467
5097.008763  0.8987889
5097.63157  0.8601074
5098.254377  0.7984294
5098.877184  0.7684642
5099.499991  0.8060056
5100.122798  0.890597
5100.745605  0.9612824
5101.368412  1.003728
5101.991219  1.008114
5102.614026  0.979303
5103.236833  0.9521228
5103.85964  0.9328035
5104.482447  0.9233804
5105.105254  0.9324623
5105.728061  0.9442757
5106.350868  0.9273371
5106.973675  0.8750924
5107.596482  0.8543407
5108.219289  0.8775763
5108.842096  0.9035247
5109.464903  0.8804162
5110.08771  0.855987
5110.710517  0.8772379
5111.333324  0.9369645
5111.956131  0.9650915
5112.578938  0.9613996
5113.201745  0.9628133
5113.824552  0.9804189
5114.447359  0.9816719
5115.070166  0.9627833
5115.692973  0.9590935
5116.31578  0.9828279
5116.938587  1.010998
5117.561394  1.018057
5118.184201  1.016914
5118.807008  1.014145
5119.429815  1.004958
5120.052622  0.9810728
5120.675429  0.9480915
5121.298236  0.9246444
5121.921043  0.9152012
5122.54385  0.8779506
5123.166657  0.8336087
5123.789464  0.8166312
5124.412271  0.8321298
5125.035078  0.8531047
5125.657885  0.8710776
5126.280692  0.8894034
5126.903499  0.882873
5127.526306  0.8730311
5128.149113  0.8782389
5128.77192  0.8705266
5129.394727  0.8672758
5130.017534  0.8847924
5130.640341  0.9157176
5131.263148  0.9214652
5131.885955  0.9222134
5132.508762  0.9377246
5133.131569  0.9216101
5133.754376  0.9204826
5134.377183  0.9611072
5134.99999  1.00226
5135.622797  0.9881349
5136.245604  0.9285611
5136.868411  0.8818422
5137.491218  0.8887729
5138.114025  0.8816552
5138.736832  0.8333593
5139.359639  0.8230763
5139.982446  0.8808408
5140.605253  0.9436125
5141.22806  0.925389
5141.850867  0.8492651
5142.473674  0.798104
5143.096481  0.829668
5143.719288  0.9142903
5144.342095  0.9451454
5144.964902  0.9081008
5145.587709  0.8792337
5146.210516  0.8622274
5146.833323  0.8483092
5147.45613  0.8397735
5148.078937  0.860092
5148.701744  0.9040077
5149.324551  0.9370995
5149.947358  0.9234447
5150.570165  0.8875776
5151.192972  0.8687307
5151.815779  0.8814542
5152.438586  0.8907587
5153.061393  0.8829343
5153.6842  0.8749332
5154.307007  0.895685
5154.929814  0.9176964
5155.552621  0.9267042
5156.175428  0.9341478
5156.798235  0.9583039
5157.421042  0.9755332
5158.043849  0.9693894
5158.666656  0.9640584
5159.289463  0.9707217
5159.91227  0.9852248
5160.535077  0.9891397
5161.157884  0.9553544
5161.780691  0.906208
5162.403498  0.8843141
5163.026305  0.9072161
5163.649112  0.9165545
5164.271919  0.8753097
5164.894726  0.8059828
5165.517533  0.7511157
5166.14034  0.6846449
5166.763147  0.5872664
5167.385954  0.5443706
5168.008761  0.5807208
5168.631568  0.674256
5169.254375  0.7817117
5169.877182  0.8718702
5170.499989  0.8684905
5171.122796  0.7311113
5171.745603  0.5757874
5172.36841  0.4940968
5172.991217  0.5352316
5173.614024  0.696349
5174.236831  0.8672277
5174.859638  0.956311
5175.482445  0.9529199
5176.105252  0.9278539
5176.728059  0.9267135
5177.350866  0.9508996
5177.973673  0.9730759
5178.59648  0.9729176
5179.219287  0.9566541
5179.842094  0.9450198
5180.464901  0.9310261
5181.087708  0.9073416
5181.710515  0.8476779
5182.333322  0.7032679
5182.956129  0.5339947
5183.578936  0.4602619
5184.201743  0.5677263
5184.82455  0.7502707
5185.447357  0.8858864
5186.070164  0.931266
5186.692971  0.9611917
5187.315778  0.9594557
5187.938585  0.9184471
5188.561392  0.9021918
5189.184199  0.9632545
5189.807006  1.038258
5190.429813  1.01001
5191.05262  0.8758628
5191.675427  0.7528659
5192.298234  0.7445045
5192.921041  0.8280228
5193.543848  0.9131966
5194.166655  0.9294562
5194.789462  0.8804713
5195.412269  0.8570932
5196.035076  0.8775244
5196.657883  0.9072407
5197.28069  0.9243127
5197.903497  0.9447739
5198.526304  0.9722638
5199.149111  0.9855635
5199.771918  0.9920273
5200.394725  0.9985693
5201.017532  0.9980253
5201.640339  0.9673902
5202.263146  0.9567695
5202.885953  0.9792685
5203.50876  0.9680039
5204.131567  0.901017
5204.754374  0.8209777
5205.377181  0.7910953
5205.999988  0.8158957
5206.622795  0.864494
5207.245602  0.8726135
5207.868409  0.7833987
5208.491216  0.7667293
5209.114023  0.8497878
5209.73683  0.8977633
5210.359637  0.9128204
5210.982444  0.9378963
5211.605251  0.9890369
5212.228058  1.011862
5212.850865  1.012973
5213.473672  1.001533
5214.096479  0.9691459
5214.719286  0.9136099
5215.342093  0.864419
5215.9649  0.8532442
5216.587707  0.8767493
5217.210514  0.908204
5217.833321  0.9399408
5218.456128  0.9879586
5219.078935  1.005283
5219.701742  0.9902277
5220.324549  0.9837188
5220.947356  1.003517
5221.570163  1.010375
5222.19297  0.9828022
5222.815777  0.9592389
5223.438584  0.9263853
5224.061391  0.8819674
5224.684198  0.8423628
5225.307005  0.8121879
5225.929812  0.7570827
5226.552619  0.6901594
5227.175426  0.7221355
5227.798233  0.83526
5228.42104  0.9419276
5229.043847  0.9695473
5229.666654  0.9658168
5230.289461  0.9776035
5230.912268  1.002842
5231.535075  0.9833164
5232.157882  0.9156001
5232.780689  0.8577294
5233.403496  0.8794205
5234.026303  0.9099463
5234.64911  0.912183
5235.271917  0.9123728
5235.894724  0.9553294
5236.517531  1.007895
5237.140338  1.031235
5237.763145  1.0365
5238.385952  1.02192
5239.008759  1.004855
5239.631566  1.010007
5240.254373  1.025015
5240.87718  1.03588
5241.499987  1.031075
5242.122794  1.003817
5242.745601  0.9835553
5243.368408  0.9949585
5243.991215  1.035118
5244.614022  1.065112
5245.236829  1.05831
5245.859636  1.007999
5246.482443  0.9283325
5247.10525  0.8784174
5247.728057  0.8930712
5248.350864  0.9431831
5248.973671  0.948656
5249.596478  0.9013998
5250.219285  0.8625841
5250.842092  0.8915199
5251.464899  0.9453454
5252.087706  0.9717322
5252.710513  0.979655
5253.33332  0.9767721
5253.956127  0.9444591
5254.578934  0.8770276
5255.201741  0.8640551
5255.824548  0.9253992
5256.447355  1.012311
5257.070162  1.055169
5257.692969  1.070393
5258.315776  1.077718
5258.938583  1.069912
5259.56139  1.0484
5260.184197  1.02026
5260.807004  0.9849148
5261.429811  0.925005
5262.052618  0.872393
5262.675425  0.8358626
5263.298232  0.7881171
5263.921039  0.7719586
5264.543846  0.7669792
5265.166653  0.7293646
5265.78946  0.6990024
5266.412267  0.7507927
5267.035074  0.8691314
5267.657881  0.9144017
5268.280688  0.8378269
5268.903495  0.6911005
5269.526302  0.5909935
5270.149109  0.63938
5270.771916  0.7847422
5271.394723  0.9102937
5272.01753  0.9542906
5272.640337  0.9337543
5273.263144  0.9083889
5273.885951  0.9176326
5274.508758  0.887169
5275.131565  0.8384528
5275.754372  0.8485231
5276.377179  0.945724
5276.999986  1.036728
5277.622793  1.064449
5278.2456  1.066172
5278.868407  1.048634
5279.491214  1.011963
5280.114021  0.964954
5280.736828  0.9335893
5281.359635  0.9246668
5281.982442  0.9258139
5282.605249  0.9160646
5283.228056  0.8808106
5283.850863  0.8639789
5284.47367  0.9215853
5285.096477  1.009377
5285.719284  1.077259
5286.342091  1.098672
5286.964898  1.082257
5287.587705  1.058078
5288.210512  1.044667
5288.833319  1.044664
5289.456126  1.070302
5290.078933  1.106064
5290.70174  1.124125
5291.324547  1.112176
5291.947354  1.078561
5292.570161  1.040232
5293.192968  1.01652
5293.815775  1.020605
5294.438582  1.032703
5295.061389  1.024523
5295.684196  1.004844
5296.307003  0.9531204
5296.92981  0.869898
5297.552617  0.8048119
5298.175424  0.8184321
5298.798231  0.9093519
5299.421038  1.00644
5300.043845  1.013984
5300.666652  0.9675318
5301.289459  0.9417916
5301.912266  0.9455971
5302.535073  0.9875993
5303.15788  1.043279
5303.780687  1.072688
5304.403494  1.092474
5305.026301  1.102704
5305.649108  1.094513
5306.271915  1.074772
5306.894722  1.043365
5307.517529  1.020369
5308.140336  1.038575
5308.763143  1.080783
5309.38595  1.110779
5310.008757  1.108267
5310.631564  1.098141
5311.254371  1.086133
5311.877178  1.072594
5312.499985  1.064329
5313.122792  1.065169
5313.745599  1.068465
5314.368406  1.063631
5314.991213  1.057313
5315.61402  1.030825
5316.236827  0.9864574
5316.859634  0.977429
5317.482441  1.016478
5318.105248  1.058373
5318.728055  1.044271
5319.350862  1.023162
5319.973669  1.022037
5320.596476  1.032106
5321.219283  1.029959
5321.84209  1.032968
5322.464897  1.031311
5323.087704  0.9808431
5323.710511  0.913097
5324.333318  0.8914011
5324.956125  0.9419193
5325.578932  0.9911481
5326.201739  0.9985707
5326.824546  0.9292464
5327.447353  0.7610047
5328.07016  0.6493539
5328.692967  0.6877825
5329.315774  0.8338376
5329.938581  0.9580969
5330.561388  1.020367
5331.184195  1.035468
5331.807002  1.012346
5332.429809  0.9776978
5333.052616  0.9727674
5333.675423  1.022877
5334.29823  1.065168
5334.921037  1.082195
5335.543844  1.083642
5336.166651  1.052109
5336.789458  1.031717
5337.412265  1.04167
5338.035072  1.046072
5338.657879  1.026555
5339.280686  0.9730904
5339.903493  0.8993418
5340.5263  0.8590677
5341.149107  0.8990782
5341.771914  0.9928184
5342.394721  1.043204
5343.017528  1.05319
5343.640335  1.056269
5344.263142  1.064749
5344.885949  1.034419
5345.508756  0.9882056
5346.131563  0.9780421
5346.75437  1.020836
5347.377177  1.033449
5347.999984  0.9886601
5348.622791  0.9464368
5349.245598  0.9337456
5349.868405  0.9687524
5350.491212  1.035589
5351.114019  1.069837
5351.736826  1.078137
5352.359633  1.071759
5352.98244  1.041243
5353.605247  1.050337
5354.228054  1.094018
5354.850861  1.120721
5355.473668  1.13381
5356.096475  1.12775
5356.719282  1.111017
5357.342089  1.110165
5357.964896  1.110094
5358.587703  1.103467
5359.21051  1.102469
5359.833317  1.120393
5360.456124  1.117699
5361.078931  1.069334
5361.701738  1.025864
5362.324545  1.021874
5362.947352  1.048873
5363.570159  1.061879
5364.192966  1.024865
5364.815773  0.9806893
5365.43858  0.9873106
5366.061387  1.022091
5366.684194  1.025084
5367.307001  0.999668
5367.929808  1.017833
5368.552615  1.013569
5369.175422  0.9633985
5369.798229  0.9013529
5370.421036  0.853934
5371.043843  0.8266408
5371.66665  0.8448673
5372.289457  0.9559405
5372.912264  1.044471
5373.535071  1.064231
5374.157878  1.073935
5374.780685  1.092823
5375.403492  1.100756
5376.026299  1.076306
5376.649106  1.041613
5377.271913  1.021764
5377.89472  1.033901
5378.517527  1.069078
5379.140334  1.069255
5379.763141  1.042247
5380.385948  1.031232
5381.008755  1.034665
5381.631562  1.041207
5382.254369  1.03248
5382.877176  0.9999568
5383.499983  0.9960874
5384.12279  1.034946
5384.745597  1.080687
5385.368404  1.089369
5385.991211  1.063947
5386.614018  1.032936
5387.236825  1.019422
5387.859632  1.020225
5388.482439  1.014793
5389.105246  0.989884
5389.728053  0.975215
5390.35086  0.9675742
5390.973667  0.9572818
5391.596474  0.9652578
5392.219281  0.9774703
5392.842088  0.9766672
5393.464895  0.9652296
5394.087702  0.9621264
5394.710509  0.9728585
5395.333316  0.9805511
5395.956123  0.9551598
5396.57893  0.878484
5397.201737  0.8126805
5397.824544  0.8746418
5398.447351  0.9742147
5399.070158  1.01403
5399.692965  0.9799473
5400.315772  0.9495776
5400.938579  0.962257
5401.561386  1.009219
5402.184193  1.050178
5402.807  1.025217
5403.429807  0.9401643
5404.052614  0.8624993
5404.675421  0.8184443
5405.298228  0.7989217
5405.921035  0.7991998
5406.543842  0.853952
5407.166649  0.920491
5407.789456  0.9613032
5408.412263  0.9800038
5409.03507  0.9353257
5409.657877  0.8748627
5410.280684  0.8763628
5410.903491  0.9181492
5411.526298  0.9834481
5412.149105  1.039179
5412.771912  1.036873
5413.394719  1.020318
5414.017526  1.011614
5414.640333  0.9978312
5415.26314  0.9918984
5415.885947  1.020322
5416.508754  1.072341
5417.131561  1.076625
5417.754368  1.058743
5418.377175  1.048189
5418.999982  1.035097
5419.622789  1.005077
5420.245596  0.9659035
5420.868403  0.9475684
5421.49121  0.9810641
5422.114017  1.036711
5422.736824  1.049152
5423.359631  0.9740416
5423.982438  0.9074622
5424.605245  0.9166123
5425.228052  0.9888641
5425.850859  1.051773
5426.473666  1.084316
5427.096473  1.095693
5427.71928  1.085135
5428.342087  1.016848
5428.964894  0.8969889
5429.587701  0.8029719
5430.210508  0.8696864
5430.833315  1.00641
5431.456122  1.05191
5432.078929  0.9993285
5432.701736  0.9435471
5433.324543  0.9311315
5433.94735  0.9169466
5434.570157  0.9023729
5435.192964  0.9026523
5435.815771  0.9225751
5436.438578  0.9322839
5437.061385  0.9597837
5437.684192  1.018734
5438.306999  1.068319
5438.929806  1.086888
5439.552613  1.083253
5440.17542  1.079665
5440.798227  1.068648
5441.421034  1.064066
5442.043841  1.075763
5442.666648  1.086151
5443.289455  1.087133
5443.912262  1.067235
5444.535069  1.020298
5445.157876  0.9866968
5445.780683  0.9339892
5446.40349  0.8480213
5447.026297  0.8417569
5447.649104  0.9266281
5448.271911  1.029356
5448.894718  1.063932
5449.517525  1.085266
5450.140332  1.099778
5450.763139  1.075833
5451.385946  1.051569
5452.008753  1.040517
5452.63156  1.036724
5453.254367  1.025778
5453.877174  1.004488
5454.499981  0.953935
5455.122788  0.8732547
5455.745595  0.8534182
5456.368402  0.918857
5456.991209  1.016959
5457.614016  1.064542
5458.236823  1.082986
5458.85963  1.09401
5459.482437  1.081197
5460.105244  1.050165
5460.728051  1.026052
5461.350858  1.020151
5461.973665  0.9961273
5462.596472  0.9424766
5463.219279  0.9029185
5463.842086  0.9467335
5464.464893  1.012177
5465.0877  1.046634
5465.710507  1.043159
5466.333314  1.012079
5466.956121  0.9990174
5467.578928  1.022456
5468.201735  1.038873
5468.824542  1.045339
