4780.  0.7380349
4780.622807  0.748973
4781.245614  0.7431722
4781.868421  0.7272341
4782.491228  0.7097878
4783.114035  0.6689702
4783.736842  0.6697379
4784.359649  0.7206661
4784.982456  0.7449915
4785.605263  0.6979188
4786.22807  0.6421422
4786.850877  0.6554437
4787.473684  0.7015894
4788.096491  0.7171578
4788.719298  0.6861606
4789.342105  0.6587373
4789.964912  0.6608629
4790.587719  0.6852486
4791.210526  0.7070344
4791.833333  0.7163407
4792.45614  0.7288261
4793.078947  0.758568
4793.701754  0.7938554
4794.324561  0.8162535
4794.947368  0.8140461
4795.570175  0.7911543
4796.192982  0.7653275
4796.815789  0.751584
4797.438596  0.7431908
4798.061403  0.7088882
4798.68421  0.6778065
4799.307017  0.6695091
4799.929824  0.6728235
4800.552631  0.7013201
4801.175438  0.752107
4801.798245  0.8004329
4802.421052  0.8094867
4803.043859  0.8044138
4803.666666  0.796281
4804.289473  0.7539904
4804.91228  0.7247599
4805.535087  0.7297723
4806.157894  0.7456845
4806.780701  0.7335947
4807.403508  0.7060154
4808.026315  0.6909007
4808.649122  0.6949584
4809.271929  0.7238805
4809.894736  0.7579306
4810.517543  0.7665799
4811.14035  0.7574694
4811.763157  0.7481817
4812.385964  0.7483543
4813.008771  0.7508745
4813.631578  0.7547137
4814.254385  0.7569584
4814.877192  0.7549461
4815.499999  0.7611713
4816.122806  0.7808564
4816.745613  0.8029163
4817.36842  0.8053759
4817.991227  0.8051893
4818.614034  0.817439
4819.236841  0.8284222
4819.859648  0.8249356
4820.482455  0.8114729
4821.105262  0.8029581
4821.728069  0.7993219
4822.350876  0.7664742
4822.973683  0.702058
4823.59649  0.6709018
4824.219297  0.690525
4824.842104  0.7397667
4825.464911  0.7823088
4826.087718  0.8029385
4826.710525  0.7918136
4827.333332  0.7597682
4827.956139  0.7471939
4828.578946  0.7401003
4829.201753  0.742561
4829.82456  0.7817351
4830.447367  0.7902092
4831.070174  0.7412258
4831.692981  0.6754953
4832.315788  0.6708267
4832.938595  0.7210664
4833.561402  0.7756535
4834.184209  0.7928781
4834.807016  0.7887006
4835.429823  0.77294
4836.05263  0.7516581
4836.675437  0.7704765
4837.298244  0.7949626
4837.921051  0.7820826
4838.543858  0.7487749
4839.166665  0.7139007
4839.789472  0.6950647
4840.412279  0.7016795
4841.035086  0.7340291
4841.657893  0.7643684
4842.2807  0.7604918
4842.903507  0.7158151
4843.526314  0.6965424
4844.149121  0.7344197
4844.771928  0.7885701
4845.394735  0.8170453
4846.017542  0.8167807
4846.640349  0.804997
4847.263156  0.7760845
4847.885963  0.7346393
4848.50877  0.6994916
4849.131577  0.6986757
4849.754384  0.7553228
4850.377191  0.8131431
4850.999998  0.8000336
4851.622805  0.7710459
4852.245612  0.7751653
4852.868419  0.8059371
4853.491226  0.8001158
4854.114033  0.7480499
4854.73684  0.6764114
4855.359647  0.629549
4855.982454  0.6591269
4856.605261  0.732966
4857.228068  0.7837744
4857.850875  0.7827128
4858.473682  0.7503499
4859.096489  0.7093213
4859.719296  0.6572899
4860.342103  0.5780735
4860.96491  0.5005857
4861.587717  0.4897663
4862.210524  0.6000514
4862.833331  0.7032647
4863.456138  0.7076944
4864.078945  0.6822361
4864.701752  0.6885278
4865.324559  0.7261437
4865.947366  0.7542945
4866.570173  0.7690127
4867.19298  0.7508684
4867.815787  0.7113305
4868.438594  0.7114238
4869.061401  0.7393405
4869.684208  0.7482942
4870.307015  0.7017838
4870.929822  0.6176307
4871.552629  0.5701076
4872.175436  0.6065692
4872.798243  0.6773086
4873.42105  0.7263872
4874.043857  0.7313765
4874.666664  0.7130091
4875.289471  0.696296
4875.912278  0.7129367
4876.535085  0.7609743
4877.157892  0.7717243
4877.780699  0.7550299
4878.403506  0.7652948
4879.026313  0.8341799
4879.64912  0.8627792
4880.271927  0.8146549
4880.894734  0.737182
4881.517541  0.6780264
4882.140348  0.6884698
4882.763155  0.7568519
4883.385962  0.7920079
4884.008769  0.7692955
4884.631576  0.7125071
4885.254383  0.6651126
4885.87719  0.6483392
4886.499997  0.6616772
4887.122804  0.6908564
4887.745611  0.7211568
4888.368418  0.7262895
4888.991225  0.7170756
4889.614032  0.7220697
4890.236839  0.6695976
4890.859646  0.5984734
4891.482453  0.6016361
4892.10526  0.69072
4892.728067  0.7784671
4893.350874  0.8156334
4893.973681  0.8468089
4894.596488  0.8789811
4895.219295  0.8960483
4895.842102  0.8846377
4896.464909  0.8659163
4897.087716  0.8642614
4897.710523  0.8777121
4898.33333  0.8718596
4898.956137  0.8281502
4899.578944  0.7682474
4900.201751  0.7409776
4900.824558  0.7829116
4901.447365  0.8272846
4902.070172  0.8103833
4902.692979  0.7750868
4903.315786  0.7513347
4903.938593  0.7579139
4904.5614  0.7976604
4905.184207  0.8451309
4905.807014  0.8795021
4906.429821  0.8859919
4907.052628  0.8477957
4907.675435  0.8049085
4908.298242  0.7783486
4908.921049  0.743861
4909.543856  0.7144867
4910.166663  0.7000226
4910.78947  0.7019269
4911.412277  0.7209947
4912.035084  0.7516989
4912.657891  0.7777373
4913.280698  0.781069
4913.903505  0.7823123
4914.526312  0.8039693
4915.149119  0.8445669
4915.771926  0.8662769
4916.394733  0.8538638
4917.01754  0.814035
4917.640347  0.7598159
4918.263154  0.687195
4918.885961  0.6167626
4919.508768  0.583645
4920.131575  0.5645485
4920.754382  0.5794172
4921.377189  0.6492366
4921.999996  0.7312714
4922.622803  0.7728248
4923.24561  0.7616772
4923.868417  0.7327238
4924.491224  0.700358
4925.114031  0.6997093
4925.736838  0.7513484
4926.359645  0.8077614
4926.982452  0.8185943
4927.605259  0.7988908
4928.228066  0.8259075
4928.850873  0.8700116
4929.47368  0.8813615
4930.096487  0.8498632
4930.719294  0.8452066
4931.342101  0.867321
4931.964908  0.8691335
4932.587715  0.8115578
4933.210522  0.7236663
4933.833329  0.680492
4934.456136  0.7338598
4935.078943  0.8080126
4935.70175  0.8340918
4936.324557  0.8003839
4936.947364  0.7580293
4937.570171  0.7013363
4938.192978  0.6441917
4938.815785  0.6352302
4939.438592  0.6732832
4940.061399  0.7476684
4940.684206  0.8292078
4941.307013  0.8584046
4941.92982  0.8437955
4942.552627  0.830869
4943.175434  0.8548316
4943.798241  0.8817861
4944.421048  0.8737978
4945.043855  0.8291851
4945.666662  0.7960991
4946.289469  0.7996235
4946.912276  0.831401
4947.535083  0.8588222
4948.15789  0.870568
4948.780697  0.8672835
4949.403504  0.8578851
4950.026311  0.8635814
4950.649118  0.8875521
4951.271925  0.9068363
4951.894732  0.8833556
4952.517539  0.852676
4953.140346  0.8454962
4953.763153  0.8555866
4954.38596  0.8624979
4955.008767  0.8774673
4955.631574  0.8899446
4956.254381  0.8164474
4956.877188  0.6717942
4957.499995  0.5685873
4958.122802  0.6287102
4958.745609  0.7582465
4959.368416  0.8630691
4959.991223  0.9087545
4960.61403  0.9046533
4961.236837  0.875517
4961.859644  0.8542636
4962.482451  0.8677689
4963.105258  0.8985607
4963.728065  0.9004637
4964.350872  0.8459076
4964.973679  0.7839136
4965.596486  0.749525
4966.219293  0.7550652
4966.8421  0.7921181
4967.464907  0.800716
4968.087714  0.7826748
4968.710521  0.7939582
4969.333328  0.810374
4969.956135  0.8041913
4970.578942  0.7871349
4971.201749  0.8234822
4971.824556  0.8643858
4972.447363  0.8717172
4973.07017  0.873105
4973.692977  0.8942316
4974.315784  0.9108413
4974.938591  0.8887861
4975.561398  0.8551548
4976.184205  0.8431346
4976.807012  0.8498287
4977.429819  0.8313622
4978.052626  0.7857162
4978.675433  0.7576068
4979.29824  0.7827481
4979.921047  0.8077798
4980.543854  0.8063976
4981.166661  0.7741034
4981.789468  0.7160578
4982.412275  0.6621457
4983.035082  0.6490659
4983.657889  0.6889393
4984.280696  0.7274213
4984.903503  0.7405488
4985.52631  0.7405609
4986.149117  0.7538867
4986.771924  0.7976999
4987.394731  0.8458413
4988.017538  0.8508446
4988.640345  0.8314593
4989.263152  0.8175479
4989.885959  0.8154371
4990.508766  0.7934559
4991.131573  0.7812028
4991.75438  0.8092612
4992.377187  0.8605787
4992.999994  0.8482046
4993.622801  0.7931675
4994.245608  0.7818342
4994.868415  0.8246288
4995.491222  0.855422
4996.114029  0.8373996
4996.736836  0.819549
4997.359643  0.8246399
4997.98245  0.8346086
4998.605257  0.8150425
4999.228064  0.7653958
4999.850871  0.732798
5000.473678  0.7435353
5001.096485  0.7568029
5001.719292  0.7644822
5002.342099  0.7709936
5002.964906  0.7788813
5003.587713  0.7771444
5004.21052  0.7628674
5004.833327  0.7359211
5005.456134  0.6940597
5006.078941  0.6667451
5006.701748  0.6816633
5007.324555  0.7411317
5007.947362  0.8199705
5008.570169  0.8631101
5009.192976  0.8410907
5009.815783  0.8093815
5010.43859  0.8020554
5011.061397  0.7982004
5011.684204  0.7437604
5012.307011  0.6929726
5012.929818  0.6717075
5013.552625  0.661763
5014.175432  0.6557146
5014.798239  0.6830478
5015.421046  0.7428516
5016.043853  0.7700061
5016.66666  0.7663493
5017.289467  0.743378
5017.912274  0.7143543
5018.535081  0.7207544
5019.157888  0.7495989
5019.780695  0.7698257
5020.403502  0.7766851
5021.026309  0.7618039
5021.649116  0.7300057
5022.271923  0.7046203
5022.89473  0.7258102
5023.517537  0.778563
5024.140344  0.8135698
5024.763151  0.7994734
5025.385958  0.805151
5026.008765  0.8345009
5026.631572  0.7938496
5027.254379  0.7244697
5027.877186  0.7062482
5028.499993  0.7714277
5029.1228  0.8359075
5029.745607  0.852079
5030.368414  0.8328674
5030.991221  0.8316115
5031.614028  0.8604423
5032.236835  0.8957677
5032.859642  0.9128224
5033.482449  0.9348001
5034.105256  0.9282906
5034.728063  0.8605698
5035.35087  0.7597286
5035.973677  0.7038342
5036.596484  0.7320296
5037.219291  0.8056428
5037.842098  0.8214865
5038.464905  0.7824104
5039.087712  0.7379741
5039.710519  0.6866184
5040.333326  0.6056517
5040.956133  0.5315283
5041.57894  0.5525073
5042.201747  0.678441
5042.824554  0.8004219
5043.447361  0.8263467
5044.070168  0.844431
5044.692975  0.8725139
5045.315782  0.9030976
5045.938589  0.9354342
5046.561396  0.9417512
5047.184203  0.899693
5047.80701  0.81731
5048.429817  0.7482888
5049.052624  0.7307174
5049.675431  0.7602889
5050.298238  0.7903742
5050.921045  0.7793698
5051.543852  0.7499321
5052.166659  0.7588212
5052.789466  0.7981052
5053.412273  0.8381908
5054.03508  0.8650939
5054.657887  0.8983669
5055.280694  0.9129085
5055.903501  0.8958539
5056.526308  0.8680562
5057.149115  0.861455
5057.771922  0.8771635
5058.394729  0.8937731
5059.017536  0.8938626
5059.640343  0.887743
5060.26315  0.8982505
5060.885957  0.9348943
5061.508764  0.9510329
5062.131571  0.9474616
5062.754378  0.9417233
5063.377185  0.8924599
5063.999992  0.8001919
5064.622799  0.7183127
5065.245606  0.7193323
5065.868413  0.7813739
5066.49122  0.8326263
5067.114027  0.8207287
5067.736834  0.7891783
5068.359641  0.774516
5068.982448  0.7961133
5069.605255  0.8539414
5070.228062  0.8950518
5070.850869  0.8796632
5071.473676  0.8166678
5072.096483  0.7650677
5072.71929  0.7777324
5073.342097  0.845559
5073.964904  0.8800989
5074.587711  0.8636154
5075.210518  0.8249929
5075.833325  0.8052442
5076.456132  0.8205134
5077.078939  0.8603864
5077.701746  0.8810229
5078.324553  0.8153592
5078.94736  0.7010639
5079.570167  0.6201833
5080.192974  0.6276436
5080.815781  0.6903141
5081.438588  0.7602225
5082.061395  0.8003996
5082.684202  0.7855999
5083.307009  0.7629272
5083.929816  0.7753783
5084.552623  0.8065714
5085.17543  0.8293955
5085.798237  0.8376392
5086.421044  0.8406274
5087.043851  0.8276249
5087.666658  0.8230165
5088.289465  0.8453531
5088.912272  0.8703715
5089.535079  0.8799653
5090.157886  0.8680085
5090.780693  0.8459802
5091.4035  0.8478642
5092.026307  0.8733214
5092.649114  0.9008045
5093.271921  0.9182763
5093.894728  0.9132338
5094.517535  0.8920803
5095.140342  0.8755926
5095.763149  0.8570486
5096.385956  0.8343731
5097.008763  0.8106624
5097.63157  0.7821032
5098.254377  0.7254775
5098.877184  0.6740913
5099.499991  0.7160573
5100.122798  0.7980936
5100.745605  0.8612095
5101.368412  0.8864656
5101.991219  0.8866594
5102.614026  0.8669768
5103.236833  0.8377661
5103.85964  0.8211847
5104.482447  0.8156039
5105.105254  0.8206888
5105.728061  0.8334725
5106.350868  0.8204626
5106.973675  0.7787924
5107.596482  0.746821
5108.219289  0.7781375
5108.842096  0.8017251
5109.464903  0.7750887
5110.08771  0.7431024
5110.710517  0.7660021
5111.333324  0.821929
5111.956131  0.8498436
5112.578938  0.8375389
5113.201745  0.8280538
5113.824552  0.8465707
5114.447359  0.8673829
5115.070166  0.871366
5115.692973  0.8703274
5116.31578  0.8863297
5116.938587  0.9085104
5117.561394  0.9225935
5118.184201  0.9229082
5118.807008  0.914345
5119.429815  0.9002561
5120.052622  0.87663
5120.675429  0.8447853
5121.298236  0.8313971
5121.921043  0.8133669
5122.54385  0.7622492
5123.166657  0.6971629
5123.789464  0.6858293
5124.412271  0.7268414
5125.035078  0.7564223
5125.657885  0.7859026
5126.280692  0.7944868
5126.903499  0.7721508
5127.526306  0.7678134
5128.149113  0.7749926
5128.77192  0.7718672
5129.394727  0.7581091
5130.017534  0.7748006
5130.640341  0.8034996
5131.263148  0.8091835
5131.885955  0.827598
5132.508762  0.8443604
5133.131569  0.845002
5133.754376  0.845532
5134.377183  0.8723808
5134.99999  0.9051778
5135.622797  0.8969209
5136.245604  0.8380978
5136.868411  0.795037
5137.491218  0.8036031
5138.114025  0.8024805
5138.736832  0.7519605
5139.359639  0.723106
5139.982446  0.8053064
5140.605253  0.8733247
5141.22806  0.8467453
5141.850867  0.7494904
5142.473674  0.6907701
5143.096481  0.7284571
5143.719288  0.810558
5144.342095  0.8287222
5144.964902  0.7984473
5145.587709  0.7709389
5146.210516  0.7716563
5146.833323  0.762352
5147.45613  0.7557271
5148.078937  0.774192
5148.701744  0.8146818
5149.324551  0.82909
5149.947358  0.8099844
5150.570165  0.7829077
5151.192972  0.7571261
5151.815779  0.750232
5152.438586  0.7609901
5153.061393  0.7636411
5153.6842  0.7642269
5154.307007  0.7829622
5154.929814  0.8248175
5155.552621  0.845604
5156.175428  0.8573954
5156.798235  0.8833346
5157.421042  0.9080253
5158.043849  0.9073339
5158.666656  0.8867397
5159.289463  0.8801058
5159.91227  0.9029567
5160.535077  0.9212918
5161.157884  0.8987322
5161.780691  0.8498692
5162.403498  0.8272996
5163.026305  0.8445998
5163.649112  0.8546392
5164.271919  0.8064297
5164.894726  0.7301604
5165.517533  0.6725549
5166.14034  0.5928875
5166.763147  0.5122179
5167.385954  0.4770561
5168.008761  0.5143446
5168.631568  0.5993429
5169.254375  0.7072352
5169.877182  0.7999818
5170.499989  0.7820324
5171.122796  0.6574633
5171.745603  0.5033863
5172.36841  0.4155099
5172.991217  0.4605877
5173.614024  0.6125945
5174.236831  0.7714767
5174.859638  0.8475651
5175.482445  0.8497464
5176.105252  0.8359187
5176.728059  0.8395317
5177.350866  0.8669516
5177.973673  0.8929772
5178.59648  0.886218
5179.219287  0.8602211
5179.842094  0.8398387
5180.464901  0.832085
5181.087708  0.8051513
5181.710515  0.7374784
5182.333322  0.6158376
5182.956129  0.45955
5183.578936  0.4042816
5184.201743  0.5047704
5184.82455  0.6917889
5185.447357  0.8224507
5186.070164  0.8807415
5186.692971  0.9013824
5187.315778  0.8928344
5187.938585  0.857317
5188.561392  0.84856
5189.184199  0.9164515
5189.807006  0.9799461
5190.429813  0.9492183
5191.05262  0.8167251
5191.675427  0.6916082
5192.298234  0.6641551
5192.921041  0.7371738
5193.543848  0.8284492
5194.166655  0.8413963
5194.789462  0.7999072
5195.412269  0.7822841
5196.035076  0.8132464
5196.657883  0.8534951
5197.28069  0.8683684
5197.903497  0.8652321
5198.526304  0.8821474
5199.149111  0.9068015
5199.771918  0.9100046
5200.394725  0.910814
5201.017532  0.8978893
5201.640339  0.8778403
5202.263146  0.8884963
5202.885953  0.9116932
5203.50876  0.8957303
5204.131567  0.8141807
5204.754374  0.7382938
5205.377181  0.6984434
5205.999988  0.7084227
5206.622795  0.777925
5207.245602  0.7711745
5207.868409  0.6881281
5208.491216  0.6652089
5209.114023  0.7263674
5209.73683  0.7892222
5210.359637  0.7990564
5210.982444  0.8382248
5211.605251  0.8878284
5212.228058  0.9181274
5212.850865  0.9323938
5213.473672  0.9430985
5214.096479  0.9253673
5214.719286  0.8656244
5215.342093  0.8252579
5215.9649  0.8200739
5216.587707  0.8382415
5217.210514  0.8644305
5217.833321  0.9011249
5218.456128  0.9338016
5219.078935  0.9414119
5219.701742  0.9264444
5220.324549  0.930531
5220.947356  0.9584534
5221.570163  0.9517925
5222.19297  0.9240841
5222.815777  0.8909031
5223.438584  0.84942
5224.061391  0.7972955
5224.684198  0.7587314
5225.307005  0.7358242
5225.929812  0.6824784
5226.552619  0.6352776
5227.175426  0.6633435
5227.798233  0.7925692
5228.42104  0.9027182
5229.043847  0.9323568
5229.666654  0.911391
5230.289461  0.9199082
5230.912268  0.9560472
5231.535075  0.9596878
5232.157882  0.8816886
5232.780689  0.8158059
5233.403496  0.8129153
5234.026303  0.8439566
5234.64911  0.8416182
5235.271917  0.8543165
5235.894724  0.9184449
5236.517531  0.9752166
5237.140338  0.9928402
5237.763145  0.9822503
5238.385952  0.9705361
5239.008759  0.9473528
5239.631566  0.9357083
5240.254373  0.9553851
5240.87718  0.9852588
5241.499987  0.9831363
5242.122794  0.9539513
5242.745601  0.9461822
5243.368408  0.9668015
5243.991215  1.008307
5244.614022  1.041934
5245.236829  1.019353
5245.859636  0.9319423
5246.482443  0.8246015
5247.10525  0.7719085
5247.728057  0.8155514
5248.350864  0.8915659
5248.973671  0.9005344
5249.596478  0.8302532
5250.219285  0.7745624
5250.842092  0.7988344
5251.464899  0.8616976
5252.087706  0.8984328
5252.710513  0.9077753
5253.33332  0.920478
5253.956127  0.8934967
5254.578934  0.8242111
5255.201741  0.7817836
5255.824548  0.8698769
5256.447355  0.9722367
5257.070162  1.015252
5257.692969  1.031547
5258.315776  1.031238
5258.938583  1.013939
5259.56139  0.9864989
5260.184197  0.9721462
5260.807004  0.9374595
5261.429811  0.8741906
5262.052618  0.8181292
5262.675425  0.7687775
5263.298232  0.7355217
5263.921039  0.7241811
5264.543846  0.7136614
5265.166653  0.6730984
5265.78946  0.642132
5266.412267  0.7190621
5267.035074  0.8498033
5267.657881  0.9048594
5268.280688  0.7979444
5268.903495  0.6159278
5269.526302  0.5168008
5270.149109  0.5849836
5270.771916  0.7477325
5271.394723  0.8823708
5272.01753  0.9198084
5272.640337  0.8835555
5273.263144  0.8701007
5273.885951  0.8823611
5274.508758  0.8712274
5275.131565  0.8207619
5275.754372  0.8235793
5276.377179  0.9092751
5276.999986  1.000147
5277.622793  1.042332
5278.2456  1.043123
5278.868407  1.028892
5279.491214  0.9849744
5280.114021  0.9335709
5280.736828  0.9019607
5281.359635  0.8957543
5281.982442  0.900465
5282.605249  0.8859347
5283.228056  0.8434054
5283.850863  0.8290557
5284.47367  0.8850498
5285.096477  0.9876665
5285.719284  1.051735
5286.342091  1.077441
5286.964898  1.067604
5287.587705  1.020773
5288.210512  0.9898856
5288.833319  0.9936863
5289.456126  1.021619
5290.078933  1.053719
5290.70174  1.071679
5291.324547  1.063451
5291.947354  1.030929
5292.570161  0.9920502
5293.192968  0.9798005
5293.815775  1.003055
5294.438582  1.012666
5295.061389  0.9936497
5295.684196  0.9485025
5296.307003  0.8833274
5296.92981  0.8077425
5297.552617  0.7537958
5298.175424  0.7655487
5298.798231  0.8739983
5299.421038  0.9668221
5300.043845  0.9583774
5300.666652  0.9091158
5301.289459  0.8862326
5301.912266  0.9074246
5302.535073  0.9481316
5303.15788  0.9995204
5303.780687  1.046322
5304.403494  1.074468
5305.026301  1.08345
5305.649108  1.070278
5306.271915  1.039429
5306.894722  1.008003
5307.517529  1.002671
5308.140336  1.027815
5308.763143  1.063212
5309.38595  1.079424
5310.008757  1.078001
5310.631564  1.070979
5311.254371  1.063293
5311.877178  1.04851
5312.499985  1.030035
5313.122792  1.020861
5313.745599  1.029299
5314.368406  1.039193
5314.991213  1.033438
5315.61402  1.012433
5316.236827  0.9833789
5316.859634  0.9741669
5317.482441  1.004472
5318.105248  1.014696
5318.728055  1.001438
5319.350862  0.9908053
5319.973669  0.9895896
5320.596476  0.9931521
5321.219283  0.9936225
5321.84209  0.9898894
5322.464897  0.9948833
5323.087704  0.9709855
5323.710511  0.9057302
5324.333318  0.8996874
5324.956125  0.9416683
5325.578932  0.9791175
5326.201739  0.9734113
5326.824546  0.8674994
5327.447353  0.699087
5328.07016  0.5892733
5328.692967  0.6542166
5329.315774  0.8043321
5329.938581  0.9163787
5330.561388  0.9844174
5331.184195  1.000629
5331.807002  0.9711192
5332.429809  0.9274672
5333.052616  0.9305416
5333.675423  0.9820294
5334.29823  1.040584
5334.921037  1.067652
5335.543844  1.05519
5336.166651  1.02346
5336.789458  1.003798
5337.412265  1.014883
5338.035072  1.036368
5338.657879  1.02694
5339.280686  0.963636
5339.903493  0.8714063
5340.5263  0.8198418
5341.149107  0.8765548
5341.771914  0.9711063
5342.394721  1.024627
5343.017528  1.020234
5343.640335  1.033501
5344.263142  1.038882
5344.885949  0.9996747
5345.508756  0.9527847
5346.131563  0.963962
5346.75437  1.012643
5347.377177  1.01279
5347.999984  0.9631038
5348.622791  0.9127954
5349.245598  0.9056263
5349.868405  0.933852
5350.491212  0.9897297
5351.114019  1.044739
5351.736826  1.058459
5352.359633  1.039603
5352.98244  1.019479
5353.605247  1.030908
5354.228054  1.08172
5354.850861  1.118017
5355.473668  1.11171
5356.096475  1.103618
5356.719282  1.100977
5357.342089  1.101323
5357.964896  1.101163
5358.587703  1.096393
5359.21051  1.103745
5359.833317  1.117742
5360.456124  1.090024
5361.078931  1.036278
5361.701738  0.999496
5362.324545  1.010363
5362.947352  1.040079
5363.570159  1.051904
5364.192966  1.026844
5364.815773  0.9796464
5365.43858  0.9750427
5366.061387  1.011062
5366.684194  1.011419
5367.307001  1.000863
5367.929808  1.00576
5368.552615  1.01207
5369.175422  0.9597226
5369.798229  0.8848724
5370.421036  0.8275461
5371.043843  0.7796761
5371.66665  0.8210645
5372.289457  0.9417445
5372.912264  1.04409
5373.535071  1.072938
5374.157878  1.076745
5374.780685  1.103052
5375.403492  1.103879
5376.026299  1.067141
5376.649106  1.022322
5377.271913  1.0161
5377.89472  1.048994
5378.517527  1.081053
5379.140334  1.077134
5379.763141  1.054062
5380.385948  1.028835
5381.008755  1.019739
5381.631562  1.035379
5382.254369  1.031792
5382.877176  1.008226
5383.499983  1.003387
5384.12279  1.033049
5384.745597  1.063245
5385.368404  1.061366
5385.991211  1.039762
5386.614018  1.018395
5387.236825  1.010198
5387.859632  1.011631
5388.482439  1.00019
5389.105246  0.9802027
5389.728053  0.9627067
5390.35086  0.9458822
5390.973667  0.941539
5391.596474  0.9532903
5392.219281  0.9687234
5392.842088  0.9628381
5393.464895  0.9442437
5394.087702  0.9377537
5394.710509  0.947729
5395.333316  0.9616416
5395.956123  0.9311699
5396.57893  0.8104824
5397.201737  0.765174
5397.824544  0.8508925
5398.447351  0.9716826
5399.070158  1.016325
5399.692965  0.9894292
5400.315772  0.9545668
5400.938579  0.9536509
5401.561386  0.9915631
5402.184193  1.030048
5402.807  1.017479
5403.429807  0.9546201
5404.052614  0.8765814
5404.675421  0.8158464
5405.298228  0.7660496
5405.921035  0.7643866
5406.543842  0.8216424
5407.166649  0.8968378
5407.789456  0.9547314
5408.412263  0.9611318
5409.03507  0.9110066
5409.657877  0.8595681
5410.280684  0.8601351
5410.903491  0.9213392
5411.526298  0.9948917
5412.149105  1.043921
5412.771912  1.055092
5413.394719  1.039991
5414.017526  1.018511
5414.640333  0.9976279
5415.26314  0.9920764
5415.885947  1.035838
5416.508754  1.077122
5417.131561  1.078226
5417.754368  1.056745
5418.377175  1.050187
5418.999982  1.03957
5419.622789  0.9958311
5420.245596  0.9577467
5420.868403  0.9626015
5421.49121  1.010833
5422.114017  1.059241
5422.736824  1.060856
5423.359631  1.004326
5423.982438  0.9309443
5424.605245  0.936537
5425.228052  0.9933211
5425.850859  1.040412
5426.473666  1.079223
5427.096473  1.104885
5427.71928  1.097313
5428.342087  1.028666
5428.964894  0.8827174
5429.587701  0.7867728
5430.210508  0.852429
5430.833315  0.9864607
5431.456122  1.040457
5432.078929  0.9829431
5432.701736  0.9279337
5433.324543  0.9087781
5433.94735  0.8962112
5434.570157  0.866888
5435.192964  0.8886094
5435.815771  0.9089853
5436.438578  0.9008271
5437.061385  0.9456481
5437.684192  1.015277
5438.306999  1.067803
5438.929806  1.0912
5439.552613  1.1058
5440.17542  1.108561
5440.798227  1.092826
5441.421034  1.072948
5442.043841  1.068716
5442.666648  1.083869
5443.289455  1.097478
5443.912262  1.078311
5444.535069  1.03796
5445.157876  0.9984233
5445.780683  0.9335611
5446.40349  0.8405414
5447.026297  0.7928503
5447.649104  0.8981864
5448.271911  1.012393
5448.894718  1.0633
5449.517525  1.09068
5450.140332  1.09346
5450.763139  1.079739
5451.385946  1.062358
5452.008753  1.049711
5452.63156  1.041635
5453.254367  1.032048
5453.877174  1.009498
5454.499981  0.9505277
5455.122788  0.8750523
5455.745595  0.8408045
5456.368402  0.9082077
5456.991209  1.000258
5457.614016  1.055513
5458.236823  1.10108
5458.85963  1.114411
5459.482437  1.087595
5460.105244  1.041934
5460.728051  1.02178
5461.350858  1.021237
5461.973665  1.006048
5462.596472  0.9524575
5463.219279  0.9152017
5463.842086  0.9399873
5464.464893  1.014954
5465.0877  1.072806
5465.710507  1.067526
5466.333314  1.017759
5466.956121  1.013766
5467.578928  1.03526
5468.201735  1.047592
5468.824542  1.049619
