4780.  1.188213
4780.622807  1.199853
4781.245614  1.220955
4781.868421  1.227928
4782.491228  1.224678
4783.114035  1.221528
4783.736842  1.218667
4784.359649  1.221608
4784.982456  1.225342
4785.605263  1.22329
4786.22807  1.222995
4786.850877  1.223855
4787.473684  1.22356
4788.096491  1.225672
4788.719298  1.223339
4789.342105  1.219644
4789.964912  1.225271
4790.587719  1.234357
4791.210526  1.235134
4791.833333  1.226548
4792.45614  1.22231
4793.078947  1.22164
4793.701754  1.222029
4794.324561  1.222843
4794.947368  1.222352
4795.570175  1.222925
4796.192982  1.22648
4796.815789  1.223722
4797.438596  1.218039
4798.061403  1.217311
4798.68421  1.223428
4799.307017  1.227929
4799.929824  1.224019
4800.552631  1.216922
4801.175438  1.22221
4801.798245  1.227561
4802.421052  1.225076
4803.043859  1.227917
4803.666666  1.214083
4804.289473  1.186948
4804.91228  1.174847
4805.535087  1.180405
4806.157894  1.199232
4806.780701  1.219091
4807.403508  1.224532
4808.026315  1.222166
4808.649122  1.21918
4809.271929  1.217415
4809.894736  1.215989
4810.517543  1.211726
4811.14035  1.206597
4811.763157  1.209284
4812.385964  1.218707
4813.008771  1.226427
4813.631578  1.224051
4814.254385  1.224284
4814.877192  1.226395
4815.499999  1.221923
4816.122806  1.217643
4816.745613  1.219466
4817.36842  1.223859
4817.991227  1.218292
4818.614034  1.213347
4819.236841  1.214832
4819.859648  1.219229
4820.482455  1.218225
4821.105262  1.214598
4821.728069  1.212979
4822.350876  1.209803
4822.973683  1.198875
4823.59649  1.181262
4824.219297  1.16932
4824.842104  1.18232
4825.464911  1.200651
4826.087718  1.202551
4826.710525  1.204136
4827.333332  1.207581
4827.956139  1.208696
4828.578946  1.203434
4829.201753  1.200096
4829.82456  1.198181
4830.447367  1.194569
4831.070174  1.195894
4831.692981  1.199456
4832.315788  1.200095
4832.938595  1.195907
4833.561402  1.187691
4834.184209  1.181385
4834.807016  1.180912
4835.429823  1.178061
4836.05263  1.173505
4836.675437  1.173303
4837.298244  1.18006
4837.921051  1.172846
4838.543858  1.157899
4839.166665  1.158408
4839.789472  1.157982
4840.412279  1.155231
4841.035086  1.154876
4841.657893  1.152511
4842.2807  1.146138
4842.903507  1.138082
4843.526314  1.133633
4844.149121  1.128943
4844.771928  1.124219
4845.394735  1.12183
4846.017542  1.12045
4846.640349  1.111962
4847.263156  1.092079
4847.885963  1.06799
4848.50877  1.052294
4849.131577  1.04849
4849.754384  1.048849
4850.377191  1.037912
4850.999998  1.019831
4851.622805  1.004783
4852.245612  0.9958587
4852.868419  0.9804982
4853.491226  0.9589567
4854.114033  0.9392567
4854.73684  0.9131095
4855.359647  0.885103
4855.982454  0.861822
4856.605261  0.8391455
4857.228068  0.813517
4857.850875  0.7787168
4858.473682  0.7264823
4859.096489  0.6523286
4859.719296  0.545513
4860.342103  0.4215957
4860.96491  0.3464794
4861.587717  0.3735388
4862.210524  0.4787316
4862.833331  0.5755941
4863.456138  0.6501476
4864.078945  0.705894
4864.701752  0.7508346
4865.324559  0.7927937
4865.947366  0.8290191
4866.570173  0.8597173
4867.19298  0.8917808
4867.815787  0.9195002
4868.438594  0.9424015
4869.061401  0.9647729
4869.684208  0.9795634
4870.307015  0.98334
4870.929822  0.9815861
4871.552629  0.99022
4872.175436  1.009684
4872.798243  1.031008
4873.42105  1.044819
4874.043857  1.056406
4874.666664  1.067976
4875.289471  1.076544
4875.912278  1.08071
4876.535085  1.083411
4877.157892  1.086392
4877.780699  1.090173
4878.403506  1.096034
4879.026313  1.106905
4879.64912  1.121856
4880.271927  1.133179
4880.894734  1.137083
4881.517541  1.137723
4882.140348  1.143141
4882.763155  1.143656
4883.385962  1.137474
4884.008769  1.132596
4884.631576  1.137454
4885.254383  1.144435
4885.87719  1.149379
4886.499997  1.160468
4887.122804  1.168488
4887.745611  1.170348
4888.368418  1.172749
4888.991225  1.177169
4889.614032  1.169181
4890.236839  1.140672
4890.859646  1.111697
4891.482453  1.113989
4892.10526  1.145384
4892.728067  1.170418
4893.350874  1.179674
4893.973681  1.180193
4894.596488  1.184361
4895.219295  1.195233
4895.842102  1.199962
4896.464909  1.196174
4897.087716  1.196798
4897.710523  1.197123
4898.33333  1.194082
4898.956137  1.188897
4899.578944  1.180846
4900.201751  1.178723
4900.824558  1.18518
4901.447365  1.189703
4902.070172  1.189759
4902.692979  1.186927
4903.315786  1.184774
4903.938593  1.187237
4904.5614  1.190948
4905.184207  1.193104
4905.807014  1.197293
4906.429821  1.199433
4907.052628  1.1978
4907.675435  1.19596
4908.298242  1.197358
4908.921049  1.198605
4909.543856  1.193729
4910.166663  1.181317
4910.78947  1.170818
4911.412277  1.170511
4912.035084  1.181875
4912.657891  1.197957
4913.280698  1.206736
4913.903505  1.204341
4914.526312  1.207182
4915.149119  1.211457
4915.771926  1.210404
4916.394733  1.20544
4917.01754  1.202217
4917.640347  1.194535
4918.263154  1.175228
4918.885961  1.162013
4919.508768  1.151939
4920.131575  1.142126
4920.754382  1.145234
4921.377189  1.171974
4921.999996  1.194407
4922.622803  1.168271
4923.24561  1.100227
4923.868417  1.064024
4924.491224  1.105494
4925.114031  1.163506
4925.736838  1.20032
4926.359645  1.209169
4926.982452  1.206211
4927.605259  1.199503
4928.228066  1.198907
4928.850873  1.208669
4929.47368  1.216591
4930.096487  1.212128
4930.719294  1.200715
4931.342101  1.200115
4931.964908  1.20374
4932.587715  1.197923
4933.210522  1.176188
4933.833329  1.156711
4934.456136  1.159624
4935.078943  1.182508
4935.70175  1.198345
4936.324557  1.202286
4936.947364  1.200417
4937.570171  1.197272
4938.192978  1.192346
4938.815785  1.189304
4939.438592  1.190912
4940.061399  1.190055
4940.684206  1.196223
4941.307013  1.206951
4941.92982  1.209924
4942.552627  1.21293
4943.175434  1.210809
4943.798241  1.198955
4944.421048  1.19869
4945.043855  1.203113
4945.666662  1.201238
4946.289469  1.195669
4946.912276  1.189499
4947.535083  1.190389
4948.15789  1.199014
4948.780697  1.197217
4949.403504  1.19227
4950.026311  1.195185
4950.649118  1.202461
4951.271925  1.201188
4951.894732  1.1956
4952.517539  1.198217
4953.140346  1.195349
4953.763153  1.192887
4954.38596  1.198275
4955.008767  1.199286
4955.631574  1.196162
4956.254381  1.174036
4956.877188  1.120612
4957.499995  1.096571
4958.122802  1.117779
4958.745609  1.157576
4959.368416  1.184563
4959.991223  1.196858
4960.61403  1.200136
4961.236837  1.194312
4961.859644  1.191877
4962.482451  1.195755
4963.105258  1.200393
4963.728065  1.200987
4964.350872  1.193603
4964.973679  1.183571
4965.596486  1.184898
4966.219293  1.182307
4966.8421  1.177508
4967.464907  1.182459
4968.087714  1.179747
4968.710521  1.178919
4969.333328  1.186607
4969.956135  1.182352
4970.578942  1.179049
4971.201749  1.183393
4971.824556  1.187093
4972.447363  1.186931
4973.07017  1.184558
4973.692977  1.184686
4974.315784  1.191273
4974.938591  1.195329
4975.561398  1.193135
4976.184205  1.191414
4976.807012  1.18746
4977.429819  1.18477
4978.052626  1.185764
4978.675433  1.182597
4979.29824  1.182018
4979.921047  1.185908
4980.543854  1.183055
4981.166661  1.173141
4981.789468  1.162431
4982.412275  1.157792
4983.035082  1.158822
4983.657889  1.160631
4984.280696  1.161701
4984.903503  1.168955
4985.52631  1.169977
4986.149117  1.169382
4986.771924  1.181468
4987.394731  1.182559
4988.017538  1.176379
4988.640345  1.176787
4989.263152  1.177101
4989.885959  1.179849
4990.508766  1.18022
4991.131573  1.170392
4991.75438  1.168264
4992.377187  1.171848
4992.999994  1.168438
4993.622801  1.164258
4994.245608  1.165702
4994.868415  1.172892
4995.491222  1.177687
4996.114029  1.182158
4996.736836  1.186977
4997.359643  1.187946
4997.98245  1.180139
4998.605257  1.170503
4999.228064  1.166588
4999.850871  1.168131
5000.473678  1.165226
5001.096485  1.155956
5001.719292  1.150136
5002.342099  1.153819
5002.964906  1.161755
5003.587713  1.166704
5004.21052  1.166851
5004.833327  1.158865
5005.456134  1.144132
5006.078941  1.133684
5006.701748  1.139427
5007.324555  1.152301
5007.947362  1.158276
5008.570169  1.165819
5009.192976  1.168325
5009.815783  1.164933
5010.43859  1.164194
5011.061397  1.157111
5011.684204  1.150209
5012.307011  1.155693
5012.929818  1.154851
5013.552625  1.145855
5014.175432  1.139382
5014.798239  1.146053
5015.421046  1.149527
5016.043853  1.151561
5016.66666  1.155493
5017.289467  1.096898
5017.912274  1.023934
5018.535081  1.014084
5019.157888  1.062748
5019.780695  1.118312
5020.403502  1.147737
5021.026309  1.157405
5021.649116  1.154182
5022.271923  1.150107
5022.89473  1.151987
5023.517537  1.155352
5024.140344  1.15578
5024.763151  1.154894
5025.385958  1.158965
5026.008765  1.160619
5026.631572  1.155811
5027.254379  1.147433
5027.877186  1.144955
5028.499993  1.149659
5029.1228  1.156048
5029.745607  1.154649
5030.368414  1.147162
5030.991221  1.142024
5031.614028  1.145517
5032.236835  1.150393
5032.859642  1.153095
5033.482449  1.152871
5034.105256  1.149372
5034.728063  1.14666
5035.35087  1.144017
5035.973677  1.138956
5036.596484  1.141899
5037.219291  1.148369
5037.842098  1.147729
5038.464905  1.14348
5039.087712  1.143286
5039.710519  1.142673
5040.333326  1.128469
5040.956133  1.115995
5041.57894  1.114836
5042.201747  1.123495
5042.824554  1.137525
5043.447361  1.147784
5044.070168  1.14951
5044.692975  1.14815
5045.315782  1.152289
5045.938589  1.15808
5046.561396  1.155104
5047.184203  1.144624
5047.80701  1.138172
5048.429817  1.138932
5049.052624  1.133171
5049.675431  1.129366
5050.298238  1.130976
5050.921045  1.131503
5051.543852  1.12914
5052.166659  1.127229
5052.789466  1.130746
5053.412273  1.139709
5054.03508  1.138535
5054.657887  1.127224
5055.280694  1.12376
5055.903501  1.12567
5056.526308  1.129494
5057.149115  1.134245
5057.771922  1.141267
5058.394729  1.145103
5059.017536  1.142227
5059.640343  1.136398
5060.26315  1.140388
5060.885957  1.145522
5061.508764  1.136698
5062.131571  1.13644
5062.754378  1.141929
5063.377185  1.139849
5063.999992  1.130669
5064.622799  1.125368
5065.245606  1.127453
5065.868413  1.128559
5066.49122  1.124321
5067.114027  1.125342
5067.736834  1.134214
5068.359641  1.129281
5068.982448  1.126992
5069.605255  1.134039
5070.228062  1.135664
5070.850869  1.1323
5071.473676  1.129649
5072.096483  1.129802
5072.71929  1.124014
5073.342097  1.124512
5073.964904  1.131909
5074.587711  1.128544
5075.210518  1.126845
5075.833325  1.128547
5076.456132  1.126252
5077.078939  1.128259
5077.701746  1.12998
5078.324553  1.12575
5078.94736  1.123263
5079.570167  1.119172
5080.192974  1.115476
5080.815781  1.117855
5081.438588  1.124442
5082.061395  1.126916
5082.684202  1.121559
5083.307009  1.121964
5083.929816  1.128286
5084.552623  1.131862
5085.17543  1.124215
5085.798237  1.12021
5086.421044  1.120655
5087.043851  1.118581
5087.666658  1.123534
5088.289465  1.130996
5088.912272  1.133959
5089.535079  1.132534
5090.157886  1.128413
5090.780693  1.123856
5091.4035  1.12307
5092.026307  1.130456
5092.649114  1.131646
5093.271921  1.122724
5093.894728  1.122972
5094.517535  1.126117
5095.140342  1.126282
5095.763149  1.125697
5096.385956  1.121573
5097.008763  1.117568
5097.63157  1.117233
5098.254377  1.119182
5098.877184  1.115503
5099.499991  1.109533
5100.122798  1.113754
5100.745605  1.121657
5101.368412  1.126171
5101.991219  1.125679
5102.614026  1.126772
5103.236833  1.123537
5103.85964  1.118569
5104.482447  1.125299
5105.105254  1.1259
5105.728061  1.120656
5106.350868  1.121747
5106.973675  1.116219
5107.596482  1.108162
5108.219289  1.109204
5108.842096  1.123198
5109.464903  1.122577
5110.08771  1.110856
5110.710517  1.115281
5111.333324  1.121548
5111.956131  1.120568
5112.578938  1.115498
5113.201745  1.116539
5113.824552  1.118087
5114.447359  1.116494
5115.070166  1.116148
5115.692973  1.119343
5116.31578  1.122589
5116.938587  1.121498
5117.561394  1.118474
5118.184201  1.121537
5118.807008  1.127275
5119.429815  1.120731
5120.052622  1.111961
5120.675429  1.109627
5121.298236  1.112328
5121.921043  1.113544
5122.54385  1.109477
5123.166657  1.102798
5123.789464  1.101559
5124.412271  1.105006
5125.035078  1.108888
5125.657885  1.109458
5126.280692  1.111041
5126.903499  1.113779
5127.526306  1.112717
5128.149113  1.102378
5128.77192  1.090031
5129.394727  1.085667
5130.017534  1.092392
5130.640341  1.103216
5131.263148  1.106597
5131.885955  1.099811
5132.508762  1.097085
5133.131569  1.098999
5133.754376  1.099243
5134.377183  1.095757
5134.99999  1.100824
5135.622797  1.109823
5136.245604  1.109634
5136.868411  1.102604
5137.491218  1.097878
5138.114025  1.094717
5138.736832  1.079492
5139.359639  1.073489
5139.982446  1.08397
5140.605253  1.097307
5141.22806  1.104131
5141.850867  1.104507
5142.473674  1.101807
5143.096481  1.099474
5143.719288  1.100733
5144.342095  1.105665
5144.964902  1.110403
5145.587709  1.108568
5146.210516  1.103056
5146.833323  1.098198
5147.45613  1.093517
5148.078937  1.095633
5148.701744  1.103727
5149.324551  1.104608
5149.947358  1.100447
5150.570165  1.097616
5151.192972  1.10023
5151.815779  1.101213
5152.438586  1.101574
5153.061393  1.098006
5153.6842  1.078929
5154.307007  1.075412
5154.929814  1.089773
5155.552621  1.098269
5156.175428  1.101855
5156.798235  1.102843
5157.421042  1.102658
5158.043849  1.100686
5158.666656  1.099695
5159.289463  1.100263
5159.91227  1.098519
5160.535077  1.097095
5161.157884  1.094753
5161.780691  1.09026
5162.403498  1.089518
5163.026305  1.093277
5163.649112  1.096515
5164.271919  1.094919
5164.894726  1.099844
5165.517533  1.096058
5166.14034  1.058073
5166.763147  0.9945612
5167.385954  0.9470689
5168.008761  0.9348505
5168.631568  0.9303752
5169.254375  0.9612027
5169.877182  1.026265
5170.499989  1.079589
5171.122796  1.065964
5171.745603  1.002022
5172.36841  0.9517252
5172.991217  0.9708516
5173.614024  1.035353
5174.236831  1.089318
5174.859638  1.097962
5175.482445  1.098321
5176.105252  1.098566
5176.728059  1.091545
5177.350866  1.095426
5177.973673  1.101403
5178.59648  1.100496
5179.219287  1.096886
5179.842094  1.093825
5180.464901  1.092267
5181.087708  1.091147
5181.710515  1.08907
5182.333322  1.0483
5182.956129  0.9731869
5183.578936  0.9399204
5184.201743  0.9787179
5184.82455  1.043465
5185.447357  1.065733
5186.070164  1.067001
5186.692971  1.070695
5187.315778  1.072958
5187.938585  1.043317
5188.561392  1.020922
5189.184199  1.034206
5189.807006  1.067535
5190.429813  1.079042
5191.05262  1.066823
5191.675427  1.055239
5192.298234  1.058668
5192.921041  1.071537
5193.543848  1.080309
5194.166655  1.077821
5194.789462  1.072159
5195.412269  1.071514
5196.035076  1.071789
5196.657883  1.052483
5197.28069  1.036471
5197.903497  1.045259
5198.526304  1.065225
5199.149111  1.076167
5199.771918  1.076175
5200.394725  1.07914
5201.017532  1.087416
5201.640339  1.08801
5202.263146  1.075908
5202.885953  1.071136
5203.50876  1.071399
5204.131567  1.068018
5204.754374  1.057904
5205.377181  1.05204
5205.999988  1.056041
5206.622795  1.064764
5207.245602  1.063518
5207.868409  1.054354
5208.491216  1.050532
5209.114023  1.061834
5209.73683  1.075393
5210.359637  1.080101
5210.982444  1.077092
5211.605251  1.07952
5212.228058  1.08211
5212.850865  1.079832
5213.473672  1.077209
5214.096479  1.079275
5214.719286  1.079471
5215.342093  1.070743
5215.9649  1.069584
5216.587707  1.071372
5217.210514  1.071487
5217.833321  1.079906
5218.456128  1.083558
5219.078935  1.080169
5219.701742  1.083666
5220.324549  1.088543
5220.947356  1.0879
5221.570163  1.0838
5222.19297  1.087254
5222.815777  1.088417
5223.438584  1.083586
5224.061391  1.084465
5224.684198  1.083883
5225.307005  1.060707
5225.929812  1.010965
5226.552619  0.9792709
5227.175426  0.9929998
5227.798233  1.037237
5228.42104  1.064173
5229.043847  1.071707
5229.666654  1.070492
5230.289461  1.070138
5230.912268  1.078749
5231.535075  1.075161
5232.157882  1.05059
5232.780689  1.03521
5233.403496  1.027882
5234.026303  1.02221
5234.64911  1.020295
5235.271917  1.035449
5235.894724  1.05642
5236.517531  1.063578
5237.140338  1.056717
5237.763145  1.052183
5238.385952  1.05762
5239.008759  1.062874
5239.631566  1.066316
5240.254373  1.070302
5240.87718  1.074545
5241.499987  1.074299
5242.122794  1.071914
5242.745601  1.070137
5243.368408  1.068659
5243.991215  1.074694
5244.614022  1.078761
5245.236829  1.069009
5245.859636  1.067488
5246.482443  1.069714
5247.10525  1.065699
5247.728057  1.065281
5248.350864  1.067927
5248.973671  1.070388
5249.596478  1.070499
5250.219285  1.066664
5250.842092  1.063393
5251.464899  1.065883
5252.087706  1.071217
5252.710513  1.072143
5253.33332  1.066849
5253.956127  1.062355
5254.578934  1.062443
5255.201741  1.061536
5255.824548  1.055915
5256.447355  1.058443
5257.070162  1.064372
5257.692969  1.066247
5258.315776  1.065923
5258.938583  1.063902
5259.56139  1.062963
5260.184197  1.063973
5260.807004  1.054864
5261.429811  1.045669
5262.052618  1.047505
5262.675425  1.051518
5263.298232  1.045541
5263.921039  1.037192
5264.543846  1.041372
5265.166653  1.034244
5265.78946  1.025937
5266.412267  1.035592
5267.035074  1.049241
5267.657881  1.057318
5268.280688  1.046386
5268.903495  1.007265
5269.526302  0.9782413
5270.149109  0.9840934
5270.771916  1.018357
5271.394723  1.0465
5272.01753  1.053805
5272.640337  1.048741
5273.263144  1.051568
5273.885951  1.056973
5274.508758  1.045305
5275.131565  1.011247
5275.754372  0.9973444
5276.377179  1.012697
5276.999986  1.039554
5277.622793  1.056723
5278.2456  1.063384
5278.868407  1.064764
5279.491214  1.063166
5280.114021  1.063446
5280.736828  1.062331
5281.359635  1.056323
5281.982442  1.050789
5282.605249  1.042392
5283.228056  1.029969
5283.850863  1.023344
5284.47367  1.033233
5285.096477  1.051127
5285.719284  1.059875
5286.342091  1.064672
5286.964898  1.06501
5287.587705  1.06214
5288.210512  1.05983
5288.833319  1.063081
5289.456126  1.064185
5290.078933  1.056074
5290.70174  1.054647
5291.324547  1.055845
5291.947354  1.052696
5292.570161  1.057653
5293.192968  1.060031
5293.815775  1.055605
5294.438582  1.054841
5295.061389  1.05944
5295.684196  1.064189
5296.307003  1.063957
5296.92981  1.063123
5297.552617  1.061396
5298.175424  1.058381
5298.798231  1.055847
5299.421038  1.051248
5300.043845  1.053536
5300.666652  1.065225
5301.289459  1.055876
5301.912266  1.044537
5302.535073  1.051149
5303.15788  1.061491
5303.780687  1.063824
5304.403494  1.058542
5305.026301  1.053854
5305.649108  1.053882
5306.271915  1.054238
5306.894722  1.051134
5307.517529  1.049678
5308.140336  1.0512
5308.763143  1.05384
5309.38595  1.054106
5310.008757  1.058374
5310.631564  1.059301
5311.254371  1.050917
5311.877178  1.050789
5312.499985  1.053457
5313.122792  1.052601
5313.745599  1.051901
5314.368406  1.055107
5314.991213  1.043863
5315.61402  1.00422
5316.236827  0.9697465
5316.859634  0.9696493
5317.482441  1.005529
5318.105248  1.045117
5318.728055  1.060722
5319.350862  1.055968
5319.973669  1.054072
5320.596476  1.052879
5321.219283  1.052193
5321.84209  1.052185
5322.464897  1.049151
5323.087704  1.036112
5323.710511  1.021278
5324.333318  1.022731
5324.956125  1.029545
5325.578932  1.036856
5326.201739  1.042442
5326.824546  1.035492
5327.447353  1.01024
5328.07016  0.9869048
5328.692967  1.000612
5329.315774  1.020899
5329.938581  1.033226
5330.561388  1.044083
5331.184195  1.051017
5331.807002  1.052009
5332.429809  1.050154
5333.052616  1.050586
5333.675423  1.049966
5334.29823  1.047616
5334.921037  1.045543
5335.543844  1.036811
5336.166651  1.026321
5336.789458  1.022619
5337.412265  1.027716
5338.035072  1.034758
5338.657879  1.04048
5339.280686  1.045583
5339.903493  1.041101
5340.5263  1.032398
5341.149107  1.03139
5341.771914  1.038633
5342.394721  1.04698
5343.017528  1.05137
5343.640335  1.054054
5344.263142  1.051109
5344.885949  1.045497
5345.508756  1.043089
5346.131563  1.042365
5346.75437  1.043105
5347.377177  1.045359
5347.999984  1.045813
5348.622791  1.046426
5349.245598  1.045914
5349.868405  1.04326
5350.491212  1.047698
5351.114019  1.053673
5351.736826  1.052778
5352.359633  1.045749
5352.98244  1.040359
5353.605247  1.040425
5354.228054  1.041084
5354.850861  1.043031
5355.473668  1.048266
5356.096475  1.054416
5356.719282  1.046294
5357.342089  1.041002
5357.964896  1.045745
5358.587703  1.044949
5359.21051  1.042281
5359.833317  1.042524
5360.456124  1.043697
5361.078931  1.041112
5361.701738  1.029948
5362.324545  1.014805
5362.947352  1.011826
5363.570159  1.018781
5364.192966  1.026732
5364.815773  1.029051
5365.43858  1.030332
5366.061387  1.031591
5366.684194  1.031085
5367.307001  1.030845
5367.929808  1.03027
5368.552615  1.027634
5369.175422  1.02361
5369.798229  1.022257
5370.421036  1.01867
5371.043843  1.009983
5371.66665  1.010849
5372.289457  1.017903
5372.912264  1.027506
5373.535071  1.042481
5374.157878  1.042951
5374.780685  1.034169
5375.403492  1.036141
5376.026299  1.042189
5376.649106  1.047541
5377.271913  1.048071
5377.89472  1.037775
5378.517527  1.032624
5379.140334  1.031964
5379.763141  1.021455
5380.385948  1.015383
5381.008755  1.016157
5381.631562  1.017545
5382.254369  1.017914
5382.877176  1.019387
5383.499983  1.021646
5384.12279  1.023549
5384.745597  1.02906
5385.368404  1.035595
5385.991211  1.03727
5386.614018  1.036327
5387.236825  1.030872
5387.859632  1.024987
5388.482439  1.028075
5389.105246  1.034735
5389.728053  1.034505
5390.35086  1.023663
5390.973667  1.020835
5391.596474  1.025019
5392.219281  1.025702
5392.842088  1.020525
5393.464895  1.018023
5394.087702  1.023508
5394.710509  1.031622
5395.333316  1.028213
5395.956123  1.012768
5396.57893  0.9978576
5397.201737  0.9975516
5397.824544  1.006502
5398.447351  1.015132
5399.070158  1.020412
5399.692965  1.02144
5400.315772  1.020443
5400.938579  1.021109
5401.561386  1.02398
5402.184193  1.023768
5402.807  1.017465
5403.429807  1.008845
5404.052614  0.9988491
5404.675421  0.9921098
5405.298228  0.9920987
5405.921035  0.9904575
5406.543842  0.995568
5407.166649  1.009135
5407.789456  1.012817
5408.412263  1.015668
5409.03507  1.018888
5409.657877  1.013605
5410.280684  1.006934
5410.903491  1.007271
5411.526298  1.015018
5412.149105  1.020703
5412.771912  1.021368
5413.394719  1.015403
5414.017526  1.003067
5414.640333  0.995549
5415.26314  0.9965734
5415.885947  1.003486
5416.508754  1.010727
5417.131561  1.014483
5417.754368  1.011791
5418.377175  1.001232
5418.999982  1.001465
5419.622789  1.008779
5420.245596  1.005838
5420.868403  1.010747
5421.49121  1.013851
5422.114017  1.005195
5422.736824  1.005103
5423.359631  0.9978813
5423.982438  0.9851519
5424.605245  0.9869617
5425.228052  0.991177
5425.850859  0.9964795
5426.473666  1.005416
5427.096473  1.007888
5427.71928  1.007937
5428.342087  1.002699
5428.964894  0.9842967
5429.587701  0.9770426
5430.210508  0.9906135
5430.833315  1.009088
5431.456122  1.005882
5432.078929  0.9962461
5432.701736  0.9957877
5433.324543  0.9908206
5433.94735  0.9856979
5434.570157  0.988043
5435.192964  0.9974055
5435.815771  1.001584
5436.438578  1.000044
5437.061385  0.9995912
5437.684192  1.006467
5438.306999  1.008465
5438.929806  1.003425
5439.552613  1.00227
5440.17542  0.9972029
5440.798227  0.9936643
5441.421034  0.9982193
5442.043841  0.9976488
5442.666648  0.9975122
5443.289455  1.000022
5443.912262  0.9978486
5444.535069  0.9946909
5445.157876  0.9912388
5445.780683  0.9847904
5446.40349  0.9794528
5447.026297  0.9794627
5447.649104  0.9850591
5448.271911  0.9920599
5448.894718  0.9972124
5449.517525  1.000412
5450.140332  1.001716
5450.763139  0.9972329
5451.385946  0.9981778
5452.008753  1.007044
5452.63156  0.9995436
5453.254367  0.9917662
5453.877174  0.9867888
5454.499981  0.9696542
5455.122788  0.9628584
5455.745595  0.9661505
5456.368402  0.9687482
5456.991209  0.9795855
5457.614016  0.9906047
5458.236823  0.9942576
5458.85963  0.9929414
5459.482437  0.9892514
5460.105244  0.9878356
5460.728051  0.9910613
5461.350858  0.9925944
5461.973665  0.9876423
5462.596472  0.9788749
5463.219279  0.9763564
5463.842086  0.9771335
5464.464893  0.9805655
5465.0877  0.9873374
5465.710507  0.9853088
5466.333314  0.9824508
5466.956121  0.9884349
5467.578928  0.9927967
5468.201735  0.9917557
5468.824542  0.988822
