4780.  0.9882046
4780.622807  1.001172
4781.245614  0.9961249
4781.868421  0.9821851
4782.491228  0.9342067
4783.114035  0.881669
4783.736842  0.893007
4784.359649  0.9639992
4784.982456  0.995131
4785.605263  0.9227811
4786.22807  0.8391457
4786.850877  0.8455845
4787.473684  0.9267269
4788.096491  0.9614016
4788.719298  0.9252854
4789.342105  0.880125
4789.964912  0.8863953
4790.587719  0.9088689
4791.210526  0.9222577
4791.833333  0.9262559
4792.45614  0.9399132
4793.078947  0.9756337
4793.701754  1.023957
4794.324561  1.061298
4794.947368  1.076315
4795.570175  1.058662
4796.192982  1.023904
4796.815789  1.009463
4797.438596  0.9824799
4798.061403  0.9362656
4798.68421  0.8989834
4799.307017  0.8747625
4799.929824  0.8683054
4800.552631  0.8928356
4801.175438  0.9640321
4801.798245  1.021913
4802.421052  1.036869
4803.043859  1.033014
4803.666666  1.022068
4804.289473  0.9804315
4804.91228  0.9183509
4805.535087  0.9311221
4806.157894  0.9611323
4806.780701  0.9481715
4807.403508  0.9076359
4808.026315  0.8743675
4808.649122  0.8793427
4809.271929  0.9246349
4809.894736  0.9690486
4810.517543  0.9796028
4811.14035  0.9669954
4811.763157  0.9733512
4812.385964  0.9680333
4813.008771  0.9513328
4813.631578  0.9501867
4814.254385  0.9617605
4814.877192  0.9739316
4815.499999  0.9862659
4816.122806  1.015511
4816.745613  1.029601
4817.36842  1.01923
4817.991227  1.010091
4818.614034  1.036042
4819.236841  1.063414
4819.859648  1.053086
4820.482455  1.022555
4821.105262  1.018294
4821.728069  1.026413
4822.350876  0.9825037
4822.973683  0.8915666
4823.59649  0.8464212
4824.219297  0.8996989
4824.842104  0.9442244
4825.464911  0.9838566
4826.087718  1.017874
4826.710525  1.005305
4827.333332  0.9877731
4827.956139  0.9658836
4828.578946  0.9299226
4829.201753  0.9372165
4829.82456  0.9836289
4830.447367  1.010564
4831.070174  0.9569904
4831.692981  0.8895455
4832.315788  0.8762462
4832.938595  0.9232787
4833.561402  0.960161
4834.184209  0.9852867
4834.807016  1.005478
4835.429823  0.9867744
4836.05263  0.9618947
4836.675437  0.97037
4837.298244  1.009185
4837.921051  0.9918522
4838.543858  0.9387849
4839.166665  0.9025084
4839.789472  0.8717526
4840.412279  0.8813424
4841.035086  0.9292328
4841.657893  0.9619121
4842.2807  0.9446155
4842.903507  0.8994891
4843.526314  0.8798391
4844.149121  0.9231389
4844.771928  0.9794074
4845.394735  1.008129
4846.017542  1.02082
4846.640349  1.018598
4847.263156  0.987209
4847.885963  0.9234026
4848.50877  0.8661827
4849.131577  0.8743619
4849.754384  0.94601
4850.377191  0.9960355
4850.999998  0.9908689
4851.622805  0.9629978
4852.245612  0.9626917
4852.868419  0.973771
4853.491226  0.9708027
4854.114033  0.9250435
4854.73684  0.8202695
4855.359647  0.7594317
4855.982454  0.7936427
4856.605261  0.8750028
4857.228068  0.9348436
4857.850875  0.9373926
4858.473682  0.8918595
4859.096489  0.8369761
4859.719296  0.7748992
4860.342103  0.6854321
4860.96491  0.5751685
4861.587717  0.5764096
4862.210524  0.6987301
4862.833331  0.8299909
4863.456138  0.8460205
4864.078945  0.8257325
4864.701752  0.8498421
4865.324559  0.8851594
4865.947366  0.9228938
4866.570173  0.937856
4867.19298  0.912938
4867.815787  0.8813011
4868.438594  0.8915379
4869.061401  0.9361083
4869.684208  0.9326301
4870.307015  0.8585457
4870.929822  0.7556105
4871.552629  0.6980876
4872.175436  0.7387925
4872.798243  0.8244247
4873.42105  0.8807279
4874.043857  0.8987085
4874.666664  0.8837143
4875.289471  0.8667445
4875.912278  0.8851503
4876.535085  0.9299375
4877.157892  0.9439996
4877.780699  0.9150819
4878.403506  0.9450781
4879.026313  1.020223
4879.64912  1.065179
4880.271927  1.021766
4880.894734  0.9352511
4881.517541  0.8805716
4882.140348  0.8989371
4882.763155  0.9522787
4883.385962  0.9757689
4884.008769  0.9402825
4884.631576  0.8791512
4885.254383  0.8281431
4885.87719  0.8043305
4886.499997  0.8109547
4887.122804  0.8604842
4887.745611  0.8907241
4888.368418  0.8794018
4888.991225  0.9036388
4889.614032  0.9010791
4890.236839  0.8250082
4890.859646  0.7225451
4891.482453  0.7432868
4892.10526  0.8618262
4892.728067  0.9649189
4893.350874  1.00655
4893.973681  1.032796
4894.596488  1.070323
4895.219295  1.090112
4895.842102  1.073087
4896.464909  1.041435
4897.087716  1.030786
4897.710523  1.042843
4898.33333  1.045131
4898.956137  1.008793
4899.578944  0.9414076
4900.201751  0.9237413
4900.824558  0.9665343
4901.447365  1.011477
4902.070172  1.001845
4902.692979  0.9579239
4903.315786  0.9291144
4903.938593  0.9405326
4904.5614  0.9707734
4905.184207  1.011494
4905.807014  1.058863
4906.429821  1.055171
4907.052628  1.012907
4907.675435  0.9732269
4908.298242  0.948935
4908.921049  0.9141035
4909.543856  0.8671978
4910.166663  0.8373777
4910.78947  0.830533
4911.412277  0.8603296
4912.035084  0.9186826
4912.657891  0.9529447
4913.280698  0.9607641
4913.903505  0.970962
4914.526312  1.008687
4915.149119  1.042949
4915.771926  1.050676
4916.394733  1.027606
4917.01754  0.9789631
4917.640347  0.8962397
4918.263154  0.8019854
4918.885961  0.7492538
4919.508768  0.7092614
4920.131575  0.6894327
4920.754382  0.7252038
4921.377189  0.8056927
4921.999996  0.8819882
4922.622803  0.9119869
4923.24561  0.894572
4923.868417  0.8546094
4924.491224  0.8313765
4925.114031  0.8581547
4925.736838  0.9367549
4926.359645  0.9926108
4926.982452  0.9783086
4927.605259  0.9589031
4928.228066  0.9940472
4928.850873  1.056582
4929.47368  1.060475
4930.096487  1.026813
4930.719294  1.012127
4931.342101  1.040022
4931.964908  1.048373
4932.587715  0.9817168
4933.210522  0.8764306
4933.833329  0.8476526
4934.456136  0.9153544
4935.078943  0.9971321
4935.70175  1.000015
4936.324557  0.9521477
4936.947364  0.8885742
4937.570171  0.8311135
4938.192978  0.78597
4938.815785  0.7677501
4939.438592  0.8079175
4940.061399  0.9148808
4940.684206  1.006237
4941.307013  1.031454
4941.92982  1.011079
4942.552627  1.023085
4943.175434  1.052382
4943.798241  1.066263
4944.421048  1.0505
4945.043855  0.9952835
4945.666662  0.9500565
4946.289469  0.9595296
4946.912276  0.993893
4947.535083  1.02743
4948.15789  1.042257
4948.780697  1.03202
4949.403504  1.01307
4950.026311  1.017132
4950.649118  1.051631
4951.271925  1.064021
4951.894732  1.035884
4952.517539  0.9971938
4953.140346  1.000988
4953.763153  1.005651
4954.38596  1.009969
4955.008767  1.039882
4955.631574  1.060458
4956.254381  0.9809554
4956.877188  0.8064658
4957.499995  0.7070973
4958.122802  0.7884335
4958.745609  0.9631384
4959.368416  1.050499
4959.991223  1.083602
4960.61403  1.077042
4961.236837  1.03748
4961.859644  1.005107
4962.482451  1.023165
4963.105258  1.071376
4963.728065  1.077015
4964.350872  1.027898
4964.973679  0.949147
4965.596486  0.893064
4966.219293  0.9171242
4966.8421  0.9541549
4967.464907  0.9483007
4968.087714  0.931277
4968.710521  0.9401382
4969.333328  0.9536657
4969.956135  0.9368113
4970.578942  0.9383169
4971.201749  0.9779726
4971.824556  1.026294
4972.447363  1.027755
4973.07017  1.026463
4973.692977  1.04755
4974.315784  1.064197
4974.938591  1.037396
4975.561398  1.004125
4976.184205  1.004764
4976.807012  1.006464
4977.429819  0.9690453
4978.052626  0.9130626
4978.675433  0.900475
4979.29824  0.9120992
4979.921047  0.9319316
4980.543854  0.9439822
4981.166661  0.9181139
4981.789468  0.8553861
4982.412275  0.7860689
4983.035082  0.7517095
4983.657889  0.7853283
4984.280696  0.8356876
4984.903503  0.8414426
4985.52631  0.8560928
4986.149117  0.9089153
4986.771924  0.9806704
4987.394731  1.016388
4988.017538  1.011351
4988.640345  0.9938962
4989.263152  0.9905855
4989.885959  0.9782426
4990.508766  0.9449564
4991.131573  0.9183964
4991.75438  0.9539378
4992.377187  0.9847661
4992.999994  0.9637321
4993.622801  0.9209321
4994.245608  0.927175
4994.868415  0.973113
4995.491222  1.000338
4996.114029  0.9763926
4996.736836  0.9570855
4997.359643  0.9701689
4997.98245  0.9737737
4998.605257  0.9469451
4999.228064  0.9002571
4999.850871  0.8653852
5000.473678  0.8672693
5001.096485  0.8780404
5001.719292  0.8783699
5002.342099  0.8877192
5002.964906  0.8896539
5003.587713  0.8822834
5004.21052  0.8702163
5004.833327  0.8268488
5005.456134  0.7774436
5006.078941  0.758595
5006.701748  0.7776764
5007.324555  0.8556005
5007.947362  0.9542428
5008.570169  0.9980937
5009.192976  0.9714208
5009.815783  0.9389686
5010.43859  0.9409998
5011.061397  0.9106436
5011.684204  0.8559741
5012.307011  0.8094411
5012.929818  0.7859499
5013.552625  0.7624616
5014.175432  0.7627445
5014.798239  0.8127261
5015.421046  0.8666259
5016.043853  0.894824
5016.66666  0.8783481
5017.289467  0.8180404
5017.912274  0.7881074
5018.535081  0.8116709
5019.157888  0.8548784
5019.780695  0.8912036
5020.403502  0.9009015
5021.026309  0.8815066
5021.649116  0.8517765
5022.271923  0.8420585
5022.89473  0.8704837
5023.517537  0.9215953
5024.140344  0.9276959
5024.763151  0.9125419
5025.385958  0.923584
5026.008765  0.9421846
5026.631572  0.892438
5027.254379  0.8130944
5027.877186  0.8356122
5028.499993  0.9130865
5029.1228  0.9695053
5029.745607  0.9689994
5030.368414  0.9489856
5030.991221  0.9496889
5031.614028  0.980168
5032.236835  1.016093
5032.859642  1.053575
5033.482449  1.075254
5034.105256  1.055478
5034.728063  0.9813902
5035.35087  0.8831249
5035.973677  0.8262752
5036.596484  0.8720552
5037.219291  0.9342726
5037.842098  0.9401523
5038.464905  0.8921086
5039.087712  0.8549223
5039.710519  0.8062674
5040.333326  0.7160078
5040.956133  0.6402153
5041.57894  0.6758468
5042.201747  0.8121024
5042.824554  0.9302577
5043.447361  0.978403
5044.070168  0.9875966
5044.692975  1.011204
5045.315782  1.049015
5045.938589  1.078222
5046.561396  1.065982
5047.184203  0.9944654
5047.80701  0.9070027
5048.429817  0.8499685
5049.052624  0.8463737
5049.675431  0.8863512
5050.298238  0.9138809
5050.921045  0.8983417
5051.543852  0.8732004
5052.166659  0.8744557
5052.789466  0.9069732
5053.412273  0.9488904
5054.03508  0.9863396
5054.657887  1.012498
5055.280694  1.021883
5055.903501  1.008083
5056.526308  0.9878049
5057.149115  0.9814736
5057.771922  0.9951381
5058.394729  1.010757
5059.017536  1.014956
5059.640343  1.014068
5060.26315  1.033152
5060.885957  1.061588
5061.508764  1.078468
5062.131571  1.072949
5062.754378  1.067106
5063.377185  1.026521
5063.999992  0.9226101
5064.622799  0.8441601
5065.245606  0.8520139
5065.868413  0.9206191
5066.49122  0.950308
5067.114027  0.9417402
5067.736834  0.9191612
5068.359641  0.9052535
5068.982448  0.9275202
5069.605255  0.9801322
5070.228062  1.022668
5070.850869  1.003271
5071.473676  0.9342857
5072.096483  0.8781031
5072.71929  0.8943099
5073.342097  0.9499154
5073.964904  0.9802669
5074.587711  0.9567083
5075.210518  0.9330639
5075.833325  0.9340672
5076.456132  0.9651953
5077.078939  1.011111
5077.701746  1.007877
5078.324553  0.9236143
5078.94736  0.7941011
5079.570167  0.7206094
5080.192974  0.732758
5080.815781  0.8056586
5081.438588  0.8899684
5082.061395  0.9236593
5082.684202  0.9020064
5083.307009  0.8744169
5083.929816  0.8912069
5084.552623  0.9349076
5085.17543  0.9667248
5085.798237  0.9784951
5086.421044  0.9676294
5087.043851  0.9453356
5087.666658  0.9345431
5088.289465  0.95345
5088.912272  0.9828622
5089.535079  0.9961379
5090.157886  0.9935066
5090.780693  0.9826482
5091.4035  0.9808031
5092.026307  1.003346
5092.649114  1.032595
5093.271921  1.046027
5093.894728  1.034575
5094.517535  1.019888
5095.140342  1.017604
5095.763149  1.010059
5096.385956  0.9555151
5097.008763  0.9061906
5097.63157  0.8636161
5098.254377  0.798218
5098.877184  0.7578527
5099.499991  0.7923543
5100.122798  0.8950645
5100.745605  0.9867827
5101.368412  1.024
5101.991219  1.013715
5102.614026  0.9904168
5103.236833  0.9578555
5103.85964  0.9311684
5104.482447  0.9262721
5105.105254  0.9408628
5105.728061  0.9555697
5106.350868  0.9396191
5106.973675  0.8811072
5107.596482  0.8599389
5108.219289  0.8871368
5108.842096  0.9083911
5109.464903  0.8769962
5110.08771  0.8499588
5110.710517  0.8824856
5111.333324  0.9532182
5111.956131  0.9871734
5112.578938  0.976248
5113.201745  0.9687309
5113.824552  0.9817187
5114.447359  0.9825277
5115.070166  0.9614721
5115.692973  0.9748953
5116.31578  1.011896
5116.938587  1.03977
5117.561394  1.041689
5118.184201  1.039821
5118.807008  1.038291
5119.429815  1.024532
5120.052622  0.9921037
5120.675429  0.9575016
5121.298236  0.9382622
5121.921043  0.9286684
5122.54385  0.8796588
5123.166657  0.8263347
5123.789464  0.8256575
5124.412271  0.8390834
5125.035078  0.8546685
5125.657885  0.8724216
5126.280692  0.8862543
5126.903499  0.8861731
5127.526306  0.8766491
5128.149113  0.8688616
5128.77192  0.8570983
5129.394727  0.8681233
5130.017534  0.9022276
5130.640341  0.9052914
5131.263148  0.9036459
5131.885955  0.91938
5132.508762  0.9393778
5133.131569  0.9349307
5133.754376  0.9339629
5134.377183  0.9695832
5134.99999  1.014745
5135.622797  0.9993348
5136.245604  0.9242374
5136.868411  0.875678
5137.491218  0.8922831
5138.114025  0.893294
5138.736832  0.8203329
5139.359639  0.8157406
5139.982446  0.8940903
5140.605253  0.9681174
5141.22806  0.9390218
5141.850867  0.8463002
5142.473674  0.7931253
5143.096481  0.8422733
5143.719288  0.9101123
5144.342095  0.9348819
5144.964902  0.910278
5145.587709  0.878604
5146.210516  0.8615232
5146.833323  0.8508031
5147.45613  0.8326313
5148.078937  0.8443626
5148.701744  0.8930894
5149.324551  0.9425726
5149.947358  0.9296617
5150.570165  0.8811175
5151.192972  0.8541288
5151.815779  0.8755545
5152.438586  0.8871307
5153.061393  0.8752549
5153.6842  0.8701493
5154.307007  0.8908801
5154.929814  0.9103122
5155.552621  0.9170104
5156.175428  0.9397137
5156.798235  0.9698783
5157.421042  0.9895568
5158.043849  0.9869264
5158.666656  0.9658127
5159.289463  0.9608946
5159.91227  0.9863158
5160.535077  1.000952
5161.157884  0.9607207
5161.780691  0.897332
5162.403498  0.8856511
5163.026305  0.9032415
5163.649112  0.8945736
5164.271919  0.8387645
5164.894726  0.7919636
5165.517533  0.7559721
5166.14034  0.6974165
5166.763147  0.5997822
5167.385954  0.5580317
5168.008761  0.5914288
5168.631568  0.6639047
5169.254375  0.7808179
5169.877182  0.8863938
5170.499989  0.8996225
5171.122796  0.7763189
5171.745603  0.6028017
5172.36841  0.5027875
5172.991217  0.5542014
5173.614024  0.7187666
5174.236831  0.8876107
5174.859638  0.9714984
5175.482445  0.9723995
5176.105252  0.9411699
5176.728059  0.9344983
5177.350866  0.972615
5177.973673  0.9987069
5178.59648  0.9965844
5179.219287  0.9839807
5179.842094  0.9745873
5180.464901  0.9665816
5181.087708  0.9444489
5181.710515  0.8797049
5182.333322  0.7233743
5182.956129  0.5399641
5183.578936  0.4661731
5184.201743  0.5863287
5184.82455  0.776584
5185.447357  0.9016255
5186.070164  0.9577951
5186.692971  0.9777772
5187.315778  0.9610412
5187.938585  0.9043235
5188.561392  0.9001953
5189.184199  0.9684091
5189.807006  1.041395
5190.429813  1.010874
5191.05262  0.8813006
5191.675427  0.7510786
5192.298234  0.7334959
5192.921041  0.8289781
5193.543848  0.9256793
5194.166655  0.9268057
5194.789462  0.8798892
5195.412269  0.8523553
5196.035076  0.8653466
5196.657883  0.883785
5197.28069  0.9043355
5197.903497  0.9282784
5198.526304  0.9542925
5199.149111  0.9761549
5199.771918  0.987409
5200.394725  0.9857839
5201.017532  0.9773338
5201.640339  0.9580337
5202.263146  0.9587981
5202.885953  0.9972022
5203.50876  0.9745994
5204.131567  0.9018095
5204.754374  0.8363761
5205.377181  0.7905843
5205.999988  0.8154118
5206.622795  0.8764817
5207.245602  0.8705037
5207.868409  0.8019324
5208.491216  0.7788404
5209.114023  0.8588951
5209.73683  0.9073084
5210.359637  0.9252827
5210.982444  0.9447293
5211.605251  0.9618461
5212.228058  0.9829161
5212.850865  1.004389
5213.473672  1.008877
5214.096479  0.9700382
5214.719286  0.902446
5215.342093  0.8506896
5215.9649  0.8560212
5216.587707  0.8737963
5217.210514  0.8909038
5217.833321  0.932864
5218.456128  0.9846547
5219.078935  1.008612
5219.701742  0.9936166
5220.324549  0.9871726
5220.947356  0.9951249
5221.570163  0.9953551
5222.19297  0.9685612
5222.815777  0.9482947
5223.438584  0.9271654
5224.061391  0.8850682
5224.684198  0.844929
5225.307005  0.7966722
5225.929812  0.7314616
5226.552619  0.6719111
5227.175426  0.6947712
5227.798233  0.8078933
5228.42104  0.9358951
5229.043847  0.9708304
5229.666654  0.9559785
5230.289461  0.9697359
5230.912268  1.010391
5231.535075  0.9949946
5232.157882  0.9229756
5232.780689  0.8772234
5233.403496  0.8851281
5234.026303  0.9020451
5234.64911  0.8895543
5235.271917  0.8906371
5235.894724  0.9300143
5236.517531  0.9879749
5237.140338  1.018314
5237.763145  1.024543
5238.385952  1.013986
5239.008759  0.9961494
5239.631566  0.9894961
5240.254373  1.008704
5240.87718  1.036
5241.499987  1.026758
5242.122794  0.9958944
5242.745601  0.9702272
5243.368408  0.9722386
5243.991215  1.019516
5244.614022  1.06667
5245.236829  1.061529
5245.859636  0.9996032
5246.482443  0.9088224
5247.10525  0.8566396
5247.728057  0.8947149
5248.350864  0.9467866
5248.973671  0.9383922
5249.596478  0.8726339
5250.219285  0.8485631
5250.842092  0.8766854
5251.464899  0.9220089
5252.087706  0.9501329
5252.710513  0.9660869
5253.33332  0.9683267
5253.956127  0.9402436
5254.578934  0.8671625
5255.201741  0.8423374
5255.824548  0.9141423
5256.447355  1.003603
5257.070162  1.054871
5257.692969  1.066764
5258.315776  1.069075
5258.938583  1.054374
5259.56139  1.038883
5260.184197  1.023188
5260.807004  0.9709597
5261.429811  0.9110333
5262.052618  0.8620547
5262.675425  0.8138403
5263.298232  0.7787269
5263.921039  0.7618238
5264.543846  0.7477323
5265.166653  0.7016966
5265.78946  0.6785246
5266.412267  0.7349547
5267.035074  0.856409
5267.657881  0.9163998
5268.280688  0.855985
5268.903495  0.7212784
5269.526302  0.6151904
5270.149109  0.6312361
5270.771916  0.7667496
5271.394723  0.9030875
5272.01753  0.9415557
5272.640337  0.9127343
5273.263144  0.9151562
5273.885951  0.9212838
5274.508758  0.8847744
5275.131565  0.8206789
5275.754372  0.8353183
5276.377179  0.9226963
5276.999986  1.015055
5277.622793  1.050776
5278.2456  1.059627
5278.868407  1.044029
5279.491214  0.9991521
5280.114021  0.9644996
5280.736828  0.9348606
5281.359635  0.9166628
5281.982442  0.9357482
5282.605249  0.926531
5283.228056  0.8789241
5283.850863  0.8506924
5284.47367  0.8976616
5285.096477  0.9881518
5285.719284  1.062426
5286.342091  1.098137
5286.964898  1.089764
5287.587705  1.053551
5288.210512  1.022636
5288.833319  1.035175
5289.456126  1.072095
5290.078933  1.097185
5290.70174  1.106615
5291.324547  1.100845
5291.947354  1.078171
5292.570161  1.037877
5293.192968  1.013089
5293.815775  1.015619
5294.438582  1.02951
5295.061389  1.026707
5295.684196  0.9957852
5296.307003  0.9397554
5296.92981  0.8729917
5297.552617  0.8115292
5298.175424  0.8106957
5298.798231  0.9020494
5299.421038  0.9763834
5300.043845  0.992722
5300.666652  0.9704587
5301.289459  0.946296
5301.912266  0.9497417
5302.535073  0.9813804
5303.15788  1.020242
5303.780687  1.062559
5304.403494  1.093296
5305.026301  1.100356
5305.649108  1.09153
5306.271915  1.064207
5306.894722  1.0331
5307.517529  1.028703
5308.140336  1.04174
5308.763143  1.068333
5309.38595  1.101819
5310.008757  1.107365
5310.631564  1.102572
5311.254371  1.101849
5311.877178  1.085848
5312.499985  1.06129
5313.122792  1.047084
5313.745599  1.054301
5314.368406  1.066762
5314.991213  1.057546
5315.61402  1.018241
5316.236827  0.9804606
5316.859634  0.9798757
5317.482441  1.010827
5318.105248  1.031393
5318.728055  1.029903
5319.350862  1.02081
5319.973669  1.01996
5320.596476  1.015194
5321.219283  1.016097
5321.84209  1.028172
5322.464897  1.035484
5323.087704  0.9862528
5323.710511  0.91931
5324.333318  0.9124615
5324.956125  0.9377019
5325.578932  0.9778765
5326.201739  0.9947105
5326.824546  0.9209807
5327.447353  0.7683353
5328.07016  0.6536018
5328.692967  0.7001125
5329.315774  0.8288989
5329.938581  0.9482274
5330.561388  1.012697
5331.184195  1.037158
5331.807002  1.012226
5332.429809  0.9657279
5333.052616  0.9618772
5333.675423  1.003573
5334.29823  1.054095
5334.921037  1.077954
5335.543844  1.079235
5336.166651  1.05702
5336.789458  1.029803
5337.412265  1.03803
5338.035072  1.05473
5338.657879  1.040253
5339.280686  0.9782743
5339.903493  0.893541
5340.5263  0.853346
5341.149107  0.896088
5341.771914  0.9741752
5342.394721  1.026392
5343.017528  1.040717
5343.640335  1.051092
5344.263142  1.053113
5344.885949  1.026926
5345.508756  0.980799
5346.131563  0.9807534
5346.75437  1.006493
5347.377177  1.014339
5347.999984  0.9895355
5348.622791  0.9508732
5349.245598  0.9337686
5349.868405  0.9605197
5350.491212  1.011085
5351.114019  1.054855
5351.736826  1.06965
5352.359633  1.054763
5352.98244  1.03733
5353.605247  1.043902
5354.228054  1.079487
5354.850861  1.118326
5355.473668  1.134865
5356.096475  1.127888
5356.719282  1.126979
5357.342089  1.12077
5357.964896  1.109888
5358.587703  1.114124
5359.21051  1.111041
5359.833317  1.103315
5360.456124  1.099191
5361.078931  1.077125
5361.701738  1.038464
5362.324545  1.015012
5362.947352  1.043021
5363.570159  1.055125
5364.192966  1.025221
5364.815773  0.9900721
5365.43858  0.989724
5366.061387  1.006353
5366.684194  1.008919
5367.307001  0.9991996
5367.929808  1.004056
5368.552615  1.004843
5369.175422  0.9551489
5369.798229  0.9024774
5370.421036  0.8526462
5371.043843  0.8135207
5371.66665  0.8563345
5372.289457  0.9465718
5372.912264  1.023208
5373.535071  1.061663
5374.157878  1.083885
5374.780685  1.098634
5375.403492  1.097202
5376.026299  1.076237
5376.649106  1.042658
5377.271913  1.017781
5377.89472  1.027397
5378.517527  1.041044
5379.140334  1.040897
5379.763141  1.03434
5380.385948  1.021447
5381.008755  1.021213
5381.631562  1.03476
5382.254369  1.021681
5382.877176  0.9956248
5383.499983  0.9938879
5384.12279  1.036069
5384.745597  1.070868
5385.368404  1.074598
5385.991211  1.056367
5386.614018  1.028337
5387.236825  1.015324
5387.859632  1.021593
5388.482439  1.019565
5389.105246  0.9945177
5389.728053  0.9653767
5390.35086  0.9582894
5390.973667  0.9555578
5391.596474  0.9549141
5392.219281  0.9578509
5392.842088  0.9587818
5393.464895  0.9535777
5394.087702  0.9520479
5394.710509  0.9662971
5395.333316  0.9863209
5395.956123  0.956283
5396.57893  0.8691292
5397.201737  0.8409754
5397.824544  0.8838059
5398.447351  0.9512624
5399.070158  0.9910277
5399.692965  0.9834513
5400.315772  0.9599822
5400.938579  0.9642251
5401.561386  0.9934468
5402.184193  1.027051
5402.807  1.026713
5403.429807  0.9553874
5404.052614  0.8800617
5404.675421  0.8327113
5405.298228  0.7984767
5405.921035  0.8050525
5406.543842  0.8453472
5407.166649  0.8994102
5407.789456  0.961128
5408.412263  0.9762391
5409.03507  0.9356698
5409.657877  0.8929582
5410.280684  0.8835492
5410.903491  0.9199288
5411.526298  0.9828184
5412.149105  1.026094
5412.771912  1.032449
5413.394719  1.016208
5414.017526  1.00435
5414.640333  0.9860948
5415.26314  0.9855308
5415.885947  1.03187
5416.508754  1.073507
5417.131561  1.079665
5417.754368  1.056944
5418.377175  1.038673
5418.999982  1.022857
5419.622789  0.9986587
5420.245596  0.9654683
5420.868403  0.9547302
5421.49121  0.9839685
5422.114017  1.033874
5422.736824  1.041568
5423.359631  0.9828731
5423.982438  0.9093766
5424.605245  0.9140706
5425.228052  0.9777335
5425.850859  1.044107
5426.473666  1.077156
5427.096473  1.101488
5427.71928  1.098451
5428.342087  1.031357
5428.964894  0.8956268
5429.587701  0.8226829
5430.210508  0.8789005
5430.833315  0.9996577
5431.456122  1.037596
5432.078929  0.9917642
5432.701736  0.9408461
5433.324543  0.9213634
5433.94735  0.9137433
5434.570157  0.9055483
5435.192964  0.9100612
5435.815771  0.9101228
5436.438578  0.9172301
5437.061385  0.9544311
5437.684192  1.018533
5438.306999  1.069023
5438.929806  1.087455
5439.552613  1.098477
5440.17542  1.095446
5440.798227  1.082785
5441.421034  1.075755
5442.043841  1.071551
5442.666648  1.072526
5443.289455  1.072026
5443.912262  1.05148
5444.535069  1.0247
5445.157876  0.9898295
5445.780683  0.9303303
5446.40349  0.8626474
5447.026297  0.8444401
5447.649104  0.9105439
5448.271911  1.005071
5448.894718  1.067487
5449.517525  1.08309
5450.140332  1.086431
5450.763139  1.074032
5451.385946  1.056723
5452.008753  1.048155
5452.63156  1.034455
5453.254367  1.025989
5453.877174  1.014282
5454.499981  0.9585645
5455.122788  0.8845874
5455.745595  0.8568985
5456.368402  0.9179283
5456.991209  1.000256
5457.614016  1.058461
5458.236823  1.086601
5458.85963  1.100711
5459.482437  1.087972
5460.105244  1.054891
5460.728051  1.034461
5461.350858  1.027524
5461.973665  0.996103
5462.596472  0.9249767
5463.219279  0.8905836
5463.842086  0.9255132
5464.464893  1.000821
5465.0877  1.04827
5465.710507  1.038563
5466.333314  1.002585
5466.956121  0.9940068
5467.578928  1.01416
5468.201735  1.039454
5468.824542  1.044026
