4780.  0.8927785
4780.622807  0.8937958
4781.245614  0.8940049
4781.868421  0.8769357
4782.491228  0.8405609
4783.114035  0.8035173
4783.736842  0.8095091
4784.359649  0.8721322
4784.982456  0.8899084
4785.605263  0.835348
4786.22807  0.7701396
4786.850877  0.7927166
4787.473684  0.8490401
4788.096491  0.864825
4788.719298  0.8256665
4789.342105  0.8021255
4789.964912  0.8060424
4790.587719  0.8156911
4791.210526  0.8337202
4791.833333  0.8444989
4792.45614  0.8557064
4793.078947  0.8977352
4793.701754  0.9460781
4794.324561  0.9793373
4794.947368  0.9873974
4795.570175  0.9596782
4796.192982  0.9243306
4796.815789  0.9017515
4797.438596  0.8793558
4798.061403  0.8428944
4798.68421  0.8061849
4799.307017  0.7941387
4799.929824  0.7963059
4800.552631  0.8269427
4801.175438  0.8863436
4801.798245  0.9351155
4802.421052  0.9528425
4803.043859  0.9477707
4803.666666  0.9353791
4804.289473  0.8871942
4804.91228  0.8483402
4805.535087  0.8610929
4806.157894  0.8745682
4806.780701  0.8588077
4807.403508  0.8227372
4808.026315  0.8027012
4808.649122  0.8143303
4809.271929  0.8529589
4809.894736  0.8936881
4810.517543  0.897787
4811.14035  0.88783
4811.763157  0.8870816
4812.385964  0.883264
4813.008771  0.8681702
4813.631578  0.8590929
4814.254385  0.8751054
4814.877192  0.8904814
4815.499999  0.9029513
4816.122806  0.9212763
4816.745613  0.9418862
4817.36842  0.9371244
4817.991227  0.9267158
4818.614034  0.9543074
4819.236841  0.9748645
4819.859648  0.9644524
4820.482455  0.9386095
4821.105262  0.9389082
4821.728069  0.9370019
4822.350876  0.8927494
4822.973683  0.8096797
4823.59649  0.777389
4824.219297  0.8128609
4824.842104  0.8702153
4825.464911  0.912044
4826.087718  0.9265584
4826.710525  0.9171893
4827.333332  0.8922147
4827.956139  0.874979
4828.578946  0.866675
4829.201753  0.8652444
4829.82456  0.9060012
4830.447367  0.9186851
4831.070174  0.8610769
4831.692981  0.8063751
4832.315788  0.8056293
4832.938595  0.8471304
4833.561402  0.8830928
4834.184209  0.9133242
4834.807016  0.9200374
4835.429823  0.8983378
4836.05263  0.8833339
4836.675437  0.8991383
4837.298244  0.9211483
4837.921051  0.9001775
4838.543858  0.8617645
4839.166665  0.8266685
4839.789472  0.8057792
4840.412279  0.8105378
4841.035086  0.8435874
4841.657893  0.8776444
4842.2807  0.8698025
4842.903507  0.8287144
4843.526314  0.8097522
4844.149121  0.8529975
4844.771928  0.9100764
4845.394735  0.9393302
4846.017542  0.935219
4846.640349  0.925669
4847.263156  0.9050063
4847.885963  0.8577107
4848.50877  0.7974387
4849.131577  0.804073
4849.754384  0.874711
4850.377191  0.9372663
4850.999998  0.9187008
4851.622805  0.8863398
4852.245612  0.8915886
4852.868419  0.9102427
4853.491226  0.8984321
4854.114033  0.8439519
4854.73684  0.7688828
4855.359647  0.7140562
4855.982454  0.7383532
4856.605261  0.8219122
4857.228068  0.8696898
4857.850875  0.8673092
4858.473682  0.8333173
4859.096489  0.7898056
4859.719296  0.7368895
4860.342103  0.6557949
4860.96491  0.5716311
4861.587717  0.5656076
4862.210524  0.6718546
4862.833331  0.7878646
4863.456138  0.7918857
4864.078945  0.7681556
4864.701752  0.7765183
4865.324559  0.8202345
4865.947366  0.8576375
4866.570173  0.873152
4867.19298  0.8539186
4867.815787  0.8065636
4868.438594  0.8085422
4869.061401  0.8460694
4869.684208  0.8516108
4870.307015  0.7865634
4870.929822  0.6892693
4871.552629  0.6353016
4872.175436  0.6755956
4872.798243  0.7551728
4873.42105  0.8152453
4874.043857  0.8295227
4874.666664  0.8107075
4875.289471  0.7961229
4875.912278  0.8157056
4876.535085  0.8644259
4877.157892  0.868257
4877.780699  0.8483829
4878.403506  0.8804818
4879.026313  0.9563519
4879.64912  0.9854693
4880.271927  0.9236305
4880.894734  0.844394
4881.517541  0.8000764
4882.140348  0.817135
4882.763155  0.8775845
4883.385962  0.8992774
4884.008769  0.8638538
4884.631576  0.803226
4885.254383  0.7563114
4885.87719  0.7392154
4886.499997  0.7518045
4887.122804  0.7831507
4887.745611  0.8085316
4888.368418  0.8150703
4888.991225  0.8117167
4889.614032  0.8240317
4890.236839  0.7616627
4890.859646  0.6487107
4891.482453  0.6574712
4892.10526  0.7716033
4892.728067  0.8876964
4893.350874  0.9286413
4893.973681  0.9531467
4894.596488  0.9864188
4895.219295  1.010866
4895.842102  0.9934669
4896.464909  0.967611
4897.087716  0.9642067
4897.710523  0.9790692
4898.33333  0.9758097
4898.956137  0.9256634
4899.578944  0.8557458
4900.201751  0.8505473
4900.824558  0.8986303
4901.447365  0.9400078
4902.070172  0.9256006
4902.692979  0.8827432
4903.315786  0.8540109
4903.938593  0.8617378
4904.5614  0.8922314
4905.184207  0.9411654
4905.807014  0.9857736
4906.429821  0.9883323
4907.052628  0.9504258
4907.675435  0.9059106
4908.298242  0.8791606
4908.921049  0.8399578
4909.543856  0.7986431
4910.166663  0.7764201
4910.78947  0.7788182
4911.412277  0.8041426
4912.035084  0.844111
4912.657891  0.8807553
4913.280698  0.8826778
4913.903505  0.8853793
4914.526312  0.9201251
4915.149119  0.9590964
4915.771926  0.9720888
4916.394733  0.9548089
4917.01754  0.9179741
4917.640347  0.8436098
4918.263154  0.7527304
4918.885961  0.681142
4919.508768  0.6428819
4920.131575  0.6208527
4920.754382  0.636599
4921.377189  0.728664
4921.999996  0.8119304
4922.622803  0.8473251
4923.24561  0.8429452
4923.868417  0.8076159
4924.491224  0.7770895
4925.114031  0.787177
4925.736838  0.8452047
4926.359645  0.90052
4926.982452  0.9077671
4927.605259  0.8809668
4928.228066  0.9190066
4928.850873  0.978619
4929.47368  0.9875163
4930.096487  0.9509714
4930.719294  0.9424289
4931.342101  0.9658623
4931.964908  0.9587708
4932.587715  0.9012221
4933.210522  0.8195398
4933.833329  0.778236
4934.456136  0.8388973
4935.078943  0.9124594
4935.70175  0.9278181
4936.324557  0.8928828
4936.947364  0.8296629
4937.570171  0.764024
4938.192978  0.7172096
4938.815785  0.7027187
4939.438592  0.7418064
4940.061399  0.8265927
4940.684206  0.9119353
4941.307013  0.9446943
4941.92982  0.9348919
4942.552627  0.9313149
4943.175434  0.9595831
4943.798241  0.9872969
4944.421048  0.9778244
4945.043855  0.9341945
4945.666662  0.8907375
4946.289469  0.8867059
4946.912276  0.9287326
4947.535083  0.9597677
4948.15789  0.9698719
4948.780697  0.9690608
4949.403504  0.957025
4950.026311  0.9545814
4950.649118  0.9751661
4951.271925  1.003023
4951.894732  0.977336
4952.517539  0.9356812
4953.140346  0.9323912
4953.763153  0.9419448
4954.38596  0.9518696
4955.008767  0.9683768
4955.631574  0.9844694
4956.254381  0.8983624
4956.877188  0.7336318
4957.499995  0.6223068
4958.122802  0.6938733
4958.745609  0.8475614
4959.368416  0.9598885
4959.991223  1.01201
4960.61403  0.9989086
4961.236837  0.95898
4961.859644  0.9414119
4962.482451  0.9578888
4963.105258  0.9892937
4963.728065  0.9972036
4964.350872  0.9464229
4964.973679  0.8653644
4965.596486  0.8146925
4966.219293  0.8337312
4966.8421  0.8729215
4967.464907  0.8782429
4968.087714  0.8547543
4968.710521  0.875149
4969.333328  0.8950127
4969.956135  0.8854123
4970.578942  0.8795824
4971.201749  0.9155821
4971.824556  0.9583963
4972.447363  0.9631575
4973.07017  0.9603099
4973.692977  0.9802787
4974.315784  1.003452
4974.938591  0.9790292
4975.561398  0.9437934
4976.184205  0.9330347
4976.807012  0.9388794
4977.429819  0.9058706
4978.052626  0.8540301
4978.675433  0.8270484
4979.29824  0.8377004
4979.921047  0.8627459
4980.543854  0.8738142
4981.166661  0.8525813
4981.789468  0.7914559
4982.412275  0.7285632
4983.035082  0.7097364
4983.657889  0.7434554
4984.280696  0.7803242
4984.903503  0.789612
4985.52631  0.7901447
4986.149117  0.8302935
4986.771924  0.8957019
4987.394731  0.9399182
4988.017538  0.940052
4988.640345  0.9210533
4989.263152  0.9113649
4989.885959  0.9113728
4990.508766  0.8718108
4991.131573  0.8440839
4991.75438  0.888394
4992.377187  0.9285575
4992.999994  0.9113259
4993.622801  0.8596354
4994.245608  0.8558334
4994.868415  0.8995986
4995.491222  0.9305568
4996.114029  0.9065811
4996.736836  0.8917493
4997.359643  0.9057166
4997.98245  0.9198848
4998.605257  0.8894042
4999.228064  0.8393164
4999.850871  0.8096779
5000.473678  0.8165337
5001.096485  0.8245903
5001.719292  0.8214192
5002.342099  0.817816
5002.964906  0.8252595
5003.587713  0.8258206
5004.21052  0.8079557
5004.833327  0.7756561
5005.456134  0.7268957
5006.078941  0.6935894
5006.701748  0.7140493
5007.324555  0.7899187
5007.947362  0.8786762
5008.570169  0.9263643
5009.192976  0.9058667
5009.815783  0.8683453
5010.43859  0.8555142
5011.061397  0.8549743
5011.684204  0.7960526
5012.307011  0.745175
5012.929818  0.7413711
5013.552625  0.717248
5014.175432  0.7077987
5014.798239  0.7401767
5015.421046  0.7971546
5016.043853  0.8309281
5016.66666  0.8255202
5017.289467  0.7916841
5017.912274  0.7521374
5018.535081  0.7610027
5019.157888  0.8049049
5019.780695  0.8215809
5020.403502  0.8319594
5021.026309  0.8217638
5021.649116  0.7825096
5022.271923  0.7632064
5022.89473  0.7895403
5023.517537  0.8427807
5024.140344  0.8740718
5024.763151  0.8702965
5025.385958  0.8731692
5026.008765  0.8958147
5026.631572  0.8400371
5027.254379  0.7653326
5027.877186  0.7632973
5028.499993  0.843949
5029.1228  0.9043526
5029.745607  0.9071329
5030.368414  0.8931541
5030.991221  0.8969873
5031.614028  0.9245676
5032.236835  0.9600042
5032.859642  0.9853035
5033.482449  1.002068
5034.105256  0.9939411
5034.728063  0.9337126
5035.35087  0.8280753
5035.973677  0.7650399
5036.596484  0.8027755
5037.219291  0.8732974
5037.842098  0.8854207
5038.464905  0.8348128
5039.087712  0.7917251
5039.710519  0.7429127
5040.333326  0.6635438
5040.956133  0.5827038
5041.57894  0.6154844
5042.201747  0.7404123
5042.824554  0.8585458
5043.447361  0.8890681
5044.070168  0.9109994
5044.692975  0.9478707
5045.315782  0.9757245
5045.938589  1.01218
5046.561396  1.014491
5047.184203  0.9550239
5047.80701  0.8670263
5048.429817  0.8019057
5049.052624  0.786954
5049.675431  0.8135269
5050.298238  0.8505583
5050.921045  0.8489273
5051.543852  0.8122118
5052.166659  0.8177071
5052.789466  0.8456808
5053.412273  0.8788574
5054.03508  0.9226745
5054.657887  0.9590542
5055.280694  0.9692349
5055.903501  0.9505916
5056.526308  0.9269313
5057.149115  0.918359
5057.771922  0.9313468
5058.394729  0.9548694
5059.017536  0.9572821
5059.640343  0.9535662
5060.26315  0.9746282
5060.885957  1.006856
5061.508764  1.023716
5062.131571  1.020403
5062.754378  1.015386
5063.377185  0.9652712
5063.999992  0.8682486
5064.622799  0.7827787
5065.245606  0.7910742
5065.868413  0.8488281
5066.49122  0.8815172
5067.114027  0.8775713
5067.736834  0.8492216
5068.359641  0.8323991
5068.982448  0.8583633
5069.605255  0.9079182
5070.228062  0.9481352
5070.850869  0.9430161
5071.473676  0.8736219
5072.096483  0.8146197
5072.71929  0.8265361
5073.342097  0.8942561
5073.964904  0.9290074
5074.587711  0.9127172
5075.210518  0.882376
5075.833325  0.866064
5076.456132  0.8850802
5077.078939  0.9273823
5077.701746  0.943885
5078.324553  0.8734349
5078.94736  0.7520006
5079.570167  0.6721238
5080.192974  0.6799568
5080.815781  0.7470503
5081.438588  0.818378
5082.061395  0.8569931
5082.684202  0.8433612
5083.307009  0.8166699
5083.929816  0.8319223
5084.552623  0.8671687
5085.17543  0.8953405
5085.798237  0.9029348
5086.421044  0.8963807
5087.043851  0.883872
5087.666658  0.8793743
5088.289465  0.894081
5088.912272  0.9200239
5089.535079  0.9355513
5090.157886  0.9277436
5090.780693  0.9110876
5091.4035  0.9123185
5092.026307  0.94012
5092.649114  0.9756193
5093.271921  0.9940815
5093.894728  0.9828047
5094.517535  0.9535908
5095.140342  0.9440776
5095.763149  0.9283518
5096.385956  0.8900226
5097.008763  0.8573448
5097.63157  0.81964
5098.254377  0.7629821
5098.877184  0.709926
5099.499991  0.7519544
5100.122798  0.8482241
5100.745605  0.9215093
5101.368412  0.9555505
5101.991219  0.9532278
5102.614026  0.9308
5103.236833  0.9050816
5103.85964  0.8806512
5104.482447  0.8710071
5105.105254  0.8834352
5105.728061  0.9009389
5106.350868  0.884002
5106.973675  0.8362077
5107.596482  0.8080392
5108.219289  0.8335599
5108.842096  0.8571284
5109.464903  0.8230028
5110.08771  0.7913078
5110.710517  0.8182219
5111.333324  0.8886684
5111.956131  0.9213102
5112.578938  0.9074283
5113.201745  0.893565
5113.824552  0.9183795
5114.447359  0.9337358
5115.070166  0.9242457
5115.692973  0.9140635
5116.31578  0.9438346
5116.938587  0.9803704
5117.561394  0.9954523
5118.184201  0.9901097
5118.807008  0.9846488
5119.429815  0.9693613
5120.052622  0.9339832
5120.675429  0.8974022
5121.298236  0.8829386
5121.921043  0.871774
5122.54385  0.8236454
5123.166657  0.7649853
5123.789464  0.7436244
5124.412271  0.7725338
5125.035078  0.7942953
5125.657885  0.8166481
5126.280692  0.8354922
5126.903499  0.8204752
5127.526306  0.8110787
5128.149113  0.812012
5128.77192  0.8062447
5129.394727  0.8064443
5130.017534  0.8354176
5130.640341  0.8747389
5131.263148  0.8700842
5131.885955  0.8798634
5132.508762  0.8997062
5133.131569  0.8853092
5133.754376  0.8832631
5134.377183  0.9216533
5134.99999  0.9715408
5135.622797  0.9566592
5136.245604  0.8898384
5136.868411  0.8384143
5137.491218  0.8481564
5138.114025  0.8328081
5138.736832  0.7879695
5139.359639  0.7759311
5139.982446  0.8467777
5140.605253  0.9145058
5141.22806  0.8941033
5141.850867  0.7955574
5142.473674  0.7486981
5143.096481  0.7937816
5143.719288  0.8683012
5144.342095  0.8795533
5144.964902  0.850661
5145.587709  0.8265495
5146.210516  0.8103774
5146.833323  0.7990725
5147.45613  0.7948208
5148.078937  0.8081957
5148.701744  0.854614
5149.324551  0.8818985
5149.947358  0.8577794
5150.570165  0.8251447
5151.192972  0.8103321
5151.815779  0.8140561
5152.438586  0.8197089
5153.061393  0.8177581
5153.6842  0.8225176
5154.307007  0.8416896
5154.929814  0.8563476
5155.552621  0.8738517
5156.175428  0.9014172
5156.798235  0.9308164
5157.421042  0.9459455
5158.043849  0.9372979
5158.666656  0.9153697
5159.289463  0.9099764
5159.91227  0.935523
5160.535077  0.9602664
5161.157884  0.9292243
5161.780691  0.8775326
5162.403498  0.8570603
5163.026305  0.8776806
5163.649112  0.8689196
5164.271919  0.8158093
5164.894726  0.7461529
5165.517533  0.690798
5166.14034  0.6194922
5166.763147  0.541338
5167.385954  0.5062001
5168.008761  0.5359275
5168.631568  0.6250988
5169.254375  0.7417837
5169.877182  0.8323809
5170.499989  0.8135299
5171.122796  0.6833125
5171.745603  0.5321327
5172.36841  0.4459938
5172.991217  0.4879884
5173.614024  0.6461947
5174.236831  0.809933
5174.859638  0.8983691
5175.482445  0.9030714
5176.105252  0.8810651
5176.728059  0.8846633
5177.350866  0.9157975
5177.973673  0.9402013
5178.59648  0.9335223
5179.219287  0.9125791
5179.842094  0.8985913
5180.464901  0.8874589
5181.087708  0.8592061
5181.710515  0.7828614
5182.333322  0.6458731
5182.956129  0.4876848
5183.578936  0.428339
5184.201743  0.529993
5184.82455  0.7033226
5185.447357  0.8389636
5186.070164  0.9048249
5186.692971  0.936767
5187.315778  0.9225145
5187.938585  0.8871496
5188.561392  0.8815343
5189.184199  0.9453163
5189.807006  1.011042
5190.429813  0.9922267
5191.05262  0.8649145
5191.675427  0.7341458
5192.298234  0.7037295
5192.921041  0.7868096
5193.543848  0.8665684
5194.166655  0.8809397
5194.789462  0.8447678
5195.412269  0.8235535
5196.035076  0.8394573
5196.657883  0.8736398
5197.28069  0.8968405
5197.903497  0.9128383
5198.526304  0.9282356
5199.149111  0.9445402
5199.771918  0.9559533
5200.394725  0.9600263
5201.017532  0.9491981
5201.640339  0.9250808
5202.263146  0.9266942
5202.885953  0.9440148
5203.50876  0.9322084
5204.131567  0.8573651
5204.754374  0.7805943
5205.377181  0.7508305
5205.999988  0.7637181
5206.622795  0.8169411
5207.245602  0.818434
5207.868409  0.7303301
5208.491216  0.722227
5209.114023  0.7860148
5209.73683  0.8472544
5210.359637  0.8701339
5210.982444  0.8999348
5211.605251  0.9356771
5212.228058  0.9504118
5212.850865  0.9751068
5213.473672  0.9839187
5214.096479  0.948934
5214.719286  0.8888655
5215.342093  0.8433652
5215.9649  0.8356161
5216.587707  0.8598645
5217.210514  0.8844938
5217.833321  0.9216084
5218.456128  0.9700142
5219.078935  0.9743059
5219.701742  0.9629485
5220.324549  0.9677619
5220.947356  0.9845909
5221.570163  0.9780223
5222.19297  0.953374
5222.815777  0.9280923
5223.438584  0.8833764
5224.061391  0.8354376
5224.684198  0.7978519
5225.307005  0.760285
5225.929812  0.7003289
5226.552619  0.6572333
5227.175426  0.693006
5227.798233  0.8054895
5228.42104  0.9142959
5229.043847  0.9540948
5229.666654  0.941221
5230.289461  0.9495393
5230.912268  0.9823343
5231.535075  0.9769006
5232.157882  0.9033597
5232.780689  0.8425723
5233.403496  0.8544592
5234.026303  0.8722137
5234.64911  0.8734257
5235.271917  0.883874
5235.894724  0.9393588
5236.517531  0.9955766
5237.140338  1.017586
5237.763145  1.004913
5238.385952  0.9911032
5239.008759  0.9808344
5239.631566  0.9765595
5240.254373  0.9900445
5240.87718  1.010513
5241.499987  1.008726
5242.122794  0.9735711
5242.745601  0.9568861
5243.368408  0.9802961
5243.991215  1.029579
5244.614022  1.063012
5245.236829  1.04503
5245.859636  0.9691252
5246.482443  0.8720036
5247.10525  0.8317912
5247.728057  0.8657932
5248.350864  0.9236525
5248.973671  0.9242724
5249.596478  0.8696887
5250.219285  0.8232898
5250.842092  0.8470154
5251.464899  0.901384
5252.087706  0.9430779
5252.710513  0.9557177
5253.33332  0.9528988
5253.956127  0.911313
5254.578934  0.8452721
5255.201741  0.8236459
5255.824548  0.899218
5256.447355  0.9998402
5257.070162  1.032459
5257.692969  1.049625
5258.315776  1.05927
5258.938583  1.049547
5259.56139  1.019045
5260.184197  0.9977683
5260.807004  0.9685234
5261.429811  0.8998958
5262.052618  0.8462923
5262.675425  0.7973746
5263.298232  0.746081
5263.921039  0.7418852
5264.543846  0.7346104
5265.166653  0.6930492
5265.78946  0.6543053
5266.412267  0.7109275
5267.035074  0.8294219
5267.657881  0.8916271
5268.280688  0.8088257
5268.903495  0.6502854
5269.526302  0.5499239
5270.149109  0.5994279
5270.771916  0.7511992
5271.394723  0.8886129
5272.01753  0.9267457
5272.640337  0.9048209
5273.263144  0.8933359
5273.885951  0.9038339
5274.508758  0.8738112
5275.131565  0.8286569
5275.754372  0.8349417
5276.377179  0.925679
5276.999986  1.018966
5277.622793  1.064961
5278.2456  1.062715
5278.868407  1.041413
5279.491214  1.001713
5280.114021  0.9538787
5280.736828  0.9204515
5281.359635  0.9031283
5281.982442  0.9013127
5282.605249  0.8985897
5283.228056  0.8605255
5283.850863  0.8403474
5284.47367  0.888743
5285.096477  0.9918571
5285.719284  1.073898
5286.342091  1.099546
5286.964898  1.081366
5287.587705  1.045477
5288.210512  1.022638
5288.833319  1.030644
5289.456126  1.062711
5290.078933  1.090357
5290.70174  1.103927
5291.324547  1.103612
5291.947354  1.06733
5292.570161  1.021634
5293.192968  1.001736
5293.815775  1.008992
5294.438582  1.017191
5295.061389  1.007541
5295.684196  0.977221
5296.307003  0.9178713
5296.92981  0.8399612
5297.552617  0.7791237
5298.175424  0.7852949
5298.798231  0.8713025
5299.421038  0.969268
5300.043845  0.9789056
5300.666652  0.9463857
5301.289459  0.9216126
5301.912266  0.9272177
5302.535073  0.9671549
5303.15788  1.019383
5303.780687  1.060215
5304.403494  1.085519
5305.026301  1.100972
5305.649108  1.102259
5306.271915  1.078847
5306.894722  1.041451
5307.517529  1.020334
5308.140336  1.036185
5308.763143  1.077579
5309.38595  1.104632
5310.008757  1.104255
5310.631564  1.09632
5311.254371  1.087575
5311.877178  1.073543
5312.499985  1.054523
5313.122792  1.048632
5313.745599  1.052107
5314.368406  1.055159
5314.991213  1.050573
5315.61402  1.019707
5316.236827  0.9844453
5316.859634  0.9821513
5317.482441  1.014148
5318.105248  1.035515
5318.728055  1.025073
5319.350862  1.016769
5319.973669  1.017103
5320.596476  1.018357
5321.219283  1.014371
5321.84209  1.020924
5322.464897  1.017159
5323.087704  0.97539
5323.710511  0.9041309
5324.333318  0.8883048
5324.956125  0.9341427
5325.578932  0.9641103
5326.201739  0.9707179
5326.824546  0.8930487
5327.447353  0.7230381
5328.07016  0.6121179
5328.692967  0.6525024
5329.315774  0.8037319
5329.938581  0.9293723
5330.561388  1.006044
5331.184195  1.026338
5331.807002  0.9953338
5332.429809  0.9536593
5333.052616  0.9529278
5333.675423  1.002517
5334.29823  1.051352
5334.921037  1.080167
5335.543844  1.077671
5336.166651  1.047753
5336.789458  1.024984
5337.412265  1.033498
5338.035072  1.057749
5338.657879  1.03944
5339.280686  0.9679382
5339.903493  0.8775038
5340.5263  0.8307042
5341.149107  0.8832964
5341.771914  0.982417
5342.394721  1.039223
5343.017528  1.037373
5343.640335  1.041568
5344.263142  1.05838
5344.885949  1.014999
5345.508756  0.9673832
5346.131563  0.9700537
5346.75437  1.014864
5347.377177  1.011603
5347.999984  0.9691066
5348.622791  0.9318096
5349.245598  0.9176936
5349.868405  0.9497777
5350.491212  1.010492
5351.114019  1.054477
5351.736826  1.067144
5352.359633  1.051592
5352.98244  1.033939
5353.605247  1.052794
5354.228054  1.098078
5354.850861  1.133378
5355.473668  1.132964
5356.096475  1.126547
5356.719282  1.1231
5357.342089  1.114785
5357.964896  1.105276
5358.587703  1.10621
5359.21051  1.118442
5359.833317  1.124065
5360.456124  1.105203
5361.078931  1.067045
5361.701738  1.034313
5362.324545  1.029827
5362.947352  1.045629
5363.570159  1.052771
5364.192966  1.026671
5364.815773  0.9928567
5365.43858  0.9893914
5366.061387  1.021668
5366.684194  1.016029
5367.307001  0.997914
5367.929808  1.00972
5368.552615  1.010426
5369.175422  0.9606251
5369.798229  0.8778101
5370.421036  0.8243619
5371.043843  0.7932401
5371.66665  0.8263469
5372.289457  0.9423221
5372.912264  1.036469
5373.535071  1.071776
5374.157878  1.076085
5374.780685  1.097608
5375.403492  1.101283
5376.026299  1.069952
5376.649106  1.028548
5377.271913  1.018752
5377.89472  1.0415
5378.517527  1.067657
5379.140334  1.067977
5379.763141  1.051643
5380.385948  1.035266
5381.008755  1.027798
5381.631562  1.030773
5382.254369  1.025095
5382.877176  1.004732
5383.499983  1.001635
5384.12279  1.032671
5384.745597  1.07295
5385.368404  1.072856
5385.991211  1.048676
5386.614018  1.028209
5387.236825  1.026297
5387.859632  1.029355
5388.482439  1.010991
5389.105246  0.9750359
5389.728053  0.9624952
5390.35086  0.9529345
5390.973667  0.940913
5391.596474  0.9417619
5392.219281  0.9556276
5392.842088  0.9660593
5393.464895  0.9596339
5394.087702  0.9441183
5394.710509  0.9557174
5395.333316  0.973572
5395.956123  0.9335968
5396.57893  0.8433723
5397.201737  0.7992274
5397.824544  0.8678066
5398.447351  0.9677365
5399.070158  1.007138
5399.692965  0.9752699
5400.315772  0.9478003
5400.938579  0.9538586
5401.561386  0.9896518
5402.184193  1.026181
5402.807  1.017586
5403.429807  0.9511086
5404.052614  0.8604004
5404.675421  0.8061676
5405.298228  0.7741945
5405.921035  0.7704241
5406.543842  0.8212493
5407.166649  0.8999943
5407.789456  0.9630502
5408.412263  0.9731289
5409.03507  0.9215253
5409.657877  0.8707919
5410.280684  0.871503
5410.903491  0.921893
5411.526298  0.9924657
5412.149105  1.039374
5412.771912  1.042275
5413.394719  1.034369
5414.017526  1.015916
5414.640333  0.9952782
5415.26314  1.00507
5415.885947  1.036886
5416.508754  1.067555
5417.131561  1.077142
5417.754368  1.064152
5418.377175  1.047806
5418.999982  1.033328
5419.622789  0.9968988
5420.245596  0.9580431
5420.868403  0.9532914
5421.49121  0.9991329
5422.114017  1.04945
5422.736824  1.05244
5423.359631  0.9921167
5423.982438  0.9147925
5424.605245  0.9127328
5425.228052  0.9866666
5425.850859  1.03707
5426.473666  1.078664
5427.096473  1.112324
5427.71928  1.107878
5428.342087  1.029386
5428.964894  0.8937976
5429.587701  0.7977231
5430.210508  0.86428
5430.833315  0.9830227
5431.456122  1.030734
5432.078929  0.9840329
5432.701736  0.9449587
5433.324543  0.926833
5433.94735  0.9026144
5434.570157  0.8843706
5435.192964  0.8848414
5435.815771  0.8955393
5436.438578  0.9012138
5437.061385  0.9438257
5437.684192  1.016147
5438.306999  1.077215
5438.929806  1.102222
5439.552613  1.103523
5440.17542  1.095721
5440.798227  1.078666
5441.421034  1.076445
5442.043841  1.083659
5442.666648  1.082269
5443.289455  1.090667
5443.912262  1.077741
5444.535069  1.031461
5445.157876  0.9969087
5445.780683  0.9318935
5446.40349  0.8483558
5447.026297  0.8258339
5447.649104  0.9051369
5448.271911  1.011037
5448.894718  1.061466
5449.517525  1.088456
5450.140332  1.090635
5450.763139  1.076558
5451.385946  1.07201
5452.008753  1.060256
5452.63156  1.036827
5453.254367  1.012015
5453.877174  0.9915733
5454.499981  0.945168
5455.122788  0.8757113
5455.745595  0.8500547
5456.368402  0.9035653
5456.991209  0.9957913
5457.614016  1.056346
5458.236823  1.090922
5458.85963  1.103841
5459.482437  1.090337
5460.105244  1.047562
5460.728051  1.022707
5461.350858  1.023157
5461.973665  1.00349
5462.596472  0.9498901
5463.219279  0.9098884
5463.842086  0.9351159
5464.464893  1.007453
5465.0877  1.059896
5465.710507  1.052198
5466.333314  1.01373
5466.956121  1.000283
5467.578928  1.023179
5468.201735  1.050424
5468.824542  1.054713
