ID      Teff   logg  feh  Com1  afe  Com2 Flag
=================================================
m0190V 4469.50 4.15 -0.83 99.00 0.32 0.02 1
m0241V 4761.27 4.57 -0.62 99.00 0.33 -0.44 1
m0243V 4981.65 3.26 -0.62 99.00 0.43 -1.08 11
m0435V 4863.67 3.08 -0.77 99.00 0.41 -0.88 1
m0100V 5212.86 4.53 -0.07 99.00 0.14 -0.13 1
m0150V 5112.38 4.46 -0.07 99.00 0.19 0.07 1
m0159V 5030.28 4.52 -0.54 99.00 0.42 -0.10 1
m0263V 5459.44 4.85 -1.34 99.00 0.44 -0.94 1
m0500V 5359.47 4.38 -0.23 99.00 0.20 -0.19 1
m0320V 5324.33 4.42 -0.31 99.00 0.23 -0.04 1
m0172V 5400.00 4.26 -0.53 99.00 0.37 0.00 1
m0272V 6145.03 4.08 -1.24 99.00 0.23 -1.19 1
m0072V 5836.32 4.39 0.04 99.00 -0.12 0.09 1
m0064V 7114.26 4.05 0.05 99.00 0.05 -0.26 1
m0291V 6857.32 3.37 0.17 99.00 -0.31 0.34 1
m0856V 7196.13 3.58 -0.14 99.00 0.14 0.10 1
m0071V 7350.12 4.14 -0.68 99.00 0.30 -0.20 1
m0618V 7480.57 3.89 0.36 99.00 -0.87 0.17 1
m0260V 7458.19 2.45 -0.23 99.00 -0.02 0.20 1
m0429V 7938.65 3.76 0.48 99.00 0.20 0.20 1
m0027V 7684.22 3.45 0.31 99.00 -0.65 0.48 1
m0368V 7938.18 2.83 -2.09 99.00 0.39 -1.10 1
m0129V 7566.70 4.23 -0.08 99.00 -0.12 -0.15 1
m0151V 8318.77 3.76 -0.04 99.00 0.13 -0.20 1
m0130V 4278.73 1.74 -0.42 99.00 0.25 -0.65 1
m0189V 4393.15 1.83 -0.38 99.00 0.15 -0.40 1
m0278V 4729.36 1.73 -0.77 99.00 0.40 -1.12 1
m0414V 4857.07 2.07 -0.98 99.00 0.57 -0.72 1
m0043V 5158.74 1.61 -1.16 99.00 0.36 -0.78 1
m0670V 5124.41 2.29 -0.21 99.00 0.29 -0.37 1
m0770V 5499.92 1.02 0.50 99.00 -0.05 0.15 1
m0598V 5365.94 2.04 -1.51 99.00 0.49 -1.06 1
m0629V 5161.18 2.37 -0.11 99.00 0.15 -0.17 1
m0226V 5999.80 0.72 -1.42 99.00 -0.27 -1.32 3
m0739V 6049.94 1.07 0.75 99.00 -0.32 0.28 1
m0787V 6104.71 1.89 -0.15 99.00 -0.02 0.13 1
m0044V 5999.92 0.05 -0.08 99.00 -0.08 0.25 2
m0896V 5932.25 0.06 -0.49 99.00 -0.11 0.35 1
m0060V 6281.12 2.53 -1.50 99.00 0.35 -1.08 1
m0658V 6556.92 2.43 0.75 99.00 -0.20 0.28 1
m0653V 6661.78 2.69 -0.77 99.00 0.20 -0.15 1
m0169V 6679.15 2.37 -0.38 99.00 0.02 0.10 1
m0842V 9816.64 2.69 0.00 207.10 0.00 -2.22 0
m0804V 4071.33 4.71 -0.58 109.82 0.19 0.00 1
m0785V 4284.03 4.70 -0.38 194.90 0.19 0.00 1
m0135V 4425.02 4.37 -0.32 190.70 0.22 0.00 1
m0472V 4269.81 2.70 -0.36 184.90 0.21 -0.20 1
m0520V 4397.67 4.34 -0.86 176.25 0.21 0.06 1
m0186V 3756.63 0.10 -0.67 210.40 0.18 -0.15 11
m0487V 3644.53 0.36 -1.07 236.25 0.45 0.50 00
m0560V 3813.27 0.72 -0.72 177.80 0.10 0.25 1
m0010V 4995.21 4.07 -1.00 10.00 0.63 -1.01 1
m0490V 6649.65 4.90 0.28 10.00 -0.01 -0.62 22
m0498V 5085.90 2.58 0.50 10.00 -0.52 0.10 11
m0398V 3556.73 3.50 -1.02 229.95 0.14 -0.20 00
m0859V 3779.93 0.77 -0.70 322.35 0.14 0.00 1
m0081V 5776.22 4.07 -0.72 304.30 0.23 -0.41 11
m0266V 5053.47 3.01 -0.51 272.50 0.27 -0.39 1
m0505V 4385.67 0.08 -1.79 126.15 0.53 -1.06 1
m0329V 5943.90 3.74 -1.40 236.75 0.16 -1.40 1
m0777V 6047.77 3.98 -1.22 220.15 0.29 -1.11 1
m0327V 5632.58 4.97 -2.36 101.05 0.57 -1.66 3
m0569V 4844.44 4.54 -0.96 156.00 0.49 -0.27 1
m0142V 4428.51 0.10 -2.05 180.40 0.40 -1.58 11
m0144V 5461.13 4.91 -0.87 252.60 0.22 -0.62 1
m0537V 3909.01 4.61 -1.32 10.00 0.37 -0.19 00
m0596V 6276.22 4.48 -1.96 87.15 0.38 -1.71 1
m0348V 6455.28 4.07 -3.09 177.60 0.70 -2.31 1
m0607V 5424.29 2.08 -2.21 107.85 0.59 -1.70 1
m0395V 5499.96 4.74 0.54 183.55 -0.03 0.13 11
m0594V 4829.16 4.90 -0.15 170.55 0.31 -0.02 22
m0439V 5136.97 3.41 -1.47 121.05 0.56 -0.79 1
m0516V 5113.77 2.22 -1.62 166.55 0.54 -1.06 1
m0649V 6397.05 4.28 -1.93 177.14 0.45 -1.66 1
m0633V 5271.35 1.97 -2.54 249.92 0.52 -1.86 1
m0258V 6446.00 4.14 -2.87 152.15 0.67 -2.04 11
m0314V 7006.81 4.43 -1.72 172.80 0.56 -1.00 1
m0077V 5815.84 4.46 -0.83 206.05 0.17 -0.54 1
m0480V 18349.99 4.71 0.00 159.05 0.00 0.51 1
m0538V 4472.38 0.24 -1.28 80.80 0.34 -0.99 1
m0440V 4564.60 1.99 -0.77 233.75 0.39 -0.26 1
m0491V 6332.51 3.82 -1.90 131.90 0.46 -1.77 1
m0401V 6231.17 4.03 -1.71 182.50 0.41 -0.99 1
m0214V 5759.06 4.51 -1.52 10.00 0.01 -1.73 1
m0866V 5417.11 4.90 -2.71 202.95 0.68 -2.04 11
m0115V 4656.35 4.66 -0.70 164.55 0.40 -0.29 1
m0399V 3502.06 3.33 -1.36 197.90 0.10 -1.14 44
m0094V 5995.27 4.11 -0.66 208.60 0.11 -0.47 1
m0158V 5086.01 4.96 -0.88 184.00 0.65 -0.24 3
m0419V 5743.23 4.84 -1.45 187.45 0.40 -0.68 1
m0876V 6262.75 4.08 -1.57 241.75 0.12 -1.43 1
m0119V 5459.28 4.90 -1.97 260.60 0.39 -1.59 11
m0293V 5372.24 1.05 -2.21 163.60 -0.24 -1.90 1
m0723V 6917.81 3.48 -1.74 246.20 0.70 -0.52 1
m0095V 6316.22 4.47 -1.78 174.20 -0.02 -1.53 1
m0890V 3506.90 0.10 0.77 115.26 0.15 -0.02 44
m0004V 6798.02 3.87 -0.17 256.95 0.16 0.14 1
m0008V 5797.04 4.46 -0.56 190.65 0.20 -0.65 1
m0005V 4741.68 2.78 -0.12 213.10 0.12 -0.14 1
m0006V 8157.35 3.58 -0.74 278.65 -0.26 -0.61 1
m0007V 6313.41 4.14 -0.12 196.40 -0.06 -0.17 1
m0009V 4762.15 2.63 -0.01 189.40 0.12 -0.01 1
m0011V 24452.98 4.54 0.00 330.60 0.00 0.01 1
m0012V 3506.25 3.27 -1.24 176.60 0.10 -0.81 44
m0013V 5941.46 4.37 0.45 337.25 -0.17 0.11 11
m0014V 4859.96 2.40 -0.20 209.50 0.03 -0.10 1
m0015V 7396.37 3.48 -0.44 283.50 0.15 0.02 1
m0016V 5109.83 1.24 -2.03 177.85 0.27 -1.61 1
m0017V 5033.29 1.46 -2.39 161.10 0.47 -1.90 1
m0018V 7605.14 2.66 -1.85 267.65 0.37 -1.44 1
m0019V 4429.29 0.10 -1.40 188.05 0.16 -1.25 11
m0021V 24817.19 4.56 0.00 366.60 0.00 0.05 1
m0020V 15554.22 4.19 0.00 10.00 0.00 -0.16 1
m0023V 5024.70 2.21 -0.37 434.35 0.09 -0.32 1
m0022V 6156.56 3.85 -1.04 401.00 0.16 -1.06 1
m0024V 3816.35 0.63 -0.69 289.40 0.01 0.01 1
m0025V 5517.01 4.93 0.39 335.90 0.03 0.03 11
m0026V 5358.60 3.71 -0.36 291.05 0.28 -0.02 1
m0028V 5822.44 3.64 -0.12 203.40 -0.02 -0.16 1
m0030V 24801.15 4.90 0.00 107.35 0.00 0.07 1
m0031V 4845.18 4.65 -0.56 354.15 0.28 -0.16 1
m0032V 3851.78 1.07 -0.66 227.95 0.08 -0.16 1
m0033V 4523.34 1.96 -0.46 214.30 0.37 -0.27 1
m0034V 5270.42 3.81 -0.42 201.90 0.40 -0.22 1
m0035V 4889.52 2.20 -0.34 10.00 -0.00 -0.22 1
m0036V 3831.75 0.98 -0.59 205.05 0.05 -0.06 1
m0037V 4873.13 2.36 -0.19 261.10 0.04 -0.27 1
m0038V 3924.25 1.03 -0.94 10.00 0.36 -0.16 1
m0048V 4419.04 2.02 -0.11 207.50 0.11 0.04 1
m0039V 4899.74 1.92 -0.54 241.35 0.12 -0.44 1
m0040V 4869.14 2.24 -0.17 231.85 0.10 -0.22 1
m0041V 4533.47 2.11 -0.19 205.15 0.10 -0.24 1
m0042V 4934.24 0.62 -2.46 167.70 0.40 -1.84 1
m0046V 5401.33 4.84 -0.83 10.00 0.37 -0.30 1
m0050V 5390.92 2.83 -1.12 210.15 0.11 -1.05 1
m0047V 4467.88 2.31 -0.04 495.25 0.08 -0.01 1
m0051V 4400.68 1.41 -0.84 204.65 0.25 -0.61 1
m0049V 6511.14 4.12 -0.55 222.65 0.01 -0.29 1
m0052V 4580.44 2.32 -0.13 273.00 0.14 -0.05 1
m0053V 3641.68 0.10 -1.75 213.40 1.20 -0.07 44
m0054V 13592.75 4.27 0.00 262.85 0.00 -0.61 1
m0055V 4174.05 1.73 -1.19 200.15 0.58 -0.22 1
m0057V 4688.70 0.87 -1.92 335.40 0.57 -1.10 1
m0058V 7196.69 3.52 -0.47 286.05 -0.02 0.02 1
m0059V 4010.21 1.53 -0.68 255.80 0.20 -0.15 1
m0061V 5836.82 3.73 0.24 200.15 -0.09 0.12 1
m0063V 6219.75 4.04 0.08 268.00 -0.07 0.10 1
m0066V 5913.47 4.18 0.07 268.20 -0.04 0.03 1
m0065V 4104.12 1.25 -0.35 229.45 0.17 -0.26 1
m0067V 5373.82 4.35 -0.19 296.70 0.16 -0.09 11
m0069V 5418.75 4.65 0.15 239.60 0.07 0.03 1
m0070V 4929.87 2.62 -0.03 226.75 0.10 -0.16 1
m0073V 5346.91 3.89 0.20 10.00 -0.06 0.07 11
m0075V 4929.13 2.71 -0.79 163.35 0.45 -0.34 1
m0076V 5864.30 3.89 0.19 206.40 -0.07 0.12 1
m0078V 14386.46 3.00 0.00 230.00 0.00 -0.02 5
m0080V 3938.33 1.02 -0.62 334.00 0.10 0.16 1
m0079V 6421.81 3.89 -0.33 290.65 0.01 -0.18 1
m0082V 5600.17 4.66 -0.43 181.75 0.28 -0.11 1
m0083V 6503.35 3.88 -0.50 332.50 0.05 -0.23 1
m0084V 5824.53 3.89 -0.10 133.70 -0.14 -0.19 1
m0085V 9112.85 3.36 -3.07 168.20 0.97 -1.16 1
m0086V 6231.46 4.07 -0.38 167.95 -0.01 -0.18 1
m0087V 5459.15 3.22 0.41 10.00 -0.05 -0.26 1
m0088V 6521.30 4.03 -0.31 310.05 0.02 -0.09 1
m0091V 6479.42 4.56 -0.06 261.00 -0.00 -0.04 1
m0090V 6163.29 3.94 -0.33 279.80 0.03 -0.22 1
m0092V 6300.31 4.23 0.04 229.15 -0.09 0.03 1
m0093V 5889.98 4.47 -0.89 175.82 0.32 -0.31 1
m0096V 5454.96 0.98 -0.33 204.65 0.07 0.07 1
m0097V 14606.76 4.07 0.00 177.38 0.00 -0.01 1
m0098V 4518.91 2.26 -0.16 201.50 0.20 -0.05 1
m0102V 8000.00 1.00 0.12 188.75 -0.19 -0.02 4
m0099V 3526.52 0.25 0.68 10.00 0.19 -0.02 44
m0101V 6047.99 4.13 -0.55 205.10 0.11 -0.42 1
m0103V 3500.00 0.10 0.28 205.60 0.34 -0.02 44
m0105V 5282.72 3.89 -0.31 289.05 0.33 -0.24 1
m0108V 6031.07 4.27 -0.01 228.40 0.00 0.08 1
m0106V 6107.29 4.42 -2.21 191.50 0.60 -1.56 1
m0107V 6417.10 2.26 -2.61 272.45 0.39 -1.86 1
m0109V 6308.54 4.13 0.37 277.25 -0.19 0.08 1
m0110V 10103.61 2.00 0.00 10.00 0.00 -0.02 5
m0111V 5209.64 3.70 -0.15 217.15 0.14 -0.39 1
m0112V 5737.94 4.48 -0.12 214.10 0.06 -0.19 1
m0113V 5695.98 4.46 -0.01 217.95 0.02 0.01 1
m0114V 4399.91 2.32 0.02 203.25 0.02 -0.03 1
m0116V 4332.73 2.16 -0.05 224.90 0.20 0.00 1
m0117V 4433.18 4.51 -0.25 191.70 0.22 0.09 1
m0118V 4947.93 1.34 -1.65 272.45 0.48 -1.05 1
m0122V 4593.96 1.93 -0.59 189.50 0.31 -0.29 1
m0120V 4991.85 4.48 -0.14 222.20 0.16 -0.10 1
m0121V 5952.73 3.63 0.01 242.30 -0.10 -0.05 1
m0123V 5904.91 4.06 -0.72 156.40 0.19 -0.34 1
m0126V 7968.73 4.30 -0.02 183.45 -0.18 -0.16 1
m0124V 4916.24 3.48 0.20 185.65 -0.11 -0.09 1
m0125V 5060.14 4.42 0.07 186.15 0.20 0.01 1
m0127V 5222.59 4.90 -0.94 231.95 0.48 -0.51 11
m0128V 4794.34 4.90 -1.05 189.20 0.57 -0.34 11
m0131V 7892.76 4.28 0.13 174.40 -0.09 -0.23 1
m0133V 5387.72 3.81 -0.74 180.70 0.42 -0.14 1
m0134V 6181.76 3.99 -0.28 224.10 -0.01 -0.50 1
m0132V 4986.83 3.04 -0.53 224.60 0.37 -0.22 1
m0136V 4849.46 4.90 -1.49 187.75 0.43 -1.16 11
m0137V 5474.93 1.34 -1.54 242.85 0.40 -0.58 1
m0138V 5109.20 4.79 -0.59 214.60 0.34 -0.44 1
m0139V 4665.34 0.07 -1.19 158.20 0.36 -1.19 1
m0141V 7012.89 3.65 -0.25 255.80 0.10 0.11 1
m0145V 5102.79 4.45 -0.17 10.00 0.30 -0.05 1
m0147V 5398.13 4.40 -0.62 168.55 0.51 -0.07 1
m0148V 11342.38 3.82 0.00 10.00 0.00 -0.37 1
m0149V 4933.27 2.71 0.14 10.00 0.08 0.06 1
m0152V 4871.42 2.50 0.20 226.80 0.11 -0.01 1
m0154V 5301.17 4.59 -0.24 197.20 0.20 -0.14 1
m0155V 10443.49 4.11 0.00 296.45 0.00 0.06 0
m0156V 3937.25 1.01 -0.61 177.30 0.06 -0.11 1
m0157V 3945.03 1.30 -0.51 460.50 0.17 0.07 1
m0161V 3908.38 1.06 -0.92 201.90 0.19 -0.12 1
m0162V 5844.21 4.12 -0.41 176.70 0.14 -0.16 1
m0160V 6592.64 4.27 -0.35 170.45 0.04 -0.10 1
m0165V 4041.10 1.03 -0.67 214.00 0.17 -0.07 1
m0164V 3593.47 0.10 -1.50 234.80 0.88 -0.12 44
m0163V 6002.02 3.78 -1.17 167.45 0.20 -1.01 11
m0166V 11171.96 4.78 0.00 191.55 0.00 -0.80 0
m0167V 4269.51 1.30 -0.24 274.35 0.12 0.09 1
m0168V 4535.00 4.32 -0.17 338.20 0.22 -0.05 1
m0170V 6407.29 3.88 -0.37 272.95 0.01 -0.17 1
m0171V 6937.07 3.26 -0.31 425.05 0.02 0.14 1
m0173V 6440.60 4.10 0.01 233.05 -0.04 0.13 1
m0176V 5915.57 4.09 0.12 286.35 -0.04 0.05 1
m0174V 4843.56 2.93 -0.28 216.05 0.19 -0.12 1
m0177V 4127.41 4.92 1.00 289.25 0.20 -0.63 4
m0178V 4745.83 1.64 -0.71 171.50 0.26 -0.31 1
m0180V 6132.30 4.29 -0.30 188.46 0.07 0.00 1
m0179V 4946.36 2.50 -0.05 279.70 -0.02 -0.19 1
m0181V 4292.94 2.15 0.18 222.35 -0.03 0.01 1
m0182V 4343.31 4.38 -0.50 214.10 0.28 0.13 1
m0183V 3634.37 3.83 -0.82 246.00 0.11 -0.86 00
m0184V 4759.73 2.43 -0.34 241.60 0.11 -0.19 1
m0188V 5205.80 4.55 0.02 10.00 0.10 -0.02 1
m0185V 6692.51 4.44 -0.44 243.35 -0.10 -0.35 1
m0187V 4564.68 0.34 -0.88 195.65 0.32 -1.07 1
m0192V 5678.49 3.86 -0.29 355.15 0.12 -0.22 1
m0191V 6512.70 4.27 0.04 301.40 -0.09 -0.04 1
m0193V 9402.87 3.71 -0.30 273.15 0.25 -0.23 1
m0195V 4993.42 2.68 0.02 310.85 0.02 -0.12 1
m0194V 4821.09 2.95 0.11 270.50 0.02 0.05 1
m0196V 4691.90 2.36 -0.41 322.75 0.29 -0.31 1
m0199V 4039.26 4.24 0.75 10.00 0.19 -0.01 4
m0198V 5754.57 4.35 -0.06 197.55 0.13 0.14 1
m0197V 3793.30 0.83 -0.97 191.55 0.20 -0.26 1
m0200V 9979.15 2.00 0.00 10.00 0.00 -0.02 5
m0201V 4239.53 1.48 -0.57 230.80 0.36 -0.20 1
m0203V 4083.61 1.17 -0.55 248.85 0.45 -0.33 1
m0209V 4704.71 2.02 -0.18 205.40 0.05 -0.22 1
m0207V 4722.10 2.44 -0.06 193.85 0.09 -0.02 1
m0206V 18637.00 4.45 0.00 292.50 0.00 -0.31 0
m0208V 4999.88 4.64 -0.07 204.45 0.26 0.10 11
m0211V 3658.87 0.10 -0.95 182.75 0.18 -0.11 00
m0212V 6777.32 4.17 0.00 184.45 0.00 -0.03 1
m0213V 6370.62 3.92 -0.13 220.10 -0.02 -0.08 1
m0217V 9702.61 4.03 0.06 404.25 -0.22 -0.25 1
m0215V 4512.49 2.29 0.04 364.90 0.17 0.06 1
m0218V 5957.04 4.14 -0.37 205.35 0.08 -0.17 1
m0216V 5020.88 0.35 -1.28 172.55 0.36 -1.06 1
m0219V 4047.53 1.46 -0.60 173.65 0.33 -0.01 1
m0221V 10166.31 4.94 0.00 272.85 0.00 0.22 0
m0220V 3758.32 0.74 -1.03 10.00 0.03 -0.11 1
m0222V 5305.19 2.87 -1.23 202.55 0.21 -1.13 1
m0223V 4476.76 0.32 -0.27 233.25 0.15 -0.17 1
m0224V 5855.69 3.93 -0.44 187.75 0.05 -0.48 1
m0225V 4707.03 3.14 0.15 222.90 0.05 0.06 1
m0227V 3918.98 1.27 -0.45 263.30 0.08 -0.04 1
m0228V 4463.76 0.46 -0.22 232.15 0.17 -0.27 1
m0229V 4540.79 2.11 -0.08 192.60 0.09 -0.11 1
m0231V 6033.25 3.76 -0.33 273.35 -0.30 -0.35 1
m0232V 6064.49 4.33 -0.29 240.65 0.15 0.06 1
m0233V 4073.84 1.41 -0.23 255.20 0.06 -0.11 1
m0234V 3712.30 0.10 -0.78 10.00 0.08 -0.04 00
m0235V 6622.40 4.14 -0.58 253.15 0.05 -0.26 1
m0237V 7069.52 2.77 -0.40 271.90 0.03 0.29 1
m0236V 3946.22 1.04 -0.76 210.75 0.20 -0.17 1
m0238V 4307.75 1.58 -0.41 227.20 0.21 -0.09 1
m0239V 4067.38 0.93 -0.18 263.05 0.10 -0.24 1
m0240V 5774.73 1.05 0.47 229.70 -0.05 -0.09 1
m0242V 6460.20 1.00 -0.03 413.00 -0.01 0.05 2
m0245V 4352.35 1.92 0.01 247.70 0.05 0.03 1
m0244V 4735.04 2.47 -0.13 250.25 0.03 -0.14 1
m0246V 5040.51 0.05 -0.84 10.00 0.63 -0.90 55
m0248V 5916.26 4.27 -0.42 268.40 0.09 -0.11 1
m0247V 5939.47 4.24 0.41 170.80 -0.08 0.09 1
m0249V 5800.75 3.47 0.16 181.15 -0.14 -0.41 1
m0250V 4235.12 1.52 0.29 249.60 0.25 -0.13 1
m0251V 29999.89 4.00 0.00 220.15 0.00 -0.02 4
m0252V 23176.05 4.00 0.00 201.45 0.00 -0.02 5
m0253V 4549.81 2.19 -0.27 284.35 0.12 -0.22 1
m0254V 4802.49 2.47 -0.01 303.15 0.04 -0.09 1
m0255V 6291.63 4.33 -0.61 10.00 0.13 -0.29 1
m0257V 5967.80 4.27 -0.82 217.40 0.19 -0.46 1
m0256V 7258.60 1.00 -0.84 135.75 -0.08 0.02 3
m0259V 6078.91 3.92 -0.52 286.10 0.03 -0.34 1
m0262V 9551.23 3.88 0.24 10.00 -0.27 0.22 1
m0261V 5761.54 0.40 -0.73 214.45 0.16 -0.07 1
m0264V 3810.28 0.82 -0.70 255.25 0.15 0.08 1
m0265V 6634.54 3.27 -0.13 221.00 0.04 0.19 1
m0269V 3879.47 0.80 -0.34 277.90 0.04 0.20 1
m0267V 4839.06 4.58 -0.27 200.90 0.23 -0.19 1
m0268V 3933.46 0.81 -0.52 282.30 0.01 -0.02 1
m0271V 4161.24 3.03 0.94 226.60 0.14 -0.02 00
m0270V 4817.93 2.56 0.07 339.85 -0.00 -0.06 1
m0274V 6038.54 4.14 -0.58 307.35 0.05 -0.35 1
m0273V 5033.79 2.67 0.10 300.50 0.03 -0.05 1
m0275V 4129.04 1.55 -0.08 10.00 0.24 -0.22 1
m0276V 4627.58 2.38 0.20 278.55 -0.07 -0.16 1
m0277V 4105.81 1.19 -0.48 291.95 0.20 -0.17 1
m0281V 4924.96 0.90 -1.45 196.55 0.44 -1.13 1
m0280V 5571.73 4.90 -1.67 238.15 0.46 -1.31 11
m0279V 3828.73 2.98 0.84 10.00 0.18 -0.26 00
m0283V 9435.63 3.58 0.07 298.40 -0.13 -0.66 1
m0282V 5324.15 4.72 -0.86 225.05 0.44 -0.47 1
m0284V 6097.55 1.96 0.01 202.50 -0.21 0.32 1
m0285V 5366.72 4.79 -0.66 385.45 0.42 -0.24 1
m0286V 5057.30 2.77 0.31 291.10 0.04 0.15 1
m0288V 9571.43 3.74 0.10 285.25 -0.35 0.11 1
m0287V 3916.00 0.91 -0.64 234.75 0.11 -0.19 1
m0289V 4260.46 1.68 -0.31 245.85 0.13 -0.19 1
m0290V 5798.44 4.41 -0.50 291.00 0.21 -0.22 1
m0292V 5718.33 3.90 -0.01 208.10 0.05 0.06 1
m0294V 5910.75 3.63 -0.59 284.90 0.09 -0.30 1
m0295V 3967.31 0.98 -0.53 329.10 0.06 -0.05 1
m0296V 5758.85 4.23 -0.61 235.75 0.33 -0.16 1
m0297V 5537.00 4.72 0.03 187.60 0.13 -0.09 11
m0299V 6307.60 4.19 -0.38 295.60 0.02 -0.07 1
m0300V 3874.45 0.82 -0.57 311.75 0.10 0.01 1
m0301V 7114.01 4.08 -0.22 264.95 0.40 -0.14 0
m0302V 4543.73 2.72 0.05 262.35 0.10 0.09 1
m0303V 4853.29 2.37 0.09 262.50 0.08 0.08 1
m0304V 9574.63 3.78 0.21 279.75 -0.25 0.15 1
m0306V 5961.83 4.47 -0.08 333.80 0.03 -0.03 1
m0309V 4624.61 0.74 -1.36 169.08 0.55 -0.95 1
m0305V 4572.87 2.30 0.14 322.50 0.02 -0.01 1
m0311V 4807.35 2.84 -0.08 241.45 0.08 0.02 1
m0308V 4960.71 2.69 0.19 254.25 0.05 0.08 1
m0307V 4910.63 2.05 -0.46 165.00 0.16 -0.23 1
m0310V 6311.18 4.29 -2.10 206.20 0.48 -1.55 1
m0312V 5845.70 4.12 -0.63 338.05 0.20 -0.26 1
m0316V 4711.90 4.70 -0.56 227.50 0.48 0.04 1
m0313V 5378.09 1.18 -0.13 218.30 0.01 0.01 1
m0315V 4773.52 2.68 0.13 245.35 0.02 -0.02 1
m0319V 4754.06 0.74 -1.36 221.05 0.50 -1.00 1
m0317V 9306.90 3.44 -1.18 265.25 0.08 -1.33 1
m0321V 4223.56 1.64 -0.32 193.40 0.20 -0.04 1
m0322V 5578.91 4.76 0.71 235.40 0.01 0.11 11
m0323V 5642.53 4.29 -0.02 158.50 0.11 0.05 1
m0324V 6867.22 3.53 -0.33 192.35 0.05 0.03 1
m0326V 5961.52 4.53 0.38 202.60 -0.09 0.08 1
m0328V 6506.04 4.35 -0.55 145.10 0.12 -0.25 1
m0325V 5934.25 4.03 -0.87 191.90 0.24 -0.45 1
m0332V 4274.91 1.54 -0.77 160.20 0.45 -0.12 1
m0331V 5300.09 4.38 0.26 156.05 0.07 0.09 11
m0336V 7463.96 3.73 0.22 385.15 -0.82 -0.06 1
m0334V 6776.17 3.76 -0.48 273.40 0.03 -0.08 1
m0333V 3860.48 0.80 -0.78 236.75 0.16 -0.10 1
m0335V 5593.82 4.00 -0.46 160.05 0.38 -0.13 1
m0338V 4870.52 1.98 0.00 331.20 0.11 0.07 1
m0337V 6461.08 4.09 -0.63 137.10 0.09 -0.41 1
m0339V 3752.80 4.12 -1.07 246.55 0.12 -0.18 0
m0340V 5093.53 1.94 -0.32 10.00 0.06 -0.15 11
m0342V 7161.33 3.71 -0.60 221.55 0.12 -0.22 1
m0341V 7165.13 3.89 -0.74 165.15 0.13 -0.13 1
m0344V 8500.17 3.23 1.00 239.65 -0.63 0.14 2
m0345V 7033.72 4.50 -0.37 233.70 0.15 -0.15 1
m0346V 4766.40 2.42 -0.43 400.50 0.31 -0.23 1
m0347V 4028.67 2.37 -1.56 10.00 0.58 -0.02 00
m0355V 4037.46 1.10 -0.37 278.85 0.02 0.13 1
m0349V 4784.74 2.26 -0.51 179.60 0.16 -0.28 11
m0352V 5443.57 3.63 0.01 306.15 -0.00 -0.14 1
m0350V 6002.71 2.19 -1.71 208.65 0.30 -0.58 1
m0351V 4956.69 2.66 0.26 255.95 0.05 -0.01 1
m0353V 5613.90 4.61 0.42 389.90 -0.04 -0.03 1
m0354V 4690.42 0.43 -1.25 254.80 0.43 -0.81 1
m0356V 4060.07 1.54 -0.66 219.80 0.20 -0.16 1
m0360V 5146.48 2.85 0.40 218.55 0.02 -0.08 1
m0357V 4193.26 1.31 -0.23 297.95 0.14 -0.12 1
m0358V 4123.32 1.03 -0.63 199.50 0.23 -0.39 1
m0361V 5336.69 1.85 -0.16 399.05 -0.00 0.07 1
m0362V 5918.17 3.89 0.14 271.85 -0.04 0.08 1
m0363V 6478.07 4.27 -2.39 165.00 0.64 -1.64 1
m0364V 8984.62 3.54 -0.35 10.00 0.22 -0.31 1
m0366V 4406.04 2.64 0.11 264.05 -0.06 0.13 1
m0367V 4643.99 0.42 -2.18 150.95 0.48 -1.85 1
m0370V 5214.87 1.69 -1.80 216.95 0.41 -1.18 1
m0369V 6354.58 3.88 -0.15 211.35 -0.00 0.02 1
m0371V 9855.51 2.00 -0.52 223.95 -0.11 -0.05 2
m0372V 6650.35 4.21 -0.09 271.30 -0.01 0.05 1
m0373V 3895.29 4.05 -0.38 185.55 0.00 -0.31 1
m0374V 5947.13 3.84 -0.46 153.20 0.00 -0.19 1
m0376V 4768.60 0.25 -2.83 122.44 0.02 -2.09 1
m0375V 5626.20 4.47 -0.72 212.45 0.33 -0.26 1
m0377V 6061.66 3.78 -0.06 161.95 -0.05 0.08 1
m0378V 5496.22 3.70 -0.43 188.45 0.26 0.05 1
m0379V 5714.83 3.87 0.02 10.00 0.04 0.03 1
m0380V 7144.49 3.56 -0.08 297.35 0.01 0.18 1
m0381V 6474.00 4.07 -0.06 274.05 -0.02 0.12 1
m0382V 4383.66 1.77 -0.44 329.25 0.14 -0.16 1
m0383V 6071.98 4.39 -0.45 169.50 0.03 -0.28 1
m0384V 6187.35 3.85 0.01 191.95 -0.03 0.11 1
m0385V 6324.58 3.76 -0.49 295.30 0.04 -0.30 1
m0387V 5711.64 4.30 -0.36 146.70 0.15 -0.01 1
m0389V 5912.74 4.19 -0.48 187.00 0.07 -0.26 1
m0390V 6010.89 3.84 -0.37 185.00 0.05 -0.14 1
m0391V 3983.98 1.26 -0.77 216.00 0.13 -0.14 1
m0392V 8227.09 2.87 -1.70 271.00 0.28 -1.39 1
m0393V 5363.06 2.20 -0.95 211.70 0.32 -0.34 1
m0394V 6100.75 4.42 -1.52 229.00 0.40 -0.95 1
m0396V 5826.39 4.01 0.04 201.30 -0.03 0.03 1
m0397V 3762.03 0.66 -0.82 204.30 0.12 -0.03 1
m0400V 4162.08 2.58 1.00 10.00 0.16 -0.49 44
m0402V 5340.52 1.87 -1.21 223.70 0.37 -0.63 1
m0403V 9396.63 3.58 0.02 346.30 -0.29 0.12 1
m0406V 6421.63 4.32 -0.66 255.20 0.10 -0.94 1
m0404V 4211.19 2.13 -0.55 10.00 0.27 -0.16 1
m0405V 6426.44 4.20 -0.95 193.05 0.26 -0.45 1
m0408V 5837.44 4.20 -0.53 154.90 0.11 -0.29 1
m0409V 5611.05 4.89 0.63 155.45 -0.02 0.19 11
m0411V 4965.92 2.34 -0.07 229.75 0.12 0.05 1
m0412V 6679.53 4.10 -0.60 232.35 0.02 -0.27 1
m0413V 3901.11 0.83 -0.66 154.35 0.10 -0.18 1
m0415V 5479.14 4.57 -0.44 276.60 0.18 -0.26 1
m0416V 5388.56 4.39 -0.20 293.70 0.11 -0.09 1
m0417V 6408.39 4.20 -0.65 167.95 0.08 -0.31 1
m0418V 4438.04 1.86 -0.27 334.90 0.14 -0.22 1
m0420V 4348.23 2.69 -0.01 252.50 -0.06 0.16 1
m0421V 6250.00 4.01 0.09 282.50 -0.06 0.11 1
m0422V 6138.08 4.05 0.09 206.60 -0.07 0.07 1
m0423V 5103.96 4.90 -1.40 357.50 0.48 -0.93 11
m0424V 7965.48 2.71 -0.55 10.00 -0.33 0.08 1
m0425V 7108.57 2.99 0.21 291.85 -0.86 0.08 1
m0426V 4360.72 4.50 -0.46 201.70 0.20 0.06 1
m0428V 5441.19 4.18 0.32 211.45 -0.06 0.07 11
m0430V 9199.91 2.00 -1.86 223.51 1.00 -1.28 4
m0431V 7180.23 4.24 -0.46 261.80 0.08 -0.50 1
m0432V 5241.06 1.70 -1.59 193.70 0.50 -1.12 1
m0433V 4617.67 2.30 -0.55 102.95 0.39 -0.11 1
m0434V 6024.52 4.15 -1.44 145.85 0.35 -0.96 1
m0436V 6273.52 4.47 -0.82 145.90 0.24 -0.31 1
m0437V 6383.84 3.83 -0.55 239.10 0.03 -0.34 1
m0438V 6168.63 3.76 0.08 289.95 -0.05 0.18 1
m0441V 6259.88 4.68 -1.82 105.98 0.33 -1.27 1
m0442V 4522.67 4.57 -1.07 151.25 0.58 -0.51 1
m0444V 6753.81 4.07 -0.85 117.10 0.32 -0.19 1
m0446V 8290.80 3.02 -2.08 304.75 0.50 -1.90 1
m0447V 4365.60 2.11 0.02 213.00 0.14 0.11 1
m0448V 7013.58 4.34 -0.45 226.40 0.07 -0.04 1
m0450V 5491.24 2.14 -1.47 179.15 0.48 -0.96 1
m0449V 5871.51 4.25 -0.62 193.75 0.13 -0.21 1
m0452V 3805.70 4.16 -0.38 178.85 0.01 0.11 1
m0453V 7852.53 3.13 -1.76 165.70 0.14 -1.27 0
m0454V 5796.62 3.61 -1.08 151.70 0.28 -0.59 1
m0451V 9957.26 3.51 0.16 264.00 -0.50 -0.02 1
m0455V 4449.33 2.52 0.15 10.00 0.20 0.17 1
m0456V 10625.98 3.30 0.00 248.40 0.00 0.14 1
m0458V 6587.08 4.34 -0.05 249.35 0.05 0.05 1
m0457V 4215.34 1.03 -0.55 269.75 0.21 -0.15 1
m0459V 3500.00 4.59 0.50 148.04 1.20 -0.02 4
m0460V 4516.74 2.23 -0.16 190.00 0.20 -0.04 1
m0461V 9931.45 3.74 0.00 299.70 0.00 -0.03 1
m0462V 5629.56 4.53 -0.68 174.85 0.44 -0.08 1
m0464V 6335.27 3.73 -0.16 192.80 -0.10 -0.09 1
m0463V 6074.32 4.35 0.05 10.00 -0.06 0.02 1
m0465V 5072.74 3.13 -0.15 148.94 0.13 0.10 11
m0466V 6005.75 4.15 -0.02 211.75 0.01 0.10 1
m0467V 5462.09 4.77 0.45 238.65 0.03 0.13 11
m0468V 5437.68 4.32 -0.20 289.25 0.19 0.00 1
m0469V 5038.33 2.71 -0.06 208.30 0.01 -0.14 1
m0470V 7812.84 3.97 0.59 246.90 -0.31 0.22 1
m0471V 6383.44 4.28 -0.77 141.70 0.13 -0.38 1
m0474V 5487.51 3.94 -0.11 245.95 0.09 -0.03 1
m0473V 6880.47 4.15 -0.28 245.65 0.12 -0.07 1
m0475V 5049.64 4.66 -0.84 167.15 0.52 -0.37 1
m0476V 4723.39 2.39 -0.39 291.25 0.30 -0.02 1
m0479V 6400.06 4.38 -0.70 204.95 0.15 -0.24 1
m0481V 3661.69 0.41 -1.03 166.40 0.17 0.13 0
m0482V 6676.72 4.36 -0.32 249.60 0.09 0.01 1
m0483V 4354.91 4.74 -0.36 199.50 0.20 -0.04 1
m0484V 3652.87 1.00 -1.22 159.90 0.16 -0.31 00
m0485V 6379.46 4.18 0.05 228.00 -0.04 0.12 1
m0486V 3631.77 0.38 -0.96 176.00 0.46 -0.19 00
m0489V 4606.96 2.44 -0.09 220.05 0.11 0.06 1
m0488V 6117.43 3.83 0.43 10.00 -0.25 0.15 1
m0492V 6335.39 3.77 -0.05 137.30 -0.05 0.10 1
m0493V 4768.21 0.68 -2.74 160.20 0.33 -1.99 1
m0494V 5500.09 4.53 -0.12 163.85 0.14 -0.01 1
m0496V 4717.50 0.64 -1.69 480.70 0.48 -1.30 1
m0495V 10186.40 3.78 0.00 425.30 0.00 -0.45 1
m0497V 3824.36 2.14 0.77 155.65 0.17 -0.02 0
m0499V 4279.33 2.02 -0.08 179.45 0.20 0.11 1
m0502V 6223.69 3.80 -0.15 261.35 -0.05 -0.02 1
m0503V 5464.71 3.79 0.13 129.71 0.00 0.05 11
m0504V 6802.58 4.46 -0.14 256.70 0.03 -0.12 1
m0507V 5699.74 4.36 -0.21 336.65 0.14 -0.25 1
m0506V 6776.08 4.37 -0.19 185.80 0.05 -0.10 1
m0509V 4876.12 2.35 -0.11 146.60 0.08 -0.07 1
m0508V 3500.00 4.90 0.57 166.80 1.20 -0.49 44
m0511V 5722.34 4.56 0.64 211.90 -0.07 0.34 1
m0510V 6336.85 4.18 -0.08 260.20 -0.03 -0.14 1
m0513V 5696.90 4.78 -1.15 202.95 0.44 -0.84 1
m0512V 4788.41 2.24 -0.39 175.80 0.34 -0.06 1
m0514V 5187.01 2.57 -0.21 285.40 0.07 -0.29 1
m0515V 5549.48 4.12 0.07 192.45 0.07 0.08 1
m0517V 6874.75 4.62 -0.48 559.35 0.08 -0.32 1
m0518V 6465.88 4.33 -0.04 181.30 -0.07 0.05 1
m0519V 10634.65 3.86 0.00 355.75 0.00 -1.11 1
m0521V 5887.98 3.59 -0.44 122.00 -0.05 -0.24 1
m0522V 13451.64 4.13 0.00 238.15 0.00 -0.22 1
m0523V 9126.44 3.34 -1.48 336.20 0.16 -1.56 1
m0524V 5343.41 4.55 -0.07 132.35 0.14 -0.01 1
m0527V 4025.81 1.33 -0.87 191.05 0.33 -0.14 1
m0526V 4750.03 2.95 0.81 182.75 0.16 0.17 1
m0525V 6767.05 4.22 -0.52 165.10 0.05 -0.25 1
m0528V 4131.10 1.34 -0.32 161.05 0.16 0.05 1
m0530V 3960.15 1.14 -0.62 204.05 0.03 0.10 1
m0531V 3533.93 3.06 -1.14 123.40 0.08 -0.02 44
m0532V 4399.65 4.14 -0.31 255.70 0.20 0.06 1
m0529V 5105.35 4.46 -0.32 318.90 0.41 -0.16 11
m0533V 4750.13 2.96 0.81 10.00 0.10 0.15 1
m0534V 5738.68 3.62 -1.43 202.40 0.49 -1.03 1
m0535V 3767.54 0.65 -1.05 200.05 0.28 -0.02 1
m0536V 3847.70 1.02 -0.70 156.85 0.04 0.03 1
m0539V 4853.15 2.10 -0.50 185.35 0.32 -0.12 1
m0540V 6645.15 4.49 -0.14 256.55 0.02 -0.02 1
m0541V 5904.31 3.78 -0.56 223.30 0.11 -0.51 1
m0543V 5082.60 4.90 -1.55 203.20 0.46 -1.24 11
m0542V 4799.03 4.80 -1.53 204.60 0.46 -1.20 1
m0544V 5697.91 4.31 0.10 196.35 0.07 0.12 1
m0546V 4475.66 2.33 -0.37 10.00 0.20 -0.05 1
m0548V 16024.02 4.24 0.00 252.70 0.00 1.39 0
m0547V 4849.33 2.37 -0.28 10.00 0.11 -0.19 1
m0545V 6178.52 3.86 0.07 259.70 -0.09 -0.04 1
m0550V 6311.20 3.99 0.21 254.30 -0.10 -0.04 1
m0549V 4137.53 1.42 -0.31 228.15 0.20 0.01 1
m0552V 4735.85 4.40 -0.03 242.20 0.20 0.13 1
m0551V 3874.56 0.61 -0.52 268.25 0.07 -0.14 1
m0553V 7244.15 4.03 -0.23 10.00 0.17 0.17 1
m0555V 3759.51 0.50 -0.82 211.65 0.16 0.06 1
m0556V 6004.41 3.94 0.36 251.75 -0.15 0.10 1
m0557V 3973.01 1.36 -0.83 261.50 0.20 -0.05 1
m0554V 4424.26 2.38 -0.10 302.60 0.10 0.06 1
m0558V 8254.29 3.97 0.96 342.90 -0.50 0.56 1
m0559V 7044.55 4.62 -0.33 288.55 0.12 -0.12 1
m0563V 15668.39 4.53 0.00 447.05 0.00 -0.11 1
m0562V 5972.48 4.41 0.66 149.95 -0.19 0.17 11
m0564V 4946.00 2.69 0.03 486.15 0.07 0.12 1
m0566V 4985.75 2.57 -0.42 242.55 0.25 -0.10 1
m0565V 4915.42 2.70 -0.41 204.45 0.22 -0.22 1
m0561V 3825.86 0.86 -0.59 276.70 0.04 0.03 1
m0567V 9866.85 4.19 1.00 442.05 -1.00 -0.19 2
m0568V 5918.81 3.64 -1.92 313.70 0.06 -2.15 11
m0570V 6003.97 4.20 0.10 10.00 -0.04 0.03 1
m0571V 5298.29 3.25 -0.23 230.55 0.11 -0.07 1
m0572V 10067.16 4.29 -0.62 292.90 1.00 -1.91 2
m0573V 5865.44 3.78 -0.45 216.95 0.05 -0.21 1
m0574V 6710.20 4.01 -0.96 143.20 0.29 -0.38 1
m0577V 7672.45 4.43 -2.50 258.80 1.00 -0.61 44
m0576V 6367.61 4.22 -0.19 242.55 0.01 -0.08 1
m0575V 7014.98 4.06 -0.37 269.80 0.22 0.10 1
m0578V 10936.20 4.06 0.00 274.95 0.00 -1.17 1
m0579V 5814.45 4.00 -0.15 218.60 0.06 -0.05 1
m0581V 12277.35 4.36 0.00 222.50 0.00 -0.02 1
m0582V 6298.26 3.94 -0.55 152.80 0.07 -0.31 1
m0584V 5907.22 4.18 0.40 229.00 -0.02 0.15 1
m0585V 5166.16 2.05 -0.18 221.15 0.17 0.12 1
m0583V 4677.57 4.66 -0.63 203.60 0.32 -0.19 1
m0586V 4649.41 3.26 -0.11 149.85 0.20 0.02 1
m0587V 5527.75 4.62 0.72 185.86 0.05 0.17 11
m0589V 7014.85 4.44 -0.20 259.10 0.10 0.00 1
m0590V 3742.50 0.74 -0.90 494.15 0.17 0.26 0
m0592V 10597.20 4.55 0.00 239.15 0.00 -0.07 0
m0591V 3780.34 4.32 -0.67 188.70 0.06 -0.02 1
m0595V 10022.98 3.84 0.97 343.60 -1.00 -0.02 2
m0597V 3908.99 1.24 -0.51 187.70 -0.01 0.08 1
m0602V 5193.53 2.86 0.26 236.90 0.08 0.08 1
m0599V 5951.73 4.06 -0.62 253.45 0.13 -0.31 1
m0600V 4245.85 0.91 -1.10 190.65 0.42 -0.38 1
m0604V 9267.46 3.99 0.99 236.70 -0.34 -0.38 2
m0603V 3816.26 0.69 -0.59 247.15 0.10 0.23 1
m0605V 10848.75 3.89 0.00 281.80 0.00 0.05 1
m0606V 3843.97 1.07 -0.86 247.85 0.16 -0.04 1
m0608V 29999.85 4.00 0.00 61.07 0.00 -1.21 4
m0609V 5125.37 4.47 -0.15 287.50 0.22 0.01 1
m0610V 6664.79 4.10 -0.12 273.90 0.06 0.08 1
m0611V 6149.23 3.84 -0.59 191.40 0.05 -0.32 1
m0601V 4569.20 2.26 -0.52 196.65 0.41 -0.11 1
m0612V 4980.94 4.38 -0.16 160.40 0.24 -0.13 1
m0613V 6446.97 3.86 -0.56 198.65 0.03 -0.27 1
m0614V 3638.60 0.38 -1.00 203.10 0.45 0.05 00
m0615V 3976.58 1.44 -0.42 233.85 0.16 0.02 1
m0616V 4544.27 2.45 -0.12 135.04 0.12 0.04 1
m0619V 10001.34 3.73 1.00 205.50 -1.00 -0.19 2
m0620V 4171.69 1.75 -0.29 271.45 0.20 -0.04 1
m0623V 6453.81 3.83 -0.21 122.65 -0.01 0.05 1
m0622V 5957.53 4.03 -0.58 221.85 0.10 -0.36 1
m0621V 14896.48 4.16 0.00 244.60 0.00 -0.86 1
m0625V 4388.27 4.52 -0.50 247.65 0.27 -0.20 1
m0624V 4382.46 2.23 0.09 300.90 0.06 -0.11 1
m0628V 5845.86 3.64 -0.37 202.65 0.11 -0.23 1
m0627V 5716.96 4.26 -0.29 496.95 0.28 -0.07 1
m0626V 6552.54 4.25 -0.65 174.15 0.09 -0.32 1
m0631V 6489.90 3.96 -0.24 202.75 0.03 -0.05 1
m0630V 3933.82 4.81 -0.72 241.90 0.12 0.13 0
m0632V 6887.03 3.83 -0.16 216.30 0.24 0.09 1
m0635V 6431.74 4.12 -0.60 225.15 0.12 -0.46 1
m0634V 6282.52 3.85 -0.19 242.05 -0.01 -0.08 1
m0636V 5860.32 4.26 -0.64 275.95 0.15 -0.57 1
m0639V 5874.91 4.38 -0.52 265.15 0.14 -0.20 1
m0638V 18727.49 4.28 0.00 258.95 0.00 0.03 1
m0637V 5826.56 3.61 -0.27 323.35 -0.01 -0.19 1
m0640V 3923.21 1.42 -0.82 269.45 0.20 -0.13 1
m0642V 4451.98 2.44 0.02 197.20 0.02 0.09 1
m0641V 7505.75 3.51 0.25 10.00 0.19 0.15 0
m0644V 7363.39 3.77 0.17 211.90 -0.26 -0.05 1
m0645V 9970.33 2.17 -0.56 268.90 -0.22 -0.04 1
m0643V 6262.09 1.00 -1.02 149.30 0.11 0.01 3
m0646V 5491.83 3.92 0.24 239.05 -0.01 0.07 1
m0647V 7674.73 2.75 -1.72 224.15 0.50 -0.35 1
m0648V 4346.17 2.12 -0.26 246.75 0.20 0.04 1
m0651V 3588.93 1.32 0.67 230.60 0.18 -0.02 0
m0652V 4967.04 2.85 -0.07 237.45 0.07 -0.08 1
m0650V 3840.76 0.95 -0.63 312.10 0.05 -0.04 1
m0654V 4384.53 1.10 -0.33 282.40 0.14 -0.04 1
m0655V 16373.58 3.14 0.00 337.65 0.00 -0.02 1
m0656V 22072.17 4.19 0.00 233.70 0.00 -0.26 1
m0657V 4414.58 0.41 -2.29 219.95 0.55 -1.64 1
m0659V 5007.20 4.48 -0.41 10.00 0.36 0.01 1
m0660V 4694.82 3.20 -0.23 111.95 0.22 0.01 1
m0663V 4868.33 2.50 -0.40 10.00 0.36 -0.15 1
m0661V 6054.49 4.09 -0.59 10.00 0.12 -0.31 1
m0665V 4818.56 1.69 -2.08 220.25 0.74 -0.95 1
m0662V 4973.90 2.83 -0.11 234.00 0.19 0.11 1
m0666V 6408.94 4.08 -0.21 235.00 0.04 -0.07 1
m0667V 4281.54 1.63 -0.41 190.55 0.20 -0.07 1
m0664V 4905.54 4.59 -0.36 193.15 0.40 -0.09 1
m0669V 3608.85 0.32 -0.97 232.50 0.19 0.10 00
m0668V 9460.60 3.57 -0.84 223.60 -0.44 -1.75 1
m0673V 6178.96 4.19 -0.24 261.85 0.03 -0.14 1
m0672V 4743.28 2.28 -0.35 266.65 0.36 0.02 1
m0676V 5532.40 1.50 -0.25 248.90 0.07 0.16 1
m0674V 3739.84 0.80 -0.98 10.00 0.17 0.00 0
m0675V 4846.08 2.92 -0.19 261.40 0.12 -0.16 1
m0671V 12206.18 4.23 0.00 200.96 0.00 -0.14 1
m0677V 4291.03 1.79 -0.54 222.35 0.20 -0.22 1
m0679V 5092.82 3.37 -0.63 200.75 0.38 -0.16 1
m0681V 5024.91 2.89 -0.09 273.35 0.12 -0.08 1
m0682V 4136.67 1.51 -0.36 258.90 0.20 -0.07 1
m0683V 4666.17 1.22 -1.16 197.05 0.45 -0.38 1
m0684V 5264.81 4.40 0.27 167.70 -0.00 -0.10 11
m0686V 7059.88 4.50 -0.29 239.20 0.24 -0.11 1
m0687V 5885.74 1.81 -0.13 229.70 -0.20 0.03 1
m0685V 3623.03 1.76 0.71 218.20 0.17 -0.02 0
m0691V 3507.86 0.10 0.71 163.70 0.45 -0.02 44
m0688V 12122.63 4.04 0.00 234.25 0.00 -0.02 0
m0692V 6424.55 4.24 -0.13 258.85 -0.01 -0.06 1
m0689V 11911.36 4.12 0.00 10.00 0.00 0.12 1
m0693V 8018.82 3.77 0.22 10.00 -0.43 0.17 1
m0694V 11318.66 3.76 0.00 215.31 0.00 0.05 1
m0695V 6523.15 4.21 -0.09 251.65 -0.00 0.03 1
m0690V 3500.00 1.61 -2.34 150.10 0.56 -0.45 4
m0697V 4499.99 1.28 -1.06 320.10 0.27 -0.35 1
m0698V 10598.76 3.81 0.00 249.25 0.00 0.06 1
m0702V 6953.69 3.46 0.46 244.90 -0.64 0.11 1
m0699V 6003.06 4.18 -0.30 228.85 0.05 -0.26 1
m0701V 14969.90 4.16 0.00 214.40 0.00 -0.71 1
m0700V 5108.24 3.55 -0.05 187.95 0.12 0.03 1
m0696V 5117.89 2.57 -1.34 171.10 0.36 -1.09 1
m0703V 5085.92 2.86 -0.04 263.15 -0.03 0.02 1
m0704V 3825.62 2.82 0.79 249.05 0.17 -0.02 00
m0706V 12323.73 4.03 0.00 210.40 0.00 -0.34 1
m0705V 3500.01 1.91 0.46 10.00 0.15 0.06 4
m0708V 9033.24 4.09 -0.06 405.80 -0.03 -0.02 1
m0710V 7848.02 3.92 0.18 251.60 0.18 0.02 1
m0709V 13200.19 3.78 0.00 237.85 0.00 -0.02 1
m0711V 10328.14 3.20 0.00 342.60 0.00 0.17 1
m0712V 4452.95 1.97 -0.43 532.20 0.18 -0.18 1
m0707V 6841.02 4.28 -0.30 264.90 0.18 -0.07 1
m0714V 13041.89 3.72 0.00 309.00 0.00 -0.11 1
m0715V 20377.48 4.30 0.00 350.05 0.00 -0.03 0
m0713V 4890.79 2.71 -0.07 296.55 0.08 -0.11 1
m0717V 4033.17 1.53 -0.75 217.95 0.34 -0.31 1
m0716V 6393.52 3.89 -0.18 318.55 -0.02 -0.11 1
m0718V 10730.50 4.07 0.00 10.00 0.00 -0.37 1
m0719V 4389.87 2.53 -0.09 247.40 0.23 0.07 1
m0721V 5776.36 4.28 0.59 259.95 -0.13 0.14 11
m0722V 9190.22 4.17 -1.77 273.02 1.00 -1.41 2
m0728V 4349.75 2.37 -0.05 243.70 0.20 0.12 1
m0726V 5811.46 3.77 -0.33 327.95 0.12 -0.21 1
m0727V 4180.21 2.54 0.93 10.00 0.20 -0.05 00
m0724V 5250.00 4.58 -0.21 293.75 0.19 -0.18 11
m0729V 4915.46 3.26 -0.06 210.50 0.09 0.00 1
m0730V 4754.81 2.50 -0.27 239.25 0.19 -0.17 1
m0732V 28064.33 4.00 0.00 228.70 0.00 -0.02 5
m0733V 5768.44 4.29 0.08 193.00 0.07 0.05 1
m0734V 5710.27 4.34 0.02 318.45 0.09 0.05 1
m0736V 4213.85 1.03 -2.09 216.62 0.65 -1.21 1
m0720V 3827.86 2.33 -0.39 118.18 -0.80 -2.39 1
m0738V 6249.44 4.04 0.28 239.00 -0.05 0.06 1
m0737V 26753.31 4.04 0.00 219.10 0.00 0.99 5
m0740V 8531.82 3.63 1.00 258.45 -0.32 0.04 2
m0735V 4984.78 2.62 -0.30 262.85 0.16 -0.15 1
m0742V 5658.39 4.87 -1.32 152.74 0.31 -1.27 1
m0743V 5190.81 3.68 -0.04 183.15 0.11 0.01 11
m0741V 5915.38 3.03 0.50 246.35 -0.87 -0.26 11
m0744V 5711.78 0.14 0.02 286.10 0.38 0.06 1
m0745V 4766.95 2.65 -0.04 200.90 0.11 0.05 1
m0746V 5076.37 2.23 -0.22 219.90 0.13 -0.21 1
m0747V 5735.94 3.72 -0.83 240.67 0.33 -0.69 1
m0748V 7962.78 3.51 -0.20 334.30 -0.12 0.15 1
m0752V 5986.86 3.33 -0.77 163.05 -0.02 -0.64 1
m0749V 5515.24 4.18 0.22 207.35 0.08 0.14 11
m0753V 6191.11 1.20 -1.76 269.55 0.42 -0.71 1
m0750V 4971.98 4.85 -0.81 293.15 0.55 0.10 1
m0754V 5066.25 3.73 -0.02 211.45 0.16 0.05 1
m0755V 4460.92 1.74 -0.59 210.10 0.38 -0.16 1
m0758V 4011.59 1.30 -1.02 10.00 0.32 -0.05 1
m0759V 8155.06 3.66 -1.99 214.20 0.58 -1.44 1
m0756V 10929.26 3.94 0.00 266.85 0.00 -0.05 1
m0760V 3794.70 0.78 -0.85 10.00 0.09 0.02 1
m0761V 9212.92 3.77 0.20 209.71 -0.17 -0.91 1
m0762V 6071.62 3.89 -0.89 252.45 0.12 -0.86 1
m0763V 6835.13 3.77 -0.08 250.65 -0.05 0.09 1
m0765V 6073.30 3.53 -0.41 262.50 -0.04 -0.44 1
m0766V 6180.56 4.02 -0.03 223.35 -0.02 -0.09 1
m0764V 10414.50 4.04 0.00 284.05 0.00 0.12 0
m0767V 9742.54 4.27 0.27 10.00 -0.30 0.07 1
m0768V 5651.56 3.68 0.05 379.40 -0.06 -0.06 1
m0769V 5055.05 2.36 -0.23 236.25 0.19 0.15 1
m0771V 7262.27 3.51 -0.44 350.25 -0.16 -0.19 1
m0774V 5145.91 3.86 0.07 313.50 0.20 0.09 1
m0773V 4727.78 2.48 -0.13 366.45 0.09 -0.08 1
m0776V 9741.58 3.73 0.25 329.45 -0.50 0.06 1
m0772V 4902.80 3.19 -0.13 347.30 0.11 -0.09 1
m0775V 14684.64 4.07 0.00 10.00 0.00 -0.02 1
m0779V 4745.58 2.61 -0.46 242.90 0.37 -0.10 1
m0781V 3516.07 2.00 -0.16 178.65 0.46 -0.19 44
m0783V 6005.29 4.19 -0.55 272.80 0.03 -0.42 1
m0786V 6285.31 4.22 -0.05 300.50 -0.01 -0.08 1
m0784V 3899.47 0.69 -0.55 266.45 0.07 0.02 1
m0788V 4167.49 4.63 -0.58 287.10 0.26 -0.01 1
m0789V 7657.43 4.23 0.62 244.00 -0.18 -0.12 1
m0791V 5780.52 4.33 -0.76 230.73 0.46 -0.42 1
m0790V 6013.02 4.16 -0.84 299.40 0.13 -0.67 1
m0792V 4959.78 1.79 0.05 10.00 0.05 -0.26 11
m0793V 6470.00 3.34 0.67 10.00 -1.00 0.08 2
m0794V 15826.72 4.06 0.00 272.45 0.00 0.94 0
m0795V 4500.03 2.41 0.03 10.00 0.03 -0.08 1
m0796V 8151.25 3.63 -0.92 290.85 -0.53 -0.89 1
m0797V 5063.73 0.90 0.20 10.00 -0.80 -0.05 1
m0798V 5876.73 3.97 -0.36 213.05 0.14 -0.42 1
m0801V 5074.44 2.79 -0.03 197.25 0.12 -0.21 1
m0803V 4783.89 1.05 -1.84 228.10 0.46 -1.45 1
m0799V 5853.67 3.74 0.10 215.40 -0.24 -0.06 1
m0802V 12507.06 3.59 0.00 221.45 0.00 -0.22 1
m0800V 27799.99 4.26 0.00 300.20 0.00 -0.18 1
m0806V 6182.98 4.01 0.26 205.45 -0.22 0.04 1
m0805V 5041.00 2.95 -0.11 183.66 0.13 -0.06 1
m0807V 4617.99 2.42 -0.04 211.30 0.10 0.08 1
m0808V 4671.17 2.46 -0.59 217.90 0.32 -0.38 1
m0809V 19099.73 3.00 0.00 260.50 0.00 -0.26 5
m0811V 5095.37 2.29 -0.26 189.60 0.21 -0.16 1
m0814V 4512.78 2.44 0.21 10.00 0.03 0.03 1
m0813V 6398.63 4.07 -0.21 260.10 0.01 -0.13 1
m0810V 4587.52 2.50 0.05 244.80 0.07 0.08 1
m0816V 3500.00 4.90 0.50 181.20 1.20 -0.02 44
m0812V 4736.93 2.60 0.08 201.00 0.07 -0.03 1
m0818V 9605.22 4.27 -0.22 198.93 -0.13 -1.06 1
m0817V 21879.04 4.29 0.00 299.55 0.00 -0.09 1
m0819V 6019.49 1.27 -2.60 10.00 -0.31 -0.07 0
m0820V 11219.47 2.00 0.00 244.75 0.00 -0.02 5
m0821V 6153.18 4.32 -0.54 174.21 0.03 -0.50 1
m0822V 6414.17 3.85 -0.31 253.75 -0.01 -0.01 1
m0823V 11596.53 3.96 0.00 211.75 0.00 -0.12 0
m0824V 29999.89 4.00 0.00 245.95 0.00 0.13 4
m0825V 4787.17 1.66 -1.26 162.20 0.46 -0.75 1
m0826V 14043.89 4.18 0.00 289.95 0.00 -0.20 1
m0828V 6396.52 3.76 -0.67 164.30 0.07 -0.18 1
m0829V 6852.08 4.14 -0.22 221.30 -0.04 0.05 1
m0827V 4304.56 1.30 -0.12 342.20 0.06 -0.10 1
m0830V 4277.84 1.78 -0.49 179.40 0.20 -0.05 1
m0831V 16307.64 4.17 0.00 227.45 0.00 0.44 1
m0832V 4523.72 2.41 -0.31 180.95 0.21 -0.17 1
m0835V 4598.03 4.75 -0.19 141.70 0.25 0.12 1
m0833V 3826.04 0.89 -0.76 257.30 0.09 -0.13 1
m0837V 22036.87 4.00 0.00 200.70 0.00 -0.16 3
m0839V 4953.29 2.42 -0.12 266.85 0.17 0.04 1
m0840V 5456.77 2.64 0.06 256.10 -0.66 -0.10 11
m0841V 9979.45 3.85 0.00 262.90 0.00 0.02 1
m0843V 6237.84 3.96 -0.27 250.90 -0.02 -0.12 1
m0846V 4924.71 2.59 -0.07 397.80 0.07 -0.02 1
m0847V 4686.85 0.68 -1.50 285.80 0.43 -1.78 1
m0845V 4377.69 1.86 -0.40 320.85 0.26 -0.14 1
m0848V 5798.32 2.91 0.07 202.00 -0.22 -0.26 11
m0844V 4707.49 2.48 -0.08 398.55 0.07 -0.01 1
m0849V 6272.39 3.84 -0.19 10.00 -0.08 -0.19 1
m0851V 4540.95 2.84 0.09 202.65 0.11 0.12 1
m0852V 13226.24 3.82 0.00 235.80 0.00 0.17 1
m0853V 26148.94 4.00 0.00 235.05 0.00 -0.18 3
m0854V 5728.13 4.28 0.13 305.55 0.04 0.08 1
m0855V 5636.91 4.36 0.40 230.75 -0.04 0.16 11
m0850V 3962.21 1.48 -0.50 310.45 0.02 -0.11 1
m0857V 4713.86 2.48 -0.17 269.75 0.09 -0.12 1
m0858V 6555.52 4.23 0.10 380.35 -0.06 0.12 1
m0860V 6268.63 3.74 -1.71 234.25 0.41 -1.41 1
m0861V 5771.16 3.55 0.14 10.00 -0.01 0.02 1
m0862V 6545.06 4.39 -0.23 157.35 0.01 -0.21 1
m0863V 5130.29 1.58 -2.03 270.05 0.44 -1.46 1
m0864V 4607.26 4.44 -0.37 365.65 0.26 -0.01 1
m0867V 4546.85 2.28 -0.16 452.45 0.08 -0.04 1
m0870V 4867.37 2.36 -0.37 287.85 0.19 -0.19 1
m0869V 6103.36 4.29 -1.10 265.15 0.13 -1.02 1
m0868V 6157.09 4.08 0.09 332.90 -0.04 -0.03 1
m0871V 3632.44 0.41 -0.94 249.70 0.17 0.15 00
m0872V 5573.88 3.72 0.34 202.80 -0.01 -0.09 1
m0874V 4238.72 1.44 -0.56 10.00 0.26 -0.18 1
m0875V 12143.47 3.64 0.00 191.65 0.00 0.24 1
m0877V 9680.46 3.98 1.00 320.80 -0.81 -0.14 2
m0878V 11710.06 4.21 0.00 214.90 0.00 0.54 0
m0879V 4617.48 2.05 -0.07 251.50 0.17 -0.11 1
m0881V 4565.85 3.41 0.21 236.55 -0.07 0.22 1
m0880V 4584.57 0.71 -2.24 252.05 0.64 -1.55 1
m0882V 4638.70 2.34 -0.22 297.20 0.23 0.01 1
m0883V 6437.24 4.00 -0.67 287.60 0.05 -0.76 1
m0885V 8712.20 3.97 -0.95 240.20 0.36 -0.41 1
m0886V 5713.42 4.12 -0.37 285.05 0.37 -0.04 1
m0888V 6255.84 4.04 -0.08 220.90 -0.06 -0.04 1
m0887V 4821.68 3.64 0.25 264.95 -0.10 0.03 1
m0889V 6810.48 4.26 -0.07 295.11 0.00 0.02 1
m0891V 5133.12 1.45 0.07 181.05 0.03 0.11 1
m0893V 4512.21 2.32 -0.05 209.90 0.17 0.01 1
m0894V 14398.87 4.19 0.00 10.00 0.00 0.14 1
m0895V 4801.40 2.30 -0.22 221.50 0.06 -0.06 1
m0001V 5500.50 4.92 -0.98 10.00 0.46 -0.30 1
m0002V 4197.08 1.59 -0.03 391.20 0.05 -0.28 1
m0003V 5868.54 3.98 -0.23 309.75 -0.01 -0.22 1
m0731V 4000.00 0.18 -0.97 186.05 0.24 -1.37 1
m0298V 6183.24 4.41 -1.70 183.15 0.46 -1.23 1
m0359V 5412.26 1.81 -1.69 224.10 0.41 -1.09 1
m0410V 4902.53 4.84 -0.94 160.85 0.58 -0.16 1
m0365V 5135.81 1.57 -2.81 232.45 0.13 -2.06 1
m0388V 3940.95 3.94 -0.54 207.85 0.01 -0.16 1
m0202V 5718.67 4.90 -1.13 309.80 0.46 -0.83 11
m0205V 5199.09 3.38 -1.99 184.75 0.69 -1.07 1
m0143V 6253.42 4.04 -1.52 297.80 0.34 -1.19 1
m0146V 5003.17 4.86 0.05 10.00 0.21 -0.05 1
m0153V 5237.41 4.52 -0.02 178.35 0.15 -0.02 1
m0725V 6432.26 3.75 -2.02 236.80 0.43 -1.91 1
m0757V 5883.63 3.28 -1.16 283.65 0.29 -1.07 1
m0580V 4122.64 2.47 -1.35 114.43 0.27 0.03 1
m0897V 4381.08 0.10 -0.78 77.05 0.16 -0.77 11
m0938V 5648.76 1.65 -0.41 99.00 0.13 0.17 0
m0898V 6313.26 2.00 -0.79 99.00 0.37 -0.05 0
m0962V 4923.39 1.79 -1.00 26.49 0.23 -0.28 1
m0968V 4216.10 1.51 -0.37 77.56 0.38 -0.28 1
m0966V 4742.33 2.23 -0.34 24.23 0.10 -0.28 1
m0915V 4309.48 0.16 -1.31 10.00 0.38 -0.82 1
m0972V 4286.68 1.29 -0.72 99.57 0.22 -0.05 1
m0975V 4361.93 2.11 -0.28 78.19 0.10 -0.05 1
m0976V 3695.52 0.60 -0.87 194.85 0.09 -0.05 0
m0977V 3947.57 1.33 -0.63 137.80 0.04 -0.05 1
m0973V 4005.65 1.39 -0.46 161.40 0.01 -0.05 1
m0978V 3880.66 1.10 -0.65 147.60 0.03 -0.05 1
m0979V 4318.24 1.80 -0.35 108.55 0.12 -0.05 1
m0980V 4295.42 1.58 -0.47 99.30 0.20 -0.05 1
m0981V 4270.54 1.88 -0.28 129.55 0.11 -0.05 1
m0982V 4335.96 2.23 -0.59 83.87 0.20 -0.05 1
m0983V 4882.79 2.92 -0.08 65.47 0.04 -0.05 1
m0984V 4674.87 2.60 -0.52 69.76 0.20 -0.05 1
m0901V 6072.24 4.40 0.14 346.65 -0.07 0.01 1
m0902V 5776.56 4.45 0.06 229.00 0.01 -0.08 1
m0905V 6637.62 4.26 -0.03 365.55 -0.05 -0.04 1
m0906V 6795.42 4.40 -0.04 377.55 -0.04 0.08 1
m0907V 9688.11 4.05 0.64 357.15 -0.53 0.04 1
m0908V 6533.98 4.41 -0.02 374.95 -0.04 0.08 1
m0909V 7651.86 4.00 0.13 252.35 -0.53 -0.07 1
m0910V 7400.98 3.72 -0.43 305.75 0.16 0.19 1
m0911V 7676.00 3.50 -0.27 393.25 0.05 0.08 1
m0913V 6038.77 4.25 -0.17 10.00 0.06 0.08 1
m0914V 7279.58 3.87 -0.29 163.50 0.02 0.08 1
m0920V 8090.10 3.94 -0.29 137.40 0.20 0.10 1
m0921V 7455.42 4.09 -0.47 106.38 0.21 0.12 1
m0922V 8399.79 3.67 -0.11 214.90 -0.17 -0.05 1
m0939V 4595.91 1.96 -0.17 216.15 0.14 -0.06 1
m0903V 5530.28 4.77 0.33 10.00 -0.01 -0.02 1
m0935V 4092.05 0.10 -1.42 87.78 0.25 -1.08 11
m0925V 4667.80 0.76 -1.51 45.85 0.46 -1.14 1
m0924V 4298.09 0.15 -1.67 82.62 0.60 -0.80 1
m0923V 4514.34 0.60 -1.49 57.47 0.56 -0.95 1
m0933V 6108.17 2.10 -1.46 49.53 0.02 -0.60 0
m0928V 5770.73 0.13 -1.83 17.07 0.50 -0.50 0
m0926V 4090.47 0.79 -1.16 67.89 0.01 -0.62 1
m0930V 4162.82 0.67 -0.96 67.04 0.18 -0.73 1
m0919V 4162.60 1.55 -0.24 122.92 0.16 -0.07 1
m0947V 5024.69 2.16 -0.27 43.94 0.23 -0.28 1
m0945V 5049.32 3.57 -0.19 22.15 0.01 -0.26 11
m0958V 4514.60 0.92 -0.55 44.78 0.31 -0.32 1
m0959V 4291.91 1.73 -0.92 10.00 0.45 -0.32 1
m0960V 5064.86 1.83 -0.74 28.62 0.06 -0.23 1
m0956V 4122.94 1.33 -0.92 42.01 0.20 -0.28 1
m0955V 4268.60 1.63 -0.77 10.00 0.15 -0.28 11
m0954V 4309.29 1.76 -0.59 54.15 0.29 -0.28 1
m0951V 4352.79 1.95 -0.54 44.72 0.01 -0.26 1
m0949V 5112.89 3.10 -0.03 22.42 0.11 -0.22 00
m0948V 4806.89 2.52 -0.47 21.26 0.38 -0.16 11
m0967V 3939.66 0.91 -0.92 77.56 0.22 -0.28 1
m0953V 5210.42 2.73 -0.12 30.25 0.03 -0.35 00
m0946V 4634.62 1.90 -0.37 53.02 0.17 -0.18 1
m0969V 4184.13 1.19 -0.67 66.88 0.26 -0.30 1
m0965V 5302.00 0.94 -0.26 10.00 0.38 -0.45 00
m0952V 5272.19 3.74 -0.48 10.00 0.58 -0.28 1
m0916V 4148.61 0.10 -1.48 82.42 0.23 -0.82 11
m0917V 4211.29 0.10 -1.27 68.18 0.16 -0.81 11
m0937V 4365.80 0.14 -2.11 110.20 0.55 -1.50 1
m0936V 4895.20 0.92 -2.35 49.50 0.33 -1.72 1
m0899V 5124.20 4.35 -0.47 82.63 0.36 -0.07 1
m0900V 5250.00 4.61 -0.16 104.40 0.18 -0.15 1
m0918V 4315.10 1.51 -0.37 215.60 0.17 -0.25 1
m0974V 9793.82 3.82 0.05 66.15 -0.69 -0.11 11
m230V 4679.06 4.41 -0.45 99 0.28 99 1
m884V 3500.00 4.35 0.56 99 0.05 99 44
m68V 7176.20 4.90 -2.56 99 1.00 99 44
m318V 7102.66 4.43 -2.15 99 0.48 99 1
m29V 5809.59 3.89 0.28 99 -0.37 99 1
m45V 4345.81 2.38 -0.22 99 0.20 99 1
m56V 4911.81 3.08 -0.61 99 0.41 99 1
m62V 4750.00 2.35 -0.25 99 0.10 99 1
m74V 5117.44 3.95 0.50 99 -0.20 99 1
m89V 6092.34 3.30 -1.18 99 0.04 99 11
m104V 3929.88 0.10 -2.01 99 -0.21 99 44
m204V 18673.68 3.00 0.00 99 0.00 99 5
m210V 4124.82 4.90 1.00 99 0.18 99 44
m330V 6476.56 3.33 1.00 99 -0.40 99 4
m343V 4184.51 2.13 1.00 99 0.25 99 44
m386V 10453.87 3.73 0.00 99 0.00 99 1
m407V 4418.66 1.74 -0.43 99 0.19 99 1
m427V 4318.80 1.76 -0.25 99 0.19 99 1
m443V 4879.52 3.12 -0.22 99 0.16 99 1
m445V 3864.61 1.02 -0.77 99 0.12 99 1
m477V 4166.77 1.12 -2.46 99 0.89 99 1
m478V 4188.69 4.50 -0.65 99 0.17 99 1
m501V 4306.94 2.14 -1.14 99 0.59 99 0
m588V 4390.18 2.08 -0.56 99 0.22 99 1
m593V 4694.74 4.70 -0.61 99 0.32 99 1
m617V 4874.27 3.67 -0.09 99 0.14 99 1
m678V 7107.61 3.83 -0.03 99 -0.71 99 1
m751V 18775.84 3.00 0.00 99 0.00 99 5
m778V 15703.93 3.00 0.00 99 0.00 99 5
m780V 11999.96 2.00 0.00 99 0.00 99 5
m782V 3851.86 3.00 0.76 99 0.17 99 00
m815V 5770.31 1.51 -2.46 99 0.35 99 0
m834V 13559.61 4.22 0.00 99 0.00 99 1
m836V 5562.11 1.40 -2.41 99 0.60 99 0
m865V 5424.81 1.76 0.50 99 -0.22 99 1
m873V 3500.00 0.10 -1.81 99 0.08 99 44
m892V 10467.60 2.00 0.00 99 0.00 99 5
m680V 4162.78 4.50 -0.66 99 0.16 99 1
m140V 7352.66 1.50 -4.99 99 -0.49 99 0
m175V 5004.30 4.24 -0.64 99 0.44 99 1
m940V 3668.61 1.81 0.66 99 0.17 99 00
m941V 3500.00 4.91 0.50 99 0.68 99 4
m942V 3804.43 1.11 -0.53 99 0.05 99 1
m943V 3765.01 1.18 -0.62 99 0.01 99 1
m985V 3608.57 0.54 -1.11 99 0.10 99 0
m904V 6097.67 4.22 0.05 99 -0.05 99 1
m912V 7928.55 3.69 0.21 99 -0.74 99 1
m934V 4213.59 1.26 -0.71 99 0.32 99 1
m927V 4865.96 0.10 -0.89 99 -0.00 99 22
m929V 9025.42 3.19 -2.78 99 1.00 99 4
m931V 5606.94 0.10 -1.89 99 0.64 99 00
m932V 5803.94 0.00 -1.16 99 -0.36 99 44
m944V 4071.16 1.12 -0.87 99 0.20 99 1
m950V 5725.80 0.94 0.50 99 0.20 99 0
m957V 4108.01 1.32 -1.11 99 0.20 99 1
m961V 4326.30 0.89 -0.68 99 0.12 99 11
m963V 5852.65 3.42 0.26 99 -0.13 99 11
m964V 4340.67 1.76 -0.88 99 0.15 99 1
m970V 5125.12 4.88 0.50 99 -0.48 99 00
m971V 4173.61 1.29 -0.68 99 0.37 99 1
BD+194601 5594.93 4.59 -0.53 99 0.22 99 1 
BD+224454 5270.15 4.37 -0.40 99 0.32 99 1 
BD+252555 5000.11 1.73 -0.40 99 -0.06 99 1
BD+334707 4867.84 4.69 -0.87 99 0.51 99 1 
G056-036 6548.94 4.90 -0.38 99 -0.31 99 44
G119-064 6750.33 4.97 -1.34 99 -0.00 99 0 
G121-012 6379.16 4.75 -0.86 99 -0.09 99 1 
G159-050 5943.07 3.66 -0.62 99 0.32 99 11 
G176-053 6019.91 4.46 -1.28 99 0.09 99 0  
G180-024 6673.69 4.90 -0.44 99 -0.45 99 22
HD000070 5685.04 4.18 -0.18 99 0.19 99 1  
HD000101 5896.12 4.10 -0.42 99 0.12 99 1  
HD000153 5756.55 3.64 -0.01 99 0.02 99 1  
HD000330 5799.29 3.35 -0.03 99 -0.16 99 1 
HD000787 3965.30 1.00 -0.60 99 0.13 99 1  
HD002910 4632.92 2.61 -0.06 99 0.05 99 1  
HD003628 5749.22 3.90 -0.22 99 0.17 99 1  
HD004188 4843.98 2.76 -0.02 99 0.03 99 1  
HD004915 5652.93 4.46 -0.11 99 0.13 99 1  
HD005494 6089.44 3.44 -0.16 99 -0.04 99 1 
HD006312 5836.20 3.96 -0.32 99 0.10 99 1  
HD006734 4832.94 2.69 -0.47 99 0.33 99 1  
HD006920 5769.57 3.63 -0.07 99 -0.03 99 1 
HD008207 4590.83 2.74 0.12 99 0.16 99 1	  
HD008389A 5256.24 4.72 0.19 99 -0.03 99 11
HD009430 5733.02 4.16 -0.37 99 0.27 99 1  
HD011045 5788.36 3.92 -0.08 99 -0.18 99 11
HD011505 5675.30 3.98 -0.14 99 0.12 99 1  
HD011592 6254.89 3.83 -0.38 99 0.03 99 1  
HD011749 4458.06 2.01 -0.39 99 0.18 99 1  
HD011964A 5260.97 3.93 -0.06 99 0.12 99 1 
HD013403 5666.02 3.81 -0.19 99 -0.02 99 1 
HD015779 4771.18 2.58 0.02 99 0.07 99 1	  
HD016067 6086.99 3.55 0.19 99 -0.14 99 1  
HD016397 5872.98 3.96 -0.46 99 0.09 99 1  
HD016400 4790.51 2.71 -0.02 99 -0.01 99 1 
HD018757 5731.12 4.26 -0.05 99 0.05 99 1  
HD019270 4759.52 2.65 0.07 99 0.03 99 1	  
HD019467 5773.06 3.72 0.08 99 -0.44 99 11 
HD019845 4954.38 3.02 0.11 99 0.00 99 1	  
HD020791 4935.77 2.69 0.10 99 0.05 99 1	  
HD021019 5496.62 4.04 -0.31 99 0.06 99 1  
HD025173 5880.32 3.85 -0.62 99 0.17 99 1  
HD025602 4751.69 2.56 -0.12 99 0.08 99 1  
HD025604 4979.36 2.97 0.25 99 -0.06 99 1  
HD027348 4940.92 2.80 0.02 99 0.00 99 1	  
HD028005 5678.70 4.60 0.24 99 0.01 99 1	  
HD029400 5331.64 4.46 -0.24 99 -0.04 99 11
HD029574 3671.62 3.00 -3.79 99 0.56 99 0  
HD030557 4846.99 2.70 -0.04 99 0.01 99 1  
HD030562 5908.89 3.79 0.43 99 -0.27 99 1  
HD031539 4134.62 1.30 -0.40 99 0.23 99 1  
HD034200 5058.31 2.55 0.07 99 0.08 99 1	  
HD034559 4990.77 2.17 0.07 99 -0.00 99 1  
HD036283 5513.33 4.27 -0.27 99 0.27 99 1  
HD036909 6104.35 4.11 -0.30 99 0.09 99 1  
HD037124 5651.38 4.19 -0.02 99 -0.26 99 11
HD039910 4793.72 3.04 0.28 99 -0.09 99 1  
HD040020 4608.60 2.60 0.07 99 0.08 99 1	  
HD042341 4790.15 2.81 0.19 99 0.10 99 1	  
HD043023 4986.64 2.50 -0.07 99 0.10 99 1  
HD045350 6024.70 4.36 0.71 99 -0.03 99 11 
HD050281 4510.28 3.75 -0.39 99 0.30 99 1  
HD051530 6233.03 3.46 -0.19 99 -0.14 99 1 
HD052265 6142.09 4.37 0.10 99 -0.15 99 1  
HD052919 4756.43 4.00 -0.01 99 0.11 99 1  
HD053329 4921.20 2.26 -0.40 99 0.18 99 1  
HD054717 6209.34 2.41 -0.22 99 -0.47 99 1 
HD060318 4990.13 2.57 0.14 99 -0.14 99 1  
HD063332 6495.28 4.54 0.00 99 -0.07 99 1  
HD064815 5944.71 3.84 -0.27 99 -0.10 99 1 
HD064967 4984.93 1.35 -0.07 99 -0.25 99 1 
HD066428 5750.77 4.41 0.43 99 -0.33 99 1  
HD071088 4825.69 2.47 -0.14 99 0.10 99 1  
HD073344 6150.15 3.45 0.20 99 -0.37 99 1  
HD073400 6307.27 4.18 -0.18 99 -0.05 99 1 
HD074014 5542.95 4.54 0.18 99 -0.10 99 1  
HD075530 5430.02 4.82 -0.63 99 0.14 99 1  
HD078050 5058.29 1.33 -1.15 99 0.33 99 1  
HD080218 6205.21 4.05 -0.02 99 -0.14 99 1 
HD085902 5878.70 4.39 -0.39 99 -0.04 99 1 
HD087838 6242.32 4.26 -0.21 99 -0.16 99 1 
HD089454 6248.96 4.50 0.79 99 -0.12 99 11 
HD092788 5986.97 4.50 0.61 99 -0.23 99 1  
HD094835 6000.29 4.50 0.19 99 -0.16 99 1  
HD098356 5268.47 4.55 0.09 99 -0.03 99 1  
HD099126 6238.84 4.09 0.01 99 -0.16 99 1  
HD099233 5952.63 4.24 -0.43 99 -0.04 99 1 
HD100777 5592.19 4.49 0.31 99 -0.03 99 1  
HD103912 5261.37 3.62 -0.31 99 -0.01 99 1 
HD104783 5402.84 2.44 0.10 99 -0.49 99 1  
HD108076 5738.33 0.10 -0.78 99 0.10 99 00 
HD108317 5304.56 0.10 -1.59 99 0.56 99 44 
HD109303 6033.80 4.35 -0.54 99 0.06 99 1  
HD111031 6053.58 4.34 0.63 99 -0.11 99 11 
HD112001 5835.07 3.97 0.23 99 -0.22 99 1  
HD114174 5853.73 4.53 -0.02 99 -0.15 99 1 
HD116976 4495.73 2.36 -0.03 99 0.07 99 1  
HD117043 5658.58 4.61 0.28 99 -0.14 99 1  
HD118659 5596.34 4.35 0.04 99 -0.58 99 00 
HD119173 6041.74 4.11 -0.49 99 -0.01 99 1 
HD120452 4910.85 2.66 0.14 99 -0.07 99 1  
HD122064 4693.56 4.51 -0.09 99 0.17 99 1  
HD122149 6004.79 3.97 0.11 99 -0.23 99 1  
HD123265 5388.96 4.42 0.21 99 -0.18 99 1  
HD123710 5938.60 3.96 0.43 99 -0.52 99 1  
HD124330 6018.74 4.32 0.62 99 -0.05 99 11 
HD129209 5775.60 2.52 0.19 99 0.05 99 11  
HD132254 6468.86 4.58 0.31 99 -0.19 99 0  
HD134088 5849.10 3.79 -0.19 99 -0.28 99 1 
HD136713 4924.05 4.62 -0.03 99 0.12 99 1  
HD136925 5709.72 4.50 -0.28 99 -0.09 99 1 
HD139457 6072.35 4.16 -0.29 99 -0.12 99 1 
HD140573 4484.73 2.43 -0.02 99 0.05 99 1  
HD141680 4745.41 2.24 -0.02 99 -0.04 99 1 
HD141937 5937.43 4.55 0.06 99 -0.12 99 1  
HD142198 4751.37 2.45 -0.20 99 -0.03 99 1 
HD143295 4985.85 4.55 -0.14 99 0.15 99 1  
HD144046 5013.48 2.95 0.19 99 -0.20 99 1  
HD145937 5974.51 4.38 -0.61 99 0.08 99 1  
HD146791 4900.66 2.77 -0.14 99 -0.04 99 1 
HD149750 5914.30 4.38 0.39 99 -0.04 99 11 
HD149996 5804.85 4.04 -0.39 99 -0.00 99 1 
HD151504 5437.59 4.56 0.08 99 -0.09 99 1  
HD151655 5367.58 3.55 0.05 99 -0.17 99 1  
HD154931 6126.23 4.05 -0.07 99 -0.08 99 1 
HD154962 5979.74 4.16 0.30 99 -0.23 99 1  
HD157172 5417.73 4.51 0.12 99 -0.03 99 1  
HD157467 6134.42 3.75 0.14 99 -0.31 99 1  
HD159062 5470.05 4.41 0.05 99 -0.14 99 0  
HD160315 5121.56 3.39 0.27 99 -0.15 99 1  
HD161239 6000.72 4.09 0.41 99 -0.25 99 1  
HD163363 6003.30 3.62 0.10 99 -0.19 99 1  
HD165173 5442.27 4.36 -0.29 99 0.11 99 1  
HD165401 5869.86 4.40 -0.04 99 -0.07 99 1 
HD166578 4966.80 1.69 -0.43 99 0.01 99 1  
HD168151 6619.48 4.24 -0.30 99 0.08 99 1  
HD168159 4677.29 4.10 -0.33 99 0.20 99 1  
HD168653 4762.40 2.72 -0.03 99 0.01 99 1  
HD168746 5548.88 4.42 -0.12 99 0.08 99 1  
HD171620 6118.31 4.26 -0.66 99 0.07 99 1  
HD171994 5021.06 2.73 -0.17 99 0.03 99 1  
HD173701 5391.32 4.51 0.46 99 -0.21 99 0  
HD175179 5791.30 4.04 -0.60 99 0.13 99 1  
HD175317 6425.69 4.04 0.01 99 0.00 99 1	  
HD175743 4698.91 2.68 0.03 99 0.04 99 1	  
HD176377 5771.87 4.07 -0.19 99 0.05 99 1  
HD176598 4983.56 2.83 -0.03 99 0.01 99 1  
HD176796 6174.39 3.90 -0.29 99 -0.14 99 1 
HD176841 5796.88 2.58 0.43 99 0.01 99 11  
HD176986 4943.54 4.64 -0.21 99 0.29 99 1  
HD183870 4942.73 4.55 -0.25 99 0.32 99 1  
HD184601 5914.92 4.06 -0.78 99 0.22 99 1  
HD186379 5911.67 3.64 -0.28 99 -0.18 99 1 
HD187195 4366.62 2.16 -0.04 99 0.20 99 1  
HD187739 4565.44 2.24 -0.34 99 0.12 99 1  
HD187923 5774.10 3.81 0.02 99 -0.09 99 1  
HD191533 6284.56 3.78 -0.12 99 -0.06 99 1 
HD191649 6049.99 4.10 -0.40 99 0.06 99 1  
HD192031 5288.59 4.74 -0.90 99 0.41 99 1  
HD192145 6061.58 3.52 -0.20 99 -0.10 99 1 
HD192718 5777.68 4.24 -0.63 99 0.39 99 1  
HD192787 4975.52 2.56 -0.01 99 0.05 99 1  
HD192836 4784.88 2.66 0.06 99 0.05 99 1	  
HD193844 4965.91 4.55 -0.38 99 0.39 99 1  
HD194497 6341.81 3.88 -0.45 99 0.01 99 1  
HD195330 4905.64 2.56 -0.10 99 0.02 99 1  
HD196134 4777.78 2.44 -0.02 99 0.06 99 1  
HD196892 6117.60 3.95 -0.77 99 0.10 99 1  
HD198075 5730.50 4.12 -0.13 99 -0.16 99 11
HD198089 5757.03 4.14 -0.29 99 0.14 99 1  
HD198109 6205.00 4.04 -0.56 99 0.10 99 1  
HD198390 6341.58 3.87 -0.23 99 -0.06 99 1 
HD198431 4467.57 1.70 -0.30 99 0.20 99 1  
HD199960 5704.54 4.15 0.21 99 -0.06 99 1  
HD203384 5562.05 4.37 0.19 99 -0.20 99 11 
HD204306 5959.22 3.64 -0.40 99 -0.02 99 1 
HD207978 6411.78 4.20 -0.58 99 0.08 99 1  
HD208111 4532.12 2.46 0.14 99 0.11 99 1	  
HD209858 6012.06 3.93 -0.34 99 0.03 99 1  
HD210277 5546.65 4.55 0.34 99 -0.21 99 11 
HD210457 6289.45 3.86 -0.25 99 -0.01 99 1 
HD210855 6191.54 3.75 0.08 99 -0.11 99 1  
HD212320 4796.60 2.48 -0.13 99 0.13 99 1  
HD212496 4726.09 2.60 -0.21 99 0.14 99 1  
HD212858 5925.10 4.10 -0.53 99 0.10 99 1  
HD213575 5604.44 4.12 -0.06 99 0.09 99 1  
HD215030 4737.22 2.25 -0.33 99 0.20 99 1  
HD215065 5793.37 3.65 0.08 99 -0.31 99 11 
HD215152 4793.79 3.88 -0.28 99 0.37 99 1  
HD215257 6035.02 4.02 -0.60 99 0.08 99 1  
HD215721 4927.41 2.28 -0.38 99 0.16 99 1  
HD216179 5522.77 4.39 -0.47 99 0.31 99 1  
HD216631 6030.98 3.39 -0.39 99 -0.09 99 1 
HD218172 5967.94 3.04 0.09 99 -0.28 99 1  
HD218209 5600.87 4.33 -0.39 99 0.30 99 1  
HD218637 6155.37 3.92 -0.16 99 0.01 99 1  
HD220117 6460.42 4.00 -0.06 99 -0.03 99 1 
HD220339 4934.38 4.70 -0.54 99 0.38 99 1  
HD221356 6118.04 3.76 0.53 99 -0.86 99 0  
HD222493 4843.60 2.54 0.06 99 0.10 99 1	  
HD222794 5533.58 4.18 -0.76 99 0.35 99 1  
HD225197 4802.57 2.53 0.11 99 0.09 99 1	  
HR2721 5815.12 4.13 -0.85 99 0.17 99 1	  
HR6136 3762.39 1.37 -1.11 99 0.20 99 0    