10.00   0.1500  3.5414   5.1770 .79543812E-06 .24809908E-05 .11436043E-04 .29224709E-04 .81032675E-04 .21184839E-03 .38782051E-03 .46934131E-03 .15000001     0.00000   4.033  10.806
10.00   0.2000  3.5624   5.0989 .21306217E-05 .65436731E-05 .28321316E-04 .68361409E-04 .15738379E-03 .39350041E-03 .71565626E-03 .85546309E-03 .20000000     0.00000   3.700  10.088
10.00   0.2500  3.5741   5.0489 .38764382E-05 .11892071E-04 .49288174E-04 .11599811E-03 .24789088E-03 .60352220E-03 .10916160E-02 .12970901E-02 .25000000     0.00000   3.551   9.604
10.00   0.3000  3.5833   5.0130 .63989389E-05 .19258896E-04 .76923485E-04 .17767496E-03 .36211364E-03 .83065080E-03 .14957068E-02 .17644590E-02 .30000001     0.00000   3.401   9.224
10.00   0.3500  3.5911   4.9856 .98514658E-05 .28916677E-04 .11155099E-03 .25392712E-03 .50036810E-03 .10727243E-02 .19260634E-02 .22554169E-02 .34999999     0.00000   3.264   8.910
10.00   0.4000  3.5983   4.9285 .15515533E-04 .44802741E-04 .16582239E-03 .37016546E-03 .71199790E-03 .14744719E-02 .26377983E-02 .30697529E-02 .40000001     0.00000   3.169   8.551
10.00   0.4500  3.6076   4.8916 .25386561E-04 .70044000E-04 .23900964E-03 .51349462E-03 .96120054E-03 .20199398E-02 .36469276E-02 .42095358E-02 .44999999     0.00000   3.115   8.237
10.00   0.5000  3.6190   4.8447 .44206927E-04 .11519602E-03 .35495584E-03 .72277799E-03 .13129151E-02 .28047488E-02 .51060103E-02 .58346251E-02 .50000000     0.00000   3.040   7.892
10.00   0.5999  3.6463   4.7399 .14267398E-03 .31390785E-03 .82194270E-03 .14729776E-02 .24838234E-02 .50933946E-02 .87029546E-02 .97633570E-02 .60000002     0.00017   2.687   7.159
10.00   0.6059  3.6488   4.7334 .15746968E-03 .33858701E-03 .87732857E-03 .15615291E-02 .26166929E-02 .53221063E-02 .90422271E-02 .10127598E-01 .60607296     0.00029   2.656   7.107
10.00   0.6729  3.6773   4.6673 .44540448E-03 .74067864E-03 .17100831E-02 .28265516E-02 .44317738E-02 .82268059E-02 .13119375E-01 .14437863E-01 .67315298     0.00038   2.316   6.543
10.00   0.6997  3.6891   4.6427 .65975300E-03 .10017094E-02 .22094830E-02 .35486609E-02 .54257580E-02 .97097928E-02 .15094898E-01 .16498408E-01 .69999999     0.00043   2.183   6.321
10.00   0.7356  3.7088   4.6113 .11767601E-02 .15746745E-02 .32266617E-02 .49513714E-02 .72785749E-02 .12222092E-01 .18227104E-01 .19705658E-01 .73595381     0.00048   1.965   5.991
10.00   0.7691  3.7269   4.5783 .19439579E-02 .23731150E-02 .45572210E-02 .67259576E-02 .95617141E-02 .14919410E-01 .21438547E-01 .22959548E-01 .76959306     0.00064   1.756   5.679
10.00   0.7959  3.7407   4.5465 .28114957E-02 .32354444E-02 .59234895E-02 .85056942E-02 .11805100E-01 .17868932E-01 .24976522E-01 .26565877E-01 .79651344     0.00077   1.629   5.425
10.00   0.7994  3.7424   4.5420 .29447178E-02 .33650084E-02 .61251812E-02 .87675000E-02 .12133580E-01 .18302332E-01 .25496303E-01 .27096416E-01 .80000001     0.00075   1.614   5.391
10.00   0.8138  3.7487   4.5193 .35423598E-02 .39457491E-02 .70313645E-02 .99482261E-02 .13624066E-01 .20285193E-01 .27910129E-01 .29572521E-01 .81445903     0.00081   1.560   5.252
10.00   0.8260  3.7536   4.4977 .41253236E-02 .45080175E-02 .79033543E-02 .11082523E-01 .15056763E-01 .22190529E-01 .30240882E-01 .31968468E-01 .82668668     0.00083   1.517   5.133
10.00   0.8354  3.7573   4.4803 .46349582E-02 .49951300E-02 .86511590E-02 .12050387E-01 .16274812E-01 .23799996E-01 .32202206E-01 .33983575E-01 .83622968     0.00099   1.485   5.040
10.00   0.8449  3.7609   4.4616 .52095811E-02 .55416929E-02 .94854193E-02 .13127572E-01 .17628853E-01 .25584741E-01 .34377358E-01 .36219354E-01 .84577656     0.00104   1.455   4.945
10.00   0.8549  3.7643   4.4396 .58817392E-02 .61787631E-02 .10459810E-01 .14388954E-01 .19220308E-01 .27693604E-01 .36968871E-01 .38889882E-01 .85584468     0.00110   1.426   4.844
10.00   0.8661  3.7679   4.4132 .67372628E-02 .69855733E-02 .11689342E-01 .15978673E-01 .21225500E-01 .30348472E-01 .40235344E-01 .42258028E-01 .86712778     0.00119   1.395   4.727
10.00   0.8722  3.7697   4.3983 .72384289E-02 .74584506E-02 .12408937E-01 .16908936E-01 .22399490E-01 .31903638E-01 .42152587E-01 .44236360E-01 .87324709     0.00120   1.380   4.665
10.00   0.8781  3.7714   4.3828 .77700263E-02 .79611787E-02 .13173754E-01 .17897955E-01 .23648483E-01 .33559675E-01 .44197854E-01 .46348013E-01 .87921488     0.00127   1.366   4.602
10.00   0.8847  3.7731   4.3650 .83894942E-02 .85501917E-02 .14072236E-01 .19062250E-01 .25122263E-01 .35520722E-01 .46630300E-01 .48862396E-01 .88589203     0.00135   1.352   4.532
10.00   0.8874  3.7737   4.3572 .86517321E-02 .88016142E-02 .14458528E-01 .19565166E-01 .25761795E-01 .36377812E-01 .47701364E-01 .49971645E-01 .88865954     0.00142   1.346   4.503
10.00   0.8910  3.7746   4.3478 .90086301E-02 .91408208E-02 .14973067E-01 .20229913E-01 .26601131E-01 .37490033E-01 .49076384E-01 .51391972E-01 .89227217     0.00143   1.339   4.466
10.00   0.8927  3.7749   4.3432 .91656832E-02 .92923239E-02 .15206820E-01 .20535087E-01 .26990290E-01 .38013816E-01 .49733909E-01 .52073735E-01 .89397633     0.00143   1.336   4.450
10.00   0.8960  3.7752   4.3342 .94376643E-02 .95601032E-02 .15630232E-01 .21095927E-01 .27714991E-01 .39009172E-01 .51007304E-01 .53400087E-01 .89729714     0.00145   1.334   4.420
10.00   0.8987  3.7755   4.3273 .96640174E-02 .97813754E-02 .15976874E-01 .21552627E-01 .28302296E-01 .39809949E-01 .52024974E-01 .54458413E-01 .89999998     0.00144   1.331   4.397
10.00   0.8993  3.7756   4.3256 .97242019E-02 .98396317E-02 .16066964E-01 .21670419E-01 .28452728E-01 .40012882E-01 .52280329E-01 .54723342E-01 .90060318     0.00145   1.331   4.391
10.00   0.9046  3.7757   4.3088 .10182384E-01 .10300485E-01 .16814182E-01 .22674324E-01 .29766388E-01 .41851209E-01 .54671970E-01 .57224264E-01 .90603387     0.00158   1.330   4.341
10.00   0.9103  3.7757   4.2899 .10704084E-01 .10828235E-01 .17675664E-01 .23836053E-01 .31291482E-01 .43995475E-01 .57473114E-01 .60156175E-01 .91174310     0.00158   1.330   4.287
10.00   0.9113  3.7758   4.2861 .10825408E-01 .10948040E-01 .17865600E-01 .24088033E-01 .31617558E-01 .44444307E-01 .58048515E-01 .60755808E-01 .91276878     0.00161   1.329   4.276
10.00   0.9159  3.7772   4.2645 .11692073E-01 .11782247E-01 .19142404E-01 .25747431E-01 .33725320E-01 .47263481E-01 .61568353E-01 .64400858E-01 .91748112     0.00172   1.317   4.202
10.00   0.9180  3.7786   4.2469 .12473527E-01 .12528553E-01 .20265733E-01 .27192977E-01 .35545002E-01 .49662385E-01 .64523611E-01 .67451473E-01 .91957933     0.00172   1.306   4.142
10.00   0.9192  3.7794   4.2332 .13052053E-01 .13085958E-01 .21114459E-01 .28293056E-01 .36939340E-01 .51520783E-01 .66837896E-01 .69846839E-01 .92079091     0.00173   1.299   4.098
10.00   0.9206  3.7791   4.2226 .13333983E-01 .13377640E-01 .21605351E-01 .28965702E-01 .37834269E-01 .52803432E-01 .68540365E-01 .71635146E-01 .92225099     0.00179   1.301   4.073
10.00   0.9237  3.7790   4.2073 .13835229E-01 .13883660E-01 .22429606E-01 .30075904E-01 .39290182E-01 .54847307E-01 .71206709E-01 .74425069E-01 .92542636     0.00187   1.302   4.032
10.00   0.9365  3.7769   4.1370 .15960151E-01 .16095179E-01 .26174207E-01 .35223693E-01 .46158383E-01 .64729595E-01 .84368334E-01 .88261185E-01 .93839657     0.00202   1.320   3.862
10.00   0.9488  3.7692   4.0395 .17839207E-01 .18412914E-01 .30683331E-01 .41846958E-01 .55477519E-01 .79101613E-01 .10461211E+00 .10980779E+00 .95101893     0.00233   1.384   3.681
10.00   0.9569  3.7543   3.9437 .17363659E-01 .18900894E-01 .33038862E-01 .46199968E-01 .62658348E-01 .92461296E-01 .12582438E+00 .13289993E+00 .95942396     0.00263   1.511   3.581
10.00   0.9611  3.7346   3.8651 .14605010E-01 .17181691E-01 .32116080E-01 .46478218E-01 .65065241E-01 .10056501E+00 .14231951E+00 .15161943E+00 .96373582     0.00274   1.685   3.577
10.00   0.9629  3.7234   3.8213 .12976263E-01 .16052419E-01 .31241440E-01 .46231142E-01 .65964899E-01 .10560299E+00 .15294417E+00 .16378947E+00 .96558636     0.00278   1.799   3.578
10.00   0.9655  3.7099   3.7279 .12026490E-01 .16059425E-01 .32881809E-01 .49982318E-01 .73009358E-01 .12335668E+00 .18393473E+00 .19820701E+00 .96830004     0.00289   1.950   3.476
10.00   0.9672  3.7039   3.6471 .12565055E-01 .17532032E-01 .36804817E-01 .56599649E-01 .83522497E-01 .14444135E+00 .21836431E+00 .23590613E+00 .97011727     0.00301   2.017   3.332
10.00   0.9686  3.7004   3.5698 .13719688E-01 .19745497E-01 .42146071E-01 .65217004E-01 .96776581E-01 .16972637E+00 .25880320E+00 .27994523E+00 .97162789     0.00312   2.056   3.173
10.00   0.9697  3.6982   3.5009 .15144941E-01 .22283949E-01 .48113154E-01 .74710055E-01 .11122000E+00 .19682985E+00 .30186455E+00 .32673094E+00 .97284889     0.00324   2.080   3.021
10.00   0.9707  3.6966   3.4320 .16951188E-01 .25400049E-01 .55348943E-01 .86127874E-01 .12847988E+00 .22896552E+00 .35273240E+00 .38190607E+00 .97396553     0.00335   2.097   2.864
10.00   0.9716  3.6947   3.3627 .18811345E-01 .28807633E-01 .63469974E-01 .99051795E-01 .14815279E+00 .26606107E+00 .41205645E+00 .44636483E+00 .97499663     0.00348   2.118   2.708
10.00   0.9723  3.6930   3.2987 .20711227E-01 .32371253E-01 .72060555E-01 .11275262E+00 .16904606E+00 .30563736E+00 .47565607E+00 .51550049E+00 .97579676     0.00358   2.136   2.565
10.00   0.9730  3.6914   3.2320 .22976071E-01 .36650926E-01 .82430771E-01 .12928420E+00 .19424825E+00 .35344056E+00 .55267209E+00 .59921189E+00 .97656554     0.00365   2.154   2.413
10.00   0.9735  3.6896   3.1631 .25439540E-01 .41527777E-01 .94503977E-01 .14864800E+00 .22391217E+00 .41014242E+00 .64478895E+00 .69946676E+00 .97726768     0.00386   2.173   2.258
10.00   0.9739  3.6878   3.0963 .28008536E-01 .46806658E-01 .10781384E+00 .17009558E+00 .25689019E+00 .47351324E+00 .74848354E+00 .81243936E+00 .97785133     0.00404   2.193   2.109
10.00   0.9743  3.6858   3.0288 .30625190E-01 .52619642E-01 .12286677E+00 .19454420E+00 .29471441E+00 .54669983E+00 .86944018E+00 .94444987E+00 .97838080     0.00417   2.214   1.960
10.00   0.9745  3.6838   2.9605 .33576022E-01 .59309706E-01 .14011931E+00 .22293156E+00 .33904578E+00 .63187799E+00 .10103258E+01 .10988103E+01 .97886461     0.00446   2.236   1.809
10.00   0.9747  3.6818   2.8955 .36621014E-01 .66365053E-01 .15850547E+00 .25352298E+00 .38722636E+00 .72451438E+00 .11643744E+01 .12680935E+01 .97927153     0.00467   2.258   1.666
10.00   0.9749  3.6794   2.8238 .40040329E-01 .74807916E-01 .18103468E+00 .29142274E+00 .44743615E+00 .84086550E+00 .13597215E+01 .14833203E+01 .97967005     0.00487   2.284   1.511
10.00   0.9749  3.6773   2.7570 .43694583E-01 .83826364E-01 .20521914E+00 .33223553E+00 .51245542E+00 .96650390E+00 .15713951E+01 .17167795E+01 .97999799     0.00520   2.306   1.365
10.00   0.9749  3.6753   2.6942 .47389342E-01 .93222069E-01 .23076164E+00 .37563358E+00 .58197387E+00 .11010884E+01 .17995477E+01 .19688544E+01 .98028022     0.00549   2.328   1.228
10.00   0.9749  3.6727   2.6274 .50884649E-01 .10338912E+00 .25965970E+00 .42572059E+00 .66344430E+00 .12599350E+01 .20732238E+01 .22725589E+01 .98055208     0.00576   2.355   1.087
10.00   0.9747  3.6700   2.5593 .54613868E-01 .11472647E+00 .29252430E+00 .48324130E+00 .75774458E+00 .14439874E+01 .23930715E+01 .26283832E+01 .98083013     0.00625   2.384   0.943
10.00   0.9745  3.6686   2.5188 .57271506E-01 .12239321E+00 .31454190E+00 .52167481E+00 .82066220E+00 .15664043E+01 .26056146E+01 .28648167E+01 .98110402     0.00673   2.399   0.856
10.00   0.9743  3.6724   2.5937 .54442584E-01 .11103010E+00 .27931752E+00 .45833262E+00 .71475334E+00 .13579251E+01 .22362300E+01 .24517757E+01 .98139632     0.00723   2.358   1.006
10.00   0.9742  3.6693   2.5167 .58851328E-01 .12469525E+00 .31919655E+00 .52834599E+00 .82980998E+00 .15826150E+01 .26276877E+01 .28875739E+01 .98162013     0.00756   2.391   0.845
10.00   0.9739  3.6657   2.4364 .62955156E-01 .13937986E+00 .36412338E+00 .60893379E+00 .96445904E+00 .18462953E+01 .30950793E+01 .34104421E+01 .98184407     0.00809   2.429   0.680
10.00   0.9736  3.6618   2.3533 .67155577E-01 .15584351E+00 .41629545E+00 .70412444E+00 .11256697E+01 .21623949E+01 .36633222E+01 .40487579E+01 .98205870     0.00861   2.470   0.512
10.00   0.9731  3.6586   2.2764 .72237038E-01 .17416662E+00 .47388857E+00 .80917216E+00 .13037571E+01 .25240787E+01 .43135163E+01 .47794198E+01 .98223615     0.00930   2.509   0.352
10.00   0.9726  3.6553   2.2010 .77229599E-01 .19361927E+00 .53699901E+00 .92609796E+00 .15044746E+01 .29369691E+01 .50649151E+01 .56269175E+01 .98239261     0.00997   2.551   0.197
10.00   0.9720  3.6517   2.1259 .81748072E-01 .21377965E+00 .60553183E+00 .10558916E+01 .17311359E+01 .34113778E+01 .59422272E+01 .66211748E+01 .98252809     0.01072   2.597   0.046
10.00   0.9712  3.6480   2.0449 .87266681E-01 .23822223E+00 .68966210E+00 .12166054E+01 .20139800E+01 .40088741E+01 .70559833E+01 .78867434E+01 .98266125     0.01166   2.646  -0.119
10.00   0.9703  3.6445   1.9664 .93049497E-01 .26443200E+00 .78165974E+00 .13943951E+01 .23299972E+01 .46840911E+01 .83267926E+01 .93353181E+01 .98277575     0.01269   2.693  -0.279
10.00   0.9692  3.6407   1.8874 .98270011E-01 .29160888E+00 .88189610E+00 .15928172E+01 .26894330E+01 .54676757E+01 .98263787E+01 .11053572E+02 .98287630     0.01391   2.745  -0.437
10.00   0.9681  3.6368   1.8112 .10270071E+00 .31844426E+00 .98609705E+00 .18043212E+01 .30802216E+01 .63380787E+01 .11520395E+02 .13005016E+02 .98296046     0.01512   2.800  -0.587
10.00   0.9669  3.6330   1.7386 .10671564E+00 .34521925E+00 .10941621E+01 .20281620E+01 .35007020E+01 .72924852E+01 .13403973E+02 .15184857E+02 .98303294     0.01641   2.856  -0.730
10.00   0.9654  3.6289   1.6585 .11152332E+00 .37748005E+00 .12271111E+01 .23073944E+01 .40317523E+01 .85167799E+01 .15846253E+02 .18021992E+02 .98310542     0.01801   2.917  -0.887
10.00   0.9637  3.6248   1.5787 .11630049E+00 .41168957E+00 .13730091E+01 .26199167E+01 .46361126E+01 .99387016E+01 .18721453E+02 .21377778E+02 .98316854     0.01980   2.981  -1.044
10.00   0.9618  3.6210   1.5035 .12109124E+00 .44664404E+00 .15256862E+01 .29521495E+01 .52876792E+01 .11499844E+02 .21914318E+02 .25119688E+02 .98322237     0.02179   3.041  -1.192
10.00   0.9598  3.6171   1.4325 .12423385E+00 .47780145E+00 .16731147E+01 .32852982E+01 .59604769E+01 .13166782E+02 .25394193E+02 .29226295E+02 .98326916     0.02387   3.106  -1.328
10.00   0.9574  3.6127   1.3492 .12854624E+00 .51802332E+00 .18659812E+01 .37269373E+01 .68642230E+01 .15449260E+02 .30208205E+02 .34930138E+02 .98331362     0.02635   3.181  -1.489
10.00   0.9547  3.6085   1.2748 .13091030E+00 .55134890E+00 .20409377E+01 .41452097E+01 .77496032E+01 .17777468E+02 .35225213E+02 .40919702E+02 .98335338     0.02914   3.255  -1.630
10.00   0.9516  3.6046   1.1960 .13572840E+00 .59531674E+00 .22607885E+01 .47133854E+01 .89401173E+01 .20688287E+02 .41507785E+02 .48431001E+02 .98338848     0.03233   3.327  -1.785
10.00   0.9478  3.6012   1.1149 .14370752E+00 .65281691E+00 .25355634E+01 .53406973E+01 .10263467E+02 .24268605E+02 .49229945E+02 .57668339E+02 .98342359     0.03622   3.392  -1.949
10.00   0.9442  3.5968   1.0405 .14395017E+00 .68400941E+00 .27359714E+01 .58420876E+01 .11375619E+02 .27835128E+02 .57284589E+02 .67457245E+02 .98344934     0.03991   3.480  -2.087
10.00   0.9402  3.5921   0.9615 .14329962E+00 .73035470E+00 .29484065E+01 .63916608E+01 .12750034E+02 .32148932E+02 .67203635E+02 .79598636E+02 .98347270     0.04400   3.578  -2.233
10.00   0.9350  3.5868   0.8822 .14653845E+00 .76367786E+00 .31112852E+01 .68657620E+01 .14095853E+02 .36898840E+02 .78524670E+02 .93642325E+02 .98349613     0.04931   3.696  -2.372
10.00   0.9286  3.5811   0.7932 .15190286E+00 .79857952E+00 .32852631E+01 .73966595E+01 .15962594E+02 .43003343E+02 .93324109E+02 .11214314E+03 .98351955     0.05584   3.833  -2.530
10.00   0.9229  3.5772   0.7229 .15757223E+00 .83329538E+00 .34507079E+01 .78815157E+01 .18152223E+02 .48614633E+02 .10694526E+03 .12920916E+03 .98353595     0.06165   3.933  -2.660
10.00   0.9148  3.5724   0.6366 .16359400E+00 .86654299E+00 .36172695E+01 .84158035E+01 .20961708E+02 .56247351E+02 .12585259E+03 .15310569E+03 .98355466     0.06990   4.067  -2.818
10.00   0.9070  3.5681   0.5645 .16790087E+00 .87395888E+00 .36742451E+01 .86978745E+01 .23198943E+02 .63013347E+02 .14318151E+03 .17530781E+03 .98356867     0.07785   4.197  -2.946
10.00   0.8957  3.5613   0.4718 .16392916E+00 .81342049E+00 .34578891E+01 .84284231E+01 .24961870E+02 .71014520E+02 .16541586E+03 .20469220E+03 .98358512     0.08935   4.431  -3.096
10.00   0.8855  3.5551   0.3927 .15642627E+00 .73306846E+00 .31475226E+01 .78970855E+01 .25625992E+02 .79539328E+02 .18888574E+03 .23650711E+03 .98359674     0.09973   4.690  -3.220
10.00   0.8727  3.5501   0.3129 .15711439E+00 .69943164E+00 .30267057E+01 .77883072E+01 .27119132E+02 .92211515E+02 .21963901E+03 .27912762E+03 .98360848     0.11276   4.912  -3.354
10.00   0.8605  3.5458   0.2434 .15840223E+00 .67600108E+00 .29314812E+01 .77220825E+01 .28495897E+02 .10471090E+03 .25005085E+03 .32181637E+03 .98361784     0.12517   5.101  -3.469
10.00   0.8408  3.5395   0.1490 .15669683E+00 .62523337E+00 .27074508E+01 .74076014E+01 .29612633E+02 .12174823E+03 .29181571E+03 .38249813E+03 .98362958     0.14521   5.375  -3.617
10.00   0.8200  3.6901   2.4253 .11671485E+00 .19227626E+00 .43907530E+00 .68724105E+00 .10314870E+01 .18958346E+01 .29835039E+01 .32311093E+01 .98363894     0.16636   2.167   0.595
10.00   0.8213  3.5348   0.0744 .15773986E+00 .59110850E+00 .25494942E+01 .72021464E+01 .30416002E+02 .13583702E+03 .32647496E+03 .43373062E+03 .98363894     0.16504   5.577  -3.731
10.00   0.8198  3.6873   2.3829 .11887756E+00 .20131003E+00 .46667068E+00 .73571882E+00 .11106836E+01 .20546298E+01 .32562064E+01 .35330083E+01 .98372638     0.16664   2.198   0.517
10.00   0.8195  3.6861   2.3649 .11961705E+00 .20512570E+00 .47860590E+00 .75689204E+00 .11455278E+01 .21246708E+01 .33774240E+01 .36674868E+01 .98384762     0.16705   2.211   0.485
10.00   0.8194  3.6856   2.3614 .11870169E+00 .20487545E+00 .47931646E+00 .75900543E+00 .11499373E+01 .21351365E+01 .33983577E+01 .36914648E+01 .98391992     0.16721   2.216   0.481
10.00   0.8192  3.6866   2.3675 .12067355E+00 .20575177E+00 .47877177E+00 .75616941E+00 .11432322E+01 .21181109E+01 .33627449E+01 .36503176E+01 .98397726     0.16746   2.206   0.487
10.00   0.8189  3.6879   2.3765 .12256283E+00 .20633549E+00 .47677739E+00 .75048595E+00 .11315587E+01 .20904288E+01 .33079399E+01 .35877002E+01 .98411584     0.16788   2.191   0.497
10.00   0.8186  3.6885   2.3825 .12291810E+00 .20571838E+00 .47382008E+00 .74467682E+00 .11213989E+01 .20688284E+01 .32688255E+01 .35438610E+01 .98425961     0.16831   2.185   0.506
10.00   0.8183  3.6891   2.3881 .12335907E+00 .20524046E+00 .47119863E+00 .73941411E+00 .11120888E+01 .20488064E+01 .32323199E+01 .35028885E+01 .98440695     0.16874   2.178   0.514
10.00   0.8180  3.6898   2.3932 .12429398E+00 .20537119E+00 .46973248E+00 .73579058E+00 .11050388E+01 .20324704E+01 .32009305E+01 .34672662E+01 .98455775     0.16917   2.170   0.521
10.00   0.8177  3.6904   2.3976 .12511280E+00 .20549891E+00 .46851732E+00 .73276152E+00 .10991302E+01 .20187081E+01 .31744912E+01 .34372681E+01 .98471946     0.16961   2.164   0.526
10.00   0.8173  3.6909   2.4003 .12604538E+00 .20600491E+00 .46841718E+00 .73167076E+00 .10963674E+01 .20111993E+01 .31587388E+01 .34190890E+01 .98487598     0.17015   2.158   0.528
10.00   0.8170  3.6912   2.4015 .12670727E+00 .20646926E+00 .46872139E+00 .73158671E+00 .10955675E+01 .20082599E+01 .31517641E+01 .34108690E+01 .98502928     0.17058   2.155   0.529
10.00   0.8167  3.6915   2.4022 .12751926E+00 .20717196E+00 .46956421E+00 .73234316E+00 .10960272E+01 .20076206E+01 .31484071E+01 .34065677E+01 .98518342     0.17102   2.152   0.528
10.00   0.8164  3.6916   2.4008 .12826272E+00 .20817201E+00 .47157924E+00 .73529896E+00 .11002259E+01 .20148135E+01 .31589008E+01 .34176986E+01 .98534065     0.17145   2.150   0.524
10.00   0.8161  3.6915   2.3971 .12893647E+00 .20947441E+00 .47478282E+00 .74048221E+00 .11082081E+01 .20299327E+01 .31833976E+01 .34444273E+01 .98549134     0.17189   2.152   0.516
10.00   0.8158  3.6913   2.3911 .12996498E+00 .21156679E+00 .48003736E+00 .74905819E+00 .11215018E+01 .20552950E+01 .32247774E+01 .34896564E+01 .98564517     0.17232   2.154   0.503
10.00   0.8154  3.6914   2.3821 .13299983E+00 .21629146E+00 .49049560E+00 .76518274E+00 .11454093E+01 .20985923E+01 .32918912E+01 .35620498E+01 .98584372     0.17289   2.153   0.480
10.00   0.8150  3.6903   2.3661 .13368312E+00 .21979365E+00 .50137611E+00 .78435309E+00 .11767588E+01 .21618033E+01 .34003629E+01 .36820792E+01 .98600608     0.17343   2.165   0.452
10.00   0.8145  3.6886   2.3404 .13512691E+00 .22592904E+00 .52009066E+00 .81718714E+00 .12303356E+01 .22692800E+01 .35846462E+01 .38859962E+01 .98618948     0.17409   2.184   0.405
10.00   0.8143  3.6872   2.3216 .13560423E+00 .22985983E+00 .53314125E+00 .84072936E+00 .12694790E+01 .23489046E+01 .37235157E+01 .40403130E+01 .98628515     0.17438   2.199   0.372
10.00   0.8139  3.6853   2.2961 .13575449E+00 .23521695E+00 .55119644E+00 .87351340E+00 .13242622E+01 .24603774E+01 .39189999E+01 .42578770E+01 .98639607     0.17488   2.220   0.328
10.00   0.8130  3.6801   2.2141 .13899830E+00 .25739968E+00 .62051681E+00 .99700780E+00 .15284242E+01 .28687760E+01 .46305985E+01 .50490443E+01 .98666465     0.17601   2.276   0.176
10.00   0.8128  3.6765   2.1615 .13996361E+00 .27122539E+00 .66694165E+00 .10820873E+01 .16720195E+01 .31575476E+01 .51443900E+01 .56235500E+01 .98669195     0.17624   2.315   0.081
10.00   0.8127  3.6700   2.0691 .14076768E+00 .29570839E+00 .75398369E+00 .12455583E+01 .19530926E+01 .37218888E+01 .61681607E+01 .67746784E+01 .98671240     0.17636   2.384  -0.085
10.00   0.8127  3.6648   1.9972 .14025901E+00 .31393274E+00 .82434174E+00 .13821555E+01 .21937962E+01 .42030379E+01 .70629122E+01 .77879240E+01 .98671842     0.17636   2.438  -0.212
10.00   0.8126  3.6554   1.8605 .14180151E+00 .35508640E+00 .98425141E+00 .16969049E+01 .27559801E+01 .53787257E+01 .92732529E+01 .10301374E+02 .98672318     0.17647   2.549  -0.460
10.00   0.8126  3.6497   1.7745 .14393817E+00 .38527121E+00 .11042128E+01 .19375010E+01 .31930650E+01 .63262388E+01 .11081532E+02 .12368405E+02 .98672515     0.17647   2.623  -0.618
10.00   0.8125  3.6437   1.6782 .14733356E+00 .42254309E+00 .12550299E+01 .22446325E+01 .37588720E+01 .75741751E+01 .13495248E+02 .15140358E+02 .98672754     0.17657   2.704  -0.799
10.00   0.8125  3.6386   1.5970 .14990441E+00 .45550401E+00 .13951681E+01 .25374594E+01 .43097037E+01 .88181410E+01 .15944444E+02 .17969658E+02 .98673040     0.17657   2.775  -0.951
10.00   0.8124  3.6374   1.5776 .15058975E+00 .46380194E+00 .14309765E+01 .26130623E+01 .44532256E+01 .91459553E+01 .16595041E+02 .18723335E+02 .98673248     0.17668   2.792  -0.987
10.00   0.8121  3.6425   1.6585 .14808484E+00 .43054465E+00 .12880355E+01 .23126677E+01 .38855228E+01 .78569991E+01 .14047412E+02 .15776491E+02 .98674148     0.17699   2.720  -0.835
10.00   0.8117  3.6448   1.6946 .14700366E+00 .41632975E+00 .12284641E+01 .21893274E+01 .36553427E+01 .73421366E+01 .13040765E+02 .14616416E+02 .98675889     0.17741   2.689  -0.768
10.00   0.8105  3.6394   1.6061 .15038659E+00 .45286681E+00 .13803828E+01 .25038930E+01 .42431340E+01 .86605641E+01 .15623210E+02 .17594887E+02 .98680514     0.17866   2.763  -0.933
10.00   0.8097  3.6339   1.5216 .15180753E+00 .48620220E+00 .15325086E+01 .28319117E+01 .48751358E+01 .10125544E+02 .18561929E+02 .21010361E+02 .98682821     0.17949   2.843  -1.088
10.00   0.8090  3.6285   1.4371 .15348278E+00 .52178944E+00 .17004526E+01 .32019711E+01 .56016707E+01 .11849713E+02 .22073891E+02 .25114433E+02 .98684537     0.18022   2.923  -1.245
10.00   0.8080  3.6227   1.3454 .15524649E+00 .56221318E+00 .18999409E+01 .36532916E+01 .65078433E+01 .14061345E+02 .26656752E+02 .30503104E+02 .98686206     0.18124   3.014  -1.415
10.00   0.8069  3.6169   1.2513 .15739741E+00 .60664092E+00 .21269891E+01 .41797064E+01 .75882792E+01 .16776430E+02 .32376033E+02 .37269552E+02 .98687738     0.18237   3.109  -1.590
10.00   0.8053  3.6112   1.1526 .16116071E+00 .65980395E+00 .23998792E+01 .48217736E+01 .89276087E+01 .20227607E+02 .39738615E+02 .46025314E+02 .98689377     0.18401   3.207  -1.778
10.00   0.8040  3.6043   1.0532 .15757553E+00 .69329048E+00 .26380679E+01 .55048713E+01 .10453238E+02 .24234805E+02 .48670328E+02 .56807767E+02 .98690379     0.18533   3.333  -1.956
10.00   0.8028  3.5986   0.9668 .15527558E+00 .72440960E+00 .28628226E+01 .60785407E+01 .11730615E+02 .28395398E+02 .58092669E+02 .68260481E+02 .98691094     0.18655   3.443  -2.113
10.00   0.8014  3.5923   0.8731 .15088951E+00 .76671581E+00 .30941186E+01 .67031448E+01 .13357310E+02 .33635242E+02 .70263564E+02 .83202025E+02 .98691738     0.18798   3.574  -2.282
10.00   0.8003  3.5874   0.7949 .15586863E+00 .81154963E+00 .33029121E+01 .72736762E+01 .14883368E+02 .38787179E+02 .82375077E+02 .98157066E+02 .98692161     0.18909   3.683  -2.427
10.00   0.7988  3.5808   0.7085 .15739900E+00 .82785153E+00 .34074159E+01 .76800159E+01 .16657983E+02 .44846847E+02 .97426038E+02 .11712035E+03 .98692584     0.19062   3.841  -2.575
10.00   0.7971  3.5764   0.6324 .16343962E+00 .86536709E+00 .35883312E+01 .82205855E+01 .19184499E+02 .51357253E+02 .11329641E+03 .13703754E+03 .98692971     0.19234   3.955  -2.719
10.00   0.7946  3.5715   0.5517 .16810636E+00 .88811812E+00 .37128722E+01 .86690595E+01 .21907043E+02 .58881399E+02 .13216966E+03 .16100372E+03 .98693419     0.19488   4.093  -2.869
10.00   0.7917  3.5651   0.4691 .16596760E+00 .84797749E+00 .35825867E+01 .85884356E+01 .24003277E+02 .66229992E+02 .15213675E+03 .18713296E+03 .98693836     0.19782   4.295  -3.007
10.00   0.7879  3.5578   0.3838 .15570127E+00 .74891061E+00 .32016730E+01 .79300246E+01 .24741627E+02 .73399249E+02 .17320493E+03 .21555646E+03 .98694271     0.20168   4.570  -3.142
10.00   0.7831  3.5510   0.2999 .14956422E+00 .67212068E+00 .29046922E+01 .74393412E+01 .25583157E+02 .85579089E+02 .20373133E+03 .25822360E+03 .98694706     0.20654   4.872  -3.277
10.00   0.7807  3.5478   0.2452 .15252915E+00 .66384907E+00 .28768178E+01 .74943450E+01 .26927179E+02 .95448130E+02 .22766065E+03 .29128805E+03 .98694891     0.20898   5.014  -3.379
10.00   0.7796  3.5465   0.2260 .15274875E+00 .65637000E+00 .28458459E+01 .74670668E+01 .27300421E+02 .99063929E+02 .23646762E+03 .30371206E+03 .98694968     0.21009   5.071  -3.412
10.00   0.7785  3.5453   0.2076 .15318635E+00 .65054044E+00 .28213100E+01 .74530154E+01 .27684609E+02 .10264670E+03 .24519410E+03 .31602705E+03 .98695034     0.21121   5.123  -3.445
10.00   0.7773  3.5440   0.1888 .15333745E+00 .64292067E+00 .27884049E+01 .74216364E+01 .28038941E+02 .10640927E+03 .25437718E+03 .32910807E+03 .98695105     0.21242   5.180  -3.477
10.00   0.7760  3.5427   0.1698 .15298213E+00 .63298889E+00 .27448085E+01 .73620955E+01 .28281616E+02 .10985078E+03 .26280553E+03 .34129985E+03 .98695171     0.21374   5.237  -3.510
10.00   0.7747  3.5414   0.1510 .15275793E+00 .62320126E+00 .27012568E+01 .73028046E+01 .28517591E+02 .11336074E+03 .27140991E+03 .35380471E+03 .98695242     0.21506   5.293  -3.542
10.00   0.7733  3.5402   0.1324 .15308192E+00 .61596013E+00 .26683714E+01 .72681662E+01 .28807669E+02 .11697931E+03 .28027049E+03 .36662442E+03 .98695308     0.21648   5.345  -3.574
10.00   0.7719  3.5389   0.1135 .15317339E+00 .60666978E+00 .26260448E+01 .72128229E+01 .29044116E+02 .12068473E+03 .28936795E+03 .37994555E+03 .98695379     0.21790   5.401  -3.607
10.00   0.7703  3.5376   0.0945 .15342590E+00 .59763131E+00 .25844149E+01 .71597971E+01 .29280676E+02 .12449119E+03 .29872083E+03 .39369373E+03 .98695445     0.21952   5.457  -3.639
10.00   0.7687  3.5364   0.0758 .15418633E+00 .59098583E+00 .25530188E+01 .71309472E+01 .29573527E+02 .12841955E+03 .30836187E+03 .40779945E+03 .98695517     0.22114   5.508  -3.671
10.00   0.7670  3.5351   0.0567 .15477499E+00 .58251142E+00 .25132051E+01 .70843199E+01 .29818090E+02 .13246892E+03 .31832476E+03 .42254128E+03 .98695588     0.22286   5.564  -3.704
10.00   0.7652  3.5338   0.0376 .15547583E+00 .57412120E+00 .24734992E+01 .70388687E+01 .30056288E+02 .13659855E+03 .32849475E+03 .43765821E+03 .98695654     0.22469   5.620  -3.736
10.00   0.7634  3.5325   0.0183 .15635187E+00 .56607253E+00 .24350466E+01 .69980723E+01 .30302017E+02 .14087350E+03 .33902882E+03 .45336332E+03 .98695719     0.22651   5.675  -3.769
10.00   0.7614  3.5313  -0.0005 .15760077E+00 .55997948E+00 .24051269E+01 .69759970E+01 .30592859E+02 .14522497E+03 .34974192E+03 .46928105E+03 .98695791     0.22854   5.726  -3.801
10.00   0.7593  3.5300  -0.0198 .15867487E+00 .55216526E+00 .23673395E+01 .69253568E+01 .30833580E+02 .14970479E+03 .36079888E+03 .48589722E+03 .98695856     0.23067   5.781  -3.833
10.00   0.7571  3.5287  -0.0394 .15991453E+00 .54479285E+00 .23313067E+01 .68783335E+01 .31089476E+02 .15437836E+03 .37233855E+03 .50327621E+03 .98695928     0.23290   5.836  -3.866
10.00   0.7552  3.5277  -0.0548 .16099590E+00 .53952095E+00 .23052101E+01 .68459649E+01 .31303201E+02 .15814321E+03 .38163595E+03 .51729331E+03 .98695982     0.23482   5.878  -3.892
10.00   0.7528  3.5264  -0.0743 .16228377E+00 .53233671E+00 .22697691E+01 .67981148E+01 .31554141E+02 .16301511E+03 .39368331E+03 .53556891E+03 .98696053     0.23725   5.932  -3.924
10.00   0.7503  3.5251  -0.0939 .16351213E+00 .52520808E+00 .22344618E+01 .67491862E+01 .31799010E+02 .16798317E+03 .40597976E+03 .55430496E+03 .98696119     0.23979   5.986  -3.956
10.00   0.7476  3.5238  -0.1136 .16483638E+00 .51858314E+00 .22003184E+01 .67023129E+01 .32052492E+02 .17312736E+03 .41871915E+03 .57377093E+03 .98696190     0.24252   6.041  -3.989
10.00   0.7447  3.5226  -0.1330 .16658364E+00 .51399834E+00 .21738648E+01 .66733065E+01 .32354734E+02 .17837149E+03 .43169371E+03 .59352322E+03 .98696256     0.24546   6.091  -4.021
10.00   0.7424  3.5215  -0.1492 .16778237E+00 .50841014E+00 .21429395E+01 .66251982E+01 .32527015E+02 .18270636E+03 .44245791E+03 .61017755E+03 .98696309     0.24779   6.136  -4.047
10.00   0.7392  3.5202  -0.1692 .16959475E+00 .50281565E+00 .21100252E+01 .65782000E+01 .32777353E+02 .18821551E+03 .45613098E+03 .63129476E+03 .98696381     0.25104   6.190  -4.079
10.00   0.7359  3.5190  -0.1889 .17184268E+00 .49911558E+00 .20854387E+01 .65517667E+01 .33092966E+02 .19392222E+03 .47027564E+03 .65302445E+03 .98696446     0.25438   6.239  -4.112
10.00   0.7324  3.5177  -0.2091 .17395562E+00 .49389913E+00 .20536439E+01 .65057259E+01 .33347066E+02 .19974073E+03 .48473637E+03 .67551030E+03 .98696518     0.25793   6.293  -4.144
10.00   0.7287  3.5164  -0.2295 .17623818E+00 .48890846E+00 .20229271E+01 .64617432E+01 .33610664E+02 .20576655E+03 .49972016E+03 .69887260E+03 .98696584     0.26168   6.346  -4.177
10.00   0.7248  3.5151  -0.2499 .17859109E+00 .48386646E+00 .19923407E+01 .64168393E+01 .33868429E+02 .21191078E+03 .51501198E+03 .72281747E+03 .98696655     0.26563   6.399  -4.209
10.00   0.7215  3.5140  -0.2667 .18043905E+00 .47904661E+00 .19645916E+01 .63717324E+01 .34047616E+02 .21698389E+03 .52766126E+03 .74279016E+03 .98696709     0.26897   6.444  -4.235
10.00   0.7172  3.5127  -0.2875 .18298059E+00 .47412012E+00 .19355755E+01 .63294163E+01 .34316608E+02 .22348755E+03 .54386550E+03 .76830581E+03 .98696780     0.27333   6.497  -4.267
10.00   0.7126  3.5115  -0.3077 .18562727E+00 .47017186E+00 .19119309E+01 .62995582E+01 .34614659E+02 .22996860E+03 .56000576E+03 .79367899E+03 .98696846     0.27799   6.545  -4.299
10.00   0.7078  3.5103  -0.3270 .18786993E+00 .46506311E+00 .18843473E+01 .62556744E+01 .34835123E+02 .23608123E+03 .57526822E+03 .81795361E+03 .98696917     0.28286   6.594  -4.328
10.00   0.7026  3.5091  -0.3461 .18988994E+00 .45933154E+00 .18551411E+01 .62052087E+01 .35016833E+02 .24206542E+03 .59023624E+03 .84194977E+03 .98696983     0.28812   6.642  -4.356
10.00   0.6971  3.5080  -0.3651 .19216703E+00 .45505782E+00 .18331908E+01 .61740944E+01 .35267571E+02 .24825884E+03 .60570009E+03 .86656219E+03 .98697054     0.29370   6.686  -4.384
10.00   0.6904  3.5068  -0.3853 .19415303E+00 .44919133E+00 .18054163E+01 .61262112E+01 .35460184E+02 .25458714E+03 .62154428E+03 .89209024E+03 .98697120     0.30049   6.735  -4.412
10.00   0.6792  3.5056  -0.4083 .19601344E+00 .44306792E+00 .17777710E+01 .60775767E+01 .35645964E+02 .26100480E+03 .63762600E+03 .91810742E+03 .98697191     0.31183   6.783  -4.439
10.00   0.6358  3.5041  -0.4533 .19666990E+00 .43167013E+00 .17296770E+01 .59683891E+01 .35585938E+02 .26703104E+03 .65287578E+03 .94382419E+03 .98697305     0.35581   6.842  -4.465
10.00   0.5565  3.5026  -0.5223 .19521178E+00 .41552860E+00 .16634155E+01 .57931721E+01 .35111911E+02 .26998914E+03 .66064048E+03 .95885472E+03 .98697364     0.43616   6.902  -4.478
