  8348.84961  0.938281775
  8349.69922  1.035887
  8350.5498  1.10306013
  8351.39941  1.06851161
  8352.25  1.01630425
  8353.09961  0.996885478
  8353.94922  1.00853896
  8354.7998  1.01773858
  8355.64941  0.992064059
  8356.5  0.998226106
  8357.34961  1.00966942
  8358.19922  1.02343142
  8359.0498  1.04375613
  8359.89941  1.02634192
  8360.75  1.01533496
  8361.59961  1.05024636
  8362.44922  1.04033184
  8363.2998  0.974352181
  8364.14941  0.9522627
  8365.  0.979806304
  8365.84961  1.0123688
  8366.69922  1.05434573
  8367.5498  1.08554506
  8368.39941  1.07663655
  8369.25  1.04430652
  8370.09961  1.03590786
  8370.94922  1.0472542
  8371.7998  1.05584168
  8372.64941  1.03279638
  8373.5  1.0383414
  8374.34961  1.05961061
  8375.19922  1.04041052
  8376.0498  1.00172281
  8376.89941  0.975645781
  8377.75  0.974633753
  8378.59961  1.0476166
  8379.44922  1.07253182
  8380.2998  1.08297276
  8381.14941  1.01974487
  8382.  0.88308686
  8382.84961  0.872760534
  8383.69922  0.973149776
  8384.5498  1.03590238
  8385.39941  1.03244019
  8386.25  0.982719362
  8387.09961  0.898487687
  8387.94922  0.913344085
  8388.7998  0.966171026
  8389.64941  1.00234616
  8390.5  1.02003443
  8391.34961  1.04639745
  8392.19922  1.09351206
  8393.0498  1.07163167
  8393.89941  1.05314052
  8394.75  1.07255721
  8395.59961  1.05347669
  8396.44922  0.997371972
  8397.2998  1.0057081
  8398.14941  1.05135763
  8399.  1.0736084
  8399.84961  1.08921897
  8400.69922  1.04433596
  8401.5498  0.992132366
  8402.39941  1.02523506
  8403.25  1.06242812
  8404.09961  1.05798459
  8404.94922  1.05876791
  8405.7998  1.09504879
  8406.64941  1.1005764
  8407.5  1.07090175
  8408.34961  1.05880344
  8409.19922  1.07099724
  8410.0498  1.07320595
  8410.89941  1.03774846
  8411.75  0.98929745
  8412.59961  1.0177567
  8413.44922  1.04609799
  8414.2998  1.06970775
  8415.14941  1.07722306
  8416.  1.06753421
  8416.84961  1.03117847
  8417.69922  1.0496186
  8418.5498  1.05299413
  8419.39941  0.998132825
  8420.25  1.01521599
  8421.09961  1.07836998
  8421.94922  1.03697431
  8422.7998  1.01053762
  8423.64941  1.04997945
  8424.5  1.04177415
  8425.34961  0.967982888
  8426.19922  0.8934986
  8427.0498  0.959923446
  8427.89941  1.06369805
  8428.75  1.08367467
  8429.59961  1.08524799
  8430.44922  1.10191524
  8431.2998  1.11879957
  8432.14941  1.09838521
  8433.  1.0695678
  8433.84961  0.988079309
  8434.69922  0.868829787
  8435.5498  0.887583017
  8436.39941  0.990900517
  8437.25  1.03789413
  8438.09961  0.996011496
  8438.94922  0.965914309
  8439.7998  0.996716797
  8440.64941  1.03932559
  8441.5  1.07099044
  8442.34961  1.08688831
  8443.19922  1.07597113
  8444.0498  1.06785846
  8444.89941  1.05253196
  8445.75  1.01332462
  8446.59961  1.00897563
  8447.44922  1.03150582
  8448.2998  1.03928423
  8449.14941  1.02904332
  8450.  1.00154626
  8450.84961  1.00814629
  8451.69922  1.04894388
  8452.5498  1.06460381
  8453.39941  1.08553815
  8454.25  1.103001
  8455.09961  1.06488943
  8455.94922  1.00902855
  8456.7998  0.98320359
  8457.64941  1.04662454
  8458.5  1.07173502
  8459.34961  1.08304918
  8460.19922  1.10092664
  8461.0498  1.0947156
  8461.89941  1.10871243
  8462.75  1.07103252
  8463.59961  1.03339159
  8464.44922  1.01001334
  8465.2998  0.976862609
  8466.14941  0.968128264
  8467.  0.984606624
  8467.84961  0.912967861
  8468.69922  0.941562295
  8469.5498  1.02284145
  8470.39941  1.04334688
  8471.25  1.03647721
  8472.09961  1.03017652
  8472.94922  1.04705465
  8473.7998  1.08512056
  8474.64941  1.11800599
  8475.5  1.10521448
  8476.34961  1.08191669
  8477.19922  1.06425536
  8478.0498  1.06917071
  8478.89941  1.06268835
  8479.75  1.0417093
  8480.59961  1.03217614
  8481.44922  1.017331
  8482.2998  1.03663433
  8483.14941  1.05457079
  8484.  1.07218862
  8484.84961  1.10215259
  8485.69922  1.09505272
  8486.5498  1.06841052
  8487.39941  1.0421747
  8488.25  1.03512347
  8489.09961  1.07515454
  8489.94922  1.09978211
  8490.7998  1.07626843
  8491.64941  1.05411506
  8492.5  1.05333352
  8493.34961  1.05033362
  8494.19922  1.03239346
  8495.0498  0.996072352
  8495.89941  0.913323045
  8496.75  0.748661518
  8497.59961  0.584590077
  8498.44922  0.620339215
  8499.2998  0.839226604
  8500.14941  0.983602941
  8501.  1.00575697
  8501.84961  0.996549249
  8502.69922  0.996631324
  8503.5498  1.00943553
  8504.39941  1.02056432
  8505.25  1.05095863
  8506.09961  1.07968652
  8506.94922  1.10862648
  8507.7998  1.10219109
  8508.64941  1.09081066
  8509.5  1.0738008
  8510.34961  1.04576278
  8511.19922  1.04518175
  8512.0498  1.04952049
  8512.89941  1.01205242
  8513.75  0.92855525
  8514.59961  0.90855515
  8515.44922  0.955398679
  8516.2998  1.02543128
  8517.14941  0.999278247
  8518.  0.941638768
  8518.84961  1.00409865
  8519.69922  1.04423106
  8520.5498  1.03541696
  8521.39941  1.02783406
  8522.25  1.02805483
  8523.09961  1.03612709
  8523.94922  1.05186927
  8524.7998  1.03881872
  8525.64941  1.02143717
  8526.5  0.973887742
  8527.34961  0.989614785
  8528.19922  1.01715875
  8529.0498  1.04399168
  8529.89941  1.02552617
  8530.75  1.0286175
  8531.59961  1.05876589
  8532.44922  1.04676998
  8533.2998  1.01326144
  8534.14941  1.0147326
  8535.  1.02138448
  8535.84961  0.974468052
  8536.69922  0.917746663
  8537.5498  0.865349114
  8538.39941  0.844434083
  8539.25  0.79521364
  8540.09961  0.685858667
  8540.94922  0.527661741
  8541.7998  0.386615276
  8542.64941  0.436852336
  8543.5  0.617647469
  8544.34961  0.769509792
  8545.19922  0.867326498
  8546.0498  0.917996407
  8546.89941  0.927981198
  8547.75  0.922954917
  8548.59961  0.924738288
  8549.44922  0.94937253
  8550.2998  0.986312151
  8551.14941  1.01935184
  8552.  1.06027293
  8552.84961  1.06766677
  8553.69922  1.04806376
  8554.5498  1.01457524
  8555.39941  0.998399436
  8556.25  1.00691283
  8557.09961  1.02567077
  8557.94922  1.05517852
  8558.7998  1.04205704
  8559.64941  1.04736829
  8560.5  1.03183901
  8561.34961  1.00367057
  8562.19922  1.02969193
  8563.0498  1.0768683
  8563.89941  1.05922329
  8564.75  1.05867183
  8565.59961  1.06205881
  8566.44922  1.05794299
  8567.2998  1.05663967
  8568.14941  1.0514046
  8569.  1.0453285
  8569.84961  1.05695212
  8570.69922  1.06042874
  8571.5498  1.06373024
  8572.39941  1.04474974
  8573.25  1.04347885
  8574.09961  1.03560674
  8574.94922  1.01101339
  8575.7998  1.04359913
  8576.64941  1.08107531
  8577.5  1.07446551
  8578.34961  1.05615056
  8579.19922  1.07981968
  8580.0498  1.06881261
  8580.89941  1.03502059
  8581.75  0.987765729
  8582.59961  0.96259433
  8583.44922  1.04062116
  8584.2998  1.05698168
  8585.14941  1.05629408
  8586.  1.06123888
  8586.84961  1.07346523
  8587.69922  1.04339254
  8588.5498  1.03013563
  8589.39941  1.02589428
  8590.25  1.03101146
  8591.09961  1.02718437
  8591.94922  1.03112864
  8592.7998  1.03140259
  8593.64941  1.03989255
  8594.5  1.04616642
  8595.34961  1.04212165
  8596.19922  1.01762402
  8597.0498  1.00998938
  8597.89941  0.99527204
  8598.75  1.02032459
  8599.59961  1.06856763
  8600.44922  1.09112763
  8601.2998  1.08758938
  8602.14941  1.07488894
  8603.  1.07012153
  8603.84961  1.0648675
  8604.69922  1.04080391
  8605.5498  1.04410863
  8606.39941  1.04123199
  8607.25  1.04400897
  8608.09961  1.0456847
  8608.94922  1.03397644
  8609.7998  1.03453052
  8610.64941  1.01268864
  8611.5  0.979845345
  8612.34961  0.991538107
  8613.19922  1.00259793
  8614.0498  1.01250863
  8614.89941  1.04312813
  8615.75  1.02768421
  8616.59961  1.01238906
  8617.44922  1.03436434
  8618.2998  1.02998245
  8619.14941  1.02789867
  8620.  1.04923165
  8620.84961  1.02713156
  8621.69922  0.980073214
  8622.5498  0.999156713
  8623.39941  1.05818975
  8624.25  1.07856905
  8625.09961  1.06044173
  8625.94922  1.03936899
  8626.7998  1.05690074
  8627.64941  1.0842458
  8628.5  1.0759387
  8629.34961  1.0690074
  8630.19922  1.0584358
  8631.0498  1.04908061
  8631.89941  1.04135025
  8632.75  1.03093517
  8633.59961  1.04144311
  8634.44922  1.04299593
  8635.2998  1.05133557
  8636.14941  1.04996467
  8637.  1.02634287
  8637.84961  1.02793193
  8638.69922  1.06471622
  8639.5498  1.02479124
  8640.39941  1.02312148
  8641.25  1.01997256
  8642.09961  1.02290118
  8642.94922  1.02658594
  8643.7998  1.02876687
  8644.64941  1.05136025
  8645.5  1.04411018
  8646.34961  1.03653061
  8647.19922  1.01023579
  8648.0498  0.969769299
  8648.89941  0.934788048
  8649.75  0.966141522
  8650.59961  1.03320742
  8651.44922  1.03405643
  8652.2998  0.99872905
  8653.14941  1.01807714
  8654.  0.980205059
  8654.84961  0.950817466
  8655.69922  0.970299065
  8656.5498  1.00158966
  8657.39941  0.99619031
  8658.25  0.96678704
  8659.09961  0.866367698
  8659.94922  0.797271967
  8660.7998  0.653933942
  8661.64941  0.464696914
  8662.5  0.431601226
  8663.34961  0.597427607
  8664.19922  0.756842911
  8665.0498  0.844547153
  8665.89941  0.926395893
  8666.75  0.960247457
  8667.59961  0.93416667
  8668.44922  0.941616356
  8669.2998  0.993482172
  8670.14941  1.01503742
  8671.  0.98451668
  8671.84961  0.94556129
  8672.69922  0.977717042
  8673.5498  0.956432343
  8674.39941  0.880930424
  8675.25  0.891598344
  8676.09961  0.996898532
  8676.94922  1.01878297
  8677.7998  1.02963507
  8678.64941  1.02411377
  8679.5  0.998378754
  8680.34961  0.97539109
  8681.19922  0.985703886
  8682.0498  0.961494386
  8682.89941  0.926795363
  8683.75  1.00802207
  8684.59961  1.04281771
  8685.44922  1.06892645
  8686.2998  1.05222726
  8687.14941  0.96329993
  8688.  0.855828643
  8688.84961  0.805278659
  8689.69922  0.903208435
  8690.5498  1.00601196
  8691.39941  1.02527559
  8692.25  0.998394787
  8693.09961  1.01527882
  8693.94922  1.00861371
  8694.7998  1.02322328
  8695.64941  1.04506588
  8696.5  1.03905237
  8697.34961  1.04822373
  8698.19922  1.01828873
  8699.0498  0.997163832
  8699.89941  1.00176358
  8700.75  0.971096575
  8701.59961  0.991889179
  8702.44922  0.989680946
  8703.2998  0.985704184
  8704.14941  1.01248693
  8705.  1.03893948
  8705.84961  1.0345515
  8706.69922  1.02824187
  8707.5498  1.03251421
  8708.39941  1.04152989
  8709.25  1.00265229
  8710.09961  0.956425667
  8710.94922  0.992424726
  8711.7998  1.00980914
  8712.64941  0.944135308
  8713.5  0.946586072
  8714.34961  1.02044868
  8715.19922  1.0509491
  8716.0498  1.03877366
  8716.89941  1.00210726
  8717.75  0.976257682
  8718.59961  0.985763133
  8719.44922  1.01917505
  8720.2998  1.00844681
  8721.14941  1.01664758
  8722.  1.04668546
  8722.84961  1.03752816
  8723.69922  1.02424359
  8724.5498  1.03368855
  8725.39941  1.05224514
  8726.25  1.04417849
  8727.09961  1.01507056
  8727.94922  0.977518678
  8728.7998  0.96397537
  8729.64941  0.983678877
  8730.5  0.984429181
  8731.34961  0.993689239
  8732.19922  1.04126883
  8733.0498  1.06231332
  8733.89941  1.03526509
  8734.75  1.0052954
  8735.59961  0.990090013
  8736.44922  0.998245478
  8737.2998  1.02691877
  8738.14941  1.01095986
  8739.  0.992456615
  8739.84961  1.01443303
  8740.69922  0.987359941
  8741.5498  0.968314409
  8742.39941  0.994266391
  8743.25  1.01899123
  8744.09961  1.03115249
  8744.94922  1.03722286
  8745.7998  1.03707492
  8746.64941  1.00897241
  8747.5  1.00252151
  8748.34961  1.02958715
  8749.19922  1.05129194
  8750.0498  1.04843581
  8750.89941  1.01051939
  8751.75  0.963574231
  8752.59961  0.973431945
  8753.44922  1.03176272
  8754.2998  1.05835998
  8755.14941  1.05939424
  8756.  1.05269611
  8756.84961  0.98759073
  8757.69922  0.976103008
  8758.5498  1.01461756
  8759.39941  1.03604615
  8760.25  1.04832876
  8761.09961  1.04523969
  8761.94922  1.05691743
  8762.7998  1.03665042
  8763.64941  0.977529943
  8764.5  0.962861896
  8765.34961  1.00475788
  8766.19922  0.975723803
  8767.0498  0.951640189
  8767.89941  1.00715184
  8768.75  1.05500913
  8769.59961  1.03928483
  8770.44922  1.01977193
  8771.2998  1.00346088
  8772.14941  0.964821279
  8773.  0.915833533
  8773.84961  0.943936408
  8774.69922  0.993390977
  8775.5498  1.0188446
  8776.39941  1.02237868
  8777.25  1.02898288
  8778.09961  1.00457942
  8778.94922  0.993825674
  8779.7998  1.0083276
  8780.64941  1.02517414
  8781.5  1.0230428
  8782.34961  1.03031921
  8783.19922  1.0191884
  8784.0498  0.993501723
  8784.89941  1.00958633
  8785.75  1.05737996
  8786.59961  1.07325637
  8787.44922  1.05037665
  8788.2998  1.03281677
  8789.14941  1.01215303
  8790.  0.986303449
  8790.84961  0.991329968
  8791.69922  1.03011847
  8792.5498  1.00943506
  8793.39941  0.992540777
  8794.25  1.03398466
  8795.09961  1.03716183
  8795.94922  1.00173438
  8796.7998  1.00937891
  8797.64941  1.04057741
  8798.5  1.05919874
  8799.34961  1.07691872
  8800.19922  1.07818806
  8801.0498  1.04094505
  8801.89941  1.03465176
  8802.75  1.05849373
  8803.59961  1.02343571
  8804.44922  0.963347256
  8805.2998  0.924979806
  8806.14941  0.822639525
  8807.  0.760336339
  8807.84961  0.886943758
  8808.69922  0.997359216
  8809.5498  1.00328672
  8810.39941  1.01340044
  8811.25  1.05854845
  8812.09961  1.06611073
  8812.94922  1.03589129
  8813.7998  1.02701199
  8814.64941  1.05095792
  8815.5  1.04515898
  8816.34961  1.04867661
  8817.19922  1.06209028
  8818.0498  1.06030214
  8818.89941  1.01182508
  8819.75  1.00051498
  8820.59961  1.01373446
  8821.44922  1.00178146
  8822.2998  0.972710133
  8823.14941  0.932051659
  8824.  0.855413079
  8824.84961  0.873791695
  8825.69922  1.03633022
  8826.5498  1.07622218
  8827.39941  1.02361286
  8828.25  1.01576114
  8829.09961  1.04435182
  8829.94922  1.04266322
  8830.7998  1.0283519
  8831.64941  1.03257072
  8832.5  1.04417539
  8833.34961  1.04669023
  8834.19922  1.04508734
  8835.0498  1.04203892
  8835.89941  1.02040637
  8836.75  0.992628694
  8837.59961  0.963376582
  8838.44922  0.93332994
  8839.2998  0.958470464
  8840.14941  1.02012038
  8841.  1.02509773
  8841.84961  1.03503168
  8842.69922  1.03091586
  8843.5498  1.02242923
  8844.39941  1.01988983
  8845.25  1.02851808
  8846.09961  1.03806484
  8846.94922  1.0360266
  8847.7998  1.05891943
  8848.64941  1.04448998
  8849.5  1.02208519
  8850.34961  1.01495862
  8851.19922  1.03042436
  8852.0498  1.04025376
  8852.89941  1.05785573
  8853.75  1.04990482
  8854.59961  1.01372302
  8855.44922  1.03316033
  8856.2998  1.04510725
  8857.14941  1.02545691
  8858.  1.02664602
  8858.84961  1.02352858
  8859.69922  1.01070642
  8860.5498  1.030949
  8861.39941  1.02496886
  8862.25  0.975616634
  8863.09961  0.971722782
  8863.94922  0.997402012
  8864.7998  1.01446629
  8865.64941  1.01108086
  8866.5  0.978824198
  8867.34961  0.944433033
  8868.19922  0.922842264
  8869.0498  0.98474437
  8869.89941  1.06055081
  8870.75  1.06674314
  8871.59961  1.06227684
  8872.44922  1.06520796
  8873.2998  1.0486213
  8874.14941  1.03345418
  8875.  1.02638352
  8875.84961  1.00884092
  8876.69922  0.995666087
  8877.5498  0.996433973
  8878.39941  0.966791987
  8879.25  0.970503867
  8880.09961  1.01842153
  8880.94922  1.02247083
  8881.7998  1.03809738
  8882.64941  1.05782533
  8883.5  1.05435872
  8884.34961  1.05350137
  8885.19922  1.06228149
  8886.0498  1.06617677
  8886.89941  1.08688807
  8887.75  1.07238722
  8888.59961  1.06718397
  8889.44922  1.07791054
  8890.2998  1.06827056
  8891.14941  1.041803
  8892.  1.0219487
  8892.84961  1.0313524
  8893.69922  1.03193963
  8894.5498  1.04524565
  8895.39941  1.06490123
  8896.25  1.06644118
  8897.09961  1.06726122
  8897.94922  1.0485518
  8898.7998  1.03488135
  8899.64941  1.0325768
  8900.5  1.06185508
  8901.34961  1.08252931
  8902.19922  1.07472587
  8903.0498  1.05775762
  8903.89941  1.06228614
  8904.75  1.07091117
  8905.59961  1.03591156
  8906.44922  1.03496039
  8907.2998  1.07959902
  8908.14941  1.06693316
  8909.  1.0475812
  8909.84961  1.06806397
  8910.69922  1.07262278
  8911.5498  1.06836092
  8912.39941  1.06241179
  8913.25  1.07099724
  8914.09961  1.07153201
  8914.94922  1.08170974
  8915.7998  1.07109523
  8916.64941  1.02290916
  8917.5  1.02727723
  8918.34961  1.05634284
  8919.19922  1.00526178
  8920.0498  0.96505022
  8920.89941  1.01012194
  8921.75  1.04671669
  8922.59961  1.03513944
  8923.44922  1.00923872
  8924.2998  1.01869965
  8925.14941  1.03182125
  8926.  1.03592169
  8926.84961  1.0269165
  8927.69922  0.977898896
  8928.5498  0.948749661
  8929.39941  0.959229469
  8930.25  1.00323462
  8931.09961  1.02204335
  8931.94922  0.982849777
  8932.7998  0.942932725
  8933.64941  0.951935172
  8934.5  0.977234423
  8935.34961  1.05162346
  8936.19922  1.09478152
  8937.0498  1.05465138
  8937.89941  1.08266175
  8938.75  1.05399072
  8939.59961  0.953618944
  8940.44922  0.968900383
  8941.2998  1.01616192
  8942.14941  0.996478677
  8943.  0.954963148
  8943.84961  0.97329098
  8944.69922  1.00864732
  8945.5498  0.927605927
  8946.39941  0.885337234
  8947.25  0.920672476
  8948.09961  0.948415875
  8948.94922  0.993723631
  8949.7998  1.00498617
  8950.64941  0.963730454
  8951.5  0.92093581
  8952.34961  0.983716428
  8953.19922  0.936465561
  8954.0498  0.819716275
  8954.89941  0.859766722
  8955.75  0.97627598
  8956.59961  0.991389573
  8957.44922  0.973547578
  8958.2998  0.984933853
  8959.14941  0.992405653
  8960.  1.00361943
  8960.84961  0.932434261
  8961.69922  0.805492103
  8962.5498  0.793146372
  8963.39941  0.871959984
  8964.25  0.872525632
  8965.09961  0.798335969
  8965.94922  0.829836726
  8966.7998  0.939792871
  8967.64941  1.00995135
  8968.5  1.00779498
  8969.34961  0.970634639
  8970.19922  0.83476764
  8971.0498  0.717423618
  8971.89941  0.807401776
  8972.75  0.875395477
  8973.59961  0.847125232
  8974.44922  0.850831568
  8975.2998  0.894664586
  8976.14941  0.901159346
  8977.  0.962354839
  8977.84961  0.978025794
  8978.69922  0.924778044
  8979.5498  0.767443597
  8980.39941  0.76123184
  8981.25  0.947236717
  8982.09961  1.03858984
  8982.94922  1.04131985
  8983.7998  1.00392973
  8984.64941  0.942373872
  8985.5  0.799762726
  8986.34961  0.626833797
  8987.19922  0.599500954
  8988.0498  0.682315648
  8988.89941  0.742980897
  8989.75  0.678561985
  8990.59961  0.571097851
  8991.44922  0.60518229
  8992.2998  0.796158791
  8993.14941  0.973328114
  8994.  1.00611722
  8994.84961  0.981489539
  8995.69922  0.981262207
  8996.5498  1.00844967
  8997.39941  1.0367229
  8998.25  0.965820968
  8999.09961  0.770895958
  8999.94922  0.656330585
  9000.7998  0.849762738
  9001.64941  0.993242383
  9002.5  0.855693877
  9003.34961  0.759537756
  9004.19922  0.896565735
  9005.0498  0.981733382
  9005.89941  0.88515234
  9006.75  0.778195381
  9007.59961  0.852683604
  9008.44922  0.940325677
  9009.2998  0.940431774
  9010.14941  0.8356722
  9011.  0.728892326
  9011.84961  0.778041959
  9012.69922  0.888758004
  9013.5498  0.961466014
  9014.39941  0.933569312
  9015.25  0.787837863
  9016.09961  0.58441782
  9016.94922  0.680214584
  9017.7998  0.882372916
  9018.64941  0.991590261
  9019.5  1.01577187
