  8348.84961  1.060817
  8349.69922  1.06570661
  8350.5498  1.13520539
  8351.39941  1.13518596
  8352.25  1.09798729
  8353.09961  0.972197235
  8353.94922  1.05838263
  8354.7998  1.12627971
  8355.64941  1.0517379
  8356.5  1.03929389
  8357.34961  1.07996178
  8358.19922  1.07832694
  8359.0498  1.12483191
  8359.89941  1.14199221
  8360.75  1.09930396
  8361.59961  1.1090641
  8362.44922  1.13322091
  8363.2998  1.13974667
  8364.14941  1.04411268
  8365.  1.03724563
  8365.84961  1.11296189
  8366.69922  1.09203279
  8367.5498  1.12860548
  8368.39941  1.2047863
  8369.25  1.19342697
  8370.09961  1.1213572
  8370.94922  1.11464596
  8371.7998  1.10838592
  8372.64941  1.06573904
  8373.5  1.07121372
  8374.34961  1.12604082
  8375.19922  1.15182734
  8376.0498  1.11164784
  8376.89941  1.0766784
  8377.75  1.07444775
  8378.59961  1.08745027
  8379.44922  1.08637679
  8380.2998  1.02615023
  8381.14941  1.06469858
  8382.  1.13969898
  8382.84961  1.08258247
  8383.69922  1.13802123
  8384.5498  1.15139472
  8385.39941  1.06802583
  8386.25  1.03638721
  8387.09961  1.04793119
  8387.94922  1.05685246
  8388.7998  1.15491128
  8389.64941  1.11976206
  8390.5  1.11944366
  8391.34961  1.0720017
  8392.19922  1.08800554
  8393.0498  1.15062201
  8393.89941  1.12077248
  8394.75  1.09762239
  8395.59961  1.04864717
  8396.44922  1.0751878
  8397.2998  1.07145238
  8398.14941  1.03289866
  8399.  1.02842939
  8399.84961  1.14349389
  8400.69922  1.15655613
  8401.5498  1.15208185
  8402.39941  1.15765131
  8403.25  1.10327613
  8404.09961  1.10325277
  8404.94922  1.07684314
  8405.7998  1.05146408
  8406.64941  1.11418283
  8407.5  1.14921391
  8408.34961  1.10479105
  8409.19922  1.11811841
  8410.0498  1.16097057
  8410.89941  1.18084335
  8411.75  1.13127327
  8412.59961  1.08443213
  8413.44922  1.10626101
  8414.2998  1.11436117
  8415.14941  1.09254205
  8416.  1.10401392
  8416.84961  1.07039964
  8417.69922  1.0706929
  8418.5498  1.0650686
  8419.39941  0.99750638
  8420.25  1.02702153
  8421.09961  1.10192335
  8421.94922  1.10503113
  8422.7998  1.10433376
  8423.64941  1.08497727
  8424.5  1.04256606
  8425.34961  1.01947141
  8426.19922  0.9925071
  8427.0498  1.06508148
  8427.89941  1.07202077
  8428.75  1.10436738
  8429.59961  1.10366249
  8430.44922  1.09866166
  8431.2998  1.14389181
  8432.14941  1.08456266
  8433.  1.01341259
  8433.84961  1.03240967
  8434.69922  1.04591608
  8435.5498  1.0490036
  8436.39941  1.0866574
  8437.25  1.10162234
  8438.09961  1.07245517
  8438.94922  1.01093018
  8439.7998  1.00149572
  8440.64941  1.05283201
  8441.5  1.09436893
  8442.34961  1.11836278
  8443.19922  1.16010261
  8444.0498  1.1570282
  8444.89941  1.13840151
  8445.75  1.08807862
  8446.59961  1.08355248
  8447.44922  1.09807622
  8448.2998  1.10787952
  8449.14941  1.12324059
  8450.  1.06378973
  8450.84961  1.06438839
  8451.69922  1.09755182
  8452.5498  1.07903528
  8453.39941  1.08866739
  8454.25  1.07491755
  8455.09961  1.02908051
  8455.94922  1.01730287
  8456.7998  1.03792059
  8457.64941  1.03176749
  8458.5  1.05302823
  8459.34961  1.07789767
  8460.19922  1.0401392
  8461.0498  1.08025408
  8461.89941  1.18798065
  8462.75  1.15396583
  8463.59961  1.1253891
  8464.44922  1.18576133
  8465.2998  1.11560953
  8466.14941  1.06643224
  8467.  1.0604502
  8467.84961  0.997129202
  8468.69922  1.02190745
  8469.5498  1.02681506
  8470.39941  0.976778746
  8471.25  1.00550497
  8472.09961  1.09389138
  8472.94922  1.04264712
  8473.7998  1.07203305
  8474.64941  1.13726664
  8475.5  1.1151979
  8476.34961  1.0828408
  8477.19922  1.12378931
  8478.0498  1.09830952
  8478.89941  1.04960907
  8479.75  1.07362974
  8480.59961  1.06407535
  8481.44922  1.02595651
  8482.2998  1.05367959
  8483.14941  1.07454181
  8484.  1.05991304
  8484.84961  1.12066174
  8485.69922  1.07131016
  8486.5498  1.18959188
  8487.39941  1.17457998
  8488.25  1.11221659
  8489.09961  1.17554247
  8489.94922  1.14582491
  8490.7998  1.11573911
  8491.64941  1.11898267
  8492.5  0.98941493
  8493.34961  0.951957285
  8494.19922  1.03014624
  8495.0498  1.07724452
  8495.89941  0.959200382
  8496.75  0.794266701
  8497.59961  0.657228768
  8498.44922  0.724511087
  8499.2998  0.886148453
  8500.14941  0.980808914
  8501.  0.973471224
  8501.84961  0.999928594
  8502.69922  1.01468778
  8503.5498  1.02005053
  8504.39941  1.01224613
  8505.25  1.04734468
  8506.09961  1.12455654
  8506.94922  1.11042297
  8507.7998  1.09977841
  8508.64941  1.06458867
  8509.5  1.05077946
  8510.34961  1.08992398
  8511.19922  1.0765872
  8512.0498  1.03343821
  8512.89941  0.961338043
  8513.75  0.913128614
  8514.59961  0.908974886
  8515.44922  0.99639672
  8516.2998  1.01659811
  8517.14941  0.980654299
  8518.  1.01816595
  8518.84961  1.07158506
  8519.69922  1.09194314
  8520.5498  1.04182386
  8521.39941  1.10892069
  8522.25  1.1229248
  8523.09961  1.0919224
  8523.94922  1.0844332
  8524.7998  1.02058804
  8525.64941  1.03439116
  8526.5  1.01339006
  8527.34961  1.00693655
  8528.19922  1.02762365
  8529.0498  1.03930879
  8529.89941  1.06670678
  8530.75  1.08819735
  8531.59961  1.05878639
  8532.44922  1.00077391
  8533.2998  1.00303102
  8534.14941  1.04321134
  8535.  1.03504825
  8535.84961  0.962334573
  8536.69922  0.948237777
  8537.5498  0.9712044
  8538.39941  0.916928589
  8539.25  0.826595783
  8540.09961  0.75201261
  8540.94922  0.582762182
  8541.7998  0.452733606
  8542.64941  0.58196187
  8543.5  0.742545307
  8544.34961  0.848177195
  8545.19922  0.918339491
  8546.0498  0.972148418
  8546.89941  0.970651805
  8547.75  0.935688555
  8548.59961  0.945904851
  8549.44922  1.05547702
  8550.2998  1.04273927
  8551.14941  1.00229895
  8552.  0.995956481
  8552.84961  0.992722511
  8553.69922  1.05080175
  8554.5498  1.10585296
  8555.39941  1.09053886
  8556.25  1.03525543
  8557.09961  1.03507555
  8557.94922  1.04613447
  8558.7998  1.05360985
  8559.64941  1.06857455
  8560.5  1.09184861
  8561.34961  1.11356533
  8562.19922  1.05022395
  8563.0498  1.02514887
  8563.89941  1.09778237
  8564.75  1.13314199
  8565.59961  1.1341455
  8566.44922  1.10024154
  8567.2998  1.10598624
  8568.14941  1.16904521
  8569.  1.13700426
  8569.84961  1.09459317
  8570.69922  1.07897496
  8571.5498  1.02426767
  8572.39941  1.01141465
  8573.25  1.08027697
  8574.09961  1.107301
  8574.94922  1.07761955
  8575.7998  1.06469774
  8576.64941  1.0552634
  8577.5  1.07710123
  8578.34961  1.09994209
  8579.19922  1.05794799
  8580.0498  1.04469562
  8580.89941  1.03074026
  8581.75  0.999212325
  8582.59961  1.04898655
  8583.44922  1.07679069
  8584.2998  1.10021663
  8585.14941  1.02564895
  8586.  1.0394901
  8586.84961  1.09125113
  8587.69922  1.02359033
  8588.5498  1.019822
  8589.39941  1.04347026
  8590.25  1.06695914
  8591.09961  1.04889977
  8591.94922  0.975270629
  8592.7998  1.01719832
  8593.64941  1.01943207
  8594.5  0.989783227
  8595.34961  1.02730429
  8596.19922  1.05716991
  8597.0498  1.04496634
  8597.89941  1.11663926
  8598.75  1.04443717
  8599.59961  1.06397045
  8600.44922  1.03805494
  8601.2998  1.00503206
  8602.14941  1.01544273
  8603.  1.07772803
  8603.84961  1.06793272
  8604.69922  1.0377574
  8605.5498  1.12960899
  8606.39941  1.05094957
  8607.25  1.02562439
  8608.09961  1.03901672
  8608.94922  1.02790999
  8609.7998  1.03297412
  8610.64941  1.03525829
  8611.5  1.01020586
  8612.34961  1.04881632
  8613.19922  0.979939163
  8614.0498  1.09228122
  8614.89941  1.07105553
  8615.75  0.95385319
  8616.59961  1.00194216
  8617.44922  1.06137788
  8618.2998  1.00262368
  8619.14941  1.02873826
  8620.  1.10672331
  8620.84961  1.10690939
  8621.69922  1.07535517
  8622.5498  1.06723702
  8623.39941  1.07809603
  8624.25  1.08326805
  8625.09961  1.12365425
  8625.94922  1.14383614
  8626.7998  1.13691056
  8627.64941  1.07887733
  8628.5  1.03103209
  8629.34961  1.04521382
  8630.19922  0.992244601
  8631.0498  0.960729599
  8631.89941  0.975914955
  8632.75  0.998422801
  8633.59961  0.99601841
  8634.44922  1.00751197
  8635.2998  1.04250526
  8636.14941  0.977591336
  8637.  0.939182162
  8637.84961  1.05777764
  8638.69922  1.0499016
  8639.5498  1.05081666
  8640.39941  1.03930259
  8641.25  1.01238942
  8642.09961  1.06653488
  8642.94922  1.05573177
  8643.7998  0.992823541
  8644.64941  1.02727044
  8645.5  1.05332732
  8646.34961  1.03146279
  8647.19922  0.978128791
  8648.0498  0.9256832
  8648.89941  0.923232317
  8649.75  0.940296412
  8650.59961  0.963139176
  8651.44922  0.996854663
  8652.2998  1.03232574
  8653.14941  1.04587865
  8654.  1.00184059
  8654.84961  0.931362152
  8655.69922  0.94847101
  8656.5498  0.993151188
  8657.39941  1.01038504
  8658.25  1.01001704
  8659.09961  0.889661431
  8659.94922  0.824559391
  8660.7998  0.732861102
  8661.64941  0.608092129
  8662.5  0.542947888
  8663.34961  0.645960689
  8664.19922  0.78327924
  8665.0498  0.862211585
  8665.89941  0.915020585
  8666.75  0.954778612
  8667.59961  0.937982976
  8668.44922  0.9647066
  8669.2998  1.02114475
  8670.14941  0.971457481
  8671.  0.922320843
  8671.84961  0.91731745
  8672.69922  1.04673231
  8673.5498  1.06613076
  8674.39941  0.955812275
  8675.25  0.905982673
  8676.09961  0.939767301
  8676.94922  1.00045264
  8677.7998  1.00240326
  8678.64941  0.936773002
  8679.5  0.932775259
  8680.34961  0.983361661
  8681.19922  0.999831915
  8682.0498  1.00886619
  8682.89941  1.01566982
  8683.75  0.981785953
  8684.59961  1.01028788
  8685.44922  1.0410223
  8686.2998  0.997703433
  8687.14941  1.02788723
  8688.  1.00784409
  8688.84961  0.90858531
  8689.69922  0.932420731
  8690.5498  1.03934681
  8691.39941  1.02185059
  8692.25  1.01410925
  8693.09961  1.00268245
  8693.94922  0.956546187
  8694.7998  0.997721255
  8695.64941  1.03037286
  8696.5  0.952051997
  8697.34961  0.909530342
  8698.19922  0.987137258
  8699.0498  1.00333965
  8699.89941  0.990098596
  8700.75  0.931058943
  8701.59961  1.03349161
  8702.44922  1.08191311
  8703.2998  0.9623757
  8704.14941  1.00775874
  8705.  0.989835501
  8705.84961  0.874952853
  8706.69922  0.926635981
  8707.5498  0.962742805
  8708.39941  0.991291881
  8709.25  0.954250634
  8710.09961  0.951203644
  8710.94922  0.95381546
  8711.7998  0.936682522
  8712.64941  0.945997238
  8713.5  0.971464694
  8714.34961  1.07499278
  8715.19922  1.01050758
  8716.0498  0.966351867
  8716.89941  1.00906539
  8717.75  0.908449411
  8718.59961  0.930628538
  8719.44922  0.99359256
  8720.2998  1.05521119
  8721.14941  1.04774332
  8722.  1.02120697
  8722.84961  1.04739606
  8723.69922  1.04012775
  8724.5498  1.03400838
  8725.39941  1.05657291
  8726.25  0.962183118
  8727.09961  0.982762039
  8727.94922  0.955095768
  8728.7998  0.935461581
  8729.64941  0.997730792
  8730.5  0.990100086
  8731.34961  1.03835142
  8732.19922  1.0987004
  8733.0498  1.02394676
  8733.89941  1.07270765
  8734.75  1.02171075
  8735.59961  0.959827602
  8736.44922  0.925964952
  8737.2998  0.976551712
  8738.14941  1.0352881
  8739.  1.07724726
  8739.84961  0.977186322
  8740.69922  0.978116274
  8741.5498  1.00106144
  8742.39941  0.900207281
  8743.25  0.944068611
  8744.09961  0.97327286
  8744.94922  0.940398932
  8745.7998  0.998918414
  8746.64941  1.06364024
  8747.5  1.03121316
  8748.34961  0.993881702
  8749.19922  0.997908711
  8750.0498  0.999822974
  8750.89941  1.02059138
  8751.75  0.945889533
  8752.59961  0.905606627
  8753.44922  0.966187
  8754.2998  1.02829397
  8755.14941  1.01276612
  8756.  0.968598068
  8756.84961  0.906406224
  8757.69922  0.987137854
  8758.5498  1.0708611
  8759.39941  0.979394853
  8760.25  0.987040877
  8761.09961  0.951501489
  8761.94922  0.95278734
  8762.7998  1.00853419
  8763.64941  0.970302045
  8764.5  0.972755253
  8765.34961  1.01044941
  8766.19922  1.04876411
  8767.0498  0.940844297
  8767.89941  0.958414316
  8768.75  0.972328126
  8769.59961  0.982341766
  8770.44922  1.0283457
  8771.2998  0.955104351
  8772.14941  0.857359231
  8773.  0.86998558
  8773.84961  0.922043622
  8774.69922  0.928423822
  8775.5498  1.03245449
  8776.39941  1.05913341
  8777.25  0.969110847
  8778.09961  0.885067701
  8778.94922  0.92375809
  8779.7998  0.979305923
  8780.64941  0.951818466
  8781.5  0.949737787
  8782.34961  0.956716001
  8783.19922  0.940767646
  8784.0498  0.999474406
  8784.89941  1.00424874
  8785.75  1.02649915
  8786.59961  1.00231266
  8787.44922  0.978073478
  8788.2998  0.910989404
  8789.14941  0.954736829
  8790.  0.968899965
  8790.84961  0.981345892
  8791.69922  0.977533698
  8792.5498  0.949437678
  8793.39941  0.897570848
  8794.25  0.883141756
  8795.09961  0.912062883
  8795.94922  0.878904343
  8796.7998  0.872518182
  8797.64941  0.93362993
  8798.5  0.986618519
  8799.34961  0.995069861
  8800.19922  1.05649412
  8801.0498  1.03885949
  8801.89941  1.00956821
  8802.75  1.05233407
  8803.59961  1.012905
  8804.44922  0.922517121
  8805.2998  0.920908093
  8806.14941  0.845516384
  8807.  0.77455163
  8807.84961  0.848156631
  8808.69922  0.899118125
  8809.5498  0.918377042
  8810.39941  0.946616471
  8811.25  0.932282984
  8812.09961  1.0448842
  8812.94922  1.09345973
  8813.7998  1.05516529
  8814.64941  1.09079421
  8815.5  1.06549239
  8816.34961  1.06545198
  8817.19922  1.04939318
  8818.0498  1.05163312
  8818.89941  1.00662255
  8819.75  0.984630823
  8820.59961  0.986092687
  8821.44922  0.986600637
  8822.2998  1.00908434
  8823.14941  0.973774314
  8824.  0.815417409
  8824.84961  0.870469093
  8825.69922  0.980462193
  8826.5498  1.03048563
  8827.39941  0.945827603
  8828.25  0.968063414
  8829.09961  0.942903221
  8829.94922  0.920981824
  8830.7998  0.926255345
  8831.64941  0.978595793
  8832.5  1.02575934
  8833.34961  1.01532221
  8834.19922  0.977312505
  8835.0498  0.988835394
  8835.89941  1.04987109
  8836.75  1.020648
  8837.59961  0.944251955
  8838.44922  0.860696256
  8839.2998  0.938658416
  8840.14941  0.971331477
  8841.  1.00432193
  8841.84961  1.04713809
  8842.69922  0.96384865
  8843.5498  0.949989617
  8844.39941  1.00882018
  8845.25  0.992401361
  8846.09961  0.912288666
  8846.94922  0.868105352
  8847.7998  0.930270672
  8848.64941  0.967385113
  8849.5  0.887524664
  8850.34961  0.846527398
  8851.19922  0.830189884
  8852.0498  0.940401137
  8852.89941  0.997444808
  8853.75  1.05804467
  8854.59961  1.069224
  8855.44922  1.02569389
  8856.2998  0.99164623
  8857.14941  0.9242872
  8858.  0.927152991
  8858.84961  1.0250001
  8859.69922  1.06557953
  8860.5498  1.06863379
  8861.39941  1.04423094
  8862.25  0.959142268
  8863.09961  0.875481486
  8863.94922  0.903868914
  8864.7998  0.925919235
  8865.64941  0.937118173
  8866.5  0.869546056
  8867.34961  0.985395133
  8868.19922  1.02751362
  8869.0498  0.937401116
  8869.89941  0.952116966
  8870.75  0.961488307
  8871.59961  0.969406486
  8872.44922  0.993519962
  8873.2998  0.953231394
  8874.14941  1.04337335
  8875.  0.946743786
  8875.84961  0.974745452
  8876.69922  1.01691031
  8877.5498  1.01099503
  8878.39941  0.959912062
  8879.25  0.917235374
  8880.09961  0.989322603
  8880.94922  0.981067538
  8881.7998  1.02784002
  8882.64941  1.12442124
  8883.5  1.08451509
  8884.34961  0.940759778
  8885.19922  0.886886716
  8886.0498  0.862068892
  8886.89941  0.911802173
  8887.75  1.01896036
  8888.59961  1.07213485
  8889.44922  1.0145539
  8890.2998  0.970665574
  8891.14941  0.997058272
  8892.  0.970829308
  8892.84961  0.90285337
  8893.69922  0.918372989
  8894.5498  1.0322237
  8895.39941  1.08200395
  8896.25  1.03889489
  8897.09961  1.05727959
  8897.94922  0.979902864
  8898.7998  0.972463608
  8899.64941  1.02944136
  8900.5  1.04241121
  8901.34961  0.966341794
  8902.19922  0.985973418
  8903.0498  0.967419565
  8903.89941  1.01548421
  8904.75  1.02095318
  8905.59961  0.946484447
  8906.44922  0.893675447
  8907.2998  0.933752298
  8908.14941  1.02972853
  8909.  1.06269526
  8909.84961  1.13316
  8910.69922  0.959508002
  8911.5498  0.989569247
  8912.39941  1.02406311
  8913.25  0.978945076
  8914.09961  1.0109936
  8914.94922  1.03382981
  8915.7998  0.988823175
  8916.64941  0.996967137
  8917.5  0.985776007
  8918.34961  0.955510974
  8919.19922  1.07637239
  8920.0498  1.1124115
  8920.89941  0.974422634
  8921.75  0.969076097
  8922.59961  0.920494854
  8923.44922  0.837804019
  8924.2998  0.861785054
  8925.14941  0.916529775
  8926.  1.00418174
  8926.84961  0.976037502
  8927.69922  0.897302032
  8928.5498  0.911844373
  8929.39941  0.892380834
  8930.25  1.03323901
  8931.09961  1.01824021
  8931.94922  1.01872087
  8932.7998  1.08101714
  8933.64941  1.03368676
  8934.5  0.921296299
  8935.34961  0.879979491
  8936.19922  1.00269473
  8937.0498  1.04466414
  8937.89941  0.966109514
  8938.75  0.973962605
  8939.59961  1.05830741
  8940.44922  0.984171987
  8941.2998  1.00521874
  8942.14941  1.02230167
  8943.  0.965488672
  8943.84961  0.939961553
  8944.69922  0.906129777
  8945.5498  0.788997233
  8946.39941  0.830851853
  8947.25  0.891463697
  8948.09961  0.93195796
  8948.94922  0.968230486
  8949.7998  0.959878683
  8950.64941  0.902584493
  8951.5  0.847961962
  8952.34961  0.945512176
  8953.19922  0.981246769
  8954.0498  0.793296039
  8954.89941  0.812762022
  8955.75  0.945795834
  8956.59961  0.998106599
  8957.44922  0.92557025
  8958.2998  0.900123656
  8959.14941  0.906598747
  8960.  0.887005508
  8960.84961  0.913915873
  8961.69922  0.813943684
  8962.5498  0.708095372
  8963.39941  0.7976982
  8964.25  0.873305619
  8965.09961  0.794509292
  8965.94922  0.802949965
  8966.7998  0.881459415
  8967.64941  0.913224995
  8968.5  0.94460547
  8969.34961  1.03870428
  8970.19922  0.911711156
  8971.0498  0.755553961
  8971.89941  0.794398189
  8972.75  0.877332687
  8973.59961  0.824810266
  8974.44922  0.858091414
  8975.2998  0.946741343
  8976.14941  0.968550324
  8977.  1.00671458
  8977.84961  1.03277862
  8978.69922  1.02400053
  8979.5498  0.845878124
  8980.39941  0.793437302
  8981.25  0.956917405
  8982.09961  0.998500526
  8982.94922  0.981577277
  8983.7998  1.02182066
  8984.64941  0.964242816
  8985.5  0.839886308
  8986.34961  0.730659604
  8987.19922  0.693271816
  8988.0498  0.816716909
  8988.89941  0.834365368
  8989.75  0.705418706
  8990.59961  0.517886579
  8991.44922  0.590825677
  8992.2998  0.788122892
  8993.14941  0.928544998
  8994.  0.928200722
  8994.84961  0.876473308
  8995.69922  0.940297067
  8996.5498  1.06176591
  8997.39941  0.947908223
  8998.25  0.878732502
  8999.09961  0.721053839
  8999.94922  0.614682972
  9000.7998  0.850411296
  9001.64941  1.06810105
  9002.5  0.8199507
  9003.34961  0.727663279
  9004.19922  0.904158652
  9005.0498  0.884576142
  9005.89941  0.771771193
  9006.75  0.736148655
  9007.59961  0.79357332
  9008.44922  0.831855714
  9009.2998  0.822507501
  9010.14941  0.805597544
  9011.  0.749959886
  9011.84961  0.743254125
  9012.69922  0.800113082
  9013.5498  0.812813282
  9014.39941  0.917088866
  9015.25  0.850224316
  9016.09961  0.603138626
  9016.94922  0.703469992
  9017.7998  0.775352478
  9018.64941  0.850199819
  9019.5  0.916508019
