  8348.84961  1.11801481
  8349.69922  1.1159277
  8350.5498  1.10218441
  8351.39941  1.10899293
  8352.25  1.11639071
  8353.09961  1.10626805
  8353.94922  1.08612716
  8354.7998  1.08737135
  8355.64941  1.10512102
  8356.5  1.09158361
  8357.34961  1.09459758
  8358.19922  1.11750793
  8359.0498  1.11876512
  8359.89941  1.09122396
  8360.75  1.11965609
  8361.59961  1.10118377
  8362.44922  1.12320149
  8363.2998  1.10714447
  8364.14941  1.1201086
  8365.  1.13112652
  8365.84961  1.13775802
  8366.69922  1.12086487
  8367.5498  1.11518991
  8368.39941  1.1126399
  8369.25  1.12192559
  8370.09961  1.12800539
  8370.94922  1.11281788
  8371.7998  1.10926819
  8372.64941  1.12485027
  8373.5  1.12527001
  8374.34961  1.11196077
  8375.19922  1.11085737
  8376.0498  1.10908365
  8376.89941  1.09904099
  8377.75  1.08526838
  8378.59961  1.08317924
  8379.44922  1.1097821
  8380.2998  1.11903441
  8381.14941  1.10511255
  8382.  1.10388196
  8382.84961  1.12442684
  8383.69922  1.11186492
  8384.5498  1.1105324
  8385.39941  1.10911179
  8386.25  1.11053562
  8387.09961  1.06964779
  8387.94922  1.04769218
  8388.7998  1.08231294
  8389.64941  1.0907768
  8390.5  1.08125484
  8391.34961  1.09895706
  8392.19922  1.10846841
  8393.0498  1.1161561
  8393.89941  1.09095192
  8394.75  1.08334994
  8395.59961  1.08233094
  8396.44922  1.10575998
  8397.2998  1.12000453
  8398.14941  1.11261022
  8399.  1.09966528
  8399.84961  1.11042559
  8400.69922  1.09938359
  8401.5498  1.1226089
  8402.39941  1.11437654
  8403.25  1.13724613
  8404.09961  1.13407588
  8404.94922  1.11596274
  8405.7998  1.11798465
  8406.64941  1.11813307
  8407.5  1.10355282
  8408.34961  1.0953474
  8409.19922  1.05971014
  8410.0498  1.07052803
  8410.89941  1.09979916
  8411.75  1.11222017
  8412.59961  1.0953666
  8413.44922  1.08996928
  8414.2998  1.07255542
  8415.14941  1.0555799
  8416.  1.08043146
  8416.84961  1.10163784
  8417.69922  1.09937406
  8418.5498  1.09188378
  8419.39941  1.09769678
  8420.25  1.11362243
  8421.09961  1.11114109
  8421.94922  1.08847821
  8422.7998  1.07890689
  8423.64941  1.08054066
  8424.5  1.08558238
  8425.34961  1.09963262
  8426.19922  1.07794774
  8427.0498  1.10242009
  8427.89941  1.10103953
  8428.75  1.10779035
  8429.59961  1.11022329
  8430.44922  1.09693086
  8431.2998  1.09083116
  8432.14941  1.09273899
  8433.  1.09740126
  8433.84961  1.09573245
  8434.69922  1.08665752
  8435.5498  1.08739436
  8436.39941  1.06241882
  8437.25  1.04977727
  8438.09961  1.04202819
  8438.94922  1.04121006
  8439.7998  1.04805708
  8440.64941  1.06865287
  8441.5  1.06931853
  8442.34961  1.09256995
  8443.19922  1.11876702
  8444.0498  1.09532392
  8444.89941  1.03943336
  8445.75  0.99503547
  8446.59961  0.981140971
  8447.44922  0.992385924
  8448.2998  1.04375708
  8449.14941  1.07234597
  8450.  1.09771752
  8450.84961  1.07954645
  8451.69922  1.07485008
  8452.5498  1.06256437
  8453.39941  1.0441438
  8454.25  1.06590557
  8455.09961  1.09125257
  8455.94922  1.09882319
  8456.7998  1.09501517
  8457.64941  1.09304953
  8458.5  1.09515452
  8459.34961  1.0925312
  8460.19922  1.08576858
  8461.0498  1.06313801
  8461.89941  1.05826628
  8462.75  1.08768427
  8463.59961  1.08294928
  8464.44922  1.0620805
  8465.2998  1.07840037
  8466.14941  1.08147657
  8467.  1.04839587
  8467.84961  1.03439248
  8468.69922  1.04588699
  8469.5498  1.03055966
  8470.39941  1.02857864
  8471.25  1.04824531
  8472.09961  1.07644904
  8472.94922  1.08133221
  8473.7998  1.10001135
  8474.64941  1.08938169
  8475.5  1.09163535
  8476.34961  1.06145477
  8477.19922  1.07428026
  8478.0498  1.09515703
  8478.89941  1.11634791
  8479.75  1.09423947
  8480.59961  1.0890907
  8481.44922  1.07617724
  8482.2998  1.08197057
  8483.14941  1.06078601
  8484.  1.09195721
  8484.84961  1.08286059
  8485.69922  1.07469797
  8486.5498  1.09250772
  8487.39941  1.08446276
  8488.25  1.05695665
  8489.09961  1.09204555
  8489.94922  1.07364774
  8490.7998  1.0759691
  8491.64941  1.08054054
  8492.5  1.05921006
  8493.34961  1.07315409
  8494.19922  1.09188449
  8495.0498  1.06888282
  8495.89941  1.02901459
  8496.75  0.963003576
  8497.59961  0.884454429
  8498.44922  0.849290013
  8499.2998  0.866870105
  8500.14941  0.943381011
  8501.  1.00341105
  8501.84961  1.01401329
  8502.69922  1.0377208
  8503.5498  1.0323168
  8504.39941  1.01174963
  8505.25  1.0262363
  8506.09961  1.06789458
  8506.94922  1.06698191
  8507.7998  1.03678584
  8508.64941  1.05091834
  8509.5  1.08431208
  8510.34961  1.07738519
  8511.19922  1.06623602
  8512.0498  1.08038354
  8512.89941  1.07866681
  8513.75  1.06362855
  8514.59961  1.06975126
  8515.44922  1.07736588
  8516.2998  1.05364239
  8517.14941  1.04628861
  8518.  1.07860661
  8518.84961  1.079512
  8519.69922  1.05741036
  8520.5498  1.06222045
  8521.39941  1.06617975
  8522.25  1.06939733
  8523.09961  1.07613981
  8523.94922  1.0693146
  8524.7998  1.05212533
  8525.64941  1.04478681
  8526.5  1.06343496
  8527.34961  1.06925619
  8528.19922  1.08308554
  8529.0498  1.06853426
  8529.89941  1.06196511
  8530.75  1.07623816
  8531.59961  1.06797349
  8532.44922  1.05343723
  8533.2998  1.05008042
  8534.14941  1.04632664
  8535.  1.03332305
  8535.84961  1.04603612
  8536.69922  1.0356884
  8537.5498  1.01872599
  8538.39941  0.998964906
  8539.25  0.98623538
  8540.09961  0.936166406
  8540.94922  0.828357399
  8541.7998  0.707288682
  8542.64941  0.687392116
  8543.5  0.741620481
  8544.34961  0.813543558
  8545.19922  0.916281164
  8546.0498  0.960340381
  8546.89941  0.993368924
  8547.75  0.979046643
  8548.59961  0.998852789
  8549.44922  1.01037657
  8550.2998  1.00494874
  8551.14941  1.03224432
  8552.  1.07847846
  8552.84961  1.07639623
  8553.69922  1.06463182
  8554.5498  1.04134941
  8555.39941  1.03958488
  8556.25  1.0401051
  8557.09961  1.03956366
  8557.94922  1.04334736
  8558.7998  1.07893944
  8559.64941  1.08669472
  8560.5  1.06667471
  8561.34961  1.04133058
  8562.19922  1.05791306
  8563.0498  1.06297266
  8563.89941  1.0734185
  8564.75  1.07408559
  8565.59961  1.07092297
  8566.44922  1.05821323
  8567.2998  1.05956173
  8568.14941  1.08424854
  8569.  1.09080577
  8569.84961  1.07457936
  8570.69922  1.07145953
  8571.5498  1.08028483
  8572.39941  1.07101727
  8573.25  1.04271889
  8574.09961  1.04748082
  8574.94922  1.07836843
  8575.7998  1.07388604
  8576.64941  1.06273401
  8577.5  1.0549618
  8578.34961  1.05377197
  8579.19922  1.04464507
  8580.0498  1.04490376
  8580.89941  1.03795385
  8581.75  1.04041672
  8582.59961  1.05237079
  8583.44922  1.03926992
  8584.2998  1.02770066
  8585.14941  1.03066945
  8586.  1.0472852
  8586.84961  1.0206213
  8587.69922  1.01597106
  8588.5498  1.02660763
  8589.39941  1.02085888
  8590.25  1.0105027
  8591.09961  1.01012802
  8591.94922  1.00249135
  8592.7998  0.995379865
  8593.64941  0.984647453
  8594.5  0.98581326
  8595.34961  0.982800543
  8596.19922  0.973712802
  8597.0498  0.944888055
  8597.89941  0.952124238
  8598.75  0.93980968
  8599.59961  0.938055694
  8600.44922  0.944655001
  8601.2998  0.96867311
  8602.14941  0.973490715
  8603.  0.95971173
  8603.84961  0.974751055
  8604.69922  1.01347363
  8605.5498  1.02788627
  8606.39941  1.0190382
  8607.25  1.02520537
  8608.09961  1.02014506
  8608.94922  1.03658557
  8609.7998  1.04408693
  8610.64941  1.00293052
  8611.5  1.01647496
  8612.34961  1.04983032
  8613.19922  1.02325058
  8614.0498  1.02772605
  8614.89941  1.06401384
  8615.75  1.04986274
  8616.59961  1.07168508
  8617.44922  1.06954229
  8618.2998  1.07361507
  8619.14941  1.0917722
  8620.  1.0907737
  8620.84961  1.06882107
  8621.69922  1.06368899
  8622.5498  1.06287134
  8623.39941  1.05694103
  8624.25  1.07905471
  8625.09961  1.08912086
  8625.94922  1.06819439
  8626.7998  1.03580189
  8627.64941  1.05694723
  8628.5  1.0722369
  8629.34961  1.06542122
  8630.19922  1.04586136
  8631.0498  1.05769634
  8631.89941  1.06217885
  8632.75  1.04977095
  8633.59961  1.03541243
  8634.44922  1.03502464
  8635.2998  1.0306896
  8636.14941  1.04290259
  8637.  1.06525397
  8637.84961  1.05490971
  8638.69922  1.02941656
  8639.5498  1.03465831
  8640.39941  1.05119801
  8641.25  1.04484355
  8642.09961  1.04737842
  8642.94922  1.04924309
  8643.7998  1.03316712
  8644.64941  1.04540455
  8645.5  1.03783786
  8646.34961  1.02699494
  8647.19922  1.02329516
  8648.0498  1.00312757
  8648.89941  0.985327959
  8649.75  0.97747767
  8650.59961  0.988919675
  8651.44922  0.998930216
  8652.2998  0.974165082
  8653.14941  0.964757681
  8654.  0.987836242
  8654.84961  0.98824507
  8655.69922  0.977507234
  8656.5498  0.982112825
  8657.39941  0.968999028
  8658.25  0.959780455
  8659.09961  0.957053602
  8659.94922  0.911627412
  8660.7998  0.834035277
  8661.64941  0.744615972
  8662.5  0.69428432
  8663.34961  0.713778734
  8664.19922  0.773579657
  8665.0498  0.83208245
  8665.89941  0.857115507
  8666.75  0.868892193
  8667.59961  0.876696765
  8668.44922  0.88725853
  8669.2998  0.923503101
  8670.14941  0.927870452
  8671.  0.929658592
  8671.84961  0.939011037
  8672.69922  0.959488809
  8673.5498  0.937586188
  8674.39941  0.96086657
  8675.25  0.980791628
  8676.09961  0.963372231
  8676.94922  0.956457794
  8677.7998  0.981018662
  8678.64941  1.00328267
  8679.5  0.999437988
  8680.34961  0.989130914
  8681.19922  0.954074025
  8682.0498  0.957795203
  8682.89941  0.970527947
  8683.75  0.99274683
  8684.59961  1.01837492
  8685.44922  1.00115013
  8686.2998  0.982293308
  8687.14941  0.981880546
  8688.  0.974763751
  8688.84961  0.944806635
  8689.69922  0.971808732
  8690.5498  0.98306334
  8691.39941  1.01989973
  8692.25  1.02253175
  8693.09961  1.01767457
  8693.94922  0.978477836
  8694.7998  0.980726004
  8695.64941  0.981259346
  8696.5  0.990433872
  8697.34961  1.01406801
  8698.19922  1.0264703
  8699.0498  1.00603974
  8699.89941  0.988527
  8700.75  1.03248453
  8701.59961  1.02951145
  8702.44922  1.00455356
  8703.2998  1.01968539
  8704.14941  1.0169884
  8705.  0.986691713
  8705.84961  1.00549722
  8706.69922  1.03680122
  8707.5498  1.02252829
  8708.39941  1.01816976
  8709.25  1.01542366
  8710.09961  0.998103797
  8710.94922  0.977059066
  8711.7998  0.968753099
  8712.64941  0.978643477
  8713.5  0.996768117
  8714.34961  0.991046965
  8715.19922  0.978351951
  8716.0498  1.00372839
  8716.89941  0.98338747
  8717.75  0.992038488
  8718.59961  1.00405002
  8719.44922  0.998376608
  8720.2998  1.00795674
  8721.14941  0.997948468
  8722.  0.992036879
  8722.84961  1.00400186
  8723.69922  0.983840585
  8724.5498  0.982376993
  8725.39941  0.98654902
  8726.25  0.982053399
  8727.09961  0.975574076
  8727.94922  0.974024057
  8728.7998  0.96417433
  8729.64941  0.956438839
  8730.5  0.951640427
  8731.34961  0.979842663
  8732.19922  1.0042944
  8733.0498  0.980634928
  8733.89941  0.979674339
  8734.75  0.968262732
  8735.59961  0.941826642
  8736.44922  0.975494981
  8737.2998  0.962917507
  8738.14941  0.963835597
  8739.  0.954636991
  8739.84961  0.955602527
  8740.69922  0.953444958
  8741.5498  0.939269662
  8742.39941  0.899102688
  8743.25  0.937696457
  8744.09961  0.906634748
  8744.94922  0.911362112
  8745.7998  0.901623309
  8746.64941  0.885464847
  8747.5  0.886762857
  8748.34961  0.841035426
  8749.19922  0.827415228
  8750.0498  0.811521351
  8750.89941  0.809203684
  8751.75  0.836773396
  8752.59961  0.853281736
  8753.44922  0.854638278
  8754.2998  0.853593588
  8755.14941  0.858672023
  8756.  0.875529468
  8756.84961  0.919459164
  8757.69922  0.918404639
  8758.5498  0.911389828
  8759.39941  0.908705652
  8760.25  0.91747576
  8761.09961  0.991289735
  8761.94922  0.961203933
  8762.7998  0.954100072
  8763.64941  0.94151175
  8764.5  0.928804994
  8765.34961  0.95452565
  8766.19922  0.960088372
  8767.0498  0.948599577
  8767.89941  0.977242649
  8768.75  1.00161338
  8769.59961  1.00209808
  8770.44922  0.979476511
  8771.2998  0.983070552
  8772.14941  0.956328988
  8773.  0.97582835
  8773.84961  0.977320433
  8774.69922  0.96811223
  8775.5498  0.972371757
  8776.39941  0.973098874
  8777.25  0.984095812
  8778.09961  0.995482981
  8778.94922  1.00008237
  8779.7998  0.985037625
  8780.64941  0.985727966
  8781.5  0.982853949
  8782.34961  0.993167877
  8783.19922  0.999317527
  8784.0498  0.969308019
  8784.89941  0.937639177
  8785.75  0.965588629
  8786.59961  0.98032856
  8787.44922  0.989282906
  8788.2998  0.987891734
  8789.14941  0.991473973
  8790.  0.98330754
  8790.84961  0.992324948
  8791.69922  0.993004322
  8792.5498  1.00724089
  8793.39941  0.989570022
  8794.25  0.987561345
  8795.09961  0.99027878
  8795.94922  0.998123229
  8796.7998  0.991472304
  8797.64941  0.981488466
  8798.5  1.02498615
  8799.34961  1.01393664
  8800.19922  0.988956988
  8801.0498  0.997569561
  8801.89941  1.01752472
  8802.75  1.03068697
  8803.59961  1.05654109
  8804.44922  1.04896021
  8805.2998  1.03945088
  8806.14941  0.983934462
  8807.  0.969406784
  8807.84961  0.952492177
  8808.69922  0.975306511
  8809.5498  1.00951695
  8810.39941  1.00704193
  8811.25  0.999849379
  8812.09961  1.00451279
  8812.94922  1.03538764
  8813.7998  1.03001726
  8814.64941  1.02426922
  8815.5  0.999292612
  8816.34961  0.998092115
  8817.19922  1.01660204
  8818.0498  1.03330803
  8818.89941  1.01385987
  8819.75  1.0016166
  8820.59961  1.00408065
  8821.44922  0.990215123
  8822.2998  0.96734333
  8823.14941  0.961672902
  8824.  0.986100137
  8824.84961  0.968648553
  8825.69922  0.979458928
  8826.5498  1.00496542
  8827.39941  0.981318474
  8828.25  0.995957732
  8829.09961  0.978744328
  8829.94922  0.970736325
  8830.7998  0.990840137
  8831.64941  1.03321803
  8832.5  1.02092898
  8833.34961  0.995651066
  8834.19922  0.982402682
  8835.0498  1.0112921
  8835.89941  0.995773971
  8836.75  0.969743788
  8837.59961  0.953329623
  8838.44922  0.960507751
  8839.2998  0.945970178
  8840.14941  0.945832729
  8841.  0.96713829
  8841.84961  0.943455458
  8842.69922  0.952208817
  8843.5498  0.951670885
  8844.39941  0.989333928
  8845.25  0.984964669
  8846.09961  0.96754086
  8846.94922  0.960674703
  8847.7998  0.957845449
  8848.64941  0.965557516
  8849.5  0.956385553
  8850.34961  0.907811701
  8851.19922  0.92985785
  8852.0498  0.933859468
  8852.89941  0.910700142
  8853.75  0.876666725
  8854.59961  0.905035794
  8855.44922  0.883532465
  8856.2998  0.882799804
  8857.14941  0.873763502
  8858.  0.873922348
  8858.84961  0.872680068
  8859.69922  0.83509922
  8860.5498  0.798262298
  8861.39941  0.760693908
  8862.25  0.752063751
  8863.09961  0.734102726
  8863.94922  0.722247958
  8864.7998  0.780412853
  8865.64941  0.824926913
  8866.5  0.829035282
  8867.34961  0.821050286
  8868.19922  0.818823397
  8869.0498  0.85118252
  8869.89941  0.859288573
  8870.75  0.867466807
  8871.59961  0.908946097
  8872.44922  0.892199159
  8873.2998  0.883793414
  8874.14941  0.90658325
  8875.  0.885068774
  8875.84961  0.913671374
  8876.69922  0.942789257
  8877.5498  0.944609225
  8878.39941  0.917609334
  8879.25  0.935947657
  8880.09961  0.939901352
  8880.94922  0.941696525
  8881.7998  0.934242725
  8882.64941  0.939542711
  8883.5  0.966716409
  8884.34961  0.943116128
  8885.19922  0.971466541
  8886.0498  0.983052611
  8886.89941  0.948056519
  8887.75  0.943704486
  8888.59961  0.948455393
  8889.44922  0.991939127
  8890.2998  0.968127012
  8891.14941  0.951564372
  8892.  0.967945635
  8892.84961  0.981360734
  8893.69922  0.975732684
  8894.5498  0.99313587
  8895.39941  0.95415467
  8896.25  0.951752543
  8897.09961  0.973673105
  8897.94922  0.995037735
  8898.7998  0.998887002
  8899.64941  1.01007164
  8900.5  0.982922196
  8901.34961  1.00668621
  8902.19922  0.96951592
  8903.0498  0.962063313
  8903.89941  0.984890163
  8904.75  1.00963986
  8905.59961  1.01276469
  8906.44922  0.994529605
  8907.2998  0.982091725
  8908.14941  0.975269139
  8909.  0.96588999
  8909.84961  0.988305986
  8910.69922  0.97209537
  8911.5498  0.938785732
  8912.39941  0.8891204
  8913.25  0.923905969
  8914.09961  0.958274007
  8914.94922  0.998458207
  8915.7998  1.01927423
  8916.64941  1.01278949
  8917.5  1.01199424
  8918.34961  0.999599397
  8919.19922  0.973292172
  8920.0498  1.00909376
  8920.89941  1.0249995
  8921.75  1.00804615
  8922.59961  0.975648522
  8923.44922  0.991977632
  8924.2998  0.978864193
  8925.14941  0.971333623
  8926.  0.961179972
  8926.84961  0.891585946
  8927.69922  0.881805718
  8928.5498  0.906337798
  8929.39941  0.93576318
  8930.25  0.950446606
  8931.09961  0.965568602
  8931.94922  0.93851161
  8932.7998  0.957272053
  8933.64941  0.985475481
  8934.5  0.965552449
  8935.34961  0.968195677
  8936.19922  0.988112569
  8937.0498  1.00479579
  8937.89941  1.01770949
  8938.75  0.997986138
  8939.59961  0.989485741
  8940.44922  0.984612703
  8941.2998  0.975090325
  8942.14941  1.00911033
  8943.  1.00106561
  8943.84961  0.963487327
  8944.69922  0.957950652
  8945.5498  0.954529047
  8946.39941  0.952544689
  8947.25  0.929973364
  8948.09961  0.910723627
  8948.94922  0.950420141
  8949.7998  0.945312977
  8950.64941  0.943244576
  8951.5  0.963360965
  8952.34961  0.943046689
  8953.19922  0.925703168
  8954.0498  0.941309273
  8954.89941  0.942244112
  8955.75  0.890153527
  8956.59961  0.885119855
  8957.44922  0.937593579
  8958.2998  0.976836979
  8959.14941  0.960426867
  8960.  0.956486404
  8960.84961  0.982025206
  8961.69922  0.973922431
  8962.5498  0.970178783
  8963.39941  0.866188765
  8964.25  0.801043987
  8965.09961  0.870965719
  8965.94922  0.902680337
  8966.7998  0.852440298
  8967.64941  0.852070153
  8968.5  0.902855158
  8969.34961  0.924227715
  8970.19922  0.950042009
  8971.0498  0.946032107
  8971.89941  0.8740291
  8972.75  0.797864437
  8973.59961  0.836142957
  8974.44922  0.892428219
  8975.2998  0.87594229
  8976.14941  0.853145361
  8977.  0.882752419
  8977.84961  0.908936858
  8978.69922  0.921619475
  8979.5498  0.973184168
  8980.39941  0.946089447
  8981.25  0.813985765
  8982.09961  0.806222498
  8982.94922  0.923083484
  8983.7998  0.961932003
  8984.64941  0.947166681
  8985.5  0.93585819
  8986.34961  0.917458355
  8987.19922  0.865129113
  8988.0498  0.729520977
  8988.89941  0.657684088
  8989.75  0.784119606
  8990.59961  0.803064823
  8991.44922  0.823316574
  8992.2998  0.719213843
  8993.14941  0.626889467
  8994.  0.789839029
  8994.84961  0.882463992
  8995.69922  0.914888144
  8996.5498  0.903341711
  8997.39941  0.899502873
  8998.25  0.899446189
  8999.09961  0.874354362
  8999.94922  0.853267908
  9000.7998  0.814202487
  9001.64941  0.657996714
  9002.5  0.777501702
  9003.34961  0.843762994
  9004.19922  0.845929742
  9005.0498  0.722219706
  9005.89941  0.770497262
  9006.75  0.856550574
  9007.59961  0.81454891
  9008.44922  0.723131955
  9009.2998  0.766360164
  9010.14941  0.794022083
  9011.  0.769681036
  9011.84961  0.749352932
  9012.69922  0.673501611
  9013.5498  0.625188231
  9014.39941  0.70156455
  9015.25  0.710434079
  9016.09961  0.694565296
  9016.94922  0.64768368
  9017.7998  0.55216682
  9018.64941  0.617749929
  9019.5  0.741267741
