  8348.84961  1.1531167
  8349.69922  1.11107647
  8350.5498  1.05882537
  8351.39941  0.998673558
  8352.25  1.05420661
  8353.09961  1.13933861
  8353.94922  1.18424249
  8354.7998  1.09180129
  8355.64941  1.15591419
  8356.5  1.16918874
  8357.34961  1.08175528
  8358.19922  1.0774008
  8359.0498  1.06452167
  8359.89941  1.13188004
  8360.75  1.12773097
  8361.59961  1.08240557
  8362.44922  1.10449326
  8363.2998  1.04791057
  8364.14941  1.02801013
  8365.  1.06793439
  8365.84961  1.04144549
  8366.69922  1.12538183
  8367.5498  1.208287
  8368.39941  1.17426133
  8369.25  1.13769782
  8370.09961  1.16708481
  8370.94922  1.16485953
  8371.7998  1.10262787
  8372.64941  1.11747766
  8373.5  1.15438843
  8374.34961  1.17758155
  8375.19922  1.1816293
  8376.0498  1.17398715
  8376.89941  1.16964877
  8377.75  1.14635086
  8378.59961  1.10465038
  8379.44922  1.1144042
  8380.2998  1.08532965
  8381.14941  1.12865365
  8382.  1.1011647
  8382.84961  1.14910805
  8383.69922  1.17028463
  8384.5498  1.16816938
  8385.39941  1.17077231
  8386.25  1.16011131
  8387.09961  1.14350641
  8387.94922  1.14984763
  8388.7998  1.11043
  8389.64941  1.1599524
  8390.5  1.11221004
  8391.34961  1.12064862
  8392.19922  1.06955302
  8393.0498  1.07124209
  8393.89941  1.11015165
  8394.75  1.12798047
  8395.59961  1.08570623
  8396.44922  1.03094792
  8397.2998  1.06470442
  8398.14941  1.16149688
  8399.  1.19167995
  8399.84961  1.15247452
  8400.69922  1.16389441
  8401.5498  1.13560808
  8402.39941  1.09836173
  8403.25  1.09219182
  8404.09961  1.08050692
  8404.94922  1.11731291
  8405.7998  1.1110419
  8406.64941  1.10738063
  8407.5  1.10651243
  8408.34961  1.16940868
  8409.19922  1.1844207
  8410.0498  1.09808648
  8410.89941  1.1002419
  8411.75  1.11896706
  8412.59961  1.06552458
  8413.44922  1.0789113
  8414.2998  1.09470773
  8415.14941  1.0455513
  8416.  1.12197173
  8416.84961  1.09256184
  8417.69922  1.0830797
  8418.5498  1.07408738
  8419.39941  1.03578496
  8420.25  1.15611184
  8421.09961  1.11879182
  8421.94922  1.06941974
  8422.7998  1.08441889
  8423.64941  1.05550826
  8424.5  1.01621532
  8425.34961  1.02012789
  8426.19922  1.12373543
  8427.0498  1.08141613
  8427.89941  1.14136684
  8428.75  1.0480845
  8429.59961  1.09803581
  8430.44922  1.1616739
  8431.2998  1.13159585
  8432.14941  1.10859931
  8433.  0.970870018
  8433.84961  1.05451739
  8434.69922  1.08393204
  8435.5498  1.1452775
  8436.39941  1.120332
  8437.25  1.12391889
  8438.09961  1.13889027
  8438.94922  1.04578769
  8439.7998  0.967072666
  8440.64941  1.11006212
  8441.5  1.12946045
  8442.34961  1.09861398
  8443.19922  1.14557779
  8444.0498  1.12596405
  8444.89941  1.04607236
  8445.75  0.98703599
  8446.59961  0.982267261
  8447.44922  1.12783349
  8448.2998  1.15315032
  8449.14941  1.07404447
  8450.  1.08003318
  8450.84961  1.10403609
  8451.69922  1.10622787
  8452.5498  1.12440705
  8453.39941  1.10157907
  8454.25  1.03731251
  8455.09961  1.00258934
  8455.94922  1.08668363
  8456.7998  1.12567258
  8457.64941  1.14173198
  8458.5  1.13857973
  8459.34961  1.06411791
  8460.19922  1.10150087
  8461.0498  1.10252285
  8461.89941  1.03172278
  8462.75  0.989973485
  8463.59961  1.07218373
  8464.44922  1.0371114
  8465.2998  1.00461018
  8466.14941  1.15826333
  8467.  1.11002338
  8467.84961  0.891496181
  8468.69922  0.883746028
  8469.5498  0.953787208
  8470.39941  1.06244826
  8471.25  1.08413184
  8472.09961  1.12613893
  8472.94922  1.04725444
  8473.7998  1.0773294
  8474.64941  0.988540947
  8475.5  1.00249386
  8476.34961  1.13078165
  8477.19922  1.07355595
  8478.0498  1.08406162
  8478.89941  1.08221531
  8479.75  1.13814187
  8480.59961  1.1248455
  8481.44922  1.06657493
  8482.2998  1.05034387
  8483.14941  1.04502523
  8484.  1.08184528
  8484.84961  1.08479869
  8485.69922  1.04317725
  8486.5498  1.03528059
  8487.39941  1.02843022
  8488.25  0.994866848
  8489.09961  0.927675188
  8489.94922  0.988025367
  8490.7998  1.05171394
  8491.64941  0.987590075
  8492.5  1.01208639
  8493.34961  1.02214003
  8494.19922  1.03704691
  8495.0498  1.07224548
  8495.89941  0.911564648
  8496.75  0.750088155
  8497.59961  0.771556616
  8498.44922  0.817785919
  8499.2998  0.868012428
  8500.14941  0.948441029
  8501.  1.04206836
  8501.84961  1.10614336
  8502.69922  1.12685931
  8503.5498  1.05923557
  8504.39941  1.00034225
  8505.25  1.05507195
  8506.09961  1.12902486
  8506.94922  1.16473889
  8507.7998  1.12235105
  8508.64941  1.12543547
  8509.5  1.16474676
  8510.34961  1.10055566
  8511.19922  1.0033493
  8512.0498  1.0186162
  8512.89941  1.0281831
  8513.75  1.01291978
  8514.59961  1.0192064
  8515.44922  1.00592351
  8516.2998  1.02207804
  8517.14941  1.04067349
  8518.  1.07487237
  8518.84961  1.10877979
  8519.69922  1.15755033
  8520.5498  1.20367622
  8521.39941  1.11393082
  8522.25  1.04822099
  8523.09961  1.0625459
  8523.94922  1.06329942
  8524.7998  1.0437218
  8525.64941  1.11148691
  8526.5  1.10202968
  8527.34961  1.05800509
  8528.19922  1.08730531
  8529.0498  1.03721702
  8529.89941  0.978087425
  8530.75  0.959053576
  8531.59961  1.04686892
  8532.44922  1.06991684
  8533.2998  1.03532732
  8534.14941  0.982075214
  8535.  0.961003363
  8535.84961  0.946657896
  8536.69922  0.967860103
  8537.5498  0.983323932
  8538.39941  0.98292917
  8539.25  0.911506355
  8540.09961  0.821214497
  8540.94922  0.681919038
  8541.7998  0.572393835
  8542.64941  0.595471799
  8543.5  0.694912136
  8544.34961  0.813144803
  8545.19922  0.928394973
  8546.0498  0.934788108
  8546.89941  0.92489177
  8547.75  1.00082767
  8548.59961  1.04947281
  8549.44922  1.0321002
  8550.2998  1.06024277
  8551.14941  1.09206176
  8552.  1.0745877
  8552.84961  1.01943302
  8553.69922  1.04069567
  8554.5498  1.09142113
  8555.39941  1.11755228
  8556.25  1.09703505
  8557.09961  1.01066542
  8557.94922  1.0153749
  8558.7998  1.07085896
  8559.64941  1.08762932
  8560.5  1.00879884
  8561.34961  1.0050925
  8562.19922  1.00785232
  8563.0498  0.994247139
  8563.89941  1.07117307
  8564.75  1.12929928
  8565.59961  1.09519923
  8566.44922  1.08118701
  8567.2998  1.04569423
  8568.14941  1.01479471
  8569.  1.02771664
  8569.84961  1.02881598
  8570.69922  0.987231255
  8571.5498  0.986646056
  8572.39941  1.08228636
  8573.25  1.1018939
  8574.09961  1.02951276
  8574.94922  1.05529869
  8575.7998  1.05318749
  8576.64941  1.0930829
  8577.5  1.0267334
  8578.34961  0.997235179
  8579.19922  1.06013048
  8580.0498  1.05085218
  8580.89941  1.03020394
  8581.75  1.061746
  8582.59961  1.07059097
  8583.44922  1.05239332
  8584.2998  1.10632598
  8585.14941  1.0551424
  8586.  1.07365286
  8586.84961  1.02257609
  8587.69922  1.04147255
  8588.5498  0.979723454
  8589.39941  1.02507913
  8590.25  0.986867607
  8591.09961  1.0038501
  8591.94922  1.02699292
  8592.7998  0.981211185
  8593.64941  0.976719499
  8594.5  1.11398113
  8595.34961  0.928095579
  8596.19922  0.954767227
  8597.0498  1.04465699
  8597.89941  1.08254671
  8598.75  0.993847728
  8599.59961  0.942889333
  8600.44922  0.964324415
  8601.2998  1.07964075
  8602.14941  1.04108179
  8603.  1.018785
  8603.84961  1.03558326
  8604.69922  0.982750297
  8605.5498  1.09439981
  8606.39941  1.05556858
  8607.25  0.93490535
  8608.09961  0.961691976
  8608.94922  0.983007848
  8609.7998  0.965301991
  8610.64941  1.01648295
  8611.5  1.09968197
  8612.34961  1.05066812
  8613.19922  1.02876472
  8614.0498  1.05804563
  8614.89941  1.04362178
  8615.75  1.09410095
  8616.59961  1.05693054
  8617.44922  1.00419068
  8618.2998  1.0167942
  8619.14941  1.07638097
  8620.  1.10808313
  8620.84961  1.05767667
  8621.69922  0.946733356
  8622.5498  0.964648247
  8623.39941  1.09825718
  8624.25  1.08248425
  8625.09961  1.03362489
  8625.94922  1.04078877
  8626.7998  1.07103181
  8627.64941  1.03702176
  8628.5  1.04231656
  8629.34961  1.05137861
  8630.19922  1.00881231
  8631.0498  0.968660295
  8631.89941  1.01725566
  8632.75  1.07570219
  8633.59961  1.09644103
  8634.44922  1.0620079
  8635.2998  1.02280271
  8636.14941  1.08899701
  8637.  1.10595286
  8637.84961  1.05734289
  8638.69922  1.09275937
  8639.5498  1.15450823
  8640.39941  1.07530642
  8641.25  0.994527876
  8642.09961  1.04438925
  8642.94922  1.04621506
  8643.7998  1.00397456
  8644.64941  1.02761078
  8645.5  1.02617526
  8646.34961  1.03349245
  8647.19922  1.03875256
  8648.0498  0.94443357
  8648.89941  0.884526432
  8649.75  0.964680135
  8650.59961  1.08760071
  8651.44922  1.0743078
  8652.2998  1.0350157
  8653.14941  1.05530798
  8654.  1.08851552
  8654.84961  1.06687915
  8655.69922  1.01993275
  8656.5498  1.09906149
  8657.39941  1.04565477
  8658.25  0.908810496
  8659.09961  0.83649236
  8659.94922  0.751403689
  8660.7998  0.792874873
  8661.64941  0.69273591
  8662.5  0.619749606
  8663.34961  0.660867989
  8664.19922  0.82791841
  8665.0498  0.92162782
  8665.89941  0.865999818
  8666.75  0.918355882
  8667.59961  0.899526834
  8668.44922  0.915019989
  8669.2998  0.991459668
  8670.14941  1.00268829
  8671.  0.989617884
  8671.84961  0.911512375
  8672.69922  0.959915638
  8673.5498  0.988703251
  8674.39941  0.977732837
  8675.25  1.01981652
  8676.09961  1.03473127
  8676.94922  1.07563186
  8677.7998  1.02162862
  8678.64941  0.972667754
  8679.5  0.954497516
  8680.34961  0.954893529
  8681.19922  1.01262331
  8682.0498  1.10407865
  8682.89941  1.06882179
  8683.75  0.956538796
  8684.59961  0.897191882
  8685.44922  0.983524144
  8686.2998  0.997520149
  8687.14941  1.016873
  8688.  0.919370711
  8688.84961  0.858921587
  8689.69922  0.955605388
  8690.5498  1.02364433
  8691.39941  1.03976512
  8692.25  1.08436382
  8693.09961  0.983859062
  8693.94922  1.01058412
  8694.7998  0.962761819
  8695.64941  0.909674346
  8696.5  0.962395072
  8697.34961  0.97039634
  8698.19922  0.948742747
  8699.0498  0.915665269
  8699.89941  0.98230195
  8700.75  1.04751575
  8701.59961  1.04876113
  8702.44922  1.06917155
  8703.2998  1.10666847
  8704.14941  1.01473761
  8705.  0.975562751
  8705.84961  0.958788157
  8706.69922  1.0199759
  8707.5498  0.984976947
  8708.39941  1.05523288
  8709.25  0.987443924
  8710.09961  0.96665591
  8710.94922  0.988148868
  8711.7998  1.0367353
  8712.64941  0.907630324
  8713.5  0.967934668
  8714.34961  1.02115762
  8715.19922  0.894131899
  8716.0498  0.971147239
  8716.89941  0.999402106
  8717.75  0.956606805
  8718.59961  0.937613308
  8719.44922  0.946803451
  8720.2998  1.06373596
  8721.14941  1.03275084
  8722.  1.04932559
  8722.84961  1.03800225
  8723.69922  1.0174334
  8724.5498  1.07955563
  8725.39941  1.06828415
  8726.25  1.00098228
  8727.09961  1.02919376
  8727.94922  1.04940236
  8728.7998  0.981230617
  8729.64941  1.08466017
  8730.5  1.11213124
  8731.34961  0.949620008
  8732.19922  0.95377624
  8733.0498  1.04167855
  8733.89941  1.04781246
  8734.75  0.930297971
  8735.59961  0.903848052
  8736.44922  0.927908361
  8737.2998  0.877800107
  8738.14941  0.905918956
  8739.  0.936054587
  8739.84961  0.965240717
  8740.69922  0.956088305
  8741.5498  0.950069189
  8742.39941  0.945940077
  8743.25  0.927616417
  8744.09961  1.05712569
  8744.94922  1.10462463
  8745.7998  0.990626693
  8746.64941  0.91714865
  8747.5  0.94917506
  8748.34961  0.909173965
  8749.19922  0.932428181
  8750.0498  0.98502028
  8750.89941  1.02665496
  8751.75  0.943674088
  8752.59961  0.959262311
  8753.44922  0.979484797
  8754.2998  0.975447536
  8755.14941  0.953359842
  8756.  0.948974907
  8756.84961  0.987624466
  8757.69922  1.01888156
  8758.5498  0.991182566
  8759.39941  0.987722039
  8760.25  0.979613006
  8761.09961  0.963287055
  8761.94922  1.00713575
  8762.7998  0.995718718
  8763.64941  0.899626851
  8764.5  0.903610945
  8765.34961  0.887875676
  8766.19922  0.854138374
  8767.0498  1.04915857
  8767.89941  1.15990794
  8768.75  0.945663631
  8769.59961  0.831833899
  8770.44922  0.916376412
  8771.2998  0.988730907
  8772.14941  0.885409117
  8773.  0.85355711
  8773.84961  0.976577699
  8774.69922  0.96304059
  8775.5498  0.990104556
  8776.39941  1.16098452
  8777.25  1.10005605
  8778.09961  0.926101208
  8778.94922  1.01379764
  8779.7998  0.993632615
  8780.64941  0.891273022
  8781.5  0.915531278
  8782.34961  0.965684891
  8783.19922  0.991123319
  8784.0498  0.975230396
  8784.89941  0.921856523
  8785.75  0.977448106
  8786.59961  1.00241435
  8787.44922  1.00404251
  8788.2998  1.06526232
  8789.14941  0.954718769
  8790.  0.897941768
  8790.84961  1.03117716
  8791.69922  0.952048898
  8792.5498  0.896608233
  8793.39941  0.874874651
  8794.25  0.877810419
  8795.09961  0.944643795
  8795.94922  0.914817214
  8796.7998  0.878062427
  8797.64941  0.861946404
  8798.5  0.944555461
  8799.34961  1.05584109
  8800.19922  1.06488502
  8801.0498  0.995617807
  8801.89941  0.993126154
  8802.75  1.03506386
  8803.59961  1.00908291
  8804.44922  0.944377065
  8805.2998  0.972872078
  8806.14941  0.918936014
  8807.  0.794561446
  8807.84961  0.959053934
  8808.69922  1.0227977
  8809.5498  0.915118635
  8810.39941  0.88128233
  8811.25  0.972469985
  8812.09961  1.00836945
  8812.94922  0.968172908
  8813.7998  0.926595867
  8814.64941  0.961061358
  8815.5  0.996591628
  8816.34961  1.00352871
  8817.19922  1.04464293
  8818.0498  1.04412711
  8818.89941  1.03414917
  8819.75  0.953174353
  8820.59961  0.87997371
  8821.44922  0.936660588
  8822.2998  0.970959663
  8823.14941  0.956297755
  8824.  0.954302907
  8824.84961  1.02214825
  8825.69922  1.05152702
  8826.5498  1.08888221
  8827.39941  1.03754115
  8828.25  0.925373554
  8829.09961  0.840639055
  8829.94922  0.938340127
  8830.7998  0.884453595
  8831.64941  0.852998912
  8832.5  0.968151808
  8833.34961  0.952205598
  8834.19922  0.930493712
  8835.0498  1.13317382
  8835.89941  1.06987798
  8836.75  0.969962895
  8837.59961  0.952732027
  8838.44922  0.91848129
  8839.2998  0.873142421
  8840.14941  0.922512829
  8841.  0.929967642
  8841.84961  0.977249086
  8842.69922  1.02078581
  8843.5498  0.943609953
  8844.39941  0.910528123
  8845.25  1.00913811
  8846.09961  1.00468254
  8846.94922  0.966104031
  8847.7998  1.03387344
  8848.64941  1.0679878
  8849.5  1.02907312
  8850.34961  0.963841498
  8851.19922  0.941236198
  8852.0498  0.887880921
  8852.89941  0.881133974
  8853.75  0.948209941
  8854.59961  0.985001206
  8855.44922  0.991613746
  8856.2998  0.930368185
  8857.14941  0.926620841
  8858.  0.950357258
  8858.84961  0.992423832
  8859.69922  0.90570277
  8860.5498  0.975419283
  8861.39941  1.01319849
  8862.25  0.96416527
  8863.09961  0.970348775
  8863.94922  0.890256226
  8864.7998  0.882597506
  8865.64941  0.94830358
  8866.5  0.976974726
  8867.34961  0.967681646
  8868.19922  0.958669066
  8869.0498  0.902562916
  8869.89941  0.861091495
  8870.75  0.946555614
  8871.59961  0.921960652
  8872.44922  0.96614027
  8873.2998  0.87780112
  8874.14941  0.798748612
  8875.  0.887138903
  8875.84961  1.05175531
  8876.69922  1.04686344
  8877.5498  1.0047946
  8878.39941  0.980980933
  8879.25  0.938542664
  8880.09961  0.989804447
  8880.94922  0.99906677
  8881.7998  1.06989849
  8882.64941  0.994138479
  8883.5  0.863175035
  8884.34961  0.837335169
  8885.19922  1.02097797
  8886.0498  0.97123301
  8886.89941  1.00768292
  8887.75  1.06592941
  8888.59961  0.982400239
  8889.44922  0.904349566
  8890.2998  0.927275121
  8891.14941  0.998412073
  8892.  0.947905004
  8892.84961  0.976866066
  8893.69922  0.932288229
  8894.5498  1.02287281
  8895.39941  0.99330461
  8896.25  0.990076602
  8897.09961  0.998824656
  8897.94922  0.893008411
  8898.7998  0.917684317
  8899.64941  0.946550012
  8900.5  0.897651613
  8901.34961  0.929579496
  8902.19922  1.03750777
  8903.0498  0.986847878
  8903.89941  0.979902148
  8904.75  1.04460847
  8905.59961  0.966216803
  8906.44922  0.933321893
  8907.2998  0.930003107
  8908.14941  0.862179577
  8909.  0.89424032
  8909.84961  0.880595744
  8910.69922  0.915587723
  8911.5498  0.8464697
  8912.39941  0.905078709
  8913.25  1.02875221
  8914.09961  1.05968368
  8914.94922  0.984233081
  8915.7998  0.993566811
  8916.64941  0.944823623
  8917.5  1.08598316
  8918.34961  1.0680542
  8919.19922  1.17274356
  8920.0498  1.13496721
  8920.89941  0.972453952
  8921.75  0.854036927
  8922.59961  0.97529006
  8923.44922  1.06151199
  8924.2998  0.93339169
  8925.14941  0.813079178
  8926.  0.894540906
  8926.84961  0.892427146
  8927.69922  0.992971301
  8928.5498  0.958824158
  8929.39941  0.943763316
  8930.25  0.922073185
  8931.09961  1.07355809
  8931.94922  0.98009789
  8932.7998  0.956258953
  8933.64941  0.959477723
  8934.5  1.02583075
  8935.34961  1.03608024
  8936.19922  0.943731904
  8937.0498  0.965480983
  8937.89941  1.00373232
  8938.75  1.07517529
  8939.59961  1.05631173
  8940.44922  0.973393679
  8941.2998  0.988558114
  8942.14941  0.955328941
  8943.  0.991791368
  8943.84961  1.03134298
  8944.69922  0.916037917
  8945.5498  0.860958576
  8946.39941  0.91585499
  8947.25  0.93174243
  8948.09961  0.933764756
  8948.94922  0.823004842
  8949.7998  0.829231262
  8950.64941  0.899613202
  8951.5  0.894126773
  8952.34961  0.886517763
  8953.19922  0.971931219
  8954.0498  0.948565483
  8954.89941  0.827636421
  8955.75  0.931905806
  8956.59961  1.05832458
  8957.44922  1.1820147
  8958.2998  1.21722162
  8959.14941  0.950580657
  8960.  0.804183841
  8960.84961  0.840849936
  8961.69922  0.734557211
  8962.5498  0.679926574
  8963.39941  0.788560033
  8964.25  0.791295111
  8965.09961  0.782506585
  8965.94922  0.796663404
  8966.7998  0.825927019
  8967.64941  0.832033753
  8968.5  0.807749808
  8969.34961  0.693776786
  8970.19922  0.74072355
  8971.0498  0.796951056
  8971.89941  0.829244435
  8972.75  0.900036395
  8973.59961  0.8861022
  8974.44922  0.843023956
  8975.2998  0.824326813
  8976.14941  0.842516661
  8977.  0.947000802
  8977.84961  0.917429686
  8978.69922  0.861863375
  8979.5498  0.880610168
  8980.39941  0.895509064
  8981.25  0.928904355
  8982.09961  1.02637601
  8982.94922  0.949590862
  8983.7998  0.959291697
  8984.64941  0.857186735
  8985.5  0.77366364
  8986.34961  0.795461714
  8987.19922  0.820161045
  8988.0498  0.924750447
  8988.89941  0.969028771
  8989.75  0.88780129
  8990.59961  0.710968494
  8991.44922  0.75340569
  8992.2998  0.818781793
  8993.14941  0.839289665
  8994.  0.747290313
  8994.84961  0.75464344
  8995.69922  0.822562099
  8996.5498  0.835714817
  8997.39941  0.865002394
  8998.25  0.863191307
  8999.09961  0.714077234
  8999.94922  0.800935686
  9000.7998  1.19822514
  9001.64941  1.01343691
  9002.5  0.869536877
  9003.34961  0.829297066
  9004.19922  0.802441597
  9005.0498  0.723083973
  9005.89941  0.844757378
  9006.75  0.827533007
  9007.59961  0.867164373
  9008.44922  0.962235868
  9009.2998  0.849299669
  9010.14941  0.762563527
  9011.  0.77491951
  9011.84961  0.765836954
  9012.69922  0.78766948
  9013.5498  0.891272068
  9014.39941  0.932120919
  9015.25  0.823471487
  9016.09961  0.778451979
  9016.94922  0.764994025
  9017.7998  0.916676641
  9018.64941  0.860391021
  9019.5  0.953400552
