  8348.84961  1.04951549
  8349.69922  1.03966653
  8350.5498  1.03809011
  8351.39941  1.04214442
  8352.25  1.07273912
  8353.09961  1.1071943
  8353.94922  1.11689568
  8354.7998  1.08739197
  8355.64941  1.09924161
  8356.5  1.08434153
  8357.34961  1.0741123
  8358.19922  1.0820123
  8359.0498  1.05648482
  8359.89941  1.04117203
  8360.75  1.01227605
  8361.59961  1.01998568
  8362.44922  1.08121228
  8363.2998  1.09950483
  8364.14941  1.08013356
  8365.  1.05942309
  8365.84961  1.050529
  8366.69922  1.09275293
  8367.5498  1.14340031
  8368.39941  1.15118659
  8369.25  1.10813141
  8370.09961  1.09312367
  8370.94922  1.05474842
  8371.7998  1.07796121
  8372.64941  1.09823811
  8373.5  1.08503008
  8374.34961  1.12617111
  8375.19922  1.12031424
  8376.0498  1.0989759
  8376.89941  1.04691982
  8377.75  0.996960461
  8378.59961  1.04994524
  8379.44922  1.06765544
  8380.2998  1.10160506
  8381.14941  1.1277256
  8382.  1.09047377
  8382.84961  1.08403945
  8383.69922  1.08718789
  8384.5498  1.03381097
  8385.39941  0.975286901
  8386.25  0.973264575
  8387.09961  1.00392973
  8387.94922  1.02731276
  8388.7998  1.02761018
  8389.64941  1.03200066
  8390.5  1.09717131
  8391.34961  1.16961384
  8392.19922  1.1626786
  8393.0498  1.09686112
  8393.89941  1.10355926
  8394.75  1.13884616
  8395.59961  1.10217488
  8396.44922  1.08519113
  8397.2998  1.06732917
  8398.14941  1.063802
  8399.  1.16894186
  8399.84961  1.2181325
  8400.69922  1.07973874
  8401.5498  1.05999219
  8402.39941  1.0914185
  8403.25  1.09240663
  8404.09961  1.12188435
  8404.94922  1.11967647
  8405.7998  1.09186029
  8406.64941  1.11512768
  8407.5  1.11152864
  8408.34961  1.08985865
  8409.19922  1.10183346
  8410.0498  1.12534809
  8410.89941  1.05904925
  8411.75  1.00399768
  8412.59961  1.02803195
  8413.44922  1.04118741
  8414.2998  1.01715195
  8415.14941  1.0642674
  8416.  1.10140193
  8416.84961  1.07527959
  8417.69922  1.07003379
  8418.5498  1.07229078
  8419.39941  1.05025649
  8420.25  1.053231
  8421.09961  1.07730603
  8421.94922  1.068699
  8422.7998  1.04816508
  8423.64941  1.05747581
  8424.5  1.06073892
  8425.34961  1.04019713
  8426.19922  0.977253616
  8427.0498  0.977738142
  8427.89941  1.0896821
  8428.75  1.10906386
  8429.59961  1.04294693
  8430.44922  1.09984982
  8431.2998  1.18475986
  8432.14941  1.1362716
  8433.  1.06646621
  8433.84961  1.02873468
  8434.69922  1.01681459
  8435.5498  1.01586473
  8436.39941  1.02487421
  8437.25  1.05042398
  8438.09961  1.06007946
  8438.94922  1.02305615
  8439.7998  0.997464776
  8440.64941  1.03832269
  8441.5  1.06840563
  8442.34961  1.08853292
  8443.19922  1.07505155
  8444.0498  1.07681894
  8444.89941  1.08502769
  8445.75  1.02545464
  8446.59961  0.990315676
  8447.44922  1.06664431
  8448.2998  1.14917898
  8449.14941  1.10537934
  8450.  1.01766133
  8450.84961  1.03374398
  8451.69922  1.0781163
  8452.5498  1.09471989
  8453.39941  1.07580209
  8454.25  1.08830535
  8455.09961  1.10840487
  8455.94922  1.14662385
  8456.7998  1.14673758
  8457.64941  1.10162365
  8458.5  1.06776559
  8459.34961  1.06381845
  8460.19922  1.08015203
  8461.0498  1.08848608
  8461.89941  1.12004721
  8462.75  1.11410868
  8463.59961  1.05037642
  8464.44922  1.0165087
  8465.2998  1.02723074
  8466.14941  1.06527114
  8467.  1.07820642
  8467.84961  1.03439581
  8468.69922  1.02643979
  8469.5498  1.05016017
  8470.39941  1.0927763
  8471.25  1.10135424
  8472.09961  1.07981062
  8472.94922  1.08973897
  8473.7998  1.1317718
  8474.64941  1.17008328
  8475.5  1.16008437
  8476.34961  1.087556
  8477.19922  1.01576972
  8478.0498  1.06830597
  8478.89941  1.13858402
  8479.75  1.09299052
  8480.59961  1.0803566
  8481.44922  1.10782135
  8482.2998  1.10006166
  8483.14941  1.09026098
  8484.  1.06243443
  8484.84961  1.05133832
  8485.69922  1.07285857
  8486.5498  1.12059891
  8487.39941  1.09042776
  8488.25  1.03213096
  8489.09961  1.04816663
  8489.94922  1.04788268
  8490.7998  1.00406408
  8491.64941  1.02714384
  8492.5  1.08475804
  8493.34961  1.02728117
  8494.19922  0.983369708
  8495.0498  1.03874898
  8495.89941  0.991749048
  8496.75  0.842094421
  8497.59961  0.72065407
  8498.44922  0.692277014
  8499.2998  0.85227859
  8500.14941  0.990968883
  8501.  0.991160572
  8501.84961  0.978216529
  8502.69922  1.0520041
  8503.5498  1.10640597
  8504.39941  1.10479212
  8505.25  1.10713232
  8506.09961  1.03945577
  8506.94922  1.05436826
  8507.7998  1.11290193
  8508.64941  1.08859789
  8509.5  1.07938504
  8510.34961  1.03671229
  8511.19922  0.996977508
  8512.0498  1.05413902
  8512.89941  1.03400421
  8513.75  0.969612002
  8514.59961  0.960053623
  8515.44922  1.0078702
  8516.2998  1.06127143
  8517.14941  1.07045639
  8518.  1.06145465
  8518.84961  1.07736897
  8519.69922  1.06175947
  8520.5498  1.03674841
  8521.39941  1.03781617
  8522.25  1.0424149
  8523.09961  1.0811615
  8523.94922  1.09977484
  8524.7998  1.10430849
  8525.64941  1.05568182
  8526.5  0.993023157
  8527.34961  1.00704455
  8528.19922  1.05252826
  8529.0498  1.0704211
  8529.89941  1.08995771
  8530.75  1.10362065
  8531.59961  1.05918074
  8532.44922  1.04450345
  8533.2998  1.06459439
  8534.14941  1.03805709
  8535.  1.01537108
  8535.84961  1.02587795
  8536.69922  1.01934886
  8537.5498  1.00603092
  8538.39941  0.918963253
  8539.25  0.834485471
  8540.09961  0.818467855
  8540.94922  0.679288566
  8541.7998  0.496811152
  8542.64941  0.542356551
  8543.5  0.709182501
  8544.34961  0.789610684
  8545.19922  0.892519891
  8546.0498  0.945470393
  8546.89941  0.928364873
  8547.75  0.936010599
  8548.59961  0.975789607
  8549.44922  1.03937817
  8550.2998  1.03401661
  8551.14941  0.957797408
  8552.  0.984198749
  8552.84961  1.08261383
  8553.69922  1.07355773
  8554.5498  1.02276492
  8555.39941  1.01011312
  8556.25  1.00102854
  8557.09961  0.980065346
  8557.94922  0.974183679
  8558.7998  1.02128148
  8559.64941  1.10650599
  8560.5  1.08541918
  8561.34961  1.00851929
  8562.19922  1.01091993
  8563.0498  1.06232953
  8563.89941  1.07178533
  8564.75  1.09895897
  8565.59961  1.07196248
  8566.44922  1.02174842
  8567.2998  1.03974915
  8568.14941  1.04910791
  8569.  1.01674449
  8569.84961  1.0002197
  8570.69922  1.02312624
  8571.5498  1.05130351
  8572.39941  1.05283916
  8573.25  1.0469408
  8574.09961  1.06599104
  8574.94922  1.09937251
  8575.7998  1.06671274
  8576.64941  1.04168522
  8577.5  1.05987024
  8578.34961  1.07268727
  8579.19922  1.07941389
  8580.0498  1.07279634
  8580.89941  1.04616308
  8581.75  0.994713902
  8582.59961  0.984751463
  8583.44922  1.01530707
  8584.2998  1.02247465
  8585.14941  1.01566005
  8586.  1.01724279
  8586.84961  1.03350389
  8587.69922  1.0616169
  8588.5498  1.08614707
  8589.39941  1.06988168
  8590.25  1.04254174
  8591.09961  1.05966878
  8591.94922  1.07760024
  8592.7998  1.0566355
  8593.64941  1.0518961
  8594.5  1.04283929
  8595.34961  1.01239157
  8596.19922  1.00417984
  8597.0498  0.988262832
  8597.89941  0.974827528
  8598.75  1.00001657
  8599.59961  1.02691388
  8600.44922  1.04797637
  8601.2998  1.05258989
  8602.14941  1.06201923
  8603.  1.07837248
  8603.84961  1.09994781
  8604.69922  1.11103499
  8605.5498  1.13267291
  8606.39941  1.10008669
  8607.25  1.02753437
  8608.09961  0.978047252
  8608.94922  1.01216245
  8609.7998  1.01869643
  8610.64941  0.966631353
  8611.5  0.992973208
  8612.34961  1.02583635
  8613.19922  1.06084108
  8614.0498  1.08964002
  8614.89941  1.0896821
  8615.75  1.03869307
  8616.59961  0.992473423
  8617.44922  1.00709844
  8618.2998  1.05536461
  8619.14941  1.0717411
  8620.  1.05406702
  8620.84961  1.08374524
  8621.69922  1.08157635
  8622.5498  0.98456341
  8623.39941  0.960563123
  8624.25  1.04650033
  8625.09961  1.08489108
  8625.94922  1.03719747
  8626.7998  0.995141685
  8627.64941  1.00949514
  8628.5  0.983651698
  8629.34961  0.977321446
  8630.19922  1.00868666
  8631.0498  1.01808715
  8631.89941  1.01246512
  8632.75  1.02537251
  8633.59961  1.03717506
  8634.44922  1.04085708
  8635.2998  1.02368128
  8636.14941  0.997937858
  8637.  1.00431454
  8637.84961  1.0674274
  8638.69922  1.04245818
  8639.5498  1.03647697
  8640.39941  1.03906596
  8641.25  1.03075969
  8642.09961  1.01008892
  8642.94922  1.0162797
  8643.7998  1.02598691
  8644.64941  1.01903689
  8645.5  1.07650638
  8646.34961  1.04504836
  8647.19922  1.00134909
  8648.0498  0.944105804
  8648.89941  0.900831938
  8649.75  0.962459922
  8650.59961  1.03616643
  8651.44922  1.03279066
  8652.2998  1.02232397
  8653.14941  1.049698
  8654.  1.04671049
  8654.84961  1.00992751
  8655.69922  0.999175727
  8656.5498  1.01833844
  8657.39941  1.04867458
  8658.25  1.05597115
  8659.09961  0.99589175
  8659.94922  0.799406648
  8660.7998  0.626379669
  8661.64941  0.508843482
  8662.5  0.493991107
  8663.34961  0.703617454
  8664.19922  0.899355292
  8665.0498  0.917678833
  8665.89941  0.931952178
  8666.75  0.948166966
  8667.59961  0.951192558
  8668.44922  0.997560978
  8669.2998  0.992582262
  8670.14941  0.964946508
  8671.  1.00737262
  8671.84961  1.03644514
  8672.69922  1.00534725
  8673.5498  0.973470092
  8674.39941  0.969435692
  8675.25  0.948936582
  8676.09961  0.943798423
  8676.94922  0.942918956
  8677.7998  0.945966601
  8678.64941  0.97514683
  8679.5  0.989535153
  8680.34961  0.988331974
  8681.19922  0.994982064
  8682.0498  0.997212648
  8682.89941  0.986703932
  8683.75  1.03555906
  8684.59961  1.07460952
  8685.44922  1.04139018
  8686.2998  1.00423896
  8687.14941  0.986105323
  8688.  0.940808058
  8688.84961  0.883516908
  8689.69922  0.913238287
  8690.5498  0.997873306
  8691.39941  1.02743828
  8692.25  1.01016212
  8693.09961  1.00841045
  8693.94922  0.991190434
  8694.7998  0.965539575
  8695.64941  0.96078968
  8696.5  0.969808936
  8697.34961  0.975732625
  8698.19922  0.949106455
  8699.0498  0.902415097
  8699.89941  0.918749452
  8700.75  1.0069766
  8701.59961  1.01069319
  8702.44922  0.947743773
  8703.2998  0.93468982
  8704.14941  0.973047256
  8705.  0.983102024
  8705.84961  0.971395671
  8706.69922  1.02053833
  8707.5498  1.01588452
  8708.39941  0.977654457
  8709.25  0.97840637
  8710.09961  0.96449399
  8710.94922  0.954104722
  8711.7998  0.961589098
  8712.64941  0.936598539
  8713.5  0.919251382
  8714.34961  0.969988585
  8715.19922  1.03403568
  8716.0498  1.05291533
  8716.89941  1.00832856
  8717.75  0.939100027
  8718.59961  0.93958497
  8719.44922  0.964646041
  8720.2998  1.00612378
  8721.14941  1.00560498
  8722.  1.03264689
  8722.84961  1.02940774
  8723.69922  1.01101327
  8724.5498  1.02781236
  8725.39941  1.04459548
  8726.25  0.995735705
  8727.09961  0.993772924
  8727.94922  0.987439036
  8728.7998  0.995720267
  8729.64941  1.00133884
  8730.5  0.985826254
  8731.34961  0.985731125
  8732.19922  1.01570165
  8733.0498  1.02146709
  8733.89941  0.974206686
  8734.75  0.974621594
  8735.59961  0.942030251
  8736.44922  0.928365529
  8737.2998  1.00988853
  8738.14941  1.03975165
  8739.  1.02614558
  8739.84961  1.04674971
  8740.69922  1.01688731
  8741.5498  1.02468181
  8742.39941  1.01576436
  8743.25  0.937841833
  8744.09961  0.912905335
  8744.94922  0.918628752
  8745.7998  0.99275744
  8746.64941  1.06920278
  8747.5  1.04619265
  8748.34961  0.987976849
  8749.19922  1.00191069
  8750.0498  0.983613133
  8750.89941  0.931891739
  8751.75  0.930645645
  8752.59961  0.971123874
  8753.44922  0.999176085
  8754.2998  1.01041222
  8755.14941  0.991833568
  8756.  0.952250957
  8756.84961  0.927780688
  8757.69922  0.950200081
  8758.5498  1.03218532
  8759.39941  1.03710616
  8760.25  0.953546762
  8761.09961  0.919201016
  8761.94922  1.04426193
  8762.7998  1.01238394
  8763.64941  0.860639155
  8764.5  0.931187809
  8765.34961  1.05346584
  8766.19922  1.01398945
  8767.0498  1.01717961
  8767.89941  1.03413558
  8768.75  1.06616199
  8769.59961  1.00468159
  8770.44922  0.952939987
  8771.2998  0.973169684
  8772.14941  0.940894902
  8773.  0.933457017
  8773.84961  0.923496127
  8774.69922  0.961510539
  8775.5498  1.01119995
  8776.39941  0.963729262
  8777.25  0.947997868
  8778.09961  1.01691389
  8778.94922  1.04764545
  8779.7998  1.04087818
  8780.64941  1.01123011
  8781.5  0.969304919
  8782.34961  0.993952334
  8783.19922  1.02236533
  8784.0498  0.979171813
  8784.89941  0.939082384
  8785.75  0.957817018
  8786.59961  0.996772408
  8787.44922  1.02046323
  8788.2998  1.02564871
  8789.14941  0.971733212
  8790.  0.901277006
  8790.84961  0.955797076
  8791.69922  0.996277273
  8792.5498  0.920831084
  8793.39941  0.938417017
  8794.25  0.948760331
  8795.09961  0.965383768
  8795.94922  0.943794906
  8796.7998  0.938707173
  8797.64941  0.984865367
  8798.5  1.0006367
  8799.34961  0.981386483
  8800.19922  1.01750815
  8801.0498  1.01384926
  8801.89941  0.985046089
  8802.75  1.06245053
  8803.59961  1.03818309
  8804.44922  0.985489547
  8805.2998  1.00226009
  8806.14941  0.849541128
  8807.  0.737891138
  8807.84961  0.839987814
  8808.69922  0.972510517
  8809.5498  1.02346802
  8810.39941  0.993532777
  8811.25  1.0176146
  8812.09961  0.995867074
  8812.94922  0.989242017
  8813.7998  0.964953601
  8814.64941  1.00325704
  8815.5  1.08430374
  8816.34961  1.00495625
  8817.19922  0.925315142
  8818.0498  1.02733839
  8818.89941  1.06667149
  8819.75  0.980731606
  8820.59961  1.01569307
  8821.44922  1.04332864
  8822.2998  0.967154503
  8823.14941  0.886241436
  8824.  0.864945173
  8824.84961  0.912010729
  8825.69922  0.970191061
  8826.5498  1.08232129
  8827.39941  1.15305269
  8828.25  0.999665082
  8829.09961  0.968794823
  8829.94922  0.952205896
  8830.7998  0.979218423
  8831.64941  0.971777618
  8832.5  0.996090651
  8833.34961  0.986868322
  8834.19922  0.973253667
  8835.0498  0.960709512
  8835.89941  0.977417111
  8836.75  0.981531441
  8837.59961  0.910665929
  8838.44922  0.938521981
  8839.2998  1.00019729
  8840.14941  1.03365135
  8841.  0.968390524
  8841.84961  0.929964423
  8842.69922  0.891590476
  8843.5498  0.931179762
  8844.39941  0.981038749
  8845.25  0.996017992
  8846.09961  0.993085444
  8846.94922  0.963239193
  8847.7998  0.985947251
  8848.64941  0.98220098
  8849.5  0.963834286
  8850.34961  0.968856871
  8851.19922  0.990806162
  8852.0498  1.01114094
  8852.89941  0.929509759
  8853.75  0.918800831
  8854.59961  0.961019635
  8855.44922  0.989392877
  8856.2998  0.993268847
  8857.14941  0.933827162
  8858.  0.930392742
  8858.84961  0.986007869
  8859.69922  0.946385384
  8860.5498  0.896063209
  8861.39941  0.935458064
  8862.25  0.947454989
  8863.09961  0.930782914
  8863.94922  0.94128108
  8864.7998  0.994019389
  8865.64941  0.991448641
  8866.5  0.914917052
  8867.34961  0.844379961
  8868.19922  0.832815528
  8869.0498  0.907363594
  8869.89941  0.998736918
  8870.75  1.02914059
  8871.59961  0.985994875
  8872.44922  0.981841564
  8873.2998  1.01606154
  8874.14941  0.999175489
  8875.  0.975265741
  8875.84961  0.933682621
  8876.69922  1.00188887
  8877.5498  1.02374816
  8878.39941  0.970386147
  8879.25  0.946352303
  8880.09961  0.948336661
  8880.94922  0.989036977
  8881.7998  1.03666329
  8882.64941  1.03392923
  8883.5  1.00004017
  8884.34961  0.969635248
  8885.19922  0.9619174
  8886.0498  0.966786325
  8886.89941  0.969785392
  8887.75  0.967549026
  8888.59961  0.952972591
  8889.44922  0.964636624
  8890.2998  0.957912147
  8891.14941  0.918984234
  8892.  0.876543641
  8892.84961  0.845372438
  8893.69922  0.898866713
  8894.5498  0.96571207
  8895.39941  0.933026552
  8896.25  0.959761739
  8897.09961  0.98362124
  8897.94922  0.968687952
  8898.7998  0.971401691
  8899.64941  1.01507998
  8900.5  1.06502581
  8901.34961  1.06167293
  8902.19922  0.997765064
  8903.0498  0.941989303
  8903.89941  0.954214334
  8904.75  0.942265332
  8905.59961  0.957898498
  8906.44922  0.982417226
  8907.2998  0.953349233
  8908.14941  0.963057637
  8909.  0.999214768
  8909.84961  0.969352305
  8910.69922  0.928747714
  8911.5498  0.935940921
  8912.39941  0.968625724
  8913.25  0.985968471
  8914.09961  0.973320544
  8914.94922  1.00047839
  8915.7998  0.981887281
  8916.64941  0.963862896
  8917.5  1.03398418
  8918.34961  1.07789516
  8919.19922  0.961436212
  8920.0498  0.902904987
  8920.89941  0.997498214
  8921.75  0.946906328
  8922.59961  0.863918424
  8923.44922  0.896990478
  8924.2998  0.931744576
  8925.14941  0.911695004
  8926.  0.905129611
  8926.84961  0.934381783
  8927.69922  0.955917776
  8928.5498  0.953938305
  8929.39941  0.929570496
  8930.25  0.923981309
  8931.09961  0.918540001
  8931.94922  0.903323293
  8932.7998  0.916346014
  8933.64941  0.921808183
  8934.5  0.952985466
  8935.34961  1.00750458
  8936.19922  1.00400114
  8937.0498  1.00076735
  8937.89941  0.98711437
  8938.75  0.958519816
  8939.59961  0.950784802
  8940.44922  0.983709157
  8941.2998  0.968517244
  8942.14941  0.968976378
  8943.  1.00089324
  8943.84961  1.0239538
  8944.69922  0.996050417
  8945.5498  0.887181103
  8946.39941  0.857417524
  8947.25  0.866875768
  8948.09961  0.845327258
  8948.94922  0.90158695
  8949.7998  0.91292417
  8950.64941  0.897308052
  8951.5  0.940754235
  8952.34961  0.960162401
  8953.19922  0.954778135
  8954.0498  0.922180712
  8954.89941  0.911310077
  8955.75  0.92070061
  8956.59961  0.926694155
  8957.44922  1.05921555
  8958.2998  1.11913586
  8959.14941  1.00453115
  8960.  0.875723362
  8960.84961  0.79038471
  8961.69922  0.758130431
  8962.5498  0.857214987
  8963.39941  0.912075341
  8964.25  0.864086568
  8965.09961  0.838536799
  8965.94922  0.871277571
  8966.7998  0.841177702
  8967.64941  0.840059698
  8968.5  0.869693398
  8969.34961  0.877581477
  8970.19922  0.818242431
  8971.0498  0.769883454
  8971.89941  0.812461674
  8972.75  0.863516092
  8973.59961  0.866404474
  8974.44922  0.859732091
  8975.2998  0.792335868
  8976.14941  0.834999621
  8977.  1.01844335
  8977.84961  0.946358562
  8978.69922  0.879282653
  8979.5498  0.816795588
  8980.39941  0.764898717
  8981.25  0.944339514
  8982.09961  1.03473341
  8982.94922  1.02310741
  8983.7998  1.00278735
  8984.64941  0.985766709
  8985.5  0.815762937
  8986.34961  0.646793783
  8987.19922  0.751432359
  8988.0498  0.833813548
  8988.89941  0.836149156
  8989.75  0.747166574
  8990.59961  0.54007858
  8991.44922  0.562589467
  8992.2998  0.774934769
  8993.14941  0.90387696
  8994.  0.935378492
  8994.84961  0.873082757
  8995.69922  0.894930124
  8996.5498  0.959755361
  8997.39941  0.958077729
  8998.25  0.91681993
  8999.09961  0.788327515
  8999.94922  0.725011945
  9000.7998  0.873232365
  9001.64941  0.948367119
  9002.5  0.784648538
  9003.34961  0.653057754
  9004.19922  0.738452077
  9005.0498  0.917972565
  9005.89941  0.867292285
  9006.75  0.734676957
  9007.59961  0.754765809
  9008.44922  0.823991001
  9009.2998  0.877064168
  9010.14941  0.868876636
  9011.  0.751371145
  9011.84961  0.755221486
  9012.69922  0.885899544
  9013.5498  0.920221984
  9014.39941  0.871968925
  9015.25  0.74902457
  9016.09961  0.646461606
  9016.94922  0.73329109
  9017.7998  0.868838489
  9018.64941  0.934189379
  9019.5  1.00713694
