  8348.84961  1.12147248
  8349.69922  1.07322383
  8350.5498  1.10007703
  8351.39941  1.07669508
  8352.25  1.07164299
  8353.09961  1.10000765
  8353.94922  1.11338723
  8354.7998  1.12865424
  8355.64941  1.16579139
  8356.5  1.16050243
  8357.34961  1.13234699
  8358.19922  1.14903092
  8359.0498  1.16805661
  8359.89941  1.12831628
  8360.75  1.05051649
  8361.59961  1.0115515
  8362.44922  1.0213964
  8363.2998  1.05868506
  8364.14941  1.11757338
  8365.  1.12348998
  8365.84961  1.11906314
  8366.69922  1.15207386
  8367.5498  1.1715498
  8368.39941  1.12230206
  8369.25  1.07311201
  8370.09961  1.04458547
  8370.94922  1.06642222
  8371.7998  1.08095896
  8372.64941  1.10250044
  8373.5  1.12990689
  8374.34961  1.13953865
  8375.19922  1.1506176
  8376.0498  1.13827598
  8376.89941  1.09683168
  8377.75  1.14382172
  8378.59961  1.15331399
  8379.44922  1.083619
  8380.2998  1.05032837
  8381.14941  1.03673291
  8382.  1.05133104
  8382.84961  1.08571601
  8383.69922  1.10764253
  8384.5498  1.06182349
  8385.39941  1.01713169
  8386.25  1.04015994
  8387.09961  1.04390764
  8387.94922  1.02388418
  8388.7998  1.04816175
  8389.64941  1.09366274
  8390.5  1.10010147
  8391.34961  1.07977521
  8392.19922  1.09043992
  8393.0498  1.11656582
  8393.89941  1.11969244
  8394.75  1.1357491
  8395.59961  1.09411788
  8396.44922  1.07484961
  8397.2998  1.10412109
  8398.14941  1.12830114
  8399.  1.0946182
  8399.84961  1.03226352
  8400.69922  1.05156815
  8401.5498  1.11631966
  8402.39941  1.13667953
  8403.25  1.13398874
  8404.09961  1.11979496
  8404.94922  1.09968984
  8405.7998  1.06562197
  8406.64941  1.05889261
  8407.5  1.07249832
  8408.34961  1.06663704
  8409.19922  1.09227717
  8410.0498  1.10493684
  8410.89941  1.07896328
  8411.75  1.06209946
  8412.59961  1.04184151
  8413.44922  1.05351853
  8414.2998  1.08575916
  8415.14941  1.11192513
  8416.  1.10642374
  8416.84961  1.08800542
  8417.69922  1.10123718
  8418.5498  1.121122
  8419.39941  1.04361665
  8420.25  1.00120819
  8421.09961  1.04363501
  8421.94922  1.08755839
  8422.7998  1.07994878
  8423.64941  1.04553986
  8424.5  1.00808513
  8425.34961  1.02556205
  8426.19922  1.00672197
  8427.0498  1.00281537
  8427.89941  1.06785262
  8428.75  1.12446916
  8429.59961  1.16146827
  8430.44922  1.16438913
  8431.2998  1.1675384
  8432.14941  1.15148556
  8433.  1.07697487
  8433.84961  1.02782679
  8434.69922  1.00861323
  8435.5498  0.986511886
  8436.39941  0.996213734
  8437.25  1.04233336
  8438.09961  1.04781413
  8438.94922  1.07457614
  8439.7998  1.1055063
  8440.64941  1.12478483
  8441.5  1.1083293
  8442.34961  1.10461164
  8443.19922  1.10961056
  8444.0498  1.10453165
  8444.89941  1.11188185
  8445.75  1.11127079
  8446.59961  1.10982704
  8447.44922  1.10188913
  8448.2998  1.07950306
  8449.14941  1.03927255
  8450.  1.02797675
  8450.84961  1.05889773
  8451.69922  1.08587098
  8452.5498  1.04314256
  8453.39941  1.03155065
  8454.25  1.03198433
  8455.09961  1.04745734
  8455.94922  1.00371575
  8456.7998  1.04015779
  8457.64941  1.07712948
  8458.5  1.0873822
  8459.34961  1.05246747
  8460.19922  1.0534687
  8461.0498  1.07482207
  8461.89941  1.07703018
  8462.75  1.04679084
  8463.59961  1.05752397
  8464.44922  1.09000552
  8465.2998  1.11105299
  8466.14941  1.07937944
  8467.  1.01064169
  8467.84961  0.95928967
  8468.69922  0.968761146
  8469.5498  1.00431693
  8470.39941  1.0598253
  8471.25  1.08180845
  8472.09961  1.02625895
  8472.94922  1.01075995
  8473.7998  1.04361188
  8474.64941  1.07517004
  8475.5  1.06480527
  8476.34961  1.02528119
  8477.19922  1.02825022
  8478.0498  1.06423008
  8478.89941  1.05681407
  8479.75  1.06045687
  8480.59961  1.07618666
  8481.44922  1.0627296
  8482.2998  1.05703104
  8483.14941  1.00539768
  8484.  1.04877245
  8484.84961  1.11477697
  8485.69922  1.09467721
  8486.5498  1.03729057
  8487.39941  1.00446463
  8488.25  1.04075503
  8489.09961  1.07336128
  8489.94922  1.1069392
  8490.7998  1.10744083
  8491.64941  1.07421756
  8492.5  1.05156267
  8493.34961  1.06057227
  8494.19922  1.07145035
  8495.0498  1.05455041
  8495.89941  0.974301279
  8496.75  0.802887678
  8497.59961  0.65177381
  8498.44922  0.709344506
  8499.2998  0.896751881
  8500.14941  1.01956201
  8501.  0.99924773
  8501.84961  0.961608887
  8502.69922  1.00109327
  8503.5498  1.03451836
  8504.39941  1.03041124
  8505.25  1.01345086
  8506.09961  1.06180251
  8506.94922  1.09244299
  8507.7998  1.09724224
  8508.64941  1.06243193
  8509.5  1.07887113
  8510.34961  1.05931389
  8511.19922  1.07146871
  8512.0498  1.07075369
  8512.89941  1.00623631
  8513.75  0.971047103
  8514.59961  0.962227523
  8515.44922  0.999159992
  8516.2998  1.01449049
  8517.14941  0.9913553
  8518.  0.983821929
  8518.84961  1.01344264
  8519.69922  1.05243003
  8520.5498  1.06640673
  8521.39941  1.07654023
  8522.25  1.07447517
  8523.09961  1.04358983
  8523.94922  1.01570213
  8524.7998  1.00299501
  8525.64941  0.994258761
  8526.5  0.989796638
  8527.34961  0.999996245
  8528.19922  1.00389171
  8529.0498  1.02478349
  8529.89941  1.04247355
  8530.75  1.08484399
  8531.59961  1.06885386
  8532.44922  1.00630665
  8533.2998  0.995503604
  8534.14941  0.975627184
  8535.  1.00264132
  8535.84961  1.03848338
  8536.69922  1.02696586
  8537.5498  0.982758522
  8538.39941  0.924095273
  8539.25  0.862729847
  8540.09961  0.775957108
  8540.94922  0.601659834
  8541.7998  0.465904802
  8542.64941  0.530562937
  8543.5  0.706344485
  8544.34961  0.824550986
  8545.19922  0.908850014
  8546.0498  0.960616529
  8546.89941  0.979671597
  8547.75  1.00828052
  8548.59961  1.03621125
  8549.44922  1.03054535
  8550.2998  1.06350839
  8551.14941  1.07672441
  8552.  1.07361591
  8552.84961  1.04715633
  8553.69922  1.03431785
  8554.5498  1.0195117
  8555.39941  0.987025857
  8556.25  0.951814771
  8557.09961  0.974150956
  8557.94922  1.06656241
  8558.7998  1.09007454
  8559.64941  1.07138205
  8560.5  1.07370877
  8561.34961  1.06461263
  8562.19922  1.08271098
  8563.0498  1.07415211
  8563.89941  1.04450297
  8564.75  1.05683625
  8565.59961  1.07813108
  8566.44922  1.07437158
  8567.2998  1.08608603
  8568.14941  1.10530555
  8569.  1.1085341
  8569.84961  1.09143078
  8570.69922  1.0703702
  8571.5498  1.05779648
  8572.39941  1.07735991
  8573.25  1.10440528
  8574.09961  1.09084046
  8574.94922  1.0884347
  8575.7998  1.0447017
  8576.64941  1.07485271
  8577.5  1.10577226
  8578.34961  1.06851983
  8579.19922  1.09721315
  8580.0498  1.05353355
  8580.89941  1.00683987
  8581.75  1.00847113
  8582.59961  1.04534709
  8583.44922  1.06560409
  8584.2998  1.06495261
  8585.14941  1.11420488
  8586.  1.12316453
  8586.84961  1.10461521
  8587.69922  1.09290195
  8588.5498  1.06950068
  8589.39941  1.03984213
  8590.25  1.03293538
  8591.09961  1.03767812
  8591.94922  1.02308583
  8592.7998  1.03277707
  8593.64941  1.04630971
  8594.5  1.03857851
  8595.34961  1.02259612
  8596.19922  1.03108025
  8597.0498  1.03586543
  8597.89941  0.990488231
  8598.75  0.980141461
  8599.59961  1.01666212
  8600.44922  1.00361133
  8601.2998  1.01340735
  8602.14941  1.04284298
  8603.  1.0476135
  8603.84961  0.996750951
  8604.69922  0.977273047
  8605.5498  0.988382757
  8606.39941  1.00050974
  8607.25  1.00767565
  8608.09961  1.01391876
  8608.94922  1.03164494
  8609.7998  1.03453529
  8610.64941  0.999808311
  8611.5  0.985923529
  8612.34961  1.02095938
  8613.19922  1.05409014
  8614.0498  1.07757175
  8614.89941  1.08842945
  8615.75  1.10074162
  8616.59961  1.0837661
  8617.44922  1.04081297
  8618.2998  1.0169847
  8619.14941  1.01690197
  8620.  1.00513566
  8620.84961  0.992043316
  8621.69922  0.989853263
  8622.5498  0.977671802
  8623.39941  0.989096701
  8624.25  0.98460871
  8625.09961  1.00323951
  8625.94922  1.02961373
  8626.7998  1.0434624
  8627.64941  1.00660789
  8628.5  1.00060487
  8629.34961  1.02652097
  8630.19922  1.0330565
  8631.0498  1.02988505
  8631.89941  1.00773895
  8632.75  0.973816991
  8633.59961  0.926987827
  8634.44922  0.93648684
  8635.2998  0.970417261
  8636.14941  0.973632336
  8637.  0.995672762
  8637.84961  1.03829992
  8638.69922  1.08629799
  8639.5498  1.14261687
  8640.39941  1.15475619
  8641.25  1.09914529
  8642.09961  1.03283453
  8642.94922  1.01256275
  8643.7998  1.055264
  8644.64941  1.07871652
  8645.5  1.04217005
  8646.34961  1.02002919
  8647.19922  0.970186532
  8648.0498  0.944216788
  8648.89941  0.970183194
  8649.75  1.00892532
  8650.59961  1.00645077
  8651.44922  0.993296146
  8652.2998  0.993251622
  8653.14941  1.01242089
  8654.  1.01833689
  8654.84961  0.978423178
  8655.69922  0.955659628
  8656.5498  0.957356513
  8657.39941  0.955366552
  8658.25  0.955454409
  8659.09961  0.937095702
  8659.94922  0.83839035
  8660.7998  0.652119219
  8661.64941  0.482221216
  8662.5  0.497534543
  8663.34961  0.666523159
  8664.19922  0.826794684
  8665.0498  0.873960197
  8665.89941  0.85431236
  8666.75  0.870104373
  8667.59961  0.922061563
  8668.44922  0.965046585
  8669.2998  0.98093015
  8670.14941  0.980338991
  8671.  0.982511878
  8671.84961  1.00744665
  8672.69922  0.984706223
  8673.5498  0.945364654
  8674.39941  0.898766041
  8675.25  0.945576727
  8676.09961  1.04478431
  8676.94922  1.05239022
  8677.7998  0.991626799
  8678.64941  0.956709683
  8679.5  0.97474575
  8680.34961  1.00094414
  8681.19922  1.04024518
  8682.0498  1.04050434
  8682.89941  0.979786336
  8683.75  0.952448606
  8684.59961  0.998196721
  8685.44922  0.986166656
  8686.2998  0.979083896
  8687.14941  0.984097481
  8688.  0.92375803
  8688.84961  0.944636464
  8689.69922  1.00430322
  8690.5498  1.02595782
  8691.39941  1.01527929
  8692.25  1.00332773
  8693.09961  1.00908446
  8693.94922  1.00566399
  8694.7998  1.00722885
  8695.64941  1.02449369
  8696.5  1.04217136
  8697.34961  1.03131008
  8698.19922  0.976750433
  8699.0498  0.96728766
  8699.89941  0.998981953
  8700.75  1.00521338
  8701.59961  1.0122633
  8702.44922  1.01482689
  8703.2998  0.982639611
  8704.14941  0.993522704
  8705.  1.02748859
  8705.84961  1.04085219
  8706.69922  1.02201664
  8707.5498  1.0032506
  8708.39941  1.02020645
  8709.25  0.990835905
  8710.09961  0.953795254
  8710.94922  0.971010149
  8711.7998  1.03015363
  8712.64941  1.03800857
  8713.5  0.988006592
  8714.34961  0.982651234
  8715.19922  1.02299142
  8716.0498  1.03592038
  8716.89941  1.00350416
  8717.75  0.985594153
  8718.59961  1.00821555
  8719.44922  1.02475727
  8720.2998  1.00557494
  8721.14941  0.976370096
  8722.  0.987597406
  8722.84961  0.991419852
  8723.69922  1.02061152
  8724.5498  1.02776408
  8725.39941  1.00870621
  8726.25  1.00067186
  8727.09961  0.948680103
  8727.94922  0.945621312
  8728.7998  0.991699457
  8729.64941  0.997327328
  8730.5  1.01522112
  8731.34961  1.03396952
  8732.19922  0.990787983
  8733.0498  0.984825671
  8733.89941  1.0084548
  8734.75  0.970571697
  8735.59961  0.927298248
  8736.44922  0.964111149
  8737.2998  1.00136471
  8738.14941  1.00543964
  8739.  1.0094347
  8739.84961  1.01730931
  8740.69922  1.01842368
  8741.5498  1.000844
  8742.39941  0.976980984
  8743.25  0.974022627
  8744.09961  1.00638556
  8744.94922  1.05816305
  8745.7998  1.09831798
  8746.64941  1.08160079
  8747.5  1.09816432
  8748.34961  1.1157819
  8749.19922  1.07932138
  8750.0498  1.01662052
  8750.89941  0.960732281
  8751.75  0.943422437
  8752.59961  0.958500028
  8753.44922  0.971178174
  8754.2998  0.995038033
  8755.14941  1.01059294
  8756.  0.971026957
  8756.84961  0.904514492
  8757.69922  0.893553674
  8758.5498  0.929644823
  8759.39941  0.96114862
  8760.25  1.0340693
  8761.09961  1.04801202
  8761.94922  0.992145061
  8762.7998  0.997636676
  8763.64941  0.994823992
  8764.5  1.00003314
  8765.34961  0.995840251
  8766.19922  1.0027076
  8767.0498  0.955071747
  8767.89941  0.974215031
  8768.75  0.982599258
  8769.59961  0.963268876
  8770.44922  0.976391196
  8771.2998  0.947040498
  8772.14941  0.944730282
  8773.  0.962017596
  8773.84961  0.964217722
  8774.69922  1.01222539
  8775.5498  1.06674409
  8776.39941  1.06247687
  8777.25  1.00309658
  8778.09961  0.958776832
  8778.94922  0.998269677
  8779.7998  0.996074319
  8780.64941  0.96365118
  8781.5  1.0023365
  8782.34961  1.02260256
  8783.19922  0.987382531
  8784.0498  0.984889805
  8784.89941  0.972758532
  8785.75  0.950860918
  8786.59961  0.985021949
  8787.44922  0.985928059
  8788.2998  0.97606039
  8789.14941  0.980143487
  8790.  0.985873461
  8790.84961  0.979195952
  8791.69922  0.986280203
  8792.5498  0.95903933
  8793.39941  0.932652354
  8794.25  0.985263228
  8795.09961  1.01984513
  8795.94922  1.03006017
  8796.7998  1.04452479
  8797.64941  1.02014172
  8798.5  1.00655603
  8799.34961  0.98023665
  8800.19922  0.947446346
  8801.0498  1.00163722
  8801.89941  1.0302434
  8802.75  0.981168747
  8803.59961  0.93182677
  8804.44922  0.920451581
  8805.2998  0.921264708
  8806.14941  0.89610821
  8807.  0.924145103
  8807.84961  0.98540616
  8808.69922  0.98744601
  8809.5498  0.980478942
  8810.39941  0.993405581
  8811.25  1.00580347
  8812.09961  1.00748801
  8812.94922  1.00462687
  8813.7998  1.01472545
  8814.64941  1.0298866
  8815.5  1.00926566
  8816.34961  0.940855384
  8817.19922  0.964675725
  8818.0498  1.02684128
  8818.89941  0.992960274
  8819.75  0.968116879
  8820.59961  0.979680479
  8821.44922  0.967515826
  8822.2998  0.929853737
  8823.14941  0.929168046
  8824.  0.896002352
  8824.84961  0.895931542
  8825.69922  0.960208952
  8826.5498  0.972995043
  8827.39941  1.05785704
  8828.25  1.0990808
  8829.09961  1.03597951
  8829.94922  0.985571861
  8830.7998  0.994850397
  8831.64941  1.00399935
  8832.5  0.983742058
  8833.34961  0.957106948
  8834.19922  0.97075671
  8835.0498  0.994693756
  8835.89941  1.032179
  8836.75  1.03589833
  8837.59961  0.947311938
  8838.44922  0.904369116
  8839.2998  0.943378627
  8840.14941  1.00782228
  8841.  1.00455642
  8841.84961  0.933364868
  8842.69922  0.91752106
  8843.5498  0.962794363
  8844.39941  0.983930707
  8845.25  0.958141506
  8846.09961  0.939771354
  8846.94922  0.961824894
  8847.7998  1.00809944
  8848.64941  0.982627213
  8849.5  0.928689003
  8850.34961  0.932842493
  8851.19922  0.918218732
  8852.0498  0.923755646
  8852.89941  0.964986503
  8853.75  0.987341285
  8854.59961  0.992461145
  8855.44922  0.984484971
  8856.2998  1.02353609
  8857.14941  1.01262784
  8858.  0.976623297
  8858.84961  0.946089745
  8859.69922  0.919125855
  8860.5498  0.913247764
  8861.39941  0.922794521
  8862.25  0.900605679
  8863.09961  0.861461461
  8863.94922  0.881638169
  8864.7998  0.92644161
  8865.64941  0.939155996
  8866.5  0.917937279
  8867.34961  0.897870719
  8868.19922  0.924563169
  8869.0498  0.949992776
  8869.89941  0.938866138
  8870.75  0.952880979
  8871.59961  0.980350614
  8872.44922  1.02189529
  8873.2998  1.02764022
  8874.14941  1.01239085
  8875.  1.00471103
  8875.84961  0.991615534
  8876.69922  0.978072166
  8877.5498  0.995240569
  8878.39941  1.01249075
  8879.25  0.968891621
  8880.09961  0.936793923
  8880.94922  0.9621135
  8881.7998  0.985341311
  8882.64941  0.993329585
  8883.5  0.987317264
  8884.34961  0.949033439
  8885.19922  0.907085657
  8886.0498  0.970413446
  8886.89941  1.0343194
  8887.75  0.977299452
  8888.59961  0.933917284
  8889.44922  0.976489007
  8890.2998  1.00802112
  8891.14941  0.958705068
  8892.  0.917555392
  8892.84961  0.918927789
  8893.69922  0.953344703
  8894.5498  1.01537514
  8895.39941  1.04599988
  8896.25  1.02822971
  8897.09961  1.00282884
  8897.94922  1.01349306
  8898.7998  0.995083332
  8899.64941  0.959659934
  8900.5  0.95308727
  8901.34961  0.973426044
  8902.19922  1.01847446
  8903.0498  1.05576253
  8903.89941  1.0120331
  8904.75  0.948610485
  8905.59961  0.949917972
  8906.44922  0.972816825
  8907.2998  0.984472215
  8908.14941  1.04880238
  8909.  1.07592607
  8909.84961  1.02438974
  8910.69922  1.0099721
  8911.5498  0.992477775
  8912.39941  0.974258423
  8913.25  0.990555525
  8914.09961  1.0122509
  8914.94922  1.0186944
  8915.7998  1.03079355
  8916.64941  1.01667333
  8917.5  0.984724343
  8918.34961  0.992648244
  8919.19922  1.0541141
  8920.0498  1.09861255
  8920.89941  1.04993761
  8921.75  0.981447697
  8922.59961  0.926297009
  8923.44922  0.95035851
  8924.2998  0.991004705
  8925.14941  0.982744694
  8926.  0.984303951
  8926.84961  0.935938954
  8927.69922  0.921732843
  8928.5498  0.935038149
  8929.39941  0.921207666
  8930.25  0.941318452
  8931.09961  0.984862745
  8931.94922  1.03809941
  8932.7998  1.05441296
  8933.64941  0.990965307
  8934.5  0.943513811
  8935.34961  0.980708182
  8936.19922  0.991164267
  8937.0498  0.95521307
  8937.89941  0.919625521
  8938.75  0.950813472
  8939.59961  1.01953173
  8940.44922  1.03347886
  8941.2998  1.01591873
  8942.14941  1.00848126
  8943.  1.02349794
  8943.84961  0.995520592
  8944.69922  0.972205281
  8945.5498  0.950458467
  8946.39941  0.92482084
  8947.25  0.927842319
  8948.09961  0.925761998
  8948.94922  0.910471499
  8949.7998  0.919406414
  8950.64941  0.978784323
  8951.5  1.0102061
  8952.34961  0.980079591
  8953.19922  0.958832264
  8954.0498  0.901332736
  8954.89941  0.819227576
  8955.75  0.870588541
  8956.59961  0.987747908
  8957.44922  1.07287014
  8958.2998  1.06399524
  8959.14941  1.03417647
  8960.  1.02192628
  8960.84961  0.996160328
  8961.69922  0.957067192
  8962.5498  0.837479293
  8963.39941  0.789066136
  8964.25  0.861002445
  8965.09961  0.926039875
  8965.94922  0.895180762
  8966.7998  0.892399549
  8967.64941  0.97083199
  8968.5  1.02637637
  8969.34961  1.03713238
  8970.19922  1.03812814
  8971.0498  0.937828422
  8971.89941  0.823805511
  8972.75  0.8685776
  8973.59961  0.943773925
  8974.44922  0.917717457
  8975.2998  0.918865919
  8976.14941  0.957908154
  8977.  0.965600014
  8977.84961  0.987080872
  8978.69922  0.993771672
  8979.5498  0.95642674
  8980.39941  0.871804595
  8981.25  0.832696199
  8982.09961  0.885998845
  8982.94922  0.96737045
  8983.7998  1.02529526
  8984.64941  1.04116762
  8985.5  1.03192508
  8986.34961  0.973463058
  8987.19922  0.839651108
  8988.0498  0.749210775
  8988.89941  0.772476554
  8989.75  0.834422529
  8990.59961  0.795886934
  8991.44922  0.673854887
  8992.2998  0.664549351
  8993.14941  0.8302387
  8994.  0.958205938
  8994.84961  1.04348946
  8995.69922  1.09004414
  8996.5498  1.07355309
  8997.39941  1.06774092
  8998.25  1.06534076
  8999.09961  1.0215745
  8999.94922  0.90376687
  9000.7998  0.838173091
  9001.64941  0.906821251
  9002.5  0.942346156
  9003.34961  0.873830676
  9004.19922  0.836557865
  9005.0498  0.955260396
  9005.89941  1.0362165
  9006.75  0.96582514
  9007.59961  0.832029641
  9008.44922  0.817351878
  9009.2998  0.878656924
  9010.14941  0.97545886
  9011.  1.04387438
  9011.84961  1.00640333
  9012.69922  0.976464868
  9013.5498  1.02888322
  9014.39941  1.09650767
  9015.25  1.06433034
  9016.09961  0.895145357
  9016.94922  0.779259205
  9017.7998  0.847709179
  9018.64941  0.938742101
  9019.5  1.0120008
