  8348.84961  0.967462838
  8349.69922  1.03704357
  8350.5498  1.09406531
  8351.39941  1.08026242
  8352.25  1.03494501
  8353.09961  1.02994657
  8353.94922  1.03468573
  8354.7998  1.03072584
  8355.64941  1.02171803
  8356.5  1.02866268
  8357.34961  1.04146123
  8358.19922  1.03126264
  8359.0498  1.05072367
  8359.89941  1.06126595
  8360.75  1.02704573
  8361.59961  1.02547419
  8362.44922  1.02823436
  8363.2998  1.00076401
  8364.14941  0.98364383
  8365.  0.987558842
  8365.84961  1.0176177
  8366.69922  1.05871773
  8367.5498  1.08177364
  8368.39941  1.11525846
  8369.25  1.07456005
  8370.09961  1.04634881
  8370.94922  1.05205798
  8371.7998  1.02629042
  8372.64941  1.01618528
  8373.5  1.06896245
  8374.34961  1.08499467
  8375.19922  1.0811739
  8376.0498  1.03866005
  8376.89941  0.993589938
  8377.75  0.977555215
  8378.59961  1.03756833
  8379.44922  1.09628236
  8380.2998  1.13091421
  8381.14941  1.08332396
  8382.  0.930395663
  8382.84961  0.865991235
  8383.69922  0.958317876
  8384.5498  1.05330336
  8385.39941  1.06496644
  8386.25  1.023471
  8387.09961  0.944339991
  8387.94922  0.947499692
  8388.7998  1.00499701
  8389.64941  1.02543199
  8390.5  1.03495502
  8391.34961  1.08748436
  8392.19922  1.12083066
  8393.0498  1.09359384
  8393.89941  1.0483489
  8394.75  1.03641808
  8395.59961  1.04698277
  8396.44922  1.02915215
  8397.2998  1.0195694
  8398.14941  1.05499291
  8399.  1.08394921
  8399.84961  1.09628928
  8400.69922  1.07381248
  8401.5498  1.03913903
  8402.39941  1.05540001
  8403.25  1.07608867
  8404.09961  1.07644987
  8404.94922  1.06650662
  8405.7998  1.096542
  8406.64941  1.12926733
  8407.5  1.09839618
  8408.34961  1.04158163
  8409.19922  1.07232022
  8410.0498  1.09226465
  8410.89941  1.04845595
  8411.75  0.988425851
  8412.59961  0.971146941
  8413.44922  1.03667939
  8414.2998  1.04729354
  8415.14941  1.07681584
  8416.  1.07665396
  8416.84961  1.05498838
  8417.69922  1.040115
  8418.5498  1.06351018
  8419.39941  1.03848684
  8420.25  1.0442121
  8421.09961  1.07212996
  8421.94922  1.0574429
  8422.7998  1.01338017
  8423.64941  1.01915979
  8424.5  1.05019236
  8425.34961  1.00138152
  8426.19922  0.912281752
  8427.0498  0.961080432
  8427.89941  1.09385383
  8428.75  1.11676753
  8429.59961  1.09317648
  8430.44922  1.10875583
  8431.2998  1.10823107
  8432.14941  1.09242737
  8433.  1.0642277
  8433.84961  1.00336599
  8434.69922  0.890801907
  8435.5498  0.881950974
  8436.39941  0.996156752
  8437.25  1.04665005
  8438.09961  1.01920927
  8438.94922  0.983587742
  8439.7998  0.978661358
  8440.64941  1.00395513
  8441.5  1.04697442
  8442.34961  1.10321546
  8443.19922  1.12642789
  8444.0498  1.10643601
  8444.89941  1.06512594
  8445.75  1.03293514
  8446.59961  1.02344251
  8447.44922  1.03632247
  8448.2998  1.07222128
  8449.14941  1.0563941
  8450.  0.985340476
  8450.84961  1.00995135
  8451.69922  1.08446002
  8452.5498  1.09744096
  8453.39941  1.09275973
  8454.25  1.08244514
  8455.09961  1.05991912
  8455.94922  1.02762914
  8456.7998  1.02548528
  8457.64941  1.05698597
  8458.5  1.07379127
  8459.34961  1.07519734
  8460.19922  1.07119298
  8461.0498  1.12400293
  8461.89941  1.15535879
  8462.75  1.10849798
  8463.59961  1.05683994
  8464.44922  1.05538034
  8465.2998  1.03162324
  8466.14941  1.00520337
  8467.  1.01950002
  8467.84961  0.957268059
  8468.69922  0.960650563
  8469.5498  1.04346597
  8470.39941  1.0598017
  8471.25  1.04725242
  8472.09961  1.03155446
  8472.94922  1.08171272
  8473.7998  1.12610698
  8474.64941  1.11599755
  8475.5  1.11481988
  8476.34961  1.09387088
  8477.19922  1.06478405
  8478.0498  1.08886421
  8478.89941  1.09857774
  8479.75  1.07673562
  8480.59961  1.05379021
  8481.44922  1.02872002
  8482.2998  1.02918208
  8483.14941  1.07186413
  8484.  1.09795737
  8484.84961  1.08950198
  8485.69922  1.09304702
  8486.5498  1.09391499
  8487.39941  1.04897928
  8488.25  1.03457379
  8489.09961  1.09080517
  8489.94922  1.11194861
  8490.7998  1.09181654
  8491.64941  1.08166456
  8492.5  1.0666281
  8493.34961  1.04597986
  8494.19922  1.03897214
  8495.0498  1.02507651
  8495.89941  0.931426108
  8496.75  0.770813525
  8497.59961  0.608904719
  8498.44922  0.633143604
  8499.2998  0.840393722
  8500.14941  0.961730361
  8501.  1.0075103
  8501.84961  0.983028233
  8502.69922  0.984298408
  8503.5498  1.00205767
  8504.39941  1.01589251
  8505.25  1.05044365
  8506.09961  1.07765627
  8506.94922  1.06977642
  8507.7998  1.09878659
  8508.64941  1.12055981
  8509.5  1.10426247
  8510.34961  1.07553911
  8511.19922  1.05725217
  8512.0498  1.02995896
  8512.89941  1.03329897
  8513.75  0.95016396
  8514.59961  0.905329347
  8515.44922  0.977025986
  8516.2998  1.05350792
  8517.14941  1.03229368
  8518.  0.969844222
  8518.84961  0.965505064
  8519.69922  1.02410138
  8520.5498  1.0543704
  8521.39941  1.05953205
  8522.25  1.04310751
  8523.09961  1.04685235
  8523.94922  1.05954933
  8524.7998  1.04294562
  8525.64941  1.00109017
  8526.5  0.996095121
  8527.34961  1.03031325
  8528.19922  1.0559119
  8529.0498  1.06057775
  8529.89941  1.05735219
  8530.75  1.0366714
  8531.59961  1.02443314
  8532.44922  1.04428959
  8533.2998  1.05236781
  8534.14941  1.06023109
  8535.  1.04478812
  8535.84961  0.984139025
  8536.69922  0.944276512
  8537.5498  0.917843282
  8538.39941  0.853108585
  8539.25  0.796019793
  8540.09961  0.704963923
  8540.94922  0.550926089
  8541.7998  0.399218768
  8542.64941  0.413059801
  8543.5  0.60150373
  8544.34961  0.758835375
  8545.19922  0.856828213
  8546.0498  0.915324688
  8546.89941  0.938111663
  8547.75  0.929041803
  8548.59961  0.939316034
  8549.44922  0.988702118
  8550.2998  1.01155794
  8551.14941  1.0344156
  8552.  1.07792163
  8552.84961  1.05994761
  8553.69922  1.06459284
  8554.5498  1.0423435
  8555.39941  1.00324094
  8556.25  1.00872064
  8557.09961  1.02507961
  8557.94922  1.06448352
  8558.7998  1.07417119
  8559.64941  1.06861293
  8560.5  1.04753101
  8561.34961  1.02827036
  8562.19922  1.00834072
  8563.0498  1.0361228
  8563.89941  1.02340734
  8564.75  1.0195874
  8565.59961  1.05019701
  8566.44922  1.07115889
  8567.2998  1.06614733
  8568.14941  1.07502222
  8569.  1.04186547
  8569.84961  1.03015876
  8570.69922  1.05889034
  8571.5498  1.04216611
  8572.39941  1.04496729
  8573.25  1.05691934
  8574.09961  1.05654109
  8574.94922  1.02519476
  8575.7998  1.02654481
  8576.64941  1.05208313
  8577.5  1.07931077
  8578.34961  1.08624923
  8579.19922  1.09648144
  8580.0498  1.07658148
  8580.89941  1.06599736
  8581.75  1.00067723
  8582.59961  0.945262909
  8583.44922  0.980407
  8584.2998  1.04580259
  8585.14941  1.07038116
  8586.  1.06014144
  8586.84961  1.04068613
  8587.69922  1.05184686
  8588.5498  1.03352106
  8589.39941  1.04170084
  8590.25  1.05385458
  8591.09961  1.04366505
  8591.94922  1.0441283
  8592.7998  1.02054608
  8593.64941  1.04281962
  8594.5  1.10057175
  8595.34961  1.08276129
  8596.19922  1.0276742
  8597.0498  1.00303435
  8597.89941  0.998785675
  8598.75  1.003708
  8599.59961  1.05910552
  8600.44922  1.07798266
  8601.2998  1.07753956
  8602.14941  1.06149089
  8603.  1.04186237
  8603.84961  1.05431557
  8604.69922  1.06182492
  8605.5498  1.02639437
  8606.39941  1.0167917
  8607.25  1.03051651
  8608.09961  1.03497982
  8608.94922  1.0510304
  8609.7998  1.05126572
  8610.64941  1.03124642
  8611.5  0.983270645
  8612.34961  0.982724786
  8613.19922  1.00850058
  8614.0498  1.01041889
  8614.89941  1.05280745
  8615.75  1.05772817
  8616.59961  1.05424929
  8617.44922  1.05802226
  8618.2998  1.05323207
  8619.14941  1.07063484
  8620.  1.08168495
  8620.84961  1.05021763
  8621.69922  0.984855711
  8622.5498  0.992410362
  8623.39941  1.03815997
  8624.25  1.07474387
  8625.09961  1.08579755
  8625.94922  1.05926323
  8626.7998  1.05226862
  8627.64941  1.06455266
  8628.5  1.04178083
  8629.34961  1.04185951
  8630.19922  1.07112157
  8631.0498  1.05764461
  8631.89941  1.01272583
  8632.75  1.02435613
  8633.59961  1.0558635
  8634.44922  1.02682447
  8635.2998  1.04467642
  8636.14941  1.04389572
  8637.  1.06886458
  8637.84961  1.09544039
  8638.69922  1.0811038
  8639.5498  1.07680774
  8640.39941  1.0918721
  8641.25  1.07058203
  8642.09961  1.02283764
  8642.94922  1.00838959
  8643.7998  1.05171514
  8644.64941  1.05841613
  8645.5  1.06361723
  8646.34961  1.04551816
  8647.19922  1.04561162
  8648.0498  1.00150359
  8648.89941  0.972603321
  8649.75  1.01301205
  8650.59961  1.03864896
  8651.44922  1.01260662
  8652.2998  0.992047608
  8653.14941  1.00447285
  8654.  1.01620829
  8654.84961  0.996392131
  8655.69922  0.982849836
  8656.5498  0.973476946
  8657.39941  0.949977338
  8658.25  0.935720325
  8659.09961  0.894601583
  8659.94922  0.776087284
  8660.7998  0.658647776
  8661.64941  0.474668264
  8662.5  0.411347419
  8663.34961  0.579811275
  8664.19922  0.770108223
  8665.0498  0.869865239
  8665.89941  0.925305307
  8666.75  0.956084549
  8667.59961  0.957666814
  8668.44922  0.964264035
  8669.2998  0.993711352
  8670.14941  0.993553519
  8671.  0.976716518
  8671.84961  0.954129875
  8672.69922  0.954805613
  8673.5498  0.958759129
  8674.39941  0.897173643
  8675.25  0.876200378
  8676.09961  0.957833588
  8676.94922  1.00393128
  8677.7998  1.02188694
  8678.64941  0.973691761
  8679.5  0.946296215
  8680.34961  0.976382434
  8681.19922  0.984699607
  8682.0498  0.969824493
  8682.89941  0.943160832
  8683.75  0.992453039
  8684.59961  1.05007994
  8685.44922  1.04071355
  8686.2998  0.993463516
  8687.14941  0.944869995
  8688.  0.860593021
  8688.84961  0.810543537
  8689.69922  0.892677248
  8690.5498  0.982310057
  8691.39941  0.985624194
  8692.25  0.955635428
  8693.09961  0.986587167
  8693.94922  1.01354611
  8694.7998  1.01634514
  8695.64941  1.01519787
  8696.5  1.02521586
  8697.34961  1.04716897
  8698.19922  0.978292108
  8699.0498  0.924583197
  8699.89941  0.968528152
  8700.75  1.00601995
  8701.59961  1.0119592
  8702.44922  0.994612038
  8703.2998  0.97273165
  8704.14941  0.979381919
  8705.  1.00098765
  8705.84961  1.01526833
  8706.69922  1.01374304
  8707.5498  0.989282131
  8708.39941  0.981613338
  8709.25  0.982571304
  8710.09961  0.966038585
  8710.94922  0.985931933
  8711.7998  0.992342412
  8712.64941  0.942912877
  8713.5  0.920717835
  8714.34961  0.977144361
  8715.19922  1.02989304
  8716.0498  1.02303421
  8716.89941  1.00102413
  8717.75  0.963682175
  8718.59961  0.969399631
  8719.44922  1.01021588
  8720.2998  1.01952267
  8721.14941  1.02286184
  8722.  1.04391587
  8722.84961  1.07029009
  8723.69922  1.03180623
  8724.5498  1.01702273
  8725.39941  1.03346729
  8726.25  1.0141443
  8727.09961  1.00775123
  8727.94922  1.00426519
  8728.7998  0.977201581
  8729.64941  0.974789917
  8730.5  0.997109354
  8731.34961  0.987626374
  8732.19922  1.01885819
  8733.0498  1.04368651
  8733.89941  1.03715003
  8734.75  1.00408268
  8735.59961  0.962415099
  8736.44922  0.968214512
  8737.2998  0.997610807
  8738.14941  0.986182868
  8739.  0.985288858
  8739.84961  1.0106169
  8740.69922  0.990513563
  8741.5498  0.975835741
  8742.39941  0.996040642
  8743.25  1.01603019
  8744.09961  1.01246798
  8744.94922  1.0235436
  8745.7998  1.05472243
  8746.64941  1.02158284
  8747.5  0.976361454
  8748.34961  1.01716971
  8749.19922  1.03640592
  8750.0498  1.00627494
  8750.89941  0.979374051
  8751.75  0.950614333
  8752.59961  0.957270622
  8753.44922  1.02286243
  8754.2998  1.04430366
  8755.14941  1.05118573
  8756.  1.02215958
  8756.84961  0.954313278
  8757.69922  0.958813548
  8758.5498  1.02723384
  8759.39941  1.02432251
  8760.25  1.04695034
  8761.09961  1.09131408
  8761.94922  1.06848741
  8762.7998  1.01610601
  8763.64941  0.970138609
  8764.5  0.965815127
  8765.34961  0.998110771
  8766.19922  0.977326334
  8767.0498  0.969586134
  8767.89941  1.04102385
  8768.75  1.06974518
  8769.59961  1.01412094
  8770.44922  0.973238647
  8771.2998  0.98376298
  8772.14941  0.978387892
  8773.  0.896299303
  8773.84961  0.878572941
  8774.69922  0.944042444
  8775.5498  1.03118992
  8776.39941  1.05215561
  8777.25  1.06503618
  8778.09961  1.049281
  8778.94922  0.987127185
  8779.7998  1.01052558
  8780.64941  1.04837513
  8781.5  1.0301168
  8782.34961  1.0250057
  8783.19922  1.03356516
  8784.0498  1.01059353
  8784.89941  0.998255253
  8785.75  0.99825412
  8786.59961  1.00447798
  8787.44922  1.04731536
  8788.2998  1.06882477
  8789.14941  1.03731334
  8790.  0.976008475
  8790.84961  0.965698063
  8791.69922  1.04223895
  8792.5498  1.01506162
  8793.39941  0.977463484
  8794.25  0.99742192
  8795.09961  1.01778603
  8795.94922  1.005602
  8796.7998  0.96910125
  8797.64941  0.998155296
  8798.5  1.03188682
  8799.34961  1.03609467
  8800.19922  1.03503394
  8801.0498  1.03838634
  8801.89941  1.05742311
  8802.75  1.0511117
  8803.59961  1.01665103
  8804.44922  0.968828976
  8805.2998  0.904098511
  8806.14941  0.823905826
  8807.  0.754473388
  8807.84961  0.893540263
  8808.69922  0.985329628
  8809.5498  1.01565409
  8810.39941  1.05569589
  8811.25  1.09638238
  8812.09961  1.06190503
  8812.94922  1.0243398
  8813.7998  1.02963424
  8814.64941  1.0387851
  8815.5  1.02817178
  8816.34961  1.02751768
  8817.19922  1.04922307
  8818.0498  1.05521321
  8818.89941  1.01494503
  8819.75  1.00617886
  8820.59961  1.0237056
  8821.44922  0.997756064
  8822.2998  1.01258314
  8823.14941  0.989301443
  8824.  0.882367849
  8824.84961  0.862116575
  8825.69922  1.03765905
  8826.5498  1.05161214
  8827.39941  1.0329529
  8828.25  1.03372061
  8829.09961  1.05914879
  8829.94922  1.06391132
  8830.7998  1.06413865
  8831.64941  1.02969611
  8832.5  0.993829846
  8833.34961  0.998197079
  8834.19922  1.02200019
  8835.0498  1.06030059
  8835.89941  1.03402352
  8836.75  1.00001764
  8837.59961  0.984683216
  8838.44922  0.961104512
  8839.2998  0.958197117
  8840.14941  1.01316118
  8841.  1.04408908
  8841.84961  1.04269087
  8842.69922  1.03479242
  8843.5498  1.02765083
  8844.39941  1.05238235
  8845.25  1.05693495
  8846.09961  1.02047098
  8846.94922  1.01795506
  8847.7998  1.00996172
  8848.64941  1.0086956
  8849.5  1.03186202
  8850.34961  1.03544509
  8851.19922  1.03436708
  8852.0498  1.0243361
  8852.89941  1.0271771
  8853.75  1.0301944
  8854.59961  1.03615105
  8855.44922  1.03836143
  8856.2998  0.994749367
  8857.14941  1.00963545
  8858.  1.03840852
  8858.84961  1.02737498
  8859.69922  1.01799226
  8860.5498  1.03052902
  8861.39941  1.05268502
  8862.25  0.963040948
  8863.09961  0.925301611
  8863.94922  0.97811681
  8864.7998  1.03328598
  8865.64941  1.03290939
  8866.5  0.965972483
  8867.34961  0.930881262
  8868.19922  0.953303456
  8869.0498  0.96143204
  8869.89941  1.0454607
  8870.75  1.0893172
  8871.59961  1.07827377
  8872.44922  1.07757306
  8873.2998  1.05874312
  8874.14941  1.00952756
  8875.  1.00876284
  8875.84961  0.993868172
  8876.69922  1.01643741
  8877.5498  1.05301893
  8878.39941  0.984585941
  8879.25  0.97021383
  8880.09961  1.0232414
  8880.94922  1.04997218
  8881.7998  1.04306185
  8882.64941  1.02372169
  8883.5  1.03451204
  8884.34961  1.05480301
  8885.19922  1.05166757
  8886.0498  1.03847492
  8886.89941  1.01661551
  8887.75  1.00482023
  8888.59961  1.0449599
  8889.44922  1.06069589
  8890.2998  1.0335803
  8891.14941  0.995822906
  8892.  0.9640432
  8892.84961  0.990390897
  8893.69922  1.02735114
  8894.5498  1.0475843
  8895.39941  1.04389608
  8896.25  1.03117466
  8897.09961  1.0465343
  8897.94922  1.02937031
  8898.7998  1.01496124
  8899.64941  1.03599715
  8900.5  1.05377257
  8901.34961  1.07116902
  8902.19922  1.05532551
  8903.0498  1.01500726
  8903.89941  1.01972079
  8904.75  1.05692184
  8905.59961  1.04468405
  8906.44922  1.01762497
  8907.2998  1.04328263
  8908.14941  1.05120611
  8909.  1.01743841
  8909.84961  1.01887226
  8910.69922  1.04080319
  8911.5498  1.03816891
  8912.39941  1.04096484
  8913.25  1.04117179
  8914.09961  1.03797865
  8914.94922  1.064098
  8915.7998  1.06306756
  8916.64941  1.02041161
  8917.5  1.03292978
  8918.34961  1.07165742
  8919.19922  1.05842221
  8920.0498  1.00007415
  8920.89941  1.02216637
  8921.75  1.05622017
  8922.59961  1.03814125
  8923.44922  0.997650623
  8924.2998  1.01334465
  8925.14941  1.02421761
  8926.  1.00070035
  8926.84961  1.01532245
  8927.69922  1.01488364
  8928.5498  0.968517303
  8929.39941  0.937850118
  8930.25  0.973005593
  8931.09961  1.01506627
  8931.94922  0.992140353
  8932.7998  0.967165053
  8933.64941  0.934141099
  8934.5  0.985839605
  8935.34961  1.06473088
  8936.19922  1.07233739
  8937.0498  1.04278934
  8937.89941  1.02226889
  8938.75  1.03149116
  8939.59961  0.977855146
  8940.44922  0.961918056
  8941.2998  0.984064043
  8942.14941  0.990142107
  8943.  0.968799055
  8943.84961  0.978048861
  8944.69922  1.01262319
  8945.5498  0.923378408
  8946.39941  0.863001227
  8947.25  0.909494638
  8948.09961  0.973166645
  8948.94922  0.986852705
  8949.7998  1.00280702
  8950.64941  0.962409079
  8951.5  0.949852049
  8952.34961  1.03105223
  8953.19922  0.995493948
  8954.0498  0.839902937
  8954.89941  0.851013005
  8955.75  0.976535678
  8956.59961  1.00264001
  8957.44922  0.993172705
  8958.2998  0.993930459
  8959.14941  1.03500688
  8960.  1.01983976
  8960.84961  0.95864594
  8961.69922  0.805729866
  8962.5498  0.800487518
  8963.39941  0.865440786
  8964.25  0.92925328
  8965.09961  0.825110614
  8965.94922  0.809096754
  8966.7998  0.926671445
  8967.64941  0.983400106
  8968.5  0.963755488
  8969.34961  0.955163658
  8970.19922  0.848079979
  8971.0498  0.768395364
  8971.89941  0.9121176
  8972.75  0.943585396
  8973.59961  0.888939917
  8974.44922  0.845367789
  8975.2998  0.915454507
  8976.14941  0.884401321
  8977.  0.955581605
  8977.84961  0.958915412
  8978.69922  0.972792566
  8979.5498  0.852929056
  8980.39941  0.776548922
  8981.25  1.0034343
  8982.09961  1.05345488
  8982.94922  1.02516782
  8983.7998  1.01462793
  8984.64941  0.982318282
  8985.5  0.864554584
  8986.34961  0.686033428
  8987.19922  0.667160749
  8988.0498  0.76941365
  8988.89941  0.795353949
  8989.75  0.751910985
  8990.59961  0.589348614
  8991.44922  0.607538342
  8992.2998  0.809320152
  8993.14941  0.95885843
  8994.  1.00786376
  8994.84961  1.00535071
  8995.69922  0.996917605
  8996.5498  0.999985456
  8997.39941  0.98121053
  8998.25  0.95850718
  8999.09961  0.815387964
  8999.94922  0.674006224
  9000.7998  0.809808612
  9001.64941  0.960137308
  9002.5  0.876057923
  9003.34961  0.766815484
  9004.19922  0.860503852
  9005.0498  0.983092368
  9005.89941  0.916433871
  9006.75  0.79167825
  9007.59961  0.8210392
  9008.44922  0.892054379
  9009.2998  0.915242255
  9010.14941  0.890047014
  9011.  0.761647522
  9011.84961  0.796654761
  9012.69922  0.924086392
  9013.5498  0.973923922
  9014.39941  0.936002672
  9015.25  0.813375533
  9016.09961  0.623537183
  9016.94922  0.672361732
  9017.7998  0.873037219
  9018.64941  1.01384854
  9019.5  1.04889488
