  8348.84961  1.03496218
  8349.69922  1.01118529
  8350.5498  1.07231915
  8351.39941  1.10125554
  8352.25  1.08230257
  8353.09961  1.08826315
  8353.94922  1.08531976
  8354.7998  1.10750592
  8355.64941  1.10821509
  8356.5  1.09682
  8357.34961  1.06316888
  8358.19922  1.02434134
  8359.0498  1.04906166
  8359.89941  1.09350598
  8360.75  1.12147343
  8361.59961  1.10826564
  8362.44922  1.07079422
  8363.2998  1.03853655
  8364.14941  1.03948486
  8365.  1.05708325
  8365.84961  1.0613668
  8366.69922  1.04994524
  8367.5498  1.06245327
  8368.39941  1.0967679
  8369.25  1.10124111
  8370.09961  1.07079756
  8370.94922  1.06127691
  8371.7998  1.05905402
  8372.64941  1.08174849
  8373.5  1.08228588
  8374.34961  1.08507383
  8375.19922  1.09299147
  8376.0498  1.02903509
  8376.89941  0.982028961
  8377.75  0.997507632
  8378.59961  1.07659757
  8379.44922  1.09051669
  8380.2998  1.11449647
  8381.14941  1.07393503
  8382.  1.05736363
  8382.84961  1.04592454
  8383.69922  1.04275525
  8384.5498  1.06106114
  8385.39941  1.06078613
  8386.25  1.07120073
  8387.09961  0.995052218
  8387.94922  0.947480381
  8388.7998  1.02423131
  8389.64941  1.05984294
  8390.5  1.03435898
  8391.34961  1.02181828
  8392.19922  1.00196552
  8393.0498  0.99244529
  8393.89941  1.00391519
  8394.75  1.00590456
  8395.59961  1.03341997
  8396.44922  1.03432345
  8397.2998  1.04858863
  8398.14941  1.07532203
  8399.  1.11812282
  8399.84961  1.07191038
  8400.69922  1.03092396
  8401.5498  1.06775987
  8402.39941  1.10639322
  8403.25  1.10872376
  8404.09961  1.05829859
  8404.94922  1.03545237
  8405.7998  1.06089962
  8406.64941  1.07558179
  8407.5  1.07548642
  8408.34961  1.05963457
  8409.19922  1.0599488
  8410.0498  1.06579173
  8410.89941  1.04576004
  8411.75  1.03288257
  8412.59961  1.03116608
  8413.44922  1.04850137
  8414.2998  1.07588053
  8415.14941  1.09000611
  8416.  1.05920911
  8416.84961  0.997041106
  8417.69922  0.974453688
  8418.5498  1.01365876
  8419.39941  1.02977586
  8420.25  1.06079996
  8421.09961  1.08709812
  8421.94922  1.0789541
  8422.7998  1.06193757
  8423.64941  1.0458827
  8424.5  1.05808353
  8425.34961  1.03424931
  8426.19922  1.0146575
  8427.0498  1.04434669
  8427.89941  1.08617985
  8428.75  1.07972443
  8429.59961  1.05703342
  8430.44922  1.07831931
  8431.2998  1.06626642
  8432.14941  1.03209901
  8433.  0.988267004
  8433.84961  0.981838703
  8434.69922  0.966121793
  8435.5498  0.947733819
  8436.39941  1.00058854
  8437.25  1.03405499
  8438.09961  1.03584611
  8438.94922  1.0367918
  8439.7998  1.03296208
  8440.64941  1.02002263
  8441.5  1.01978481
  8442.34961  1.02982962
  8443.19922  1.03891885
  8444.0498  1.07203734
  8444.89941  1.1081171
  8445.75  1.09275794
  8446.59961  1.05848432
  8447.44922  1.07082808
  8448.2998  1.08104527
  8449.14941  1.0438776
  8450.  1.02171052
  8450.84961  1.0267731
  8451.69922  1.07020688
  8452.5498  1.10059035
  8453.39941  1.09211481
  8454.25  1.07527649
  8455.09961  1.06899261
  8455.94922  1.03894281
  8456.7998  1.03212678
  8457.64941  1.05558085
  8458.5  1.06584692
  8459.34961  1.08432484
  8460.19922  1.07340229
  8461.0498  1.07434797
  8461.89941  1.03668356
  8462.75  1.04842377
  8463.59961  1.05910325
  8464.44922  1.06469142
  8465.2998  1.06581533
  8466.14941  1.0866487
  8467.  1.08095562
  8467.84961  1.03300428
  8468.69922  1.00571847
  8469.5498  1.03758562
  8470.39941  1.02173162
  8471.25  0.975145698
  8472.09961  0.948830068
  8472.94922  1.00350344
  8473.7998  1.05700469
  8474.64941  1.03819871
  8475.5  0.980274975
  8476.34961  0.974239767
  8477.19922  1.03194451
  8478.0498  1.05541873
  8478.89941  1.08466494
  8479.75  1.09151304
  8480.59961  1.04262006
  8481.44922  1.03300714
  8482.2998  1.05346358
  8483.14941  1.02129495
  8484.  0.999360979
  8484.84961  1.05147541
  8485.69922  1.06380177
  8486.5498  1.04529738
  8487.39941  1.04107356
  8488.25  1.06593835
  8489.09961  1.08886302
  8489.94922  1.06798613
  8490.7998  1.04966962
  8491.64941  1.04451382
  8492.5  1.05325913
  8493.34961  1.02883828
  8494.19922  1.0018239
  8495.0498  0.986058235
  8495.89941  0.941571116
  8496.75  0.809880078
  8497.59961  0.663747847
  8498.44922  0.691981435
  8499.2998  0.864066601
  8500.14941  0.969870925
  8501.  0.984713137
  8501.84961  0.986277759
  8502.69922  1.01939392
  8503.5498  1.02601349
  8504.39941  1.03960979
  8505.25  1.07796144
  8506.09961  1.09399009
  8506.94922  1.09185326
  8507.7998  1.08468986
  8508.64941  1.0683254
  8509.5  1.08184195
  8510.34961  1.05085146
  8511.19922  1.02383471
  8512.0498  1.02544487
  8512.89941  1.0074178
  8513.75  0.990566552
  8514.59961  0.999006152
  8515.44922  1.02585709
  8516.2998  1.05021155
  8517.14941  1.04531407
  8518.  1.03683972
  8518.84961  1.05445206
  8519.69922  1.07485676
  8520.5498  1.0869472
  8521.39941  1.06840074
  8522.25  1.04067528
  8523.09961  1.02492988
  8523.94922  1.00130999
  8524.7998  0.987790942
  8525.64941  0.958969951
  8526.5  0.936964691
  8527.34961  0.966383755
  8528.19922  0.986252785
  8529.0498  1.00114119
  8529.89941  1.02940726
  8530.75  1.05795157
  8531.59961  1.06380367
  8532.44922  1.03194201
  8533.2998  1.02126598
  8534.14941  1.04997361
  8535.  1.02846754
  8535.84961  0.989120066
  8536.69922  0.917626202
  8537.5498  0.899353147
  8538.39941  0.906195104
  8539.25  0.861601114
  8540.09961  0.782709658
  8540.94922  0.629956663
  8541.7998  0.489244312
  8542.64941  0.506487668
  8543.5  0.645872295
  8544.34961  0.781089783
  8545.19922  0.900297582
  8546.0498  0.963780046
  8546.89941  0.957476735
  8547.75  0.951320946
  8548.59961  0.925023556
  8549.44922  0.949585855
  8550.2998  1.03266621
  8551.14941  1.0747
  8552.  1.04271615
  8552.84961  0.985621691
  8553.69922  0.952489018
  8554.5498  0.994152844
  8555.39941  1.07948256
  8556.25  1.037045
  8557.09961  0.981932163
  8557.94922  1.01602578
  8558.7998  1.024858
  8559.64941  1.07244766
  8560.5  1.1028688
  8561.34961  1.09363163
  8562.19922  1.0504185
  8563.0498  1.00711596
  8563.89941  1.02202535
  8564.75  1.05810308
  8565.59961  1.04698455
  8566.44922  1.02541614
  8567.2998  1.04204214
  8568.14941  1.08100116
  8569.  1.11032486
  8569.84961  1.11258459
  8570.69922  1.08839881
  8571.5498  1.05274665
  8572.39941  1.03196645
  8573.25  1.04019535
  8574.09961  1.01226485
  8574.94922  0.983932436
  8575.7998  1.01223218
  8576.64941  1.04231751
  8577.5  1.06728804
  8578.34961  1.03747284
  8579.19922  1.00612116
  8580.0498  0.99434042
  8580.89941  0.99341023
  8581.75  0.95855701
  8582.59961  0.964425564
  8583.44922  1.01266515
  8584.2998  1.05470848
  8585.14941  1.05010748
  8586.  0.995910347
  8586.84961  0.970106423
  8587.69922  0.995671511
  8588.5498  1.02607632
  8589.39941  1.06125772
  8590.25  1.0622592
  8591.09961  1.00051928
  8591.94922  0.980455577
  8592.7998  1.01366806
  8593.64941  1.01482856
  8594.5  1.02406287
  8595.34961  1.05149996
  8596.19922  1.04259419
  8597.0498  1.0285877
  8597.89941  1.04030871
  8598.75  1.04107511
  8599.59961  1.0089885
  8600.44922  1.02018797
  8601.2998  1.03946376
  8602.14941  1.04873872
  8603.  1.00267136
  8603.84961  1.01401353
  8604.69922  1.02561677
  8605.5498  1.01878858
  8606.39941  1.02112901
  8607.25  1.02922857
  8608.09961  1.05655611
  8608.94922  1.06518877
  8609.7998  1.05124247
  8610.64941  1.01168466
  8611.5  0.990231097
  8612.34961  1.01085675
  8613.19922  1.03314066
  8614.0498  1.04096985
  8614.89941  1.05548203
  8615.75  1.02666986
  8616.59961  0.993835807
  8617.44922  0.987212598
  8618.2998  1.00298345
  8619.14941  1.01226223
  8620.  0.97497803
  8620.84961  0.95269978
  8621.69922  0.955545783
  8622.5498  0.97891897
  8623.39941  1.00411344
  8624.25  1.04586518
  8625.09961  1.04302013
  8625.94922  1.03304183
  8626.7998  1.04123342
  8627.64941  1.07619989
  8628.5  1.08250642
  8629.34961  1.03846383
  8630.19922  1.01176167
  8631.0498  1.02880251
  8631.89941  1.00910068
  8632.75  0.998776555
  8633.59961  1.00542223
  8634.44922  1.00654078
  8635.2998  0.994575739
  8636.14941  1.00433457
  8637.  1.02882993
  8637.84961  1.03972065
  8638.69922  1.02356291
  8639.5498  0.982243955
  8640.39941  0.981926382
  8641.25  0.991816282
  8642.09961  0.996619701
  8642.94922  1.02049792
  8643.7998  1.03238034
  8644.64941  1.00381076
  8645.5  1.03452122
  8646.34961  1.01029325
  8647.19922  0.936010599
  8648.0498  0.925154507
  8648.89941  0.986009717
  8649.75  0.990300238
  8650.59961  0.959167361
  8651.44922  0.977190316
  8652.2998  0.997957587
  8653.14941  0.997587144
  8654.  0.989135742
  8654.84961  0.994500339
  8655.69922  0.977344871
  8656.5498  0.963542879
  8657.39941  0.976118565
  8658.25  0.97448647
  8659.09961  0.930370271
  8659.94922  0.842391491
  8660.7998  0.686627626
  8661.64941  0.544323802
  8662.5  0.532673836
  8663.34961  0.679900587
  8664.19922  0.844671071
  8665.0498  0.894682646
  8665.89941  0.946951807
  8666.75  1.01686454
  8667.59961  1.03795886
  8668.44922  1.01849794
  8669.2998  1.02003598
  8670.14941  0.988411963
  8671.  0.961738408
  8671.84961  0.991219163
  8672.69922  1.0235554
  8673.5498  0.999019146
  8674.39941  0.932441711
  8675.25  0.912854314
  8676.09961  0.961826146
  8676.94922  0.989552259
  8677.7998  0.985686123
  8678.64941  0.99739784
  8679.5  1.00388241
  8680.34961  1.00524366
  8681.19922  1.00710058
  8682.0498  0.963472843
  8682.89941  0.950362444
  8683.75  0.978372395
  8684.59961  1.0199945
  8685.44922  1.02919686
  8686.2998  1.00343978
  8687.14941  0.967612684
  8688.  0.935733259
  8688.84961  0.932308435
  8689.69922  0.952227294
  8690.5498  0.983408511
  8691.39941  0.997168481
  8692.25  1.01610816
  8693.09961  1.0473218
  8693.94922  1.03472972
  8694.7998  0.983560085
  8695.64941  0.975117028
  8696.5  0.985441804
  8697.34961  0.999340892
  8698.19922  1.02391517
  8699.0498  1.02669716
  8699.89941  1.01326728
  8700.75  1.0093745
  8701.59961  1.00176513
  8702.44922  1.01485264
  8703.2998  1.01034284
  8704.14941  0.990565956
  8705.  1.00368595
  8705.84961  1.02009571
  8706.69922  0.996318817
  8707.5498  1.01880121
  8708.39941  1.04013622
  8709.25  1.04223263
  8710.09961  1.0095011
  8710.94922  0.98360008
  8711.7998  0.990165174
  8712.64941  0.975673139
  8713.5  0.97393769
  8714.34961  0.974792063
  8715.19922  0.973132551
  8716.0498  0.993034959
  8716.89941  1.0129745
  8717.75  1.01902544
  8718.59961  1.03821373
  8719.44922  1.07326496
  8720.2998  1.10654283
  8721.14941  1.10811496
  8722.  1.10243344
  8722.84961  1.08031178
  8723.69922  1.01860189
  8724.5498  1.00293827
  8725.39941  1.0001086
  8726.25  1.00827456
  8727.09961  1.02356184
  8727.94922  0.990767598
  8728.7998  0.972844124
  8729.64941  0.953300595
  8730.5  0.975802243
  8731.34961  1.00472629
  8732.19922  1.01337993
  8733.0498  1.00681734
  8733.89941  1.00012624
  8734.75  1.00194383
  8735.59961  1.00803244
  8736.44922  1.02604306
  8737.2998  1.05685711
  8738.14941  1.05464172
  8739.  1.05026984
  8739.84961  1.04063392
  8740.69922  1.02018094
  8741.5498  1.01717341
  8742.39941  1.06019604
  8743.25  1.08066881
  8744.09961  1.05492032
  8744.94922  1.0594281
  8745.7998  1.10435271
  8746.64941  1.07361507
  8747.5  1.00000906
  8748.34961  0.979510307
  8749.19922  0.968841434
  8750.0498  1.00492263
  8750.89941  0.979501486
  8751.75  0.970259607
  8752.59961  1.00913584
  8753.44922  1.02888513
  8754.2998  1.0173682
  8755.14941  1.01545417
  8756.  0.969910979
  8756.84961  0.9502666
  8757.69922  0.992949486
  8758.5498  1.05228448
  8759.39941  1.08178735
  8760.25  1.07497621
  8761.09961  1.08398747
  8761.94922  1.06475675
  8762.7998  0.988968372
  8763.64941  0.941402853
  8764.5  0.98824805
  8765.34961  1.03048289
  8766.19922  1.02246737
  8767.0498  0.990137219
  8767.89941  1.03073764
  8768.75  1.05438399
  8769.59961  0.990088701
  8770.44922  0.974359155
  8771.2998  0.99464649
  8772.14941  0.965715706
  8773.  0.920989454
  8773.84961  0.948878706
  8774.69922  1.00357878
  8775.5498  1.06772113
  8776.39941  1.08693945
  8777.25  1.05581927
  8778.09961  1.08191133
  8778.94922  1.10312939
  8779.7998  1.04134798
  8780.64941  0.999281883
  8781.5  0.970767856
  8782.34961  0.98518604
  8783.19922  1.01100957
  8784.0498  1.01861882
  8784.89941  1.02923906
  8785.75  1.05216956
  8786.59961  1.06533778
  8787.44922  1.05460596
  8788.2998  1.09829938
  8789.14941  1.09698224
  8790.  0.996081233
  8790.84961  0.945285618
  8791.69922  0.988034666
  8792.5498  0.999876201
  8793.39941  0.970192075
  8794.25  0.936218739
  8795.09961  0.94867444
  8795.94922  0.971356452
  8796.7998  0.962765515
  8797.64941  0.967585385
  8798.5  1.02226567
  8799.34961  1.03960955
  8800.19922  1.02298069
  8801.0498  1.02325749
  8801.89941  0.998896241
  8802.75  1.04595184
  8803.59961  1.03191757
  8804.44922  0.958055019
  8805.2998  0.907941163
  8806.14941  0.820199668
  8807.  0.815340757
  8807.84961  0.907639384
  8808.69922  0.97063607
  8809.5498  0.997584999
  8810.39941  1.01286197
  8811.25  1.01361048
  8812.09961  1.01735353
  8812.94922  0.985338211
  8813.7998  0.955903232
  8814.64941  0.96912241
  8815.5  0.971667111
  8816.34961  0.965594947
  8817.19922  1.02439189
  8818.0498  1.08447099
  8818.89941  1.0263797
  8819.75  0.99192673
  8820.59961  0.977401912
  8821.44922  0.967248857
  8822.2998  0.990394592
  8823.14941  0.96258086
  8824.  0.909216046
  8824.84961  0.967568696
  8825.69922  1.00635076
  8826.5498  1.02607453
  8827.39941  1.05748129
  8828.25  1.01314569
  8829.09961  0.995221913
  8829.94922  1.00136662
  8830.7998  0.997456789
  8831.64941  0.97548753
  8832.5  1.02151048
  8833.34961  1.05693245
  8834.19922  1.01678348
  8835.0498  0.972955585
  8835.89941  0.990077674
  8836.75  0.97932744
  8837.59961  0.936768174
  8838.44922  0.919295549
  8839.2998  0.940414667
  8840.14941  0.960254788
  8841.  0.987819433
  8841.84961  0.996881902
  8842.69922  1.0025754
  8843.5498  0.991475403
  8844.39941  1.00969613
  8845.25  1.03855252
  8846.09961  1.01362729
  8846.94922  0.983335733
  8847.7998  0.997550249
  8848.64941  0.987296999
  8849.5  0.96100837
  8850.34961  0.956241846
  8851.19922  0.935922563
  8852.0498  0.938868821
  8852.89941  0.983863175
  8853.75  1.01960742
  8854.59961  1.02683067
  8855.44922  1.01799941
  8856.2998  0.993457675
  8857.14941  0.996264338
  8858.  1.01426864
  8858.84961  1.00428474
  8859.69922  0.958349824
  8860.5498  0.964721918
  8861.39941  0.991321325
  8862.25  0.970643401
  8863.09961  0.982571781
  8863.94922  0.982370496
  8864.7998  0.966175377
  8865.64941  0.967418432
  8866.5  0.962158382
  8867.34961  0.950383425
  8868.19922  0.970141768
  8869.0498  1.00024545
  8869.89941  1.0029726
  8870.75  1.01532066
  8871.59961  1.01762152
  8872.44922  1.00261259
  8873.2998  1.02224505
  8874.14941  1.04024422
  8875.  1.0295589
  8875.84961  1.01595449
  8876.69922  0.998157918
  8877.5498  0.976794779
  8878.39941  0.952758968
  8879.25  0.904902995
  8880.09961  0.896413147
  8880.94922  0.953357577
  8881.7998  1.0031532
  8882.64941  1.00735784
  8883.5  0.992278218
  8884.34961  1.02710283
  8885.19922  1.08808804
  8886.0498  1.12237489
  8886.89941  1.0611726
  8887.75  0.984497547
  8888.59961  0.943749726
  8889.44922  0.942842782
  8890.2998  0.956811428
  8891.14941  0.981521547
  8892.  1.00241709
  8892.84961  1.02008045
  8893.69922  1.04465342
  8894.5498  1.02610767
  8895.39941  0.997926056
  8896.25  1.00970674
  8897.09961  1.0111047
  8897.94922  1.02614689
  8898.7998  1.02249289
  8899.64941  1.02027059
  8900.5  0.995372832
  8901.34961  0.984993398
  8902.19922  1.0231514
  8903.0498  1.02203715
  8903.89941  1.00032902
  8904.75  0.983152509
  8905.59961  0.966902137
  8906.44922  0.976962268
  8907.2998  0.996734679
  8908.14941  0.997362494
  8909.  1.0048871
  8909.84961  0.983273923
  8910.69922  0.98494935
  8911.5498  0.989828646
  8912.39941  1.00191784
  8913.25  1.00271702
  8914.09961  1.0137074
  8914.94922  1.03451741
  8915.7998  1.03226066
  8916.64941  0.986540377
  8917.5  0.964408815
  8918.34961  0.994015932
  8919.19922  1.07849336
  8920.0498  1.12810612
  8920.89941  1.07107615
  8921.75  1.05142355
  8922.59961  1.05340505
  8923.44922  1.00148845
  8924.2998  0.936080098
  8925.14941  0.940784693
  8926.  0.961448967
  8926.84961  0.932412386
  8927.69922  0.947555006
  8928.5498  0.967976511
  8929.39941  0.936841905
  8930.25  0.932920277
  8931.09961  0.958644152
  8931.94922  1.00573528
  8932.7998  1.04974771
  8933.64941  1.02719188
  8934.5  1.00638735
  8935.34961  1.00793338
  8936.19922  1.01103032
  8937.0498  1.06797457
  8937.89941  1.08767188
  8938.75  1.05614758
  8939.59961  1.01072633
  8940.44922  0.971796155
  8941.2998  0.975759923
  8942.14941  0.955129147
  8943.  0.938283503
  8943.84961  0.964687169
  8944.69922  0.967531264
  8945.5498  0.956086993
  8946.39941  0.919448316
  8947.25  0.92993331
  8948.09961  0.940574229
  8948.94922  0.942272782
  8949.7998  0.992992878
  8950.64941  1.06351209
  8951.5  1.05134237
  8952.34961  0.978314281
  8953.19922  0.922398448
  8954.0498  0.903178155
  8954.89941  0.845905781
  8955.75  0.851370513
  8956.59961  0.959226012
  8957.44922  1.06950068
  8958.2998  1.07924616
  8959.14941  1.07578659
  8960.  1.05856037
  8960.84961  1.04259408
  8961.69922  0.996172667
  8962.5498  0.911965489
  8963.39941  0.860376835
  8964.25  0.926837742
  8965.09961  0.964858115
  8965.94922  0.906849504
  8966.7998  0.932501853
  8967.64941  1.00172555
  8968.5  1.03984952
  8969.34961  1.05354965
  8970.19922  1.03616893
  8971.0498  0.973342717
  8971.89941  0.893134177
  8972.75  0.899056375
  8973.59961  0.951046169
  8974.44922  0.932007074
  8975.2998  0.885852396
  8976.14941  0.916438878
  8977.  0.97543931
  8977.84961  1.02834284
  8978.69922  1.05334246
  8979.5498  1.01707745
  8980.39941  0.941126823
  8981.25  0.885368049
  8982.09961  1.00143814
  8982.94922  1.07333291
  8983.7998  1.04414618
  8984.64941  1.04069424
  8985.5  1.04980636
  8986.34961  0.961442709
  8987.19922  0.802072585
  8988.0498  0.73754257
  8988.89941  0.764787614
  8989.75  0.808717787
  8990.59961  0.786409855
  8991.44922  0.683724046
  8992.2998  0.710280478
  8993.14941  0.867153168
  8994.  0.98995775
  8994.84961  1.02785623
  8995.69922  1.06597877
  8996.5498  1.07061088
  8997.39941  1.0691483
  8998.25  1.05254757
  8999.09961  1.0133853
  8999.94922  0.903768361
  9000.7998  0.818233848
  9001.64941  0.944242477
  9002.5  1.07186592
  9003.34961  0.993137896
  9004.19922  0.892509341
  9005.0498  0.95287323
  9005.89941  0.99840486
  9006.75  0.918917835
  9007.59961  0.870905638
  9008.44922  0.977784276
  9009.2998  1.06503367
  9010.14941  1.04305828
  9011.  1.01452935
  9011.84961  0.937608838
  9012.69922  0.914423108
  9013.5498  1.00463152
  9014.39941  1.05536437
  9015.25  1.05535829
  9016.09961  0.997505307
  9016.94922  0.86996156
  9017.7998  0.836828351
  9018.64941  0.970907032
  9019.5  1.10193443
