  8348.84961  1.00678861
  8349.69922  1.04808867
  8350.5498  1.10299039
  8351.39941  1.12007964
  8352.25  1.07150996
  8353.09961  1.02594256
  8353.94922  1.04424167
  8354.7998  1.08431935
  8355.64941  1.08476901
  8356.5  1.06558836
  8357.34961  1.04753304
  8358.19922  1.03497148
  8359.0498  1.06318462
  8359.89941  1.06105459
  8360.75  1.04971647
  8361.59961  1.07203996
  8362.44922  1.04901993
  8363.2998  0.978487909
  8364.14941  0.938879073
  8365.  0.992263734
  8365.84961  1.0439707
  8366.69922  1.09310448
  8367.5498  1.11556637
  8368.39941  1.10117769
  8369.25  1.09750259
  8370.09961  1.10279691
  8370.94922  1.12507856
  8371.7998  1.11968255
  8372.64941  1.11030078
  8373.5  1.12027586
  8374.34961  1.12706923
  8375.19922  1.12331724
  8376.0498  1.0800339
  8376.89941  1.02082062
  8377.75  0.993212044
  8378.59961  1.03305387
  8379.44922  1.07378912
  8380.2998  1.08831847
  8381.14941  1.05955315
  8382.  0.966066778
  8382.84961  0.954241276
  8383.69922  1.04085672
  8384.5498  1.09144092
  8385.39941  1.07705665
  8386.25  1.01448405
  8387.09961  0.953848004
  8387.94922  0.953773618
  8388.7998  0.996046007
  8389.64941  1.03185177
  8390.5  1.07363617
  8391.34961  1.09797549
  8392.19922  1.09567058
  8393.0498  1.0986073
  8393.89941  1.07954299
  8394.75  1.04779899
  8395.59961  1.02360761
  8396.44922  1.00391805
  8397.2998  1.02829766
  8398.14941  1.07270825
  8399.  1.08761013
  8399.84961  1.1028614
  8400.69922  1.11780488
  8401.5498  1.11566973
  8402.39941  1.09862006
  8403.25  1.08310056
  8404.09961  1.06800711
  8404.94922  1.07678819
  8405.7998  1.10457528
  8406.64941  1.1028626
  8407.5  1.08568156
  8408.34961  1.07944095
  8409.19922  1.08124673
  8410.0498  1.0858891
  8410.89941  1.05798244
  8411.75  1.00212264
  8412.59961  1.02281833
  8413.44922  1.08500111
  8414.2998  1.109097
  8415.14941  1.106794
  8416.  1.070508
  8416.84961  1.03383446
  8417.69922  1.03626752
  8418.5498  1.04002595
  8419.39941  1.03717887
  8420.25  1.05559731
  8421.09961  1.08414459
  8421.94922  1.08055282
  8422.7998  1.05189574
  8423.64941  1.0469954
  8424.5  1.05442345
  8425.34961  1.00844169
  8426.19922  0.940058529
  8427.0498  0.988509774
  8427.89941  1.09946048
  8428.75  1.11975002
  8429.59961  1.10204029
  8430.44922  1.12547064
  8431.2998  1.13258958
  8432.14941  1.08168411
  8433.  1.01898265
  8433.84961  0.924269795
  8434.69922  0.826990783
  8435.5498  0.850453138
  8436.39941  0.959754646
  8437.25  1.00867152
  8438.09961  1.00272477
  8438.94922  1.01679981
  8439.7998  1.06604123
  8440.64941  1.07771301
  8441.5  1.04073107
  8442.34961  1.03567326
  8443.19922  1.03231382
  8444.0498  1.02260923
  8444.89941  1.03344917
  8445.75  1.02339399
  8446.59961  1.01136315
  8447.44922  1.04372263
  8448.2998  1.08566487
  8449.14941  1.09182191
  8450.  1.04874945
  8450.84961  1.00247931
  8451.69922  0.998345971
  8452.5498  1.02005565
  8453.39941  1.04376149
  8454.25  1.06705451
  8455.09961  1.08633769
  8455.94922  1.06279612
  8456.7998  1.06392133
  8457.64941  1.08801448
  8458.5  1.08361125
  8459.34961  1.08161509
  8460.19922  1.10421765
  8461.0498  1.10385692
  8461.89941  1.10607398
  8462.75  1.11122894
  8463.59961  1.1030407
  8464.44922  1.08728969
  8465.2998  1.08389688
  8466.14941  1.06951296
  8467.  1.01532507
  8467.84961  0.950505733
  8468.69922  0.956467927
  8469.5498  1.01254559
  8470.39941  1.04872501
  8471.25  1.05352604
  8472.09961  1.07212842
  8472.94922  1.09715092
  8473.7998  1.09183788
  8474.64941  1.06532216
  8475.5  1.0574615
  8476.34961  1.06764126
  8477.19922  1.07362604
  8478.0498  1.0730145
  8478.89941  1.07216263
  8479.75  1.08161259
  8480.59961  1.08067274
  8481.44922  1.05005729
  8482.2998  1.02029514
  8483.14941  1.0188278
  8484.  1.04466259
  8484.84961  1.06889248
  8485.69922  1.07189679
  8486.5498  1.0697912
  8487.39941  1.05604362
  8488.25  1.04951656
  8489.09961  1.0713253
  8489.94922  1.07306933
  8490.7998  1.06320822
  8491.64941  1.06639051
  8492.5  1.05759072
  8493.34961  1.02707577
  8494.19922  1.01613867
  8495.0498  1.01112151
  8495.89941  0.943957031
  8496.75  0.783120453
  8497.59961  0.615022898
  8498.44922  0.620399833
  8499.2998  0.818754911
  8500.14941  0.969917417
  8501.  1.0115068
  8501.84961  1.02780163
  8502.69922  1.05758488
  8503.5498  1.04298997
  8504.39941  1.04614806
  8505.25  1.07276058
  8506.09961  1.07143199
  8506.94922  1.06704414
  8507.7998  1.08793008
  8508.64941  1.08019614
  8509.5  1.03569233
  8510.34961  1.04433
  8511.19922  1.0527463
  8512.0498  1.03087282
  8512.89941  0.987025142
  8513.75  0.913581133
  8514.59961  0.910727918
  8515.44922  0.968373775
  8516.2998  1.033499
  8517.14941  1.00423717
  8518.  0.949335039
  8518.84961  0.988928974
  8519.69922  1.06202543
  8520.5498  1.08749127
  8521.39941  1.06153989
  8522.25  1.03767145
  8523.09961  1.02762306
  8523.94922  1.02375042
  8524.7998  1.01483083
  8525.64941  0.992976248
  8526.5  0.990379274
  8527.34961  1.02696943
  8528.19922  1.05629957
  8529.0498  1.07935905
  8529.89941  1.0756104
  8530.75  1.06269896
  8531.59961  1.06440294
  8532.44922  1.06977975
  8533.2998  1.04725718
  8534.14941  1.02236927
  8535.  1.01126051
  8535.84961  1.00095701
  8536.69922  0.975030303
  8537.5498  0.940137327
  8538.39941  0.908961773
  8539.25  0.838702142
  8540.09961  0.707509637
  8540.94922  0.514858246
  8541.7998  0.370107353
  8542.64941  0.432400644
  8543.5  0.630129576
  8544.34961  0.784061432
  8545.19922  0.86502403
  8546.0498  0.903242767
  8546.89941  0.926135719
  8547.75  0.938215911
  8548.59961  0.967950225
  8549.44922  1.02260375
  8550.2998  1.0255599
  8551.14941  0.992928743
  8552.  1.02129102
  8552.84961  1.06517494
  8553.69922  1.06611156
  8554.5498  1.04145527
  8555.39941  1.01880455
  8556.25  1.01338506
  8557.09961  1.00645304
  8557.94922  1.01935697
  8558.7998  1.03666341
  8559.64941  1.05508208
  8560.5  1.06006932
  8561.34961  1.03602648
  8562.19922  1.03202975
  8563.0498  1.05387616
  8563.89941  1.05886483
  8564.75  1.05928075
  8565.59961  1.06881058
  8566.44922  1.07864296
  8567.2998  1.068133
  8568.14941  1.03483343
  8569.  1.03541052
  8569.84961  1.060799
  8570.69922  1.07720971
  8571.5498  1.06020117
  8572.39941  1.06196249
  8573.25  1.0873332
  8574.09961  1.08967876
  8574.94922  1.06979823
  8575.7998  1.05178249
  8576.64941  1.03246689
  8577.5  1.0167464
  8578.34961  1.01443398
  8579.19922  1.04665041
  8580.0498  1.07016861
  8580.89941  1.03515685
  8581.75  1.01920938
  8582.59961  1.03655851
  8583.44922  1.04720926
  8584.2998  1.02993584
  8585.14941  1.02112126
  8586.  1.0167011
  8586.84961  1.03424752
  8587.69922  1.05061555
  8588.5498  1.05804002
  8589.39941  1.05446279
  8590.25  1.03511202
  8591.09961  1.02870262
  8591.94922  1.02173197
  8592.7998  1.00234759
  8593.64941  1.01663506
  8594.5  1.03212547
  8595.34961  1.04659128
  8596.19922  1.02851725
  8597.0498  1.02743924
  8597.89941  1.01463079
  8598.75  1.01529384
  8599.59961  1.02714324
  8600.44922  1.0517379
  8601.2998  1.0694077
  8602.14941  1.04521728
  8603.  1.02519882
  8603.84961  1.04047179
  8604.69922  1.07162023
  8605.5498  1.08970666
  8606.39941  1.06848133
  8607.25  1.04727042
  8608.09961  1.02879417
  8608.94922  1.02418733
  8609.7998  1.04505813
  8610.64941  1.00982273
  8611.5  0.944169283
  8612.34961  0.990026414
  8613.19922  1.07447708
  8614.0498  1.07625139
  8614.89941  1.04814732
  8615.75  1.0427531
  8616.59961  1.02018714
  8617.44922  1.00187528
  8618.2998  1.005391
  8619.14941  1.02520359
  8620.  1.03751564
  8620.84961  0.99920094
  8621.69922  0.968402028
  8622.5498  0.996859789
  8623.39941  1.02663112
  8624.25  1.03561783
  8625.09961  1.03654313
  8625.94922  1.04262435
  8626.7998  1.03928304
  8627.64941  1.0190016
  8628.5  1.02515185
  8629.34961  1.0453651
  8630.19922  1.04969728
  8631.0498  1.04919064
  8631.89941  1.05046165
  8632.75  1.06164956
  8633.59961  1.04999697
  8634.44922  1.02982473
  8635.2998  1.02779233
  8636.14941  1.02636051
  8637.  1.02503705
  8637.84961  1.03632641
  8638.69922  1.04778898
  8639.5498  1.03298318
  8640.39941  1.01250756
  8641.25  1.00702977
  8642.09961  1.00811517
  8642.94922  1.00302172
  8643.7998  0.99855125
  8644.64941  1.02393246
  8645.5  1.05257213
  8646.34961  1.04004025
  8647.19922  1.01365471
  8648.0498  0.993783295
  8648.89941  0.993119955
  8649.75  1.01734436
  8650.59961  1.04020727
  8651.44922  1.03396261
  8652.2998  1.02027261
  8653.14941  1.00125468
  8654.  1.00093293
  8654.84961  1.01064467
  8655.69922  1.00979686
  8656.5498  1.00652444
  8657.39941  0.964342117
  8658.25  0.916213691
  8659.09961  0.884341359
  8659.94922  0.812790275
  8660.7998  0.651643693
  8661.64941  0.46141687
  8662.5  0.425360948
  8663.34961  0.605197787
  8664.19922  0.777215958
  8665.0498  0.871773243
  8665.89941  0.956313968
  8666.75  1.00626862
  8667.59961  1.00028324
  8668.44922  1.00211644
  8669.2998  0.991248071
  8670.14941  0.97915256
  8671.  0.98119241
  8671.84961  1.01080561
  8672.69922  1.03171229
  8673.5498  1.00917554
  8674.39941  0.926661968
  8675.25  0.897476375
  8676.09961  0.94928515
  8676.94922  1.01407528
  8677.7998  1.04512691
  8678.64941  1.02831674
  8679.5  1.01592064
  8680.34961  1.03726149
  8681.19922  1.0382663
  8682.0498  0.993231356
  8682.89941  0.96751672
  8683.75  0.993478596
  8684.59961  1.03529346
  8685.44922  1.03904223
  8686.2998  1.0087564
  8687.14941  0.992031157
  8688.  0.931730688
  8688.84961  0.896718442
  8689.69922  0.97996372
  8690.5498  1.02832222
  8691.39941  1.01010954
  8692.25  0.971579194
  8693.09961  0.990297139
  8693.94922  1.00350964
  8694.7998  1.00884604
  8695.64941  1.00437808
  8696.5  1.00179529
  8697.34961  1.00825584
  8698.19922  0.993818402
  8699.0498  0.984459221
  8699.89941  1.00219524
  8700.75  1.0263294
  8701.59961  1.01258588
  8702.44922  1.01762235
  8703.2998  1.00908422
  8704.14941  1.00575745
  8705.  1.01353157
  8705.84961  1.02201092
  8706.69922  1.04669142
  8707.5498  1.04628074
  8708.39941  1.02648258
  8709.25  0.989159107
  8710.09961  0.958038092
  8710.94922  0.965138137
  8711.7998  0.966390371
  8712.64941  0.93744415
  8713.5  0.938625157
  8714.34961  0.98319757
  8715.19922  1.04650652
  8716.0498  1.01938093
  8716.89941  0.988000274
  8717.75  0.960545123
  8718.59961  1.00571311
  8719.44922  1.03663325
  8720.2998  1.03168988
  8721.14941  1.0374223
  8722.  1.03782296
  8722.84961  1.02524674
  8723.69922  1.00028908
  8724.5498  0.971883178
  8725.39941  0.978701293
  8726.25  1.01363611
  8727.09961  0.999006748
  8727.94922  0.95254904
  8728.7998  0.957777202
  8729.64941  1.00304246
  8730.5  1.02073967
  8731.34961  1.00692117
  8732.19922  1.01168394
  8733.0498  1.02528334
  8733.89941  0.992311239
  8734.75  0.951254189
  8735.59961  0.961651921
  8736.44922  0.99132961
  8737.2998  1.01978278
  8738.14941  1.03254068
  8739.  1.02499843
  8739.84961  1.03220308
  8740.69922  1.02632546
  8741.5498  1.01317763
  8742.39941  1.02142036
  8743.25  1.05004478
  8744.09961  1.04306042
  8744.94922  1.02215755
  8745.7998  1.02603054
  8746.64941  0.987798452
  8747.5  0.955112994
  8748.34961  0.975286663
  8749.19922  1.01304007
  8750.0498  1.01715958
  8750.89941  0.988654613
  8751.75  0.944697797
  8752.59961  0.945867896
  8753.44922  0.979351282
  8754.2998  0.984121263
  8755.14941  0.993195772
  8756.  0.984017968
  8756.84961  0.941711485
  8757.69922  0.965822458
  8758.5498  1.03108954
  8759.39941  1.06705844
  8760.25  1.05475187
  8761.09961  1.02926195
  8761.94922  1.03216672
  8762.7998  1.01726437
  8763.64941  0.977750361
  8764.5  0.976322174
  8765.34961  1.0150758
  8766.19922  1.00153935
  8767.0498  0.988509059
  8767.89941  1.02247691
  8768.75  1.04178381
  8769.59961  1.01892912
  8770.44922  0.990787268
  8771.2998  0.972779453
  8772.14941  0.945940435
  8773.  0.930727184
  8773.84961  0.93862623
  8774.69922  0.975498259
  8775.5498  1.02687252
  8776.39941  1.04499185
  8777.25  1.03793621
  8778.09961  1.02033508
  8778.94922  1.01924801
  8779.7998  1.0182178
  8780.64941  1.0028739
  8781.5  0.995213032
  8782.34961  1.0014137
  8783.19922  1.04292154
  8784.0498  1.02750385
  8784.89941  0.986401975
  8785.75  1.00483751
  8786.59961  1.03964841
  8787.44922  1.08056414
  8788.2998  1.09077537
  8789.14941  1.07357085
  8790.  1.0345875
  8790.84961  1.03231823
  8791.69922  1.03589201
  8792.5498  0.992145658
  8793.39941  0.97632134
  8794.25  1.001724
  8795.09961  1.01161695
  8795.94922  0.988830924
  8796.7998  0.997154951
  8797.64941  1.01647091
  8798.5  1.00401711
  8799.34961  1.01117229
  8800.19922  1.0057677
  8801.0498  1.01166654
  8801.89941  0.995526254
  8802.75  1.00834131
  8803.59961  1.02130175
  8804.44922  0.991039038
  8805.2998  0.938011229
  8806.14941  0.806366205
  8807.  0.770822287
  8807.84961  0.900215626
  8808.69922  1.00603783
  8809.5498  1.02837873
  8810.39941  1.04015195
  8811.25  1.02761924
  8812.09961  1.01587784
  8812.94922  1.02808905
  8813.7998  1.04020882
  8814.64941  1.02888834
  8815.5  0.981351674
  8816.34961  0.937699854
  8817.19922  0.958242297
  8818.0498  0.996053338
  8818.89941  0.985601544
  8819.75  0.977963746
  8820.59961  0.967260718
  8821.44922  0.971576691
  8822.2998  0.99310571
  8823.14941  0.966689944
  8824.  0.88452661
  8824.84961  0.911712825
  8825.69922  0.985115469
  8826.5498  1.0231576
  8827.39941  1.01591468
  8828.25  0.958407819
  8829.09961  0.951745033
  8829.94922  0.983667433
  8830.7998  0.982114494
  8831.64941  0.966098666
  8832.5  0.952106297
  8833.34961  0.960365772
  8834.19922  0.97946918
  8835.0498  0.977824211
  8835.89941  0.96898073
  8836.75  0.987273097
  8837.59961  0.96602428
  8838.44922  0.91251725
  8839.2998  0.932967663
  8840.14941  0.978048801
  8841.  1.00728691
  8841.84961  1.05722427
  8842.69922  1.07364428
  8843.5498  1.02185833
  8844.39941  1.03014636
  8845.25  1.05380213
  8846.09961  1.00920856
  8846.94922  0.979645193
  8847.7998  0.997187197
  8848.64941  1.0130167
  8849.5  1.02899671
  8850.34961  1.02543938
  8851.19922  1.01136792
  8852.0498  1.01674736
  8852.89941  1.02980936
  8853.75  1.03444791
  8854.59961  1.03362072
  8855.44922  1.04390466
  8856.2998  1.02834678
  8857.14941  0.993856311
  8858.  0.988289773
  8858.84961  0.983614683
  8859.69922  1.00583935
  8860.5498  1.06968045
  8861.39941  1.06188738
  8862.25  0.986489177
  8863.09961  0.955272257
  8863.94922  0.977220714
  8864.7998  1.01167345
  8865.64941  1.01778543
  8866.5  0.971858442
  8867.34961  0.937343359
  8868.19922  0.95598197
  8869.0498  0.994344532
  8869.89941  1.03194201
  8870.75  1.03064954
  8871.59961  0.997373641
  8872.44922  0.99157089
  8873.2998  1.01029956
  8874.14941  1.01373601
  8875.  1.00871909
  8875.84961  0.980122566
  8876.69922  0.99657023
  8877.5498  0.996338427
  8878.39941  0.968325496
  8879.25  0.981586099
  8880.09961  0.983411551
  8880.94922  0.975801885
  8881.7998  0.989969969
  8882.64941  1.02473164
  8883.5  1.05582488
  8884.34961  1.02629387
  8885.19922  1.00653279
  8886.0498  1.0027014
  8886.89941  1.02149928
  8887.75  1.00048459
  8888.59961  0.975271702
  8889.44922  0.986000776
  8890.2998  0.987902522
  8891.14941  0.954067171
  8892.  0.951941609
  8892.84961  0.95659405
  8893.69922  0.979693711
  8894.5498  0.997220814
  8895.39941  1.00820875
  8896.25  1.00005352
  8897.09961  1.01785088
  8897.94922  1.04503536
  8898.7998  1.02088165
  8899.64941  0.964595258
  8900.5  0.958063185
  8901.34961  0.981128454
  8902.19922  1.00423038
  8903.0498  1.02092731
  8903.89941  1.03583515
  8904.75  1.00494897
  8905.59961  0.980241418
  8906.44922  1.00370944
  8907.2998  1.02027965
  8908.14941  1.01913345
  8909.  0.993076503
  8909.84961  0.987077117
  8910.69922  0.997371078
  8911.5498  0.956250668
  8912.39941  0.935269952
  8913.25  0.968995929
  8914.09961  1.0205456
  8914.94922  1.03927517
  8915.7998  1.03509605
  8916.64941  1.02826178
  8917.5  1.00863755
  8918.34961  1.00716138
  8919.19922  0.990589917
  8920.0498  0.988901436
  8920.89941  1.06008124
  8921.75  1.03134704
  8922.59961  0.989804208
  8923.44922  0.995760739
  8924.2998  0.979560912
  8925.14941  0.949175179
  8926.  0.968539894
  8926.84961  1.00913715
  8927.69922  0.983777463
  8928.5498  0.929391921
  8929.39941  0.908532739
  8930.25  0.948142707
  8931.09961  0.985120714
  8931.94922  0.985982955
  8932.7998  0.983743727
  8933.64941  0.994035363
  8934.5  1.00282979
  8935.34961  1.0172385
  8936.19922  1.02837729
  8937.0498  1.00774419
  8937.89941  0.98406589
  8938.75  0.967738867
  8939.59961  0.962132096
  8940.44922  0.980005085
  8941.2998  0.969245195
  8942.14941  0.927829564
  8943.  0.937134385
  8943.84961  0.979695261
  8944.69922  0.975715935
  8945.5498  0.925239444
  8946.39941  0.905381083
  8947.25  0.910001099
  8948.09961  0.937477231
  8948.94922  0.978296638
  8949.7998  0.987300515
  8950.64941  0.963771224
  8951.5  0.980300844
  8952.34961  1.01053977
  8953.19922  0.982552648
  8954.0498  0.957872152
  8954.89941  0.940044522
  8955.75  0.93512696
  8956.59961  0.928275466
  8957.44922  0.946056247
  8958.2998  0.994555652
  8959.14941  1.00473905
  8960.  1.00426042
  8960.84961  0.984271646
  8961.69922  0.974037111
  8962.5498  0.941057444
  8963.39941  0.894858479
  8964.25  0.921551824
  8965.09961  0.969441891
  8965.94922  0.929398239
  8966.7998  0.903362572
  8967.64941  0.934909105
  8968.5  0.96221
  8969.34961  0.965269387
  8970.19922  0.989266813
  8971.0498  0.96378535
  8971.89941  0.873116016
  8972.75  0.874175608
  8973.59961  0.901049793
  8974.44922  0.89720273
  8975.2998  0.874545634
  8976.14941  0.917746842
  8977.  0.973706722
  8977.84961  0.977875948
  8978.69922  0.961541951
  8979.5498  0.956195474
  8980.39941  0.942551732
  8981.25  0.867936552
  8982.09961  0.894347727
  8982.94922  0.956309795
  8983.7998  1.0185492
  8984.64941  1.00904334
  8985.5  0.994012892
  8986.34961  0.975712955
  8987.19922  0.892565906
  8988.0498  0.809652507
  8988.89941  0.814327776
  8989.75  0.89203769
  8990.59961  0.927276313
  8991.44922  0.843661189
  8992.2998  0.766624331
  8993.14941  0.813512444
  8994.  0.9038831
  8994.84961  0.956400335
  8995.69922  0.958165467
  8996.5498  0.957790256
  8997.39941  0.976087153
  8998.25  0.961721957
  8999.09961  0.922219872
  8999.94922  0.894667029
  9000.7998  0.852098346
  9001.64941  0.857310593
  9002.5  0.94651258
  9003.34961  0.972392082
  9004.19922  0.930241287
  9005.0498  0.921863437
  9005.89941  0.951930165
  9006.75  0.947011173
  9007.59961  0.892243862
  9008.44922  0.852617264
  9009.2998  0.8863585
  9010.14941  0.91797626
  9011.  0.932730913
  9011.84961  0.925088763
  9012.69922  0.911731362
  9013.5498  0.920065165
  9014.39941  0.937166929
  9015.25  0.961986482
  9016.09961  0.928577363
  9016.94922  0.817153633
  9017.7998  0.798491836
  9018.64941  0.895789564
  9019.5  0.960523069
