  8348.84961  0.993898273
  8349.69922  1.03356898
  8350.5498  1.03484094
  8351.39941  1.04191267
  8352.25  1.05215681
  8353.09961  1.06254292
  8353.94922  1.04959583
  8354.7998  1.03905714
  8355.64941  1.0613178
  8356.5  1.08663487
  8357.34961  1.05631018
  8358.19922  1.00846219
  8359.0498  1.00940883
  8359.89941  1.03877366
  8360.75  1.05530441
  8361.59961  1.05594826
  8362.44922  1.02833951
  8363.2998  0.950180411
  8364.14941  0.916601896
  8365.  0.970578551
  8365.84961  1.02920175
  8366.69922  1.06131756
  8367.5498  1.0681566
  8368.39941  1.05378997
  8369.25  1.0246911
  8370.09961  1.03033924
  8370.94922  1.03635299
  8371.7998  1.03768337
  8372.64941  1.06615937
  8373.5  1.07303488
  8374.34961  1.06613076
  8375.19922  1.04180765
  8376.0498  0.998325884
  8376.89941  0.961558759
  8377.75  0.949998558
  8378.59961  1.00637293
  8379.44922  1.04727006
  8380.2998  1.05599105
  8381.14941  1.01802874
  8382.  0.910009027
  8382.84961  0.885756195
  8383.69922  0.982913971
  8384.5498  1.03159201
  8385.39941  1.02893555
  8386.25  0.975741029
  8387.09961  0.908813953
  8387.94922  0.909147143
  8388.7998  0.954127848
  8389.64941  0.983406305
  8390.5  1.01052177
  8391.34961  1.05345738
  8392.19922  1.06615531
  8393.0498  1.05737782
  8393.89941  1.04546678
  8394.75  1.04528868
  8395.59961  1.01919663
  8396.44922  0.986045301
  8397.2998  0.989565134
  8398.14941  1.00987792
  8399.  1.04552126
  8399.84961  1.06996286
  8400.69922  1.03617144
  8401.5498  1.00114095
  8402.39941  1.02486157
  8403.25  1.05793893
  8404.09961  1.04992139
  8404.94922  1.04622352
  8405.7998  1.04535306
  8406.64941  1.03801882
  8407.5  1.05929399
  8408.34961  1.08190417
  8409.19922  1.06000221
  8410.0498  1.03942811
  8410.89941  1.02071106
  8411.75  0.984012246
  8412.59961  0.962594092
  8413.44922  1.00682974
  8414.2998  1.0656122
  8415.14941  1.07355034
  8416.  1.04801702
  8416.84961  1.01276648
  8417.69922  1.02411509
  8418.5498  1.04255271
  8419.39941  1.03229773
  8420.25  1.02702749
  8421.09961  1.05429673
  8421.94922  1.05752242
  8422.7998  1.03691697
  8423.64941  1.04509902
  8424.5  1.03004742
  8425.34961  1.00312257
  8426.19922  0.953336418
  8427.0498  0.996393621
  8427.89941  1.06115806
  8428.75  1.06655371
  8429.59961  1.0514468
  8430.44922  1.08720148
  8431.2998  1.11446202
  8432.14941  1.09278405
  8433.  1.045596
  8433.84961  0.974410295
  8434.69922  0.881494522
  8435.5498  0.887350619
  8436.39941  0.98126477
  8437.25  1.03508091
  8438.09961  1.00756645
  8438.94922  0.977403224
  8439.7998  0.994543552
  8440.64941  1.02401853
  8441.5  1.03400826
  8442.34961  1.0356822
  8443.19922  1.04349947
  8444.0498  1.04251504
  8444.89941  1.02916908
  8445.75  1.01599145
  8446.59961  1.00996327
  8447.44922  1.01622033
  8448.2998  1.04421771
  8449.14941  1.04472077
  8450.  1.01403332
  8450.84961  1.01989281
  8451.69922  1.05418849
  8452.5498  1.07840562
  8453.39941  1.06169069
  8454.25  1.04420853
  8455.09961  1.04308605
  8455.94922  1.0465858
  8456.7998  1.0398531
  8457.64941  1.05454874
  8458.5  1.06362474
  8459.34961  1.06735814
  8460.19922  1.05887127
  8461.0498  1.048208
  8461.89941  1.04394901
  8462.75  1.04600215
  8463.59961  1.02850103
  8464.44922  1.03171289
  8465.2998  1.03671813
  8466.14941  1.05424607
  8467.  1.02070498
  8467.84961  0.934753299
  8468.69922  0.911526442
  8469.5498  0.988001406
  8470.39941  1.0308634
  8471.25  1.04390574
  8472.09961  1.07945406
  8472.94922  1.10116875
  8473.7998  1.09892344
  8474.64941  1.0955106
  8475.5  1.09718871
  8476.34961  1.0672307
  8477.19922  1.02207828
  8478.0498  1.02989984
  8478.89941  1.06654859
  8479.75  1.06903136
  8480.59961  1.03481519
  8481.44922  1.02872276
  8482.2998  1.03282642
  8483.14941  1.03659952
  8484.  1.06240332
  8484.84961  1.07079411
  8485.69922  1.04264832
  8486.5498  1.0214529
  8487.39941  1.02270389
  8488.25  1.02845621
  8489.09961  1.03651106
  8489.94922  1.05591416
  8490.7998  1.04018021
  8491.64941  1.0374043
  8492.5  1.03662252
  8493.34961  1.00871873
  8494.19922  1.01759195
  8495.0498  1.02125096
  8495.89941  0.943143189
  8496.75  0.777929306
  8497.59961  0.630798221
  8498.44922  0.658103108
  8499.2998  0.842156291
  8500.14941  0.974295378
  8501.  0.991018414
  8501.84961  0.984683216
  8502.69922  0.987360597
  8503.5498  0.995496392
  8504.39941  1.03175211
  8505.25  1.06799066
  8506.09961  1.06874561
  8506.94922  1.0639962
  8507.7998  1.08395433
  8508.64941  1.07780361
  8509.5  1.05688977
  8510.34961  1.07667744
  8511.19922  1.07112849
  8512.0498  1.02576542
  8512.89941  0.993701458
  8513.75  0.912449062
  8514.59961  0.887930751
  8515.44922  0.937022507
  8516.2998  1.00009727
  8517.14941  1.01670384
  8518.  1.00412667
  8518.84961  1.02195978
  8519.69922  1.03972328
  8520.5498  1.03394437
  8521.39941  1.0215708
  8522.25  1.01131403
  8523.09961  1.01385796
  8523.94922  1.01636934
  8524.7998  1.00761962
  8525.64941  1.01006353
  8526.5  1.01574409
  8527.34961  0.996988297
  8528.19922  1.03135121
  8529.0498  1.0179441
  8529.89941  1.0082618
  8530.75  1.01314163
  8531.59961  1.04955661
  8532.44922  1.06885576
  8533.2998  1.01702929
  8534.14941  0.991862535
  8535.  0.990531266
  8535.84961  0.981448293
  8536.69922  0.956724405
  8537.5498  0.914666057
  8538.39941  0.874995232
  8539.25  0.80601126
  8540.09961  0.713162422
  8540.94922  0.562110722
  8541.7998  0.436302423
  8542.64941  0.477245569
  8543.5  0.647454143
  8544.34961  0.794128597
  8545.19922  0.896339238
  8546.0498  0.943953931
  8546.89941  0.957875192
  8547.75  0.948737383
  8548.59961  0.934046447
  8549.44922  0.976635337
  8550.2998  1.021173
  8551.14941  1.03888381
  8552.  1.06119728
  8552.84961  1.0617981
  8553.69922  1.03237259
  8554.5498  1.02673018
  8555.39941  1.03279448
  8556.25  1.01992667
  8557.09961  1.0069524
  8557.94922  1.05548584
  8558.7998  1.0938983
  8559.64941  1.04926419
  8560.5  1.0244776
  8561.34961  1.03321898
  8562.19922  1.01708567
  8563.0498  0.991716385
  8563.89941  1.00136805
  8564.75  0.997511864
  8565.59961  0.984052658
  8566.44922  1.00956821
  8567.2998  1.02593637
  8568.14941  1.03362668
  8569.  1.06476843
  8569.84961  1.05313206
  8570.69922  1.04564464
  8571.5498  1.04262173
  8572.39941  1.05675459
  8573.25  1.04025674
  8574.09961  1.02633333
  8574.94922  1.0361793
  8575.7998  1.0241096
  8576.64941  1.0236491
  8577.5  1.03989506
  8578.34961  1.03604579
  8579.19922  1.04437578
  8580.0498  1.04214704
  8580.89941  1.01634407
  8581.75  0.977614343
  8582.59961  0.998446584
  8583.44922  0.994639397
  8584.2998  1.03053367
  8585.14941  1.06609046
  8586.  1.03767788
  8586.84961  1.03064001
  8587.69922  1.06018662
  8588.5498  1.05857503
  8589.39941  1.06281066
  8590.25  1.0380733
  8591.09961  1.00069857
  8591.94922  1.01987851
  8592.7998  0.999318123
  8593.64941  1.03647661
  8594.5  1.09485948
  8595.34961  1.0680933
  8596.19922  1.04935753
  8597.0498  0.991807461
  8597.89941  0.991565645
  8598.75  1.00161445
  8599.59961  1.00822818
  8600.44922  0.988567472
  8601.2998  1.0127573
  8602.14941  1.05287337
  8603.  1.04689133
  8603.84961  1.02807939
  8604.69922  1.04750764
  8605.5498  1.0614233
  8606.39941  1.05860746
  8607.25  1.06707609
  8608.09961  1.06247175
  8608.94922  1.04251003
  8609.7998  1.00651014
  8610.64941  0.945190549
  8611.5  0.964746058
  8612.34961  0.997983336
  8613.19922  1.00920546
  8614.0498  0.993768752
  8614.89941  1.00561309
  8615.75  1.01809573
  8616.59961  1.03552425
  8617.44922  1.04674661
  8618.2998  1.05036223
  8619.14941  1.04629385
  8620.  1.03132296
  8620.84961  0.983988404
  8621.69922  0.981199503
  8622.5498  1.03317475
  8623.39941  1.04649711
  8624.25  1.05793202
  8625.09961  1.05889499
  8625.94922  1.07630682
  8626.7998  1.0675503
  8627.64941  1.06425619
  8628.5  1.08885682
  8629.34961  1.07879424
  8630.19922  1.07013845
  8631.0498  1.05933654
  8631.89941  1.05528474
  8632.75  1.05687428
  8633.59961  1.04163003
  8634.44922  1.04148078
  8635.2998  1.05037284
  8636.14941  1.08374989
  8637.  1.06986582
  8637.84961  1.04424775
  8638.69922  1.06925046
  8639.5498  1.05165887
  8640.39941  1.03073633
  8641.25  1.06077766
  8642.09961  1.0794183
  8642.94922  1.0742836
  8643.7998  1.04757595
  8644.64941  1.03383088
  8645.5  1.03727496
  8646.34961  1.01686144
  8647.19922  1.02408206
  8648.0498  1.03152108
  8648.89941  1.00830925
  8649.75  1.02541125
  8650.59961  1.0438422
  8651.44922  1.01551855
  8652.2998  1.01979887
  8653.14941  1.0483402
  8654.  1.02783525
  8654.84961  1.00865471
  8655.69922  1.04350865
  8656.5498  1.00691855
  8657.39941  0.982091546
  8658.25  0.970935047
  8659.09961  0.915022075
  8659.94922  0.844036698
  8660.7998  0.706656814
  8661.64941  0.516726971
  8662.5  0.484914243
  8663.34961  0.613228679
  8664.19922  0.769237816
  8665.0498  0.896281838
  8665.89941  0.917072535
  8666.75  0.929835677
  8667.59961  0.929558992
  8668.44922  0.976259649
  8669.2998  1.00832689
  8670.14941  1.03575206
  8671.  1.02289844
  8671.84961  1.0226444
  8672.69922  0.988058209
  8673.5498  0.95647049
  8674.39941  0.869306326
  8675.25  0.878638268
  8676.09961  0.958707988
  8676.94922  1.00856543
  8677.7998  1.02551091
  8678.64941  0.9993999
  8679.5  0.960258067
  8680.34961  1.01299918
  8681.19922  1.05702233
  8682.0498  1.03950071
  8682.89941  0.995725572
  8683.75  0.993957102
  8684.59961  1.02294695
  8685.44922  1.04251277
  8686.2998  1.01975381
  8687.14941  0.967794776
  8688.  0.922257125
  8688.84961  0.865796566
  8689.69922  0.961402118
  8690.5498  1.03199983
  8691.39941  1.02439761
  8692.25  0.969698966
  8693.09961  1.03464901
  8693.94922  1.0380075
  8694.7998  1.03808737
  8695.64941  1.01199448
  8696.5  1.03976655
  8697.34961  1.00563657
  8698.19922  0.999898791
  8699.0498  0.953230977
  8699.89941  1.00434828
  8700.75  1.01232696
  8701.59961  0.980818868
  8702.44922  1.002267
  8703.2998  1.02062702
  8704.14941  1.02070594
  8705.  1.04718816
  8705.84961  1.04811871
  8706.69922  1.04725516
  8707.5498  1.0469147
  8708.39941  1.02829361
  8709.25  0.986092806
  8710.09961  0.966832697
  8710.94922  0.985153258
  8711.7998  0.994387567
  8712.64941  0.958644927
  8713.5  0.947310746
  8714.34961  0.984581769
  8715.19922  1.02503312
  8716.0498  1.02035379
  8716.89941  0.985435724
  8717.75  0.972832561
  8718.59961  1.00264573
  8719.44922  1.05863822
  8720.2998  1.06611979
  8721.14941  1.05299044
  8722.  1.05582571
  8722.84961  1.03931379
  8723.69922  0.988501608
  8724.5498  0.979956329
  8725.39941  0.96783793
  8726.25  0.971314907
  8727.09961  0.996679127
  8727.94922  1.00916159
  8728.7998  1.01570141
  8729.64941  0.987594843
  8730.5  0.990864992
  8731.34961  1.02659869
  8732.19922  1.01615286
  8733.0498  0.997334599
  8733.89941  0.99739182
  8734.75  0.994143665
  8735.59961  1.00189483
  8736.44922  1.03008616
  8737.2998  1.04611301
  8738.14941  1.01291692
  8739.  1.03847897
  8739.84961  1.02277362
  8740.69922  0.986588538
  8741.5498  0.983511806
  8742.39941  1.00483203
  8743.25  1.01150084
  8744.09961  1.00596273
  8744.94922  1.0173794
  8745.7998  1.02490187
  8746.64941  0.997125626
  8747.5  0.991462648
  8748.34961  0.986305237
  8749.19922  1.02805567
  8750.0498  1.0346849
  8750.89941  1.01579833
  8751.75  0.995139599
  8752.59961  1.00337291
  8753.44922  1.02786183
  8754.2998  1.05802464
  8755.14941  1.0673455
  8756.  1.01216137
  8756.84961  0.958425403
  8757.69922  0.931011617
  8758.5498  0.964838803
  8759.39941  1.02936351
  8760.25  1.06119931
  8761.09961  1.0587374
  8761.94922  1.05889094
  8762.7998  1.04361677
  8763.64941  1.00500286
  8764.5  0.973961413
  8765.34961  0.95350492
  8766.19922  0.954645336
  8767.0498  0.974603295
  8767.89941  1.01052189
  8768.75  1.05799794
  8769.59961  1.04556704
  8770.44922  1.01034629
  8771.2998  1.00960362
  8772.14941  0.990244091
  8773.  0.986160934
  8773.84961  0.990368485
  8774.69922  1.01075876
  8775.5498  1.01679158
  8776.39941  1.02500415
  8777.25  1.0370928
  8778.09961  1.04967785
  8778.94922  1.0533675
  8779.7998  1.04518163
  8780.64941  1.05971646
  8781.5  0.98544538
  8782.34961  0.957509995
  8783.19922  1.01533329
  8784.0498  1.03199995
  8784.89941  1.02668166
  8785.75  0.997556865
  8786.59961  0.983555377
  8787.44922  0.985320985
  8788.2998  0.99549365
  8789.14941  1.01954567
  8790.  0.999884129
  8790.84961  0.981589913
  8791.69922  1.01498365
  8792.5498  1.00293505
  8793.39941  0.967664659
  8794.25  0.947598636
  8795.09961  0.945462167
  8795.94922  0.997416139
  8796.7998  1.04381812
  8797.64941  1.06086051
  8798.5  1.02452826
  8799.34961  1.00947475
  8800.19922  1.04059672
  8801.0498  1.04864645
  8801.89941  1.03581691
  8802.75  1.01805234
  8803.59961  0.986994147
  8804.44922  0.961308241
  8805.2998  0.931961536
  8806.14941  0.866994739
  8807.  0.831613839
  8807.84961  0.86403966
  8808.69922  0.920195103
  8809.5498  0.966145754
  8810.39941  1.00345588
  8811.25  0.998617291
  8812.09961  1.01325393
  8812.94922  1.03855526
  8813.7998  1.0377692
  8814.64941  1.02099943
  8815.5  1.03523123
  8816.34961  1.02682984
  8817.19922  1.00726676
  8818.0498  0.995812714
  8818.89941  0.994813919
  8819.75  1.00899446
  8820.59961  0.997471213
  8821.44922  0.974312723
  8822.2998  0.958595812
  8823.14941  0.954421818
  8824.  0.937108517
  8824.84961  0.928565145
  8825.69922  0.9624663
  8826.5498  0.982365847
  8827.39941  1.0176357
  8828.25  1.07370901
  8829.09961  1.06786788
  8829.94922  1.05547929
  8830.7998  1.045223
  8831.64941  0.99975276
  8832.5  0.990661383
  8833.34961  1.01724648
  8834.19922  1.01583803
  8835.0498  1.0221709
  8835.89941  0.998286664
  8836.75  1.00326014
  8837.59961  0.996643484
  8838.44922  0.964978158
  8839.2998  0.980588913
  8840.14941  0.989176512
  8841.  0.97873944
  8841.84961  0.983866751
  8842.69922  1.02261484
  8843.5498  1.03564501
  8844.39941  1.00584805
  8845.25  1.01117051
  8846.09961  1.00491989
  8846.94922  0.983759999
  8847.7998  1.00159848
  8848.64941  1.0060519
  8849.5  1.01487732
  8850.34961  1.03361738
  8851.19922  1.02291274
  8852.0498  1.00473595
  8852.89941  1.01963925
  8853.75  1.02978086
  8854.59961  1.03122354
  8855.44922  1.04543018
  8856.2998  1.05622184
  8857.14941  1.03724802
  8858.  1.01541626
  8858.84961  0.990541637
  8859.69922  0.999526739
  8860.5498  1.03031075
  8861.39941  1.03174937
  8862.25  0.997181118
  8863.09961  0.991710424
  8863.94922  1.01278162
  8864.7998  1.00872838
  8865.64941  0.990855873
  8866.5  0.957349479
  8867.34961  0.964745522
  8868.19922  0.967306256
  8869.0498  0.97952503
  8869.89941  1.00913942
  8870.75  1.01834536
  8871.59961  1.02709663
  8872.44922  1.05263436
  8873.2998  1.03810489
  8874.14941  1.02938306
  8875.  1.00941813
  8875.84961  1.00297499
  8876.69922  1.02325165
  8877.5498  1.02942669
  8878.39941  0.98968637
  8879.25  0.974408329
  8880.09961  0.979587913
  8880.94922  0.97591579
  8881.7998  0.987115145
  8882.64941  0.984753013
  8883.5  0.966971159
  8884.34961  0.992070556
  8885.19922  0.996289313
  8886.0498  1.03176892
  8886.89941  1.05306578
  8887.75  1.06313491
  8888.59961  1.07164657
  8889.44922  1.04061651
  8890.2998  1.03579211
  8891.14941  1.04425752
  8892.  1.03412282
  8892.84961  1.00397336
  8893.69922  1.00367856
  8894.5498  1.00989687
  8895.39941  1.03180408
  8896.25  1.01153553
  8897.09961  0.978796721
  8897.94922  0.976003826
  8898.7998  1.03443825
  8899.64941  1.03531599
  8900.5  1.00327599
  8901.34961  0.987132549
  8902.19922  0.987912297
  8903.0498  1.03079462
  8903.89941  1.06960547
  8904.75  1.1187712
  8905.59961  1.09100461
  8906.44922  1.01398253
  8907.2998  1.02207446
  8908.14941  1.02490509
  8909.  0.999432683
  8909.84961  1.0097245
  8910.69922  1.02868974
  8911.5498  1.02086937
  8912.39941  1.02276826
  8913.25  1.02280998
  8914.09961  1.01651537
  8914.94922  1.01144493
  8915.7998  1.01069295
  8916.64941  0.991184652
  8917.5  1.00600684
  8918.34961  1.00515079
  8919.19922  0.994754791
  8920.0498  0.981895387
  8920.89941  1.00504351
  8921.75  1.01318586
  8922.59961  1.03319371
  8923.44922  1.00614083
  8924.2998  0.969646096
  8925.14941  0.956312418
  8926.  0.988057673
  8926.84961  1.00384748
  8927.69922  1.00432849
  8928.5498  0.997270823
  8929.39941  0.959588408
  8930.25  0.92913121
  8931.09961  0.92206192
  8931.94922  0.91349864
  8932.7998  0.914020538
  8933.64941  0.943133831
  8934.5  0.99181217
  8935.34961  0.990327001
  8936.19922  0.95483619
  8937.0498  0.949696302
  8937.89941  0.994211376
  8938.75  1.02135181
  8939.59961  1.00860918
  8940.44922  0.992798984
  8941.2998  0.976657391
  8942.14941  0.976115823
  8943.  0.951547325
  8943.84961  0.916853189
  8944.69922  0.909063935
  8945.5498  0.925749898
  8946.39941  0.942759037
  8947.25  0.925786614
  8948.09961  0.895193219
  8948.94922  0.863292038
  8949.7998  0.877020538
  8950.64941  0.924143732
  8951.5  0.969620049
  8952.34961  0.971031785
  8953.19922  0.934119463
  8954.0498  0.90747273
  8954.89941  0.883963048
  8955.75  0.832912683
  8956.59961  0.831812501
  8957.44922  0.887118995
  8958.2998  0.958913743
  8959.14941  0.995727897
  8960.  0.975259066
  8960.84961  0.951902568
  8961.69922  0.959386349
  8962.5498  0.931583285
  8963.39941  0.831953585
  8964.25  0.730602026
  8965.09961  0.722849071
  8965.94922  0.761969149
  8966.7998  0.790411949
  8967.64941  0.782117605
  8968.5  0.768120825
  8969.34961  0.823842645
  8970.19922  0.914878607
  8971.0498  0.941151738
  8971.89941  0.877664447
  8972.75  0.784547091
  8973.59961  0.734250903
  8974.44922  0.728806913
  8975.2998  0.734238207
  8976.14941  0.759282053
  8977.  0.80195123
  8977.84961  0.861432195
  8978.69922  0.928305268
  8979.5498  0.96521616
  8980.39941  0.944320917
  8981.25  0.873767078
  8982.09961  0.786913574
  8982.94922  0.787943602
  8983.7998  0.863728583
  8984.64941  0.94852674
  8985.5  0.993704915
  8986.34961  1.00217462
  8987.19922  0.944401741
  8988.0498  0.787022531
  8988.89941  0.630709946
  8989.75  0.588726461
  8990.59961  0.610414565
  8991.44922  0.658910155
  8992.2998  0.647221625
  8993.14941  0.596096575
  8994.  0.616784573
  8994.84961  0.730358601
  8995.69922  0.877679527
  8996.5498  0.953509092
  8997.39941  0.968580008
  8998.25  0.961185992
  8999.09961  0.947540522
  8999.94922  0.937105596
  9000.7998  0.898114443
  9001.64941  0.766507804
  9002.5  0.738563657
  9003.34961  0.8019135
  9004.19922  0.840446115
  9005.0498  0.779856384
  9005.89941  0.772149026
  9006.75  0.798926234
  9007.59961  0.840562761
  9008.44922  0.802206874
  9009.2998  0.7281425
  9010.14941  0.744546533
  9011.  0.829704821
  9011.84961  0.862706304
  9012.69922  0.848035932
  9013.5498  0.808943212
  9014.39941  0.814357936
  9015.25  0.859487772
  9016.09961  0.926294923
  9016.94922  0.926869631
  9017.7998  0.817581058
  9018.64941  0.704041958
  9019.5  0.719070435
