  8348.84961  1.08070791
  8349.69922  1.06482852
  8350.5498  1.07520115
  8351.39941  1.1043421
  8352.25  1.10857451
  8353.09961  1.09695935
  8353.94922  1.08442879
  8354.7998  1.08227825
  8355.64941  1.09331357
  8356.5  1.08896911
  8357.34961  1.06120706
  8358.19922  1.06385875
  8359.0498  1.09188056
  8359.89941  1.08836055
  8360.75  1.07416904
  8361.59961  1.07704055
  8362.44922  1.07110143
  8363.2998  1.07410216
  8364.14941  1.08334768
  8365.  1.08112001
  8365.84961  1.07620585
  8366.69922  1.08382106
  8367.5498  1.08429241
  8368.39941  1.08676505
  8369.25  1.0963465
  8370.09961  1.09985387
  8370.94922  1.09917521
  8371.7998  1.09329093
  8372.64941  1.0913465
  8373.5  1.07925534
  8374.34961  1.07002378
  8375.19922  1.08152938
  8376.0498  1.07709706
  8376.89941  1.05079722
  8377.75  1.0433979
  8378.59961  1.0625602
  8379.44922  1.0799191
  8380.2998  1.08874023
  8381.14941  1.08642006
  8382.  1.05856311
  8382.84961  1.04914796
  8383.69922  1.07933331
  8384.5498  1.09524453
  8385.39941  1.07762682
  8386.25  1.04503942
  8387.09961  0.992045224
  8387.94922  0.97553587
  8388.7998  1.03686845
  8389.64941  1.07387805
  8390.5  1.07069135
  8391.34961  1.07277715
  8392.19922  1.08743119
  8393.0498  1.0951364
  8393.89941  1.08654952
  8394.75  1.07863164
  8395.59961  1.07734418
  8396.44922  1.06653595
  8397.2998  1.06817234
  8398.14941  1.08348143
  8399.  1.07773626
  8399.84961  1.07403326
  8400.69922  1.07572782
  8401.5498  1.07323539
  8402.39941  1.08235109
  8403.25  1.08249676
  8404.09961  1.08938348
  8404.94922  1.08110082
  8405.7998  1.0779475
  8406.64941  1.09009159
  8407.5  1.10069942
  8408.34961  1.09368277
  8409.19922  1.0805012
  8410.0498  1.06598091
  8410.89941  1.06348336
  8411.75  1.06819248
  8412.59961  1.06376803
  8413.44922  1.07486796
  8414.2998  1.08369887
  8415.14941  1.08331156
  8416.  1.07941413
  8416.84961  1.06938338
  8417.69922  1.06637084
  8418.5498  1.0636816
  8419.39941  1.05754876
  8420.25  1.05131185
  8421.09961  1.05196846
  8421.94922  1.05908966
  8422.7998  1.05787337
  8423.64941  1.05741143
  8424.5  1.05712521
  8425.34961  1.05183375
  8426.19922  1.04862535
  8427.0498  1.05403924
  8427.89941  1.07216525
  8428.75  1.08541143
  8429.59961  1.07947862
  8430.44922  1.0756048
  8431.2998  1.07184327
  8432.14941  1.05900955
  8433.  1.04968381
  8433.84961  1.03272331
  8434.69922  1.00540531
  8435.5498  1.01226342
  8436.39941  1.04642808
  8437.25  1.06550169
  8438.09961  1.05286753
  8438.94922  1.04068089
  8439.7998  1.03806603
  8440.64941  1.06378305
  8441.5  1.07270217
  8442.34961  1.07888794
  8443.19922  1.06891489
  8444.0498  1.06950629
  8444.89941  1.05697536
  8445.75  1.03908813
  8446.59961  1.02774584
  8447.44922  1.04286468
  8448.2998  1.05296004
  8449.14941  1.06823719
  8450.  1.07639062
  8450.84961  1.076756
  8451.69922  1.08373249
  8452.5498  1.08310843
  8453.39941  1.07515335
  8454.25  1.07000184
  8455.09961  1.07242656
  8455.94922  1.07729781
  8456.7998  1.08176577
  8457.64941  1.07948196
  8458.5  1.07699955
  8459.34961  1.07963157
  8460.19922  1.06601071
  8461.0498  1.05950749
  8461.89941  1.06502688
  8462.75  1.05698431
  8463.59961  1.048298
  8464.44922  1.05238044
  8465.2998  1.0513761
  8466.14941  1.05147886
  8467.  1.04706562
  8467.84961  1.01787329
  8468.69922  1.0062927
  8469.5498  1.03945434
  8470.39941  1.06645525
  8471.25  1.0647186
  8472.09961  1.05837357
  8472.94922  1.05799389
  8473.7998  1.06229627
  8474.64941  1.07269442
  8475.5  1.07634866
  8476.34961  1.07814789
  8477.19922  1.07760358
  8478.0498  1.06651008
  8478.89941  1.0605818
  8479.75  1.06331921
  8480.59961  1.06113911
  8481.44922  1.05327964
  8482.2998  1.05186892
  8483.14941  1.0646683
  8484.  1.05845487
  8484.84961  1.05647302
  8485.69922  1.04937255
  8486.5498  1.03444421
  8487.39941  1.04404831
  8488.25  1.05505168
  8489.09961  1.06778514
  8489.94922  1.06898701
  8490.7998  1.05629194
  8491.64941  1.05542946
  8492.5  1.04701674
  8493.34961  1.02998221
  8494.19922  1.02841055
  8495.0498  1.01684308
  8495.89941  0.967085719
  8496.75  0.868292272
  8497.59961  0.76413554
  8498.44922  0.774999678
  8499.2998  0.898494124
  8500.14941  0.990096748
  8501.  1.01260018
  8501.84961  1.01412475
  8502.69922  1.03346622
  8503.5498  1.05513847
  8504.39941  1.05933249
  8505.25  1.06894362
  8506.09961  1.06110466
  8506.94922  1.05256939
  8507.7998  1.0630821
  8508.64941  1.06708884
  8509.5  1.05907559
  8510.34961  1.05597377
  8511.19922  1.05307257
  8512.0498  1.04846108
  8512.89941  1.03175044
  8513.75  0.997720778
  8514.59961  0.993428946
  8515.44922  1.01737165
  8516.2998  1.03836799
  8517.14941  1.04750586
  8518.  1.04476535
  8518.84961  1.04906785
  8519.69922  1.0586735
  8520.5498  1.0507766
  8521.39941  1.04088187
  8522.25  1.03577805
  8523.09961  1.03728759
  8523.94922  1.04575253
  8524.7998  1.04335928
  8525.64941  1.03418469
  8526.5  1.02134216
  8527.34961  1.02970529
  8528.19922  1.04929376
  8529.0498  1.04450715
  8529.89941  1.03913486
  8530.75  1.05151391
  8531.59961  1.05395293
  8532.44922  1.03598738
  8533.2998  1.01576102
  8534.14941  1.00674438
  8535.  0.996119261
  8535.84961  0.976399839
  8536.69922  0.95339644
  8537.5498  0.938437819
  8538.39941  0.916363895
  8539.25  0.866063178
  8540.09961  0.784448802
  8540.94922  0.672056258
  8541.7998  0.572303593
  8542.64941  0.59363848
  8543.5  0.715239882
  8544.34961  0.826856494
  8545.19922  0.912104309
  8546.0498  0.956557512
  8546.89941  0.978830755
  8547.75  0.989750624
  8548.59961  1.00332892
  8549.44922  1.01952803
  8550.2998  1.02185619
  8551.14941  1.03147423
  8552.  1.03614616
  8552.84961  1.02392375
  8553.69922  1.0279665
  8554.5498  1.02943039
  8555.39941  1.02938867
  8556.25  1.01025844
  8557.09961  1.00868297
  8557.94922  1.02501607
  8558.7998  1.02531397
  8559.64941  1.03658128
  8560.5  1.04805243
  8561.34961  1.05099833
  8562.19922  1.06005454
  8563.0498  1.06397426
  8563.89941  1.06270087
  8564.75  1.06064463
  8565.59961  1.0440532
  8566.44922  1.04345632
  8567.2998  1.05767322
  8568.14941  1.06110048
  8569.  1.05222309
  8569.84961  1.04429829
  8570.69922  1.0499773
  8571.5498  1.0435015
  8572.39941  1.02802813
  8573.25  1.03279591
  8574.09961  1.04164946
  8574.94922  1.03159416
  8575.7998  1.0273875
  8576.64941  1.03119242
  8577.5  1.03481925
  8578.34961  1.03801262
  8579.19922  1.04739177
  8580.0498  1.05352926
  8580.89941  1.04232907
  8581.75  1.01753271
  8582.59961  1.00847709
  8583.44922  1.02222836
  8584.2998  1.03185201
  8585.14941  1.04039526
  8586.  1.04619074
  8586.84961  1.04345143
  8587.69922  1.04263818
  8588.5498  1.0381856
  8589.39941  1.04040217
  8590.25  1.05454826
  8591.09961  1.04963791
  8591.94922  1.02845311
  8592.7998  1.01708841
  8593.64941  1.02596283
  8594.5  1.04820848
  8595.34961  1.04984784
  8596.19922  1.03709805
  8597.0498  1.03349018
  8597.89941  1.02586567
  8598.75  1.02245522
  8599.59961  1.04049385
  8600.44922  1.06124139
  8601.2998  1.05470371
  8602.14941  1.04017293
  8603.  1.03372276
  8603.84961  1.0310992
  8604.69922  1.03789115
  8605.5498  1.0334655
  8606.39941  1.02395463
  8607.25  1.02890742
  8608.09961  1.04216719
  8608.94922  1.045573
  8609.7998  1.04140544
  8610.64941  1.02639937
  8611.5  1.00215232
  8612.34961  0.998046339
  8613.19922  1.02867794
  8614.0498  1.04050899
  8614.89941  1.04066813
  8615.75  1.03129697
  8616.59961  1.03169584
  8617.44922  1.04637194
  8618.2998  1.05108511
  8619.14941  1.03038538
  8620.  1.01556671
  8620.84961  1.01534474
  8621.69922  1.03211045
  8622.5498  1.03076053
  8623.39941  1.03916204
  8624.25  1.03991079
  8625.09961  1.04797947
  8625.94922  1.04664063
  8626.7998  1.0500114
  8627.64941  1.05075073
  8628.5  1.04664576
  8629.34961  1.03770649
  8630.19922  1.0389061
  8631.0498  1.04360914
  8631.89941  1.04061949
  8632.75  1.0326426
  8633.59961  1.03121769
  8634.44922  1.02442133
  8635.2998  1.02712679
  8636.14941  1.02305806
  8637.  1.02263522
  8637.84961  1.03730536
  8638.69922  1.02868056
  8639.5498  1.02229583
  8640.39941  1.03217375
  8641.25  1.02498627
  8642.09961  1.01881623
  8642.94922  1.02976823
  8643.7998  1.03540587
  8644.64941  1.04491866
  8645.5  1.03394341
  8646.34961  1.02471697
  8647.19922  1.00251496
  8648.0498  0.981678605
  8648.89941  0.99105227
  8649.75  1.01180863
  8650.59961  1.00412619
  8651.44922  1.00418973
  8652.2998  1.00788367
  8653.14941  1.01299489
  8654.  1.00823224
  8654.84961  1.01351988
  8655.69922  0.997537673
  8656.5498  0.973247886
  8657.39941  0.958843946
  8658.25  0.941451669
  8659.09961  0.911184728
  8659.94922  0.852908731
  8660.7998  0.73845464
  8661.64941  0.623019397
  8662.5  0.612014115
  8663.34961  0.703934133
  8664.19922  0.81512332
  8665.0498  0.896799624
  8665.89941  0.944366992
  8666.75  0.962492287
  8667.59961  0.973742008
  8668.44922  0.992656052
  8669.2998  0.996253133
  8670.14941  0.991083622
  8671.  0.991615713
  8671.84961  0.990729392
  8672.69922  0.989063144
  8673.5498  0.975637555
  8674.39941  0.949583054
  8675.25  0.951434791
  8676.09961  0.990246415
  8676.94922  1.01815975
  8677.7998  1.00087142
  8678.64941  0.992096901
  8679.5  0.999665976
  8680.34961  1.00689697
  8681.19922  1.01589406
  8682.0498  1.01506591
  8682.89941  1.00498021
  8683.75  0.999696016
  8684.59961  1.00646877
  8685.44922  1.0081197
  8686.2998  1.0005846
  8687.14941  0.971897423
  8688.  0.921552718
  8688.84961  0.904020607
  8689.69922  0.93586129
  8690.5498  0.974453509
  8691.39941  0.995333135
  8692.25  1.00259399
  8693.09961  1.01029694
  8693.94922  1.02098238
  8694.7998  1.02754664
  8695.64941  1.02528167
  8696.5  1.01642585
  8697.34961  1.01068091
  8698.19922  1.0006206
  8699.0498  0.982586086
  8699.89941  0.980952263
  8700.75  0.999840677
  8701.59961  1.01205647
  8702.44922  1.01071239
  8703.2998  1.00177467
  8704.14941  1.00324428
  8705.  1.01001418
  8705.84961  1.00717521
  8706.69922  1.00092053
  8707.5498  1.00029612
  8708.39941  1.0111506
  8709.25  1.00296378
  8710.09961  0.974918962
  8710.94922  0.973436356
  8711.7998  0.983231366
  8712.64941  0.973815978
  8713.5  0.970409989
  8714.34961  0.982001126
  8715.19922  0.989517033
  8716.0498  0.991024852
  8716.89941  0.98669076
  8717.75  0.978380442
  8718.59961  0.98088485
  8719.44922  1.00059187
  8720.2998  1.00664163
  8721.14941  0.999798357
  8722.  1.00207722
  8722.84961  1.00553644
  8723.69922  1.00483251
  8724.5498  0.987520337
  8725.39941  0.983420908
  8726.25  0.995770931
  8727.09961  0.99278307
  8727.94922  0.973638117
  8728.7998  0.968052089
  8729.64941  0.975738585
  8730.5  0.980625749
  8731.34961  0.988464117
  8732.19922  1.00501776
  8733.0498  1.01377547
  8733.89941  0.988855183
  8734.75  0.956374764
  8735.59961  0.941172481
  8736.44922  0.940010607
  8737.2998  0.976016641
  8738.14941  1.00274539
  8739.  1.01217782
  8739.84961  1.01282644
  8740.69922  0.996115148
  8741.5498  0.971149981
  8742.39941  0.966804743
  8743.25  0.980783582
  8744.09961  0.984064937
  8744.94922  0.995085597
  8745.7998  1.00505185
  8746.64941  1.00722492
  8747.5  1.00320518
  8748.34961  0.999020815
  8749.19922  0.990784824
  8750.0498  0.991725862
  8750.89941  0.987875938
  8751.75  0.970469773
  8752.59961  0.976111174
  8753.44922  0.991001189
  8754.2998  0.993733466
  8755.14941  0.999009311
  8756.  0.987511635
  8756.84961  0.973868489
  8757.69922  0.980266094
  8758.5498  0.987307906
  8759.39941  1.00032556
  8760.25  1.00400674
  8761.09961  1.00873911
  8761.94922  1.01653123
  8762.7998  1.00129533
  8763.64941  0.970003605
  8764.5  0.966050625
  8765.34961  0.971397758
  8766.19922  0.988878071
  8767.0498  1.00739419
  8767.89941  1.00276041
  8768.75  1.00370586
  8769.59961  1.00120795
  8770.44922  0.997404456
  8771.2998  0.99357897
  8772.14941  0.96339035
  8773.  0.93869853
  8773.84961  0.936203599
  8774.69922  0.96912241
  8775.5498  0.992468774
  8776.39941  1.00137675
  8777.25  0.988918006
  8778.09961  0.977896154
  8778.94922  0.98207581
  8779.7998  0.988309562
  8780.64941  0.993240356
  8781.5  0.998485088
  8782.34961  1.002262
  8783.19922  1.01385641
  8784.0498  1.01371765
  8784.89941  1.00882161
  8785.75  1.01160014
  8786.59961  1.00147259
  8787.44922  0.997486472
  8788.2998  0.984307587
  8789.14941  0.972639859
  8790.  0.965650201
  8790.84961  0.967237353
  8791.69922  0.966341615
  8792.5498  0.960020542
  8793.39941  0.949727237
  8794.25  0.965601087
  8795.09961  0.98641789
  8795.94922  0.988370061
  8796.7998  0.983628809
  8797.64941  0.985235453
  8798.5  0.989119887
  8799.34961  0.993786752
  8800.19922  1.00774848
  8801.0498  1.0049206
  8801.89941  1.00690746
  8802.75  0.999775052
  8803.59961  0.97771287
  8804.44922  0.947438836
  8805.2998  0.899208963
  8806.14941  0.835993528
  8807.  0.820822001
  8807.84961  0.87374109
  8808.69922  0.927683949
  8809.5498  0.963017106
  8810.39941  0.978639543
  8811.25  0.985459208
  8812.09961  0.986398995
  8812.94922  0.997851729
  8813.7998  0.995553136
  8814.64941  0.982033849
  8815.5  0.984111786
  8816.34961  0.980700076
  8817.19922  0.981545329
  8818.0498  0.980862737
  8818.89941  0.97682178
  8819.75  0.968898535
  8820.59961  0.96753937
  8821.44922  0.972478032
  8822.2998  0.960788667
  8823.14941  0.930957258
  8824.  0.902755976
  8824.84961  0.916050792
  8825.69922  0.942312837
  8826.5498  0.971847892
  8827.39941  0.982335389
  8828.25  0.981777191
  8829.09961  0.98769629
  8829.94922  0.999731123
  8830.7998  1.00041461
  8831.64941  0.987259746
  8832.5  0.988380551
  8833.34961  0.985331178
  8834.19922  0.971981943
  8835.0498  0.981277168
  8835.89941  0.994213939
  8836.75  0.983275175
  8837.59961  0.968483269
  8838.44922  0.961915433
  8839.2998  0.964537323
  8840.14941  0.983414412
  8841.  0.981274366
  8841.84961  0.968207359
  8842.69922  0.980257452
  8843.5498  0.992187142
  8844.39941  0.989669085
  8845.25  0.977565289
  8846.09961  0.967481017
  8846.94922  0.974505424
  8847.7998  0.984400034
  8848.64941  0.97198981
  8849.5  0.96081239
  8850.34961  0.965530753
  8851.19922  0.976815522
  8852.0498  0.977494717
  8852.89941  0.976253033
  8853.75  0.990747571
  8854.59961  0.992509007
  8855.44922  0.989244699
  8856.2998  0.986092567
  8857.14941  0.981438935
  8858.  0.979707181
  8858.84961  0.980552554
  8859.69922  0.977632642
  8860.5498  0.970203221
  8861.39941  0.970775545
  8862.25  0.962087929
  8863.09961  0.959914505
  8863.94922  0.978856742
  8864.7998  0.980195463
  8865.64941  0.954495192
  8866.5  0.924350977
  8867.34961  0.913126171
  8868.19922  0.929320931
  8869.0498  0.948929846
  8869.89941  0.965952992
  8870.75  0.980784476
  8871.59961  0.983178258
  8872.44922  0.983491659
  8873.2998  0.986341655
  8874.14941  0.985798836
  8875.  0.982836425
  8875.84961  0.976255357
  8876.69922  0.978457093
  8877.5498  0.978667796
  8878.39941  0.976737559
  8879.25  0.977331221
  8880.09961  0.97634083
  8880.94922  0.974767387
  8881.7998  0.975037694
  8882.64941  0.981816351
  8883.5  0.97711736
  8884.34961  0.972841561
  8885.19922  0.978409171
  8886.0498  0.986976385
  8886.89941  0.989619613
  8887.75  0.984203577
  8888.59961  0.979048371
  8889.44922  0.977931559
  8890.2998  0.979541063
  8891.14941  0.974969745
  8892.  0.973255455
  8892.84961  0.972755969
  8893.69922  0.974137962
  8894.5498  0.986851096
  8895.39941  0.992498815
  8896.25  0.9808622
  8897.09961  0.971316814
  8897.94922  0.972107947
  8898.7998  0.971020877
  8899.64941  0.969319463
  8900.5  0.968341053
  8901.34961  0.964949787
  8902.19922  0.967085838
  8903.0498  0.976690888
  8903.89941  0.988928258
  8904.75  0.998658657
  8905.59961  0.989959419
  8906.44922  0.980963707
  8907.2998  0.971427023
  8908.14941  0.972943544
  8909.  0.967810929
  8909.84961  0.957980216
  8910.69922  0.955427289
  8911.5498  0.955027938
  8912.39941  0.962766707
  8913.25  0.971655726
  8914.09961  0.975547969
  8914.94922  0.978185892
  8915.7998  0.983144045
  8916.64941  0.979840934
  8917.5  0.970051885
  8918.34961  0.959588587
  8919.19922  0.942084849
  8920.0498  0.946425676
  8920.89941  0.963186324
  8921.75  0.970698655
  8922.59961  0.962435246
  8923.44922  0.952136874
  8924.2998  0.971013367
  8925.14941  0.975354493
  8926.  0.956580937
  8926.84961  0.944338977
  8927.69922  0.939121604
  8928.5498  0.926863909
  8929.39941  0.895523667
  8930.25  0.903090775
  8931.09961  0.932965577
  8931.94922  0.941135168
  8932.7998  0.949804664
  8933.64941  0.956756115
  8934.5  0.94236666
  8935.34961  0.956377089
  8936.19922  0.972501099
  8937.0498  0.970340133
  8937.89941  0.985878289
  8938.75  0.995087624
  8939.59961  0.975423813
  8940.44922  0.948426127
  8941.2998  0.935335338
  8942.14941  0.92106837
  8943.  0.920587659
  8943.84961  0.922105014
  8944.69922  0.924853086
  8945.5498  0.931097448
  8946.39941  0.911123753
  8947.25  0.900955379
  8948.09961  0.918607414
  8948.94922  0.92464906
  8949.7998  0.929351509
  8950.64941  0.923653483
  8951.5  0.921265066
  8952.34961  0.905046225
  8953.19922  0.905185759
  8954.0498  0.872456491
  8954.89941  0.833228946
  8955.75  0.829735458
  8956.59961  0.880626261
  8957.44922  0.922591567
  8958.2998  0.929487407
  8959.14941  0.934769332
  8960.  0.944473267
  8960.84961  0.942929089
  8961.69922  0.914031029
  8962.5498  0.837591767
  8963.39941  0.785643816
  8964.25  0.791891873
  8965.09961  0.808863759
  8965.94922  0.802831471
  8966.7998  0.809525371
  8967.64941  0.84880352
  8968.5  0.900945783
  8969.34961  0.928733587
  8970.19922  0.918626308
  8971.0498  0.85086143
  8971.89941  0.766560018
  8972.75  0.777830541
  8973.59961  0.818544686
  8974.44922  0.826992869
  8975.2998  0.821287453
  8976.14941  0.867155075
  8977.  0.915736556
  8977.84961  0.948402703
  8978.69922  0.965156972
  8979.5498  0.930751085
  8980.39941  0.84828347
  8981.25  0.801421285
  8982.09961  0.850602329
  8982.94922  0.907494307
  8983.7998  0.938804686
  8984.64941  0.957921922
  8985.5  0.933793843
  8986.34961  0.83984834
  8987.19922  0.710446
  8988.0498  0.629472375
  8988.89941  0.647521853
  8989.75  0.700291038
  8990.59961  0.699669659
  8991.44922  0.648686409
  8992.2998  0.636489749
  8993.14941  0.714304686
  8994.  0.841881156
  8994.84961  0.923525572
  8995.69922  0.94500035
  8996.5498  0.947191477
  8997.39941  0.939722121
  8998.25  0.916809559
  8999.09961  0.857351005
  8999.94922  0.769920528
  9000.7998  0.70374614
  9001.64941  0.738115668
  9002.5  0.809175193
  9003.34961  0.803267479
  9004.19922  0.762417018
  9005.0498  0.798211098
  9005.89941  0.861954451
  9006.75  0.85403955
  9007.59961  0.796504974
  9008.44922  0.787059903
  9009.2998  0.812299073
  9010.14941  0.856268048
  9011.  0.854827642
  9011.84961  0.802657902
  9012.69922  0.792650878
  9013.5498  0.830406487
  9014.39941  0.882343113
  9015.25  0.899580181
  9016.09961  0.846315563
  9016.94922  0.737308979
  9017.7998  0.726117313
  9018.64941  0.803819537
  9019.5  0.905417025
