  8348.84961  1.03120482
  8349.69922  1.03358471
  8350.5498  1.06445134
  8351.39941  1.09418058
  8352.25  1.09302592
  8353.09961  1.06926405
  8353.94922  1.0507282
  8354.7998  1.0620569
  8355.64941  1.08502173
  8356.5  1.07484853
  8357.34961  1.03343809
  8358.19922  1.0254662
  8359.0498  1.06612277
  8359.89941  1.08279383
  8360.75  1.06676197
  8361.59961  1.05747032
  8362.44922  1.04108346
  8363.2998  1.02048028
  8364.14941  1.0323869
  8365.  1.04136658
  8365.84961  1.04572308
  8366.69922  1.0840801
  8367.5498  1.08942103
  8368.39941  1.08109009
  8369.25  1.08553278
  8370.09961  1.07529795
  8370.94922  1.07541764
  8371.7998  1.07111144
  8372.64941  1.07886493
  8373.5  1.08195102
  8374.34961  1.06927288
  8375.19922  1.08657372
  8376.0498  1.06673872
  8376.89941  1.02427685
  8377.75  1.01288593
  8378.59961  1.05741954
  8379.44922  1.09535658
  8380.2998  1.10302722
  8381.14941  1.08062875
  8382.  1.0091356
  8382.84961  0.956297815
  8383.69922  1.01555765
  8384.5498  1.05608463
  8385.39941  1.06463826
  8386.25  1.04021692
  8387.09961  0.986811876
  8387.94922  0.947283626
  8388.7998  0.999063969
  8389.64941  1.0432744
  8390.5  1.06358874
  8391.34961  1.08567977
  8392.19922  1.09996116
  8393.0498  1.10377944
  8393.89941  1.08183336
  8394.75  1.06632674
  8395.59961  1.07174337
  8396.44922  1.05116546
  8397.2998  1.04144061
  8398.14941  1.06199503
  8399.  1.08754909
  8399.84961  1.08982587
  8400.69922  1.05614877
  8401.5498  1.04766929
  8402.39941  1.07219946
  8403.25  1.08973587
  8404.09961  1.08750916
  8404.94922  1.06697094
  8405.7998  1.05958939
  8406.64941  1.06736004
  8407.5  1.06743681
  8408.34961  1.06717241
  8409.19922  1.07122171
  8410.0498  1.07770848
  8410.89941  1.06530511
  8411.75  1.02562499
  8412.59961  1.01289737
  8413.44922  1.06708252
  8414.2998  1.07383311
  8415.14941  1.07354963
  8416.  1.0567205
  8416.84961  1.0574739
  8417.69922  1.06143343
  8418.5498  1.06413245
  8419.39941  1.04660046
  8420.25  1.04660034
  8421.09961  1.06267703
  8421.94922  1.06698942
  8422.7998  1.04559624
  8423.64941  1.04833937
  8424.5  1.04911602
  8425.34961  1.02887511
  8426.19922  0.980278075
  8427.0498  0.995381057
  8427.89941  1.05246532
  8428.75  1.07130671
  8429.59961  1.0783689
  8430.44922  1.085356
  8431.2998  1.08043134
  8432.14941  1.08790505
  8433.  1.08452725
  8433.84961  1.05143487
  8434.69922  0.960402131
  8435.5498  0.940303743
  8436.39941  1.01037264
  8437.25  1.06279564
  8438.09961  1.05607712
  8438.94922  1.01514328
  8439.7998  1.0097574
  8440.64941  1.03732753
  8441.5  1.05598986
  8442.34961  1.072016
  8443.19922  1.07298827
  8444.0498  1.06310272
  8444.89941  1.06012034
  8445.75  1.04613686
  8446.59961  1.037099
  8447.44922  1.05049002
  8448.2998  1.06974876
  8449.14941  1.07235813
  8450.  1.05643666
  8450.84961  1.06404471
  8451.69922  1.08547091
  8452.5498  1.08416998
  8453.39941  1.07416725
  8454.25  1.06916523
  8455.09961  1.06244445
  8455.94922  1.04980338
  8456.7998  1.04890251
  8457.64941  1.06011891
  8458.5  1.06819379
  8459.34961  1.06861377
  8460.19922  1.072335
  8461.0498  1.08224499
  8461.89941  1.08617377
  8462.75  1.07089102
  8463.59961  1.06731045
  8464.44922  1.06579018
  8465.2998  1.03935266
  8466.14941  1.03135896
  8467.  1.02660382
  8467.84961  0.983707309
  8468.69922  0.95331645
  8469.5498  1.03327334
  8470.39941  1.04892659
  8471.25  1.045928
  8472.09961  1.03635752
  8472.94922  1.06444895
  8473.7998  1.07573402
  8474.64941  1.08517718
  8475.5  1.0813483
  8476.34961  1.06643271
  8477.19922  1.05961096
  8478.0498  1.07793903
  8478.89941  1.07654965
  8479.75  1.05104375
  8480.59961  1.04194856
  8481.44922  1.04493225
  8482.2998  1.03884113
  8483.14941  1.04709923
  8484.  1.07549036
  8484.84961  1.07079637
  8485.69922  1.07173657
  8486.5498  1.06189466
  8487.39941  1.03369653
  8488.25  1.02448702
  8489.09961  1.04455411
  8489.94922  1.06252992
  8490.7998  1.06005704
  8491.64941  1.05297804
  8492.5  1.05365324
  8493.34961  1.04343581
  8494.19922  1.03407621
  8495.0498  1.01941431
  8495.89941  0.963863611
  8496.75  0.816620588
  8497.59961  0.629457474
  8498.44922  0.652659059
  8499.2998  0.841290832
  8500.14941  0.957807958
  8501.  0.9838292
  8501.84961  0.977082312
  8502.69922  0.985420644
  8503.5498  1.01251864
  8504.39941  1.03173351
  8505.25  1.04857039
  8506.09961  1.06226456
  8506.94922  1.06732202
  8507.7998  1.07324207
  8508.64941  1.07791412
  8509.5  1.06768358
  8510.34961  1.05355263
  8511.19922  1.04764783
  8512.0498  1.04191208
  8512.89941  1.02298546
  8513.75  0.963981509
  8514.59961  0.920759618
  8515.44922  0.976889193
  8516.2998  1.03504419
  8517.14941  1.03827631
  8518.  1.02516842
  8518.84961  1.02457666
  8519.69922  1.04482615
  8520.5498  1.05307674
  8521.39941  1.05999672
  8522.25  1.06695557
  8523.09961  1.06298995
  8523.94922  1.05516219
  8524.7998  1.04604602
  8525.64941  1.01562905
  8526.5  1.00757432
  8527.34961  1.01865101
  8528.19922  1.03403723
  8529.0498  1.04368949
  8529.89941  1.03383124
  8530.75  1.02997005
  8531.59961  1.02197254
  8532.44922  1.03083289
  8533.2998  1.03519547
  8534.14941  1.02188814
  8535.  1.00767028
  8535.84961  0.984442055
  8536.69922  0.962468982
  8537.5498  0.927392483
  8538.39941  0.879793525
  8539.25  0.828662276
  8540.09961  0.737430692
  8540.94922  0.577364981
  8541.7998  0.418424189
  8542.64941  0.469823748
  8543.5  0.650947273
  8544.34961  0.784252942
  8545.19922  0.867809594
  8546.0498  0.933118284
  8546.89941  0.951660156
  8547.75  0.96133709
  8548.59961  0.983538926
  8549.44922  1.00873101
  8550.2998  1.01649547
  8551.14941  1.02693903
  8552.  1.04013455
  8552.84961  1.04559815
  8553.69922  1.04806972
  8554.5498  1.03528464
  8555.39941  1.00678229
  8556.25  0.98786962
  8557.09961  1.01082635
  8557.94922  1.04752207
  8558.7998  1.05480957
  8559.64941  1.05332553
  8560.5  1.0540452
  8561.34961  1.04818273
  8562.19922  1.04586601
  8563.0498  1.05594647
  8563.89941  1.05964875
  8564.75  1.05520999
  8565.59961  1.05109549
  8566.44922  1.05358422
  8567.2998  1.04953873
  8568.14941  1.04445124
  8569.  1.01825345
  8569.84961  0.981929541
  8570.69922  1.00742316
  8571.5498  1.03933764
  8572.39941  1.04232562
  8573.25  1.04343235
  8574.09961  1.03987932
  8574.94922  1.04592609
  8575.7998  1.05427909
  8576.64941  1.06301177
  8577.5  1.06184042
  8578.34961  1.06464779
  8579.19922  1.07148671
  8580.0498  1.06569219
  8580.89941  1.05241215
  8581.75  1.00491822
  8582.59961  0.980375528
  8583.44922  1.02623427
  8584.2998  1.0474565
  8585.14941  1.04612076
  8586.  1.04967654
  8586.84961  1.05547214
  8587.69922  1.05036771
  8588.5498  1.04478872
  8589.39941  1.0449909
  8590.25  1.02707469
  8591.09961  1.02016783
  8591.94922  1.02053976
  8592.7998  1.02067792
  8593.64941  1.02469933
  8594.5  1.0518285
  8595.34961  1.03554785
  8596.19922  1.01112008
  8597.0498  1.02413642
  8597.89941  1.02254093
  8598.75  1.01380336
  8599.59961  1.04574108
  8600.44922  1.06919301
  8601.2998  1.06861079
  8602.14941  1.05344415
  8603.  1.0349139
  8603.84961  1.03437805
  8604.69922  1.03001642
  8605.5498  1.02196145
  8606.39941  1.02084792
  8607.25  1.02576077
  8608.09961  1.0374366
  8608.94922  1.03732347
  8609.7998  1.0228008
  8610.64941  0.998640656
  8611.5  0.983093083
  8612.34961  0.992707551
  8613.19922  1.03231454
  8614.0498  1.02709818
  8614.89941  1.03490043
  8615.75  1.03379703
  8616.59961  1.04163909
  8617.44922  1.06556177
  8618.2998  1.06223977
  8619.14941  1.03645444
  8620.  1.03294361
  8620.84961  1.02422893
  8621.69922  0.979953051
  8622.5498  1.01810002
  8623.39941  1.04486775
  8624.25  1.05048621
  8625.09961  1.04540145
  8625.94922  1.03517401
  8626.7998  1.03680766
  8627.64941  1.04722142
  8628.5  1.0524174
  8629.34961  1.04518008
  8630.19922  1.04191077
  8631.0498  1.03245223
  8631.89941  1.01564634
  8632.75  1.02354002
  8633.59961  1.02574372
  8634.44922  1.03128326
  8635.2998  1.03913951
  8636.14941  1.04559779
  8637.  1.03971028
  8637.84961  1.0426842
  8638.69922  1.0512023
  8639.5498  1.04113197
  8640.39941  1.03916335
  8641.25  1.03651106
  8642.09961  1.02369606
  8642.94922  1.02344465
  8643.7998  1.03637958
  8644.64941  1.04246032
  8645.5  1.04558837
  8646.34961  1.03762043
  8647.19922  1.0176599
  8648.0498  0.978282869
  8648.89941  0.977341473
  8649.75  1.00582659
  8650.59961  1.01953173
  8651.44922  1.02084863
  8652.2998  1.01615429
  8653.14941  1.01112163
  8654.  1.00236106
  8654.84961  1.00747168
  8655.69922  1.01711273
  8656.5498  0.997297168
  8657.39941  0.971720338
  8658.25  0.941980362
  8659.09961  0.897927761
  8659.94922  0.822940171
  8660.7998  0.677860856
  8661.64941  0.486812234
  8662.5  0.471065819
  8663.34961  0.641985178
  8664.19922  0.798512638
  8665.0498  0.8857674
  8665.89941  0.936190724
  8666.75  0.958958209
  8667.59961  0.977210343
  8668.44922  0.997457743
  8669.2998  1.00321233
  8670.14941  1.00164568
  8671.  1.00587821
  8671.84961  1.00277591
  8672.69922  1.0035516
  8673.5498  0.996064544
  8674.39941  0.936124444
  8675.25  0.921831906
  8676.09961  0.989241302
  8676.94922  1.0319854
  8677.7998  1.0276525
  8678.64941  1.00447929
  8679.5  0.992007673
  8680.34961  0.99891001
  8681.19922  1.00532496
  8682.0498  0.993795574
  8682.89941  0.982994139
  8683.75  0.998122871
  8684.59961  1.01852024
  8685.44922  1.02173662
  8686.2998  1.00528336
  8687.14941  0.981271207
  8688.  0.909458339
  8688.84961  0.868110478
  8689.69922  0.953826964
  8690.5498  1.02482533
  8691.39941  1.04486263
  8692.25  1.03019571
  8693.09961  1.02998936
  8693.94922  1.03478825
  8694.7998  1.02058244
  8695.64941  1.02394676
  8696.5  1.03493059
  8697.34961  1.03131592
  8698.19922  1.00049722
  8699.0498  0.961256981
  8699.89941  0.977467835
  8700.75  1.01593089
  8701.59961  1.00893021
  8702.44922  1.00517702
  8703.2998  1.00722313
  8704.14941  1.01336253
  8705.  1.0242089
  8705.84961  1.01871872
  8706.69922  1.01779044
  8707.5498  1.02093136
  8708.39941  1.01760912
  8709.25  1.00555646
  8710.09961  0.973225772
  8710.94922  0.970390975
  8711.7998  0.997420609
  8712.64941  0.97110796
  8713.5  0.967840791
  8714.34961  1.0046221
  8715.19922  1.01005054
  8716.0498  1.00919318
  8716.89941  0.999339223
  8717.75  0.992773652
  8718.59961  1.01228905
  8719.44922  1.03273118
  8720.2998  1.02636957
  8721.14941  1.02041149
  8722.  1.02901995
  8722.84961  1.02777088
  8723.69922  1.01711214
  8724.5498  1.00902128
  8725.39941  1.01689756
  8726.25  1.02211607
  8727.09961  0.993186235
  8727.94922  0.964144647
  8728.7998  0.957650244
  8729.64941  0.979305685
  8730.5  1.01289475
  8731.34961  1.02496231
  8732.19922  1.02287209
  8733.0498  1.01932061
  8733.89941  1.01588917
  8734.75  0.998695374
  8735.59961  0.972088814
  8736.44922  0.963344574
  8737.2998  1.00918758
  8738.14941  1.02201569
  8739.  1.02942896
  8739.84961  1.02166188
  8740.69922  1.01467955
  8741.5498  0.996048927
  8742.39941  0.977860272
  8743.25  1.00025856
  8744.09961  1.02463162
  8744.94922  1.02341998
  8745.7998  1.00998485
  8746.64941  0.993641376
  8747.5  0.98780334
  8748.34961  1.00061774
  8749.19922  0.994929731
  8750.0498  0.974664211
  8750.89941  0.961337864
  8751.75  0.944386899
  8752.59961  0.963840306
  8753.44922  1.01019847
  8754.2998  1.02348673
  8755.14941  1.02103949
  8756.  1.00324667
  8756.84961  0.969353855
  8757.69922  0.963062346
  8758.5498  1.0090853
  8759.39941  1.02184308
  8760.25  1.01688564
  8761.09961  1.01498747
  8761.94922  1.01160145
  8762.7998  0.999852836
  8763.64941  0.97251606
  8764.5  0.968238592
  8765.34961  0.996762156
  8766.19922  0.990845323
  8767.0498  0.991597056
  8767.89941  1.01480591
  8768.75  1.03820705
  8769.59961  1.02840257
  8770.44922  1.01186097
  8771.2998  0.999686658
  8772.14941  0.986563504
  8773.  0.955647767
  8773.84961  0.959157586
  8774.69922  1.01139653
  8775.5498  1.03185034
  8776.39941  1.02625728
  8777.25  1.02620125
  8778.09961  1.01164317
  8778.94922  1.0075556
  8779.7998  1.00546694
  8780.64941  0.992694497
  8781.5  1.01710224
  8782.34961  1.03541386
  8783.19922  1.02448022
  8784.0498  1.00601041
  8784.89941  0.992658079
  8785.75  1.00920057
  8786.59961  1.00711858
  8787.44922  1.01621103
  8788.2998  1.02018547
  8789.14941  1.01376188
  8790.  0.976525366
  8790.84961  0.962739944
  8791.69922  1.00518906
  8792.5498  0.976387739
  8793.39941  0.943081379
  8794.25  1.00200653
  8795.09961  1.02209437
  8795.94922  1.00026608
  8796.7998  0.990682006
  8797.64941  1.00907266
  8798.5  1.01656103
  8799.34961  1.02279651
  8800.19922  1.0191797
  8801.0498  1.01513922
  8801.89941  1.01558173
  8802.75  1.01709855
  8803.59961  0.990296185
  8804.44922  0.946350992
  8805.2998  0.928014696
  8806.14941  0.859873652
  8807.  0.79038763
  8807.84961  0.912200093
  8808.69922  0.985345721
  8809.5498  1.01033318
  8810.39941  1.02854478
  8811.25  1.03392613
  8812.09961  1.02802527
  8812.94922  1.01170611
  8813.7998  1.00683475
  8814.64941  1.00911629
  8815.5  1.00920856
  8816.34961  1.00298262
  8817.19922  0.999782979
  8818.0498  1.0139631
  8818.89941  0.997721493
  8819.75  0.989617229
  8820.59961  0.990306854
  8821.44922  0.986914277
  8822.2998  0.980965555
  8823.14941  0.949914157
  8824.  0.909009218
  8824.84961  0.914807379
  8825.69922  0.987570167
  8826.5498  1.01191747
  8827.39941  0.987820208
  8828.25  0.981021285
  8829.09961  0.994440973
  8829.94922  1.00314462
  8830.7998  0.998186767
  8831.64941  1.00200462
  8832.5  0.990307689
  8833.34961  0.97816205
  8834.19922  0.985009134
  8835.0498  0.991556942
  8835.89941  0.984407246
  8836.75  0.984184802
  8837.59961  0.970941365
  8838.44922  0.949121237
  8839.2998  0.982799411
  8840.14941  1.00848114
  8841.  1.00724709
  8841.84961  1.00036418
  8842.69922  0.994994879
  8843.5498  0.998399377
  8844.39941  1.00776577
  8845.25  1.00937891
  8846.09961  0.993773222
  8846.94922  0.985667586
  8847.7998  1.00576043
  8848.64941  1.00913739
  8849.5  1.00461376
  8850.34961  0.996943414
  8851.19922  1.00119984
  8852.0498  0.991810501
  8852.89941  0.989392459
  8853.75  0.991926849
  8854.59961  0.995749354
  8855.44922  1.00060809
  8856.2998  1.00183284
  8857.14941  1.0055182
  8858.  0.993374467
  8858.84961  0.98433733
  8859.69922  0.983026743
  8860.5498  0.981086671
  8861.39941  0.971187055
  8862.25  0.946342647
  8863.09961  0.937624454
  8863.94922  0.971299589
  8864.7998  0.9983778
  8865.64941  0.993040562
  8866.5  0.953362346
  8867.34961  0.93132329
  8868.19922  0.965360284
  8869.0498  0.985444903
  8869.89941  1.01247489
  8870.75  1.02336109
  8871.59961  1.01730216
  8872.44922  1.00902271
  8873.2998  1.01555693
  8874.14941  1.02401876
  8875.  1.01104927
  8875.84961  0.980121672
  8876.69922  0.980244994
  8877.5498  0.9951877
  8878.39941  0.977906346
  8879.25  0.969322979
  8880.09961  0.982507825
  8880.94922  0.998299301
  8881.7998  1.00205898
  8882.64941  0.998861372
  8883.5  1.00541317
  8884.34961  1.01028657
  8885.19922  1.01084793
  8886.0498  1.01242697
  8886.89941  1.01893902
  8887.75  1.03305781
  8888.59961  1.02720428
  8889.44922  1.00892758
  8890.2998  0.998633087
  8891.14941  0.987779558
  8892.  0.972559392
  8892.84961  0.970896602
  8893.69922  0.985294223
  8894.5498  0.989755571
  8895.39941  0.991696239
  8896.25  1.00126994
  8897.09961  1.00160873
  8897.94922  0.998670459
  8898.7998  0.990223885
  8899.64941  0.992919326
  8900.5  1.01273346
  8901.34961  1.00818169
  8902.19922  0.99525249
  8903.0498  0.990479767
  8903.89941  0.991985798
  8904.75  1.00548375
  8905.59961  1.00402582
  8906.44922  1.00128436
  8907.2998  1.00058639
  8908.14941  0.993651986
  8909.  0.992640436
  8909.84961  1.00497711
  8910.69922  1.00335741
  8911.5498  0.979138613
  8912.39941  0.971519232
  8913.25  0.991418958
  8914.09961  1.00683939
  8914.94922  1.00983095
  8915.7998  1.00620365
  8916.64941  1.00201368
  8917.5  1.00082958
  8918.34961  0.992560923
  8919.19922  0.981837988
  8920.0498  0.966271281
  8920.89941  0.981113553
  8921.75  1.00276101
  8922.59961  0.995086253
  8923.44922  0.979491413
  8924.2998  0.995438576
  8925.14941  0.993032992
  8926.  0.985471308
  8926.84961  0.962432981
  8927.69922  0.963086784
  8928.5498  0.964704871
  8929.39941  0.941287577
  8930.25  0.950395525
  8931.09961  0.951165855
  8931.94922  0.951400876
  8932.7998  0.974112868
  8933.64941  0.982763112
  8934.5  0.9539693
  8935.34961  0.966474712
  8936.19922  0.984992504
  8937.0498  0.991328657
  8937.89941  0.994469941
  8938.75  1.00145745
  8939.59961  1.01641679
  8940.44922  0.983561516
  8941.2998  0.966821671
  8942.14941  0.958468735
  8943.  0.918520927
  8943.84961  0.946090341
  8944.69922  0.954602301
  8945.5498  0.932595849
  8946.39941  0.897834778
  8947.25  0.87582159
  8948.09961  0.927574694
  8948.94922  0.937309921
  8949.7998  0.940762579
  8950.64941  0.967181504
  8951.5  0.972525656
  8952.34961  0.933199465
  8953.19922  0.934607685
  8954.0498  0.936753988
  8954.89941  0.853396714
  8955.75  0.828384459
  8956.59961  0.937621295
  8957.44922  0.981722891
  8958.2998  0.970678508
  8959.14941  0.93764621
  8960.  0.959271967
  8960.84961  0.979619741
  8961.69922  0.960346699
  8962.5498  0.868928194
  8963.39941  0.763294637
  8964.25  0.825834572
  8965.09961  0.878876507
  8965.94922  0.816583335
  8966.7998  0.805563688
  8967.64941  0.879789889
  8968.5  0.94293654
  8969.34961  0.967002153
  8970.19922  0.957147658
  8971.0498  0.882868111
  8971.89941  0.76785785
  8972.75  0.780603349
  8973.59961  0.885031521
  8974.44922  0.874098897
  8975.2998  0.816748083
  8976.14941  0.868382633
  8977.  0.929494739
  8977.84961  0.944778502
  8978.69922  0.953715026
  8979.5498  0.954620123
  8980.39941  0.876698375
  8981.25  0.78370297
  8982.09961  0.861911356
  8982.94922  0.969710231
  8983.7998  0.988659084
  8984.64941  0.976824284
  8985.5  0.965563476
  8986.34961  0.911584198
  8987.19922  0.759388626
  8988.0498  0.633716702
  8988.89941  0.661836565
  8989.75  0.75189358
  8990.59961  0.766858578
  8991.44922  0.692989588
  8992.2998  0.613811433
  8993.14941  0.733676195
  8994.  0.90707469
  8994.84961  0.962679207
  8995.69922  0.983377278
  8996.5498  1.00002313
  8997.39941  1.0051223
  8998.25  0.977824748
  8999.09961  0.901084304
  8999.94922  0.809209228
  9000.7998  0.678080201
  9001.64941  0.729421675
  9002.5  0.903387427
  9003.34961  0.899882257
  9004.19922  0.760654867
  9005.0498  0.81708616
  9005.89941  0.933221459
  9006.75  0.895780265
  9007.59961  0.773477793
  9008.44922  0.74851197
  9009.2998  0.819108129
  9010.14941  0.870768309
  9011.  0.891173005
  9011.84961  0.817314327
  9012.69922  0.755600154
  9013.5498  0.843168199
  9014.39941  0.910666108
  9015.25  0.928341985
  9016.09961  0.868418276
  9016.94922  0.682020426
  9017.7998  0.691565454
  9018.64941  0.845857143
  9019.5  0.945304275
