  8348.84961  0.984843791
  8349.69922  1.00356042
  8350.5498  1.05155706
  8351.39941  1.07531953
  8352.25  1.06392419
  8353.09961  1.04562235
  8353.94922  1.03520298
  8354.7998  1.03540957
  8355.64941  1.03834653
  8356.5  1.05043972
  8357.34961  1.02276433
  8358.19922  1.00845969
  8359.0498  1.04694414
  8359.89941  1.05272377
  8360.75  1.05788314
  8361.59961  1.06905556
  8362.44922  1.02977467
  8363.2998  0.964821637
  8364.14941  0.979308784
  8365.  1.0103699
  8365.84961  1.02897584
  8366.69922  1.06816351
  8367.5498  1.08615041
  8368.39941  1.07664096
  8369.25  1.05735767
  8370.09961  1.04644585
  8370.94922  1.04224122
  8371.7998  1.04231143
  8372.64941  1.05214608
  8373.5  1.05460501
  8374.34961  1.06388688
  8375.19922  1.07501674
  8376.0498  1.0498594
  8376.89941  0.988741398
  8377.75  0.966316819
  8378.59961  1.02808774
  8379.44922  1.0964669
  8380.2998  1.1156404
  8381.14941  1.05657375
  8382.  0.934593916
  8382.84961  0.899193585
  8383.69922  0.97848171
  8384.5498  1.03936386
  8385.39941  1.0544014
  8386.25  1.02201056
  8387.09961  0.943529487
  8387.94922  0.929205418
  8388.7998  0.993748844
  8389.64941  1.03156304
  8390.5  1.04622078
  8391.34961  1.06707597
  8392.19922  1.089903
  8393.0498  1.09117627
  8393.89941  1.06931686
  8394.75  1.06017959
  8395.59961  1.06343377
  8396.44922  1.02516544
  8397.2998  1.02135336
  8398.14941  1.04928708
  8399.  1.07306325
  8399.84961  1.08495283
  8400.69922  1.04179156
  8401.5498  1.01358247
  8402.39941  1.04282284
  8403.25  1.07405961
  8404.09961  1.07022548
  8404.94922  1.04961014
  8405.7998  1.05257905
  8406.64941  1.0676018
  8407.5  1.06982768
  8408.34961  1.0711534
  8409.19922  1.06905079
  8410.0498  1.06203914
  8410.89941  1.03335428
  8411.75  0.989566863
  8412.59961  0.994170368
  8413.44922  1.03393066
  8414.2998  1.06407475
  8415.14941  1.07983959
  8416.  1.06055915
  8416.84961  1.02915132
  8417.69922  1.02757025
  8418.5498  1.03257847
  8419.39941  1.02634907
  8420.25  1.03481352
  8421.09961  1.05094635
  8421.94922  1.03844047
  8422.7998  1.01396668
  8423.64941  1.01620662
  8424.5  1.0244087
  8425.34961  0.983961999
  8426.19922  0.935874224
  8427.0498  0.980615556
  8427.89941  1.06182516
  8428.75  1.08474088
  8429.59961  1.08133745
  8430.44922  1.0796901
  8431.2998  1.07417774
  8432.14941  1.07449818
  8433.  1.06737375
  8433.84961  1.00249529
  8434.69922  0.894498825
  8435.5498  0.900531948
  8436.39941  0.996534586
  8437.25  1.05340469
  8438.09961  1.03586519
  8438.94922  0.978946626
  8439.7998  0.98096931
  8440.64941  1.01799524
  8441.5  1.04637599
  8442.34961  1.06702554
  8443.19922  1.06498694
  8444.0498  1.06106019
  8444.89941  1.05501938
  8445.75  1.02542543
  8446.59961  1.01165748
  8447.44922  1.03319287
  8448.2998  1.05630279
  8449.14941  1.03749824
  8450.  1.00266349
  8450.84961  1.02116823
  8451.69922  1.0639745
  8452.5498  1.07924056
  8453.39941  1.07587957
  8454.25  1.06461656
  8455.09961  1.04492545
  8455.94922  1.02698827
  8456.7998  1.03091598
  8457.64941  1.04693353
  8458.5  1.0522275
  8459.34961  1.04989898
  8460.19922  1.05792093
  8461.0498  1.07670283
  8461.89941  1.08014214
  8462.75  1.06760597
  8463.59961  1.05414414
  8464.44922  1.03167665
  8465.2998  1.01049268
  8466.14941  1.0084585
  8467.  0.993775547
  8467.84961  0.956689715
  8468.69922  0.967936039
  8469.5498  1.02343357
  8470.39941  1.03789723
  8471.25  1.02259839
  8472.09961  1.02907622
  8472.94922  1.05686343
  8473.7998  1.07846451
  8474.64941  1.09349751
  8475.5  1.09177125
  8476.34961  1.06664467
  8477.19922  1.05793893
  8478.0498  1.07188201
  8478.89941  1.06762588
  8479.75  1.03720081
  8480.59961  1.01568162
  8481.44922  1.01881337
  8482.2998  1.02887642
  8483.14941  1.04467571
  8484.  1.06349945
  8484.84961  1.064345
  8485.69922  1.06631494
  8486.5498  1.06308997
  8487.39941  1.03248656
  8488.25  1.02909195
  8489.09961  1.05861437
  8489.94922  1.07448161
  8490.7998  1.06373501
  8491.64941  1.04896247
  8492.5  1.04192722
  8493.34961  1.03639853
  8494.19922  1.0361439
  8495.0498  1.01690853
  8495.89941  0.942764223
  8496.75  0.775622427
  8497.59961  0.609508991
  8498.44922  0.660821378
  8499.2998  0.843554676
  8500.14941  0.965843618
  8501.  0.999120891
  8501.84961  0.985107601
  8502.69922  0.992409825
  8503.5498  1.01566172
  8504.39941  1.02055776
  8505.25  1.03584909
  8506.09961  1.06310916
  8506.94922  1.08506107
  8507.7998  1.08949304
  8508.64941  1.08327818
  8509.5  1.07411611
  8510.34961  1.06142628
  8511.19922  1.04975009
  8512.0498  1.03786814
  8512.89941  0.997183025
  8513.75  0.933889091
  8514.59961  0.921578407
  8515.44922  0.975503027
  8516.2998  1.02125549
  8517.14941  1.0111829
  8518.  0.985937178
  8518.84961  1.00514424
  8519.69922  1.03577304
  8520.5498  1.0336194
  8521.39941  1.02740419
  8522.25  1.02719152
  8523.09961  1.02925968
  8523.94922  1.03666639
  8524.7998  1.02899396
  8525.64941  1.00597417
  8526.5  0.99950999
  8527.34961  1.01610196
  8528.19922  1.03037322
  8529.0498  1.03429258
  8529.89941  1.03309178
  8530.75  1.02991366
  8531.59961  1.02908194
  8532.44922  1.03856552
  8533.2998  1.04908848
  8534.14941  1.0417285
  8535.  1.01701534
  8535.84961  0.987549543
  8536.69922  0.95035547
  8537.5498  0.901283681
  8538.39941  0.860827804
  8539.25  0.808823287
  8540.09961  0.707479954
  8540.94922  0.543579996
  8541.7998  0.409152955
  8542.64941  0.461133718
  8543.5  0.637360811
  8544.34961  0.779904246
  8545.19922  0.865933359
  8546.0498  0.916129708
  8546.89941  0.940044224
  8547.75  0.945294619
  8548.59961  0.962459385
  8549.44922  0.992040575
  8550.2998  1.00070047
  8551.14941  1.01586092
  8552.  1.04047167
  8552.84961  1.05558205
  8553.69922  1.05196714
  8554.5498  1.02023065
  8555.39941  0.999630332
  8556.25  0.993904054
  8557.09961  1.01227403
  8557.94922  1.04338765
  8558.7998  1.04940093
  8559.64941  1.04367626
  8560.5  1.03833055
  8561.34961  1.03472149
  8562.19922  1.03985453
  8563.0498  1.04654384
  8563.89941  1.04790223
  8564.75  1.04385328
  8565.59961  1.04879558
  8566.44922  1.05403173
  8567.2998  1.04970753
  8568.14941  1.04456556
  8569.  1.04606283
  8569.84961  1.05315006
  8570.69922  1.04894376
  8571.5498  1.03981495
  8572.39941  1.03544247
  8573.25  1.03065825
  8574.09961  1.02348304
  8574.94922  1.02059019
  8575.7998  1.0310955
  8576.64941  1.05156386
  8577.5  1.05879164
  8578.34961  1.05594516
  8579.19922  1.06066906
  8580.0498  1.06381798
  8580.89941  1.03830945
  8581.75  0.990319014
  8582.59961  0.977636933
  8583.44922  1.00692248
  8584.2998  1.03096008
  8585.14941  1.04207933
  8586.  1.04524577
  8586.84961  1.03987253
  8587.69922  1.03896904
  8588.5498  1.03848302
  8589.39941  1.03419948
  8590.25  1.03281248
  8591.09961  1.02965713
  8591.94922  1.02228379
  8592.7998  1.02252579
  8593.64941  1.0397948
  8594.5  1.04901373
  8595.34961  1.03602135
  8596.19922  1.02703726
  8597.0498  1.02675247
  8597.89941  1.02601349
  8598.75  1.02786076
  8599.59961  1.04301405
  8600.44922  1.0668962
  8601.2998  1.07179904
  8602.14941  1.05735564
  8603.  1.04229534
  8603.84961  1.03912711
  8604.69922  1.04289162
  8605.5498  1.03867185
  8606.39941  1.03113186
  8607.25  1.03607225
  8608.09961  1.04078424
  8608.94922  1.03091288
  8609.7998  1.00869286
  8610.64941  0.978338957
  8611.5  0.958324432
  8612.34961  0.984206557
  8613.19922  1.01936567
  8614.0498  1.03077829
  8614.89941  1.0367887
  8615.75  1.03478658
  8616.59961  1.04332042
  8617.44922  1.05523193
  8618.2998  1.04453969
  8619.14941  1.04674256
  8620.  1.05078781
  8620.84961  1.01548207
  8621.69922  0.995517671
  8622.5498  1.01966774
  8623.39941  1.05228925
  8624.25  1.068398
  8625.09961  1.06980753
  8625.94922  1.06115961
  8626.7998  1.0555011
  8627.64941  1.05744112
  8628.5  1.05215597
  8629.34961  1.04434609
  8630.19922  1.04589438
  8631.0498  1.0421077
  8631.89941  1.03713214
  8632.75  1.04017425
  8633.59961  1.03383005
  8634.44922  1.03565168
  8635.2998  1.04701495
  8636.14941  1.04955566
  8637.  1.05224693
  8637.84961  1.05910444
  8638.69922  1.05756557
  8639.5498  1.05899036
  8640.39941  1.057109
  8641.25  1.04086494
  8642.09961  1.02392364
  8642.94922  1.02034593
  8643.7998  1.0345341
  8644.64941  1.05510235
  8645.5  1.05068696
  8646.34961  1.03302324
  8647.19922  1.01298809
  8648.0498  0.98768121
  8648.89941  0.990136385
  8649.75  1.02055895
  8650.59961  1.03137529
  8651.44922  1.02102828
  8652.2998  1.01501429
  8653.14941  1.00797999
  8654.  0.992819607
  8654.84961  0.996581793
  8655.69922  1.00244498
  8656.5498  0.983156919
  8657.39941  0.960967779
  8658.25  0.943157673
  8659.09961  0.903256595
  8659.94922  0.810565591
  8660.7998  0.639020503
  8661.64941  0.474695623
  8662.5  0.479153126
  8663.34961  0.631649315
  8664.19922  0.787251294
  8665.0498  0.891581237
  8665.89941  0.956566989
  8666.75  0.984568059
  8667.59961  0.989365578
  8668.44922  0.99779588
  8669.2998  1.0084064
  8670.14941  1.01147234
  8671.  1.00853717
  8671.84961  1.00568187
  8672.69922  1.00380147
  8673.5498  0.969122529
  8674.39941  0.913835585
  8675.25  0.921890378
  8676.09961  0.983112633
  8676.94922  1.0271045
  8677.7998  1.03278041
  8678.64941  1.01679587
  8679.5  0.998809934
  8680.34961  0.995034993
  8681.19922  1.00413072
  8682.0498  0.997105896
  8682.89941  0.988459706
  8683.75  1.00877273
  8684.59961  1.03056908
  8685.44922  1.02912617
  8686.2998  1.01150012
  8687.14941  0.953793049
  8688.  0.873632789
  8688.84961  0.858977199
  8689.69922  0.923226714
  8690.5498  0.993175745
  8691.39941  1.01821053
  8692.25  1.0157454
  8693.09961  1.02548277
  8693.94922  1.03787625
  8694.7998  1.03454971
  8695.64941  1.03645492
  8696.5  1.04758489
  8697.34961  1.03623354
  8698.19922  0.996517122
  8699.0498  0.971955419
  8699.89941  0.984058201
  8700.75  1.00981653
  8701.59961  1.01977026
  8702.44922  1.00773001
  8703.2998  0.99817574
  8704.14941  1.01154876
  8705.  1.03444898
  8705.84961  1.04420519
  8706.69922  1.03715801
  8707.5498  1.02553642
  8708.39941  1.01821363
  8709.25  0.995946348
  8710.09961  0.975001514
  8710.94922  0.986536682
  8711.7998  0.986581624
  8712.64941  0.967191219
  8713.5  0.981252193
  8714.34961  1.01741993
  8715.19922  1.03284454
  8716.0498  1.02440822
  8716.89941  1.01351094
  8717.75  1.0089668
  8718.59961  1.01857924
  8719.44922  1.03360379
  8720.2998  1.03239369
  8721.14941  1.02738273
  8722.  1.03442323
  8722.84961  1.03782332
  8723.69922  1.0284456
  8724.5498  1.01915574
  8725.39941  1.01694846
  8726.25  1.02163517
  8727.09961  1.01082313
  8727.94922  0.980479002
  8728.7998  0.965257466
  8729.64941  0.983536065
  8730.5  1.00574934
  8731.34961  1.01691163
  8732.19922  1.02857888
  8733.0498  1.03439128
  8733.89941  1.01911402
  8734.75  0.991518915
  8735.59961  0.969510972
  8736.44922  0.978069127
  8737.2998  1.00941825
  8738.14941  1.02843785
  8739.  1.03108859
  8739.84961  1.01928687
  8740.69922  0.997341514
  8741.5498  0.987083316
  8742.39941  0.99272567
  8743.25  1.00912559
  8744.09961  1.02456093
  8744.94922  1.03183842
  8745.7998  1.01922655
  8746.64941  0.999580622
  8747.5  0.992703915
  8748.34961  1.00667202
  8749.19922  1.02193201
  8750.0498  1.01583457
  8750.89941  0.988339484
  8751.75  0.96949482
  8752.59961  0.988141119
  8753.44922  1.0158664
  8754.2998  1.03651249
  8755.14941  1.03632808
  8756.  1.00158954
  8756.84961  0.961172879
  8757.69922  0.970040858
  8758.5498  1.01497078
  8759.39941  1.0331974
  8760.25  1.02461922
  8761.09961  1.02575433
  8761.94922  1.03170586
  8762.7998  1.01419544
  8763.64941  0.990788102
  8764.5  1.00002277
  8765.34961  1.01334369
  8766.19922  0.994821191
  8767.0498  0.987915754
  8767.89941  1.01597285
  8768.75  1.03069293
  8769.59961  1.02220678
  8770.44922  1.01150084
  8771.2998  0.999851644
  8772.14941  0.975305438
  8773.  0.947920263
  8773.84961  0.95437485
  8774.69922  0.991678417
  8775.5498  1.0214026
  8776.39941  1.03174973
  8777.25  1.02394152
  8778.09961  1.00106132
  8778.94922  0.991871476
  8779.7998  1.00259805
  8780.64941  1.01782954
  8781.5  1.03228378
  8782.34961  1.03387153
  8783.19922  1.01789641
  8784.0498  1.00242984
  8784.89941  1.00879836
  8785.75  1.03509176
  8786.59961  1.04415798
  8787.44922  1.03068352
  8788.2998  1.0142355
  8789.14941  0.992852449
  8790.  0.973445058
  8790.84961  0.983423054
  8791.69922  0.998117745
  8792.5498  0.976912975
  8793.39941  0.967984438
  8794.25  0.993852437
  8795.09961  1.01023352
  8795.94922  1.00373685
  8796.7998  0.999763131
  8797.64941  1.00886023
  8798.5  1.02391469
  8799.34961  1.02785206
  8800.19922  1.02580035
  8801.0498  1.02622581
  8801.89941  1.02930713
  8802.75  1.02616954
  8803.59961  0.999070168
  8804.44922  0.95715493
  8805.2998  0.906148553
  8806.14941  0.82473278
  8807.  0.80028677
  8807.84961  0.88083601
  8808.69922  0.960014403
  8809.5498  0.999539733
  8810.39941  1.02169538
  8811.25  1.03019822
  8812.09961  1.02712703
  8812.94922  1.01807296
  8813.7998  1.01100755
  8814.64941  1.00876594
  8815.5  1.00823534
  8816.34961  1.01024544
  8817.19922  1.01372838
  8818.0498  1.01028132
  8818.89941  0.997806191
  8819.75  0.990664005
  8820.59961  0.993510723
  8821.44922  0.996953189
  8822.2998  0.982546866
  8823.14941  0.934622586
  8824.  0.894752502
  8824.84961  0.915906608
  8825.69922  0.975287974
  8826.5498  1.01550317
  8827.39941  1.01823211
  8828.25  1.0104264
  8829.09961  1.01562977
  8829.94922  1.02652419
  8830.7998  1.02420509
  8831.64941  1.014359
  8832.5  1.01076996
  8833.34961  1.01605153
  8834.19922  1.02014124
  8835.0498  1.00908911
  8835.89941  0.994678676
  8836.75  0.985274494
  8837.59961  0.961366832
  8838.44922  0.948257923
  8839.2998  0.969620526
  8840.14941  1.0013628
  8841.  1.01180267
  8841.84961  1.01116097
  8842.69922  1.01270163
  8843.5498  1.01499856
  8844.39941  1.02286589
  8845.25  1.01743829
  8846.09961  1.00022602
  8846.94922  0.998043001
  8847.7998  1.00735068
  8848.64941  1.01460135
  8849.5  1.01870215
  8850.34961  1.01923752
  8851.19922  1.02378583
  8852.0498  1.02197754
  8852.89941  1.02296436
  8853.75  1.03127027
  8854.59961  1.03380835
  8855.44922  1.03276682
  8856.2998  1.03109443
  8857.14941  1.03191411
  8858.  1.02669346
  8858.84961  1.01358902
  8859.69922  1.01119804
  8860.5498  1.01653051
  8861.39941  0.999291182
  8862.25  0.970862687
  8863.09961  0.967267752
  8863.94922  0.987382591
  8864.7998  1.00471044
  8865.64941  0.991196096
  8866.5  0.949996471
  8867.34961  0.93156302
  8868.19922  0.950776815
  8869.0498  0.982154131
  8869.89941  1.00726533
  8870.75  1.01999974
  8871.59961  1.02351594
  8872.44922  1.022241
  8873.2998  1.01918507
  8874.14941  1.01579916
  8875.  1.00436938
  8875.84961  0.994861007
  8876.69922  0.994943917
  8877.5498  0.985641897
  8878.39941  0.975143969
  8879.25  0.982146144
  8880.09961  1.00237238
  8880.94922  1.01890934
  8881.7998  1.01857591
  8882.64941  1.00935316
  8883.5  1.00598538
  8884.34961  1.01316476
  8885.19922  1.0217253
  8886.0498  1.02113986
  8886.89941  1.02248514
  8887.75  1.0252918
  8888.59961  1.02505827
  8889.44922  1.0253253
  8890.2998  1.01252747
  8891.14941  0.993476212
  8892.  0.989856482
  8892.84961  1.00032783
  8893.69922  1.01524734
  8894.5498  1.02002728
  8895.39941  1.01911247
  8896.25  1.01951647
  8897.09961  1.01632142
  8897.94922  1.0088588
  8898.7998  1.0020107
  8899.64941  1.0082984
  8900.5  1.01808941
  8901.34961  1.02121389
  8902.19922  1.01938856
  8903.0498  1.01429594
  8903.89941  1.01282239
  8904.75  1.01285875
  8905.59961  1.01148927
  8906.44922  1.01646984
  8907.2998  1.02221501
  8908.14941  1.01717615
  8909.  1.00701892
  8909.84961  1.00511479
  8910.69922  1.00402272
  8911.5498  0.994820476
  8912.39941  0.995005727
  8913.25  1.0078758
  8914.09961  1.01961422
  8914.94922  1.02084959
  8915.7998  1.01818991
  8916.64941  1.0188297
  8917.5  1.01066315
  8918.34961  0.993553519
  8919.19922  0.974482059
  8920.0498  0.969506264
  8920.89941  0.9884395
  8921.75  1.00759649
  8922.59961  1.00244641
  8923.44922  0.988500059
  8924.2998  0.985536456
  8925.14941  0.989199579
  8926.  0.985561252
  8926.84961  0.983536839
  8927.69922  0.978247285
  8928.5498  0.968865931
  8929.39941  0.958076239
  8930.25  0.945673287
  8931.09961  0.939400494
  8931.94922  0.952706814
  8932.7998  0.980958104
  8933.64941  0.989996552
  8934.5  0.989541888
  8935.34961  1.00045907
  8936.19922  1.01667809
  8937.0498  1.02362895
  8937.89941  1.01913059
  8938.75  1.01696777
  8939.59961  1.01133561
  8940.44922  0.990180016
  8941.2998  0.969930053
  8942.14941  0.953126848
  8943.  0.942635715
  8943.84961  0.952967703
  8944.69922  0.95888865
  8945.5498  0.941115677
  8946.39941  0.917784452
  8947.25  0.921764791
  8948.09961  0.941397548
  8948.94922  0.95725292
  8949.7998  0.973107874
  8950.64941  0.99538666
  8951.5  0.993716061
  8952.34961  0.96960187
  8953.19922  0.966049731
  8954.0498  0.953574419
  8954.89941  0.905861914
  8955.75  0.894193947
  8956.59961  0.942220926
  8957.44922  0.986685634
  8958.2998  0.988746822
  8959.14941  0.975475907
  8960.  0.984682083
  8960.84961  0.999905944
  8961.69922  0.985160291
  8962.5498  0.917154014
  8963.39941  0.855144441
  8964.25  0.853423893
  8965.09961  0.865212679
  8965.94922  0.845517695
  8966.7998  0.835575342
  8967.64941  0.876654506
  8968.5  0.933451116
  8969.34961  0.97074616
  8970.19922  0.977180541
  8971.0498  0.9273206
  8971.89941  0.851552904
  8972.75  0.843839586
  8973.59961  0.88344264
  8974.44922  0.880447626
  8975.2998  0.858214617
  8976.14941  0.872178733
  8977.  0.921214879
  8977.84961  0.961988449
  8978.69922  0.97972095
  8979.5498  0.977909744
  8980.39941  0.928141832
  8981.25  0.876732945
  8982.09961  0.889760256
  8982.94922  0.952077508
  8983.7998  0.990302444
  8984.64941  0.994873524
  8985.5  0.987157166
  8986.34961  0.931716502
  8987.19922  0.822108209
  8988.0498  0.733340144
  8988.89941  0.728835702
  8989.75  0.780919075
  8990.59961  0.806487441
  8991.44922  0.756774366
  8992.2998  0.711196542
  8993.14941  0.771007359
  8994.  0.887920439
  8994.84961  0.971456468
  8995.69922  1.00859904
  8996.5498  1.01877689
  8997.39941  1.0145582
  8998.25  0.983143985
  8999.09961  0.925643981
  8999.94922  0.845631242
  9000.7998  0.77685678
  9001.64941  0.796440065
  9002.5  0.876847684
  9003.34961  0.891379356
  9004.19922  0.85004884
  9005.0498  0.855766773
  9005.89941  0.905224562
  9006.75  0.915760875
  9007.59961  0.870377243
  9008.44922  0.831600785
  9009.2998  0.836809158
  9010.14941  0.874303937
  9011.  0.894890785
  9011.84961  0.859843433
  9012.69922  0.82410264
  9013.5498  0.85006988
  9014.39941  0.907159805
  9015.25  0.943925023
  9016.09961  0.890571117
  9016.94922  0.777763069
  9017.7998  0.746770084
  9018.64941  0.832802415
  9019.5  0.93699801
