  8348.84961  0.922363877
  8349.69922  0.941310823
  8350.5498  0.986694276
  8351.39941  1.00860357
  8352.25  1.04755223
  8353.09961  1.11548722
  8353.94922  1.21017134
  8354.7998  1.18084621
  8355.64941  1.10015869
  8356.5  1.11824036
  8357.34961  1.1299969
  8358.19922  1.1520412
  8359.0498  1.19298851
  8359.89941  1.20053291
  8360.75  1.16554403
  8361.59961  1.16997695
  8362.44922  1.18559241
  8363.2998  1.14842629
  8364.14941  1.15683246
  8365.  1.21160531
  8365.84961  1.20160699
  8366.69922  1.20432985
  8367.5498  1.22901452
  8368.39941  1.2225405
  8369.25  1.21314144
  8370.09961  1.22383833
  8370.94922  1.2547754
  8371.7998  1.27139986
  8372.64941  1.26138067
  8373.5  1.23438454
  8374.34961  1.18779337
  8375.19922  1.18238497
  8376.0498  1.1542238
  8376.89941  1.10618269
  8377.75  1.11359143
  8378.59961  1.18971992
  8379.44922  1.24585533
  8380.2998  1.26059306
  8381.14941  1.21727014
  8382.  1.13920522
  8382.84961  1.11645448
  8383.69922  1.12836146
  8384.5498  1.11464024
  8385.39941  1.11654973
  8386.25  1.08440065
  8387.09961  1.02247286
  8387.94922  1.02245152
  8388.7998  1.0764848
  8389.64941  1.11262286
  8390.5  1.12279725
  8391.34961  1.13401961
  8392.19922  1.13841081
  8393.0498  1.12903905
  8393.89941  1.13053381
  8394.75  1.14587808
  8395.59961  1.13822019
  8396.44922  1.09090757
  8397.2998  1.06188524
  8398.14941  1.0964644
  8399.  1.1254462
  8399.84961  1.09421909
  8400.69922  1.08534646
  8401.5498  1.09634936
  8402.39941  1.12009025
  8403.25  1.14932537
  8404.09961  1.14990151
  8404.94922  1.14697993
  8405.7998  1.139328
  8406.64941  1.13353038
  8407.5  1.14137781
  8408.34961  1.13764894
  8409.19922  1.13035715
  8410.0498  1.12458944
  8410.89941  1.09696352
  8411.75  1.07454062
  8412.59961  1.09096265
  8413.44922  1.11265838
  8414.2998  1.11468267
  8415.14941  1.10455298
  8416.  1.09932768
  8416.84961  1.11436427
  8417.69922  1.11413848
  8418.5498  1.0870291
  8419.39941  1.0977627
  8420.25  1.13112116
  8421.09961  1.13470948
  8421.94922  1.10088015
  8422.7998  1.07341719
  8423.64941  1.0771445
  8424.5  1.07802904
  8425.34961  1.04821658
  8426.19922  1.01341534
  8427.0498  1.0304811
  8427.89941  1.077685
  8428.75  1.08793604
  8429.59961  1.0764482
  8430.44922  1.10679245
  8431.2998  1.17160678
  8432.14941  1.16252005
  8433.  1.10341275
  8433.84961  1.06414711
  8434.69922  1.01313519
  8435.5498  0.985176861
  8436.39941  1.01794565
  8437.25  1.0616802
  8438.09961  1.06124413
  8438.94922  1.03763235
  8439.7998  1.00838828
  8440.64941  1.018628
  8441.5  1.05131817
  8442.34961  1.083058
  8443.19922  1.09612608
  8444.0498  1.0745163
  8444.89941  1.03715956
  8445.75  1.01673841
  8446.59961  1.01661444
  8447.44922  1.03646493
  8448.2998  1.0472517
  8449.14941  1.0429194
  8450.  1.03725064
  8450.84961  1.04440176
  8451.69922  1.05294061
  8452.5498  1.08030665
  8453.39941  1.10814261
  8454.25  1.08000398
  8455.09961  1.07265222
  8455.94922  1.09707022
  8456.7998  1.08997822
  8457.64941  1.08066976
  8458.5  1.06934559
  8459.34961  1.05243862
  8460.19922  1.05750716
  8461.0498  1.06751943
  8461.89941  1.08430421
  8462.75  1.09088778
  8463.59961  1.07755208
  8464.44922  1.02996302
  8465.2998  1.00811648
  8466.14941  1.04709399
  8467.  1.0093056
  8467.84961  0.949059904
  8468.69922  0.974391222
  8469.5498  1.00562656
  8470.39941  1.04463494
  8471.25  1.07517982
  8472.09961  1.09093308
  8472.94922  1.11305368
  8473.7998  1.13240528
  8474.64941  1.1311183
  8475.5  1.10629201
  8476.34961  1.07734966
  8477.19922  1.05054927
  8478.0498  1.04159844
  8478.89941  1.05719745
  8479.75  1.06729138
  8480.59961  1.05761862
  8481.44922  1.04896212
  8482.2998  1.05394971
  8483.14941  1.04550505
  8484.  1.05615962
  8484.84961  1.08841395
  8485.69922  1.09839571
  8486.5498  1.08912706
  8487.39941  1.07720065
  8488.25  1.07476759
  8489.09961  1.07889497
  8489.94922  1.08589029
  8490.7998  1.09356594
  8491.64941  1.09185624
  8492.5  1.08816791
  8493.34961  1.09200597
  8494.19922  1.06983685
  8495.0498  1.01575804
  8495.89941  0.93546021
  8496.75  0.854492605
  8497.59961  0.791054904
  8498.44922  0.772951066
  8499.2998  0.827696085
  8500.14941  0.900287032
  8501.  0.942131162
  8501.84961  0.956962347
  8502.69922  0.97318846
  8503.5498  0.994203091
  8504.39941  1.01653886
  8505.25  1.04391992
  8506.09961  1.06188333
  8506.94922  1.06603467
  8507.7998  1.06414139
  8508.64941  1.06438804
  8509.5  1.05729592
  8510.34961  1.04684544
  8511.19922  1.04308045
  8512.0498  1.03349316
  8512.89941  1.01080847
  8513.75  0.974741399
  8514.59961  0.948874831
  8515.44922  0.972138286
  8516.2998  1.01308572
  8517.14941  1.02550197
  8518.  1.03416884
  8518.84961  1.0468514
  8519.69922  1.05306804
  8520.5498  1.05831182
  8521.39941  1.05487835
  8522.25  1.05543351
  8523.09961  1.0613575
  8523.94922  1.06824315
  8524.7998  1.07135522
  8525.64941  1.05893338
  8526.5  1.04259181
  8527.34961  1.03339791
  8528.19922  1.0374378
  8529.0498  1.04303885
  8529.89941  1.04423857
  8530.75  1.04611111
  8531.59961  1.03514779
  8532.44922  1.01855648
  8533.2998  1.02319062
  8534.14941  1.03991532
  8535.  1.04853189
  8535.84961  1.03917801
  8536.69922  0.993271768
  8537.5498  0.929011703
  8538.39941  0.886381686
  8539.25  0.845979035
  8540.09961  0.768782616
  8540.94922  0.661369503
  8541.7998  0.588419914
  8542.64941  0.607876778
  8543.5  0.677640021
  8544.34961  0.756828547
  8545.19922  0.830623388
  8546.0498  0.882182837
  8546.89941  0.912023604
  8547.75  0.931100488
  8548.59961  0.961377859
  8549.44922  1.00356889
  8550.2998  1.00412273
  8551.14941  0.972690701
  8552.  0.987476349
  8552.84961  1.03978264
  8553.69922  1.05271387
  8554.5498  1.02592456
  8555.39941  0.998812556
  8556.25  0.984267592
  8557.09961  1.00571334
  8557.94922  1.03795147
  8558.7998  1.04074764
  8559.64941  1.02778828
  8560.5  1.04038513
  8561.34961  1.06452894
  8562.19922  1.08044267
  8563.0498  1.08924031
  8563.89941  1.06118321
  8564.75  1.01360476
  8565.59961  1.01380825
  8566.44922  1.04741991
  8567.2998  1.0457449
  8568.14941  1.03559196
  8569.  1.04591584
  8569.84961  1.05494177
  8570.69922  1.04820883
  8571.5498  1.02184677
  8572.39941  1.02556694
  8573.25  1.04754388
  8574.09961  1.04128695
  8574.94922  1.0219028
  8575.7998  1.02258599
  8576.64941  1.03646326
  8577.5  1.05526936
  8578.34961  1.08392704
  8579.19922  1.08884645
  8580.0498  1.06455541
  8580.89941  1.01614916
  8581.75  0.964146018
  8582.59961  0.956133962
  8583.44922  0.99076587
  8584.2998  1.01456785
  8585.14941  1.01903296
  8586.  1.02565014
  8586.84961  1.05269551
  8587.69922  1.08450627
  8588.5498  1.0881269
  8589.39941  1.08087778
  8590.25  1.06444907
  8591.09961  1.05847311
  8591.94922  1.05876887
  8592.7998  1.04905927
  8593.64941  1.04752362
  8594.5  1.05856419
  8595.34961  1.05703461
  8596.19922  1.05168939
  8597.0498  1.03823793
  8597.89941  1.02592528
  8598.75  1.03255606
  8599.59961  1.04601038
  8600.44922  1.03253651
  8601.2998  1.01564968
  8602.14941  1.00646591
  8603.  1.01076233
  8603.84961  1.03412127
  8604.69922  1.04828739
  8605.5498  1.04960597
  8606.39941  1.03796077
  8607.25  1.01847124
  8608.09961  1.01275516
  8608.94922  1.00987589
  8609.7998  0.994843364
  8610.64941  0.975119472
  8611.5  0.944398701
  8612.34961  0.956787825
  8613.19922  0.991719067
  8614.0498  1.00259078
  8614.89941  1.01017892
  8615.75  1.02646887
  8616.59961  1.0322473
  8617.44922  1.02616155
  8618.2998  1.05552554
  8619.14941  1.07099819
  8620.  1.06396437
  8620.84961  1.03656447
  8621.69922  0.995395064
  8622.5498  0.98041153
  8623.39941  1.01569545
  8624.25  1.06618774
  8625.09961  1.08074069
  8625.94922  1.08331287
  8626.7998  1.09678984
  8627.64941  1.09182119
  8628.5  1.0630753
  8629.34961  1.04049802
  8630.19922  1.03343701
  8631.0498  1.03477263
  8631.89941  1.02450514
  8632.75  1.00021207
  8633.59961  0.989190638
  8634.44922  1.01341462
  8635.2998  1.05524921
  8636.14941  1.05251145
  8637.  1.050336
  8637.84961  1.0578351
  8638.69922  1.06016433
  8639.5498  1.06646764
  8640.39941  1.07587159
  8641.25  1.06618392
  8642.09961  1.03391147
  8642.94922  1.0156461
  8643.7998  1.04378414
  8644.64941  1.0480082
  8645.5  1.01040399
  8646.34961  1.00575578
  8647.19922  1.02330923
  8648.0498  1.02005887
  8648.89941  1.02976704
  8649.75  1.05343926
  8650.59961  1.03770506
  8651.44922  1.00846529
  8652.2998  1.00549352
  8653.14941  1.00416195
  8654.  0.986297131
  8654.84961  0.964328408
  8655.69922  0.973219573
  8656.5498  0.982014596
  8657.39941  0.943029881
  8658.25  0.886041045
  8659.09961  0.875376046
  8659.94922  0.838202655
  8660.7998  0.719708085
  8661.64941  0.588987291
  8662.5  0.558422029
  8663.34961  0.636978328
  8664.19922  0.797610581
  8665.0498  0.925100386
  8665.89941  0.970313728
  8666.75  0.945198655
  8667.59961  0.900175929
  8668.44922  0.921342313
  8669.2998  0.99988246
  8670.14941  1.02972519
  8671.  0.990347683
  8671.84961  0.952029049
  8672.69922  0.949668705
  8673.5498  0.934332788
  8674.39941  0.931087375
  8675.25  0.962765932
  8676.09961  1.00122344
  8676.94922  1.03700292
  8677.7998  1.05173194
  8678.64941  1.02507973
  8679.5  0.990105391
  8680.34961  0.995198905
  8681.19922  1.02034175
  8682.0498  1.03587973
  8682.89941  1.03880894
  8683.75  1.0285933
  8684.59961  1.01619208
  8685.44922  1.00718904
  8686.2998  0.99022162
  8687.14941  0.948247373
  8688.  0.91252768
  8688.84961  0.930915296
  8689.69922  0.958626091
  8690.5498  0.983194768
  8691.39941  1.01693213
  8692.25  1.02815461
  8693.09961  1.03456509
  8693.94922  1.04309988
  8694.7998  1.04040217
  8695.64941  1.03514063
  8696.5  1.04233718
  8697.34961  1.02153862
  8698.19922  0.977101564
  8699.0498  0.95989126
  8699.89941  0.976180077
  8700.75  1.00997925
  8701.59961  1.02111959
  8702.44922  1.00632691
  8703.2998  0.994039416
  8704.14941  0.999500155
  8705.  1.01596403
  8705.84961  1.01569152
  8706.69922  1.00968993
  8707.5498  1.02537847
  8708.39941  1.03964388
  8709.25  1.02692187
  8710.09961  1.00946438
  8710.94922  0.998152435
  8711.7998  0.993840396
  8712.64941  0.989732444
  8713.5  0.982054889
  8714.34961  0.988289952
  8715.19922  1.01490092
  8716.0498  1.03151143
  8716.89941  1.02497268
  8717.75  1.00651908
  8718.59961  0.990545213
  8719.44922  0.994394362
  8720.2998  1.02474487
  8721.14941  1.06273377
  8722.  1.07955313
  8722.84961  1.06551099
  8723.69922  1.02849388
  8724.5498  0.99774009
  8725.39941  0.988667727
  8726.25  0.984494507
  8727.09961  0.987527788
  8727.94922  0.984846652
  8728.7998  0.974205911
  8729.64941  0.980269313
  8730.5  0.996902108
  8731.34961  1.00734735
  8732.19922  1.01162732
  8733.0498  1.02162397
  8733.89941  1.01719964
  8734.75  0.980081499
  8735.59961  0.955001414
  8736.44922  0.960210562
  8737.2998  0.957892835
  8738.14941  0.951272428
  8739.  0.97765702
  8739.84961  1.0107286
  8740.69922  1.02214849
  8741.5498  1.00554466
  8742.39941  0.98225528
  8743.25  0.990504146
  8744.09961  0.998866081
  8744.94922  0.993955255
  8745.7998  0.993668556
  8746.64941  0.975153208
  8747.5  0.960874438
  8748.34961  0.993634939
  8749.19922  1.03463471
  8750.0498  1.02553093
  8750.89941  0.992217004
  8751.75  0.973463774
  8752.59961  0.973810911
  8753.44922  0.98469162
  8754.2998  1.00405145
  8755.14941  1.00259924
  8756.  0.966602266
  8756.84961  0.950232267
  8757.69922  0.971868515
  8758.5498  1.00543475
  8759.39941  1.01599813
  8760.25  1.01002169
  8761.09961  1.013466
  8761.94922  1.00500536
  8762.7998  0.959188998
  8763.64941  0.920587122
  8764.5  0.91361624
  8765.34961  0.948153079
  8766.19922  0.984888613
  8767.0498  1.00457132
  8767.89941  1.04972243
  8768.75  1.056041
  8769.59961  0.991653442
  8770.44922  0.927143455
  8771.2998  0.904375494
  8772.14941  0.937251687
  8773.  0.934588969
  8773.84961  0.934675455
  8774.69922  0.974120855
  8775.5498  1.01622248
  8776.39941  1.04202056
  8777.25  1.03044677
  8778.09961  1.00431192
  8778.94922  0.993218601
  8779.7998  0.963851154
  8780.64941  0.938133359
  8781.5  0.948093534
  8782.34961  0.995217383
  8783.19922  1.02224147
  8784.0498  1.01090658
  8784.89941  1.01865137
  8785.75  1.05426955
  8786.59961  1.05866778
  8787.44922  1.03215396
  8788.2998  1.01458955
  8789.14941  0.99629873
  8790.  0.983924747
  8790.84961  1.00573707
  8791.69922  1.01001215
  8792.5498  0.956082821
  8793.39941  0.915318251
  8794.25  0.945355535
  8795.09961  0.987957239
  8795.94922  1.01252985
  8796.7998  1.01957607
  8797.64941  1.01955414
  8798.5  1.01413608
  8799.34961  1.01755488
  8800.19922  1.02475858
  8801.0498  1.01715946
  8801.89941  1.01158464
  8802.75  0.991691172
  8803.59961  0.952618182
  8804.44922  0.91961503
  8805.2998  0.867294729
  8806.14941  0.81096226
  8807.  0.820939481
  8807.84961  0.89410162
  8808.69922  0.980314732
  8809.5498  1.02980006
  8810.39941  1.04742706
  8811.25  1.07059443
  8812.09961  1.06120026
  8812.94922  1.0128119
  8813.7998  0.983058035
  8814.64941  0.984761059
  8815.5  1.00628662
  8816.34961  1.0349983
  8817.19922  1.05725169
  8818.0498  1.0509392
  8818.89941  1.03258669
  8819.75  1.03482616
  8820.59961  1.03480864
  8821.44922  1.0212357
  8822.2998  0.993641138
  8823.14941  0.947448373
  8824.  0.915565789
  8824.84961  0.941898048
  8825.69922  1.02832663
  8826.5498  1.14063096
  8827.39941  1.20529389
  8828.25  1.10701263
  8829.09961  0.873879492
  8829.94922  0.773163259
  8830.7998  0.908547163
  8831.64941  1.01556516
  8832.5  1.02133584
  8833.34961  1.00484109
  8834.19922  0.995108247
  8835.0498  0.988003135
  8835.89941  0.986504555
  8836.75  0.982014596
  8837.59961  0.91239506
  8838.44922  0.821869075
  8839.2998  0.850566387
  8840.14941  0.942057788
  8841.  1.01254535
  8841.84961  1.04069388
  8842.69922  1.03215539
  8843.5498  1.02118325
  8844.39941  1.02331889
  8845.25  1.02528632
  8846.09961  1.02068102
  8846.94922  1.00793159
  8847.7998  0.997751772
  8848.64941  1.00176167
  8849.5  1.02488792
  8850.34961  1.0296706
  8851.19922  1.01896369
  8852.0498  1.03599226
  8852.89941  1.06223428
  8853.75  1.05528986
  8854.59961  1.04885423
  8855.44922  1.05201185
  8856.2998  1.02999771
  8857.14941  1.00114202
  8858.  0.996299982
  8858.84961  1.00153816
  8859.69922  1.00044084
  8860.5498  1.00402045
  8861.39941  0.999015033
  8862.25  0.989618838
  8863.09961  0.995031416
  8863.94922  0.992497861
  8864.7998  0.964222908
  8865.64941  0.930036664
  8866.5  0.918333054
  8867.34961  0.926087141
  8868.19922  0.922688067
  8869.0498  0.921822906
  8869.89941  0.953178585
  8870.75  0.995988071
  8871.59961  1.00843132
  8872.44922  1.00604701
  8873.2998  0.979213655
  8874.14941  0.973743021
  8875.  1.00816047
  8875.84961  1.016397
  8876.69922  1.00470567
  8877.5498  1.00981104
  8878.39941  1.00734973
  8879.25  0.996783197
  8880.09961  0.993686199
  8880.94922  1.02187455
  8881.7998  1.05542696
  8882.64941  1.03648424
  8883.5  0.99734354
  8884.34961  0.979843855
  8885.19922  1.01840615
  8886.0498  1.08881044
  8886.89941  1.0647496
  8887.75  0.970641375
  8888.59961  0.916145146
  8889.44922  0.959780931
  8890.2998  1.02658105
  8891.14941  1.04727435
  8892.  1.03710997
  8892.84961  1.01425827
  8893.69922  1.01888001
  8894.5498  1.0293889
  8895.39941  1.03735709
  8896.25  1.03887808
  8897.09961  1.01260102
  8897.94922  0.977181077
  8898.7998  0.976135969
  8899.64941  1.00019252
  8900.5  1.01091599
  8901.34961  1.00088513
  8902.19922  0.996098995
  8903.0498  1.01506138
  8903.89941  1.03950679
  8904.75  1.00802469
  8905.59961  0.952032089
  8906.44922  0.973203301
  8907.2998  1.01010013
  8908.14941  1.01442134
  8909.  1.01491511
  8909.84961  1.02235234
  8910.69922  1.03762281
  8911.5498  1.03229952
  8912.39941  1.00778592
  8913.25  1.00586915
  8914.09961  1.01947272
  8914.94922  1.01816416
  8915.7998  1.0193758
  8916.64941  1.00724745
  8917.5  0.986344993
  8918.34961  0.966385245
  8919.19922  0.987468839
  8920.0498  1.04018402
  8920.89941  1.00462306
  8921.75  0.889020026
  8922.59961  0.825744092
  8923.44922  0.862385631
  8924.2998  0.923264623
  8925.14941  0.938151896
  8926.  0.938910604
  8926.84961  0.959692419
  8927.69922  0.981488645
  8928.5498  0.976625025
  8929.39941  0.95334959
  8930.25  0.932166636
  8931.09961  0.92590034
  8931.94922  0.930396497
  8932.7998  0.932320595
  8933.64941  0.936156094
  8934.5  0.934168458
  8935.34961  0.940557301
  8936.19922  0.949483752
  8937.0498  0.9471578
  8937.89941  0.931720436
  8938.75  0.921621382
  8939.59961  0.92498672
  8940.44922  0.914133132
  8941.2998  0.884981453
  8942.14941  0.861526489
  8943.  0.865717888
  8943.84961  0.87081337
  8944.69922  0.837691247
  8945.5498  0.790194809
  8946.39941  0.820995152
  8947.25  0.850351036
  8948.09961  0.830925584
  8948.94922  0.827121139
  8949.7998  0.868792295
  8950.64941  0.911489308
  8951.5  0.90191555
  8952.34961  0.865252912
  8953.19922  0.864285648
  8954.0498  0.871617973
  8954.89941  0.845348299
  8955.75  0.818057418
  8956.59961  0.829525471
  8957.44922  0.899925113
  8958.2998  0.977709532
  8959.14941  0.956957161
  8960.  0.858834863
  8960.84961  0.845213532
  8961.69922  0.868354559
  8962.5498  0.853373468
  8963.39941  0.789898217
  8964.25  0.768382788
  8965.09961  0.78959471
  8965.94922  0.787238955
  8966.7998  0.768403172
  8967.64941  0.775695264
  8968.5  0.818769395
  8969.34961  0.870357275
  8970.19922  0.891195655
  8971.0498  0.872299552
  8971.89941  0.816021681
  8972.75  0.759756804
  8973.59961  0.762274265
  8974.44922  0.77301091
  8975.2998  0.749553442
  8976.14941  0.742032349
  8977.  0.769030392
  8977.84961  0.804508984
  8978.69922  0.829595149
  8979.5498  0.837724149
  8980.39941  0.824752927
  8981.25  0.792405307
  8982.09961  0.771796405
  8982.94922  0.791610181
  8983.7998  0.817487121
  8984.64941  0.83043474
  8985.5  0.814182937
  8986.34961  0.770929694
  8987.19922  0.712758839
  8988.0498  0.620209932
  8988.89941  0.55536902
  8989.75  0.581835866
  8990.59961  0.619966567
  8991.44922  0.614201725
  8992.2998  0.59218812
  8993.14941  0.596169651
  8994.  0.670347333
  8994.84961  0.76968509
  8995.69922  0.841721475
  8996.5498  0.870820343
  8997.39941  0.861424208
  8998.25  0.840538979
  8999.09961  0.797052801
  8999.94922  0.723721743
  9000.7998  0.645741761
  9001.64941  0.590473533
  9002.5  0.609881461
  9003.34961  0.669501722
  9004.19922  0.682394445
  9005.0498  0.689511716
  9005.89941  0.738336921
  9006.75  0.789309144
  9007.59961  0.776200533
  9008.44922  0.728392839
  9009.2998  0.708028615
  9010.14941  0.738805056
  9011.  0.779740751
  9011.84961  0.775364816
  9012.69922  0.737362385
  9013.5498  0.728038251
  9014.39941  0.778527379
  9015.25  0.824146748
  9016.09961  0.802782655
  9016.94922  0.72378695
  9017.7998  0.653408229
  9018.64941  0.676242709
  9019.5  0.776811838
