  8348.84961  1.10845017
  8349.69922  1.07951462
  8350.5498  1.10039282
  8351.39941  1.13227236
  8352.25  1.13765633
  8353.09961  1.13023686
  8353.94922  1.11336994
  8354.7998  1.09716523
  8355.64941  1.10030746
  8356.5  1.08147359
  8357.34961  1.04678154
  8358.19922  1.06259274
  8359.0498  1.07873213
  8359.89941  1.10816169
  8360.75  1.1272043
  8361.59961  1.1073904
  8362.44922  1.09562433
  8363.2998  1.0929271
  8364.14941  1.08906245
  8365.  1.11111176
  8365.84961  1.12001932
  8366.69922  1.12892377
  8367.5498  1.1187619
  8368.39941  1.10990131
  8369.25  1.12829292
  8370.09961  1.13361204
  8370.94922  1.12122273
  8371.7998  1.10688996
  8372.64941  1.10743034
  8373.5  1.11629069
  8374.34961  1.13497102
  8375.19922  1.13995421
  8376.0498  1.09951687
  8376.89941  1.08362734
  8377.75  1.09948778
  8378.59961  1.1151104
  8379.44922  1.12130666
  8380.2998  1.10829484
  8381.14941  1.11166
  8382.  1.11116874
  8382.84961  1.10508811
  8383.69922  1.11812365
  8384.5498  1.0961647
  8385.39941  1.05394149
  8386.25  1.03398883
  8387.09961  1.0581249
  8387.94922  1.07206225
  8388.7998  1.0807848
  8389.64941  1.09732211
  8390.5  1.09884286
  8391.34961  1.11940408
  8392.19922  1.10238945
  8393.0498  1.09741902
  8393.89941  1.0751127
  8394.75  1.08995044
  8395.59961  1.11689854
  8396.44922  1.11926365
  8397.2998  1.07584691
  8398.14941  1.09185112
  8399.  1.11117554
  8399.84961  1.11440682
  8400.69922  1.08153951
  8401.5498  1.08829999
  8402.39941  1.09513783
  8403.25  1.10222411
  8404.09961  1.11761916
  8404.94922  1.09740078
  8405.7998  1.08884037
  8406.64941  1.10843801
  8407.5  1.10119307
  8408.34961  1.07321906
  8409.19922  1.04429507
  8410.0498  1.05033672
  8410.89941  1.0688442
  8411.75  1.07318223
  8412.59961  1.07191598
  8413.44922  1.05716956
  8414.2998  1.07037818
  8415.14941  1.07952118
  8416.  1.07524729
  8416.84961  1.07118642
  8417.69922  1.0693264
  8418.5498  1.08910942
  8419.39941  1.10381734
  8420.25  1.10632145
  8421.09961  1.09932911
  8421.94922  1.08865535
  8422.7998  1.07901084
  8423.64941  1.07901514
  8424.5  1.08033681
  8425.34961  1.07999718
  8426.19922  1.08292115
  8427.0498  1.0862422
  8427.89941  1.09538734
  8428.75  1.0954299
  8429.59961  1.12912476
  8430.44922  1.14102876
  8431.2998  1.10488832
  8432.14941  1.09476447
  8433.  1.0857631
  8433.84961  1.06996167
  8434.69922  1.05431581
  8435.5498  1.04519129
  8436.39941  1.04328883
  8437.25  1.04631186
  8438.09961  1.04118764
  8438.94922  1.05490828
  8439.7998  1.06439412
  8440.64941  1.05988634
  8441.5  1.08231008
  8442.34961  1.07577801
  8443.19922  1.05702746
  8444.0498  1.04536176
  8444.89941  1.04683042
  8445.75  1.0178467
  8446.59961  1.01785636
  8447.44922  1.02339995
  8448.2998  1.05511808
  8449.14941  1.07920527
  8450.  1.0862745
  8450.84961  1.07772553
  8451.69922  1.08211839
  8452.5498  1.09225059
  8453.39941  1.09598541
  8454.25  1.08289504
  8455.09961  1.08526576
  8455.94922  1.07044935
  8456.7998  1.06633484
  8457.64941  1.06398404
  8458.5  1.06036198
  8459.34961  1.07356822
  8460.19922  1.08960843
  8461.0498  1.10112667
  8461.89941  1.08437192
  8462.75  1.07869101
  8463.59961  1.07979941
  8464.44922  1.06907868
  8465.2998  1.03977942
  8466.14941  1.0246402
  8467.  1.02681816
  8467.84961  1.03083014
  8468.69922  1.02287436
  8469.5498  1.02505207
  8470.39941  1.0537653
  8471.25  1.04551065
  8472.09961  1.03214598
  8472.94922  1.05108905
  8473.7998  1.05547667
  8474.64941  1.06378198
  8475.5  1.09501433
  8476.34961  1.10135806
  8477.19922  1.08328199
  8478.0498  1.07372725
  8478.89941  1.07639551
  8479.75  1.07414591
  8480.59961  1.06212628
  8481.44922  1.06835568
  8482.2998  1.07345426
  8483.14941  1.0685972
  8484.  1.06071162
  8484.84961  1.06270576
  8485.69922  1.06792831
  8486.5498  1.06508839
  8487.39941  1.06012404
  8488.25  1.06932104
  8489.09961  1.09702384
  8489.94922  1.0839107
  8490.7998  1.06735194
  8491.64941  1.07253468
  8492.5  1.05248213
  8493.34961  1.0195657
  8494.19922  0.988728523
  8495.0498  0.953578711
  8495.89941  0.877346337
  8496.75  0.817330301
  8497.59961  0.804872274
  8498.44922  0.830418825
  8499.2998  0.860944569
  8500.14941  0.919127226
  8501.  0.973790288
  8501.84961  0.998719931
  8502.69922  1.00394332
  8503.5498  1.0144428
  8504.39941  1.03539801
  8505.25  1.06174147
  8506.09961  1.10381579
  8506.94922  1.08220601
  8507.7998  1.04817212
  8508.64941  1.03749859
  8509.5  1.0462805
  8510.34961  1.06092405
  8511.19922  1.04664791
  8512.0498  1.02864516
  8512.89941  1.01679039
  8513.75  1.00890267
  8514.59961  1.0003407
  8515.44922  1.02208042
  8516.2998  1.04762769
  8517.14941  1.05273926
  8518.  1.08663118
  8518.84961  1.10523784
  8519.69922  1.08713305
  8520.5498  1.06799507
  8521.39941  1.04876542
  8522.25  1.03577769
  8523.09961  1.04478419
  8523.94922  1.05552709
  8524.7998  1.04067564
  8525.64941  1.04004335
  8526.5  1.05487311
  8527.34961  1.04777336
  8528.19922  1.02789533
  8529.0498  1.03784585
  8529.89941  1.05090833
  8530.75  1.04755116
  8531.59961  1.02860963
  8532.44922  1.02314067
  8533.2998  1.03621244
  8534.14941  1.03813887
  8535.  1.01354408
  8535.84961  0.972536683
  8536.69922  0.922418892
  8537.5498  0.863651097
  8538.39941  0.818554819
  8539.25  0.765773296
  8540.09961  0.68530345
  8540.94922  0.611699939
  8541.7998  0.583805025
  8542.64941  0.617917001
  8543.5  0.679953635
  8544.34961  0.766240895
  8545.19922  0.862663209
  8546.0498  0.903058529
  8546.89941  0.936403096
  8547.75  0.966106117
  8548.59961  0.975731432
  8549.44922  1.00400734
  8550.2998  1.01858711
  8551.14941  1.01452029
  8552.  1.03663504
  8552.84961  1.05987954
  8553.69922  1.04808307
  8554.5498  1.04075241
  8555.39941  1.0289762
  8556.25  1.02802849
  8557.09961  1.03436291
  8557.94922  1.03071272
  8558.7998  1.05674613
  8559.64941  1.07313669
  8560.5  1.0628823
  8561.34961  1.07069254
  8562.19922  1.06037283
  8563.0498  1.04946005
  8563.89941  1.084728
  8564.75  1.08910227
  8565.59961  1.07418883
  8566.44922  1.04858458
  8567.2998  1.05796409
  8568.14941  1.07585204
  8569.  1.0787915
  8569.84961  1.06257033
  8570.69922  1.07495999
  8571.5498  1.04643667
  8572.39941  1.02989805
  8573.25  1.0501883
  8574.09961  1.04110777
  8574.94922  1.0610714
  8575.7998  1.08035827
  8576.64941  1.04974174
  8577.5  1.05098057
  8578.34961  1.04570794
  8579.19922  1.04612851
  8580.0498  1.04862356
  8580.89941  1.02628279
  8581.75  1.00557125
  8582.59961  1.0238384
  8583.44922  1.03948057
  8584.2998  1.05962563
  8585.14941  1.09320962
  8586.  1.06406713
  8586.84961  1.02969158
  8587.69922  1.03408718
  8588.5498  1.02255917
  8589.39941  1.03062093
  8590.25  1.04233038
  8591.09961  1.03804636
  8591.94922  1.03418303
  8592.7998  1.02934337
  8593.64941  1.05142951
  8594.5  1.05823469
  8595.34961  1.0372746
  8596.19922  1.01681614
  8597.0498  1.0041219
  8597.89941  0.99367547
  8598.75  0.97038728
  8599.59961  0.985682607
  8600.44922  1.01186621
  8601.2998  1.02007091
  8602.14941  1.02655816
  8603.  1.02864206
  8603.84961  1.02827549
  8604.69922  1.03870189
  8605.5498  1.0458467
  8606.39941  1.0397228
  8607.25  1.02000988
  8608.09961  1.00900805
  8608.94922  1.02136159
  8609.7998  1.03231156
  8610.64941  1.03021777
  8611.5  1.03596973
  8612.34961  1.06113267
  8613.19922  1.07365656
  8614.0498  1.06049085
  8614.89941  1.05459452
  8615.75  1.04601657
  8616.59961  1.04190207
  8617.44922  1.04764819
  8618.2998  1.03470635
  8619.14941  1.03029644
  8620.  1.04110026
  8620.84961  1.038571
  8621.69922  1.02309644
  8622.5498  1.02469063
  8623.39941  1.03513551
  8624.25  1.03332078
  8625.09961  1.04125273
  8625.94922  1.05819416
  8626.7998  1.04607332
  8627.64941  1.05225611
  8628.5  1.07265127
  8629.34961  1.06452703
  8630.19922  1.05973697
  8631.0498  1.04321623
  8631.89941  1.01942515
  8632.75  1.01445043
  8633.59961  1.03129268
  8634.44922  1.05747366
  8635.2998  1.0660342
  8636.14941  1.05010664
  8637.  1.02248025
  8637.84961  1.02275705
  8638.69922  1.04051518
  8639.5498  1.07459676
  8640.39941  1.0662328
  8641.25  1.03497279
  8642.09961  1.03514576
  8642.94922  1.05949628
  8643.7998  1.04841149
  8644.64941  1.03704965
  8645.5  1.03437531
  8646.34961  1.02005911
  8647.19922  1.00411129
  8648.0498  1.00999343
  8648.89941  1.03207445
  8649.75  1.03984427
  8650.59961  1.00911355
  8651.44922  1.00407624
  8652.2998  1.00774312
  8653.14941  1.0089165
  8654.  1.01105952
  8654.84961  0.985943139
  8655.69922  0.979241073
  8656.5498  0.95956254
  8657.39941  0.917691708
  8658.25  0.876978993
  8659.09961  0.815557957
  8659.94922  0.728929877
  8660.7998  0.654744983
  8661.64941  0.620386362
  8662.5  0.616599679
  8663.34961  0.653797984
  8664.19922  0.742697656
  8665.0498  0.819775939
  8665.89941  0.864111066
  8666.75  0.899508774
  8667.59961  0.927087545
  8668.44922  0.952486157
  8669.2998  0.977546334
  8670.14941  0.974263012
  8671.  0.989123881
  8671.84961  0.991066813
  8672.69922  0.981694579
  8673.5498  0.985822082
  8674.39941  1.02622068
  8675.25  1.00031018
  8676.09961  0.969179451
  8676.94922  1.00271237
  8677.7998  1.02257633
  8678.64941  1.00713778
  8679.5  1.01311457
  8680.34961  1.02936208
  8681.19922  1.03081155
  8682.0498  1.02782691
  8682.89941  1.00232589
  8683.75  1.01019788
  8684.59961  1.01778162
  8685.44922  0.996735513
  8686.2998  0.98495841
  8687.14941  0.955033958
  8688.  0.964337468
  8688.84961  0.973597884
  8689.69922  0.99206084
  8690.5498  1.02770817
  8691.39941  1.03762078
  8692.25  1.02483642
  8693.09961  0.997006834
  8693.94922  1.01434803
  8694.7998  1.03363526
  8695.64941  1.03012741
  8696.5  0.999785006
  8697.34961  0.990982831
  8698.19922  0.982590079
  8699.0498  0.987662971
  8699.89941  1.00273037
  8700.75  0.997511625
  8701.59961  0.992477536
  8702.44922  1.00941646
  8703.2998  1.01379871
  8704.14941  1.02430356
  8705.  1.04610372
  8705.84961  1.03480124
  8706.69922  1.00733149
  8707.5498  1.00215113
  8708.39941  0.993345797
  8709.25  0.997388244
  8710.09961  0.979295552
  8710.94922  0.964683592
  8711.7998  0.958608747
  8712.64941  0.974518001
  8713.5  0.977828145
  8714.34961  0.971303344
  8715.19922  0.984119773
  8716.0498  1.00779939
  8716.89941  1.00522935
  8717.75  1.00557685
  8718.59961  1.0130502
  8719.44922  0.994128346
  8720.2998  0.988713443
  8721.14941  0.990660191
  8722.  1.00561094
  8722.84961  1.03374064
  8723.69922  1.03595734
  8724.5498  1.01049876
  8725.39941  0.991902649
  8726.25  0.994738162
  8727.09961  0.982594728
  8727.94922  0.962461233
  8728.7998  0.968565762
  8729.64941  1.00224066
  8730.5  1.0240798
  8731.34961  1.00705624
  8732.19922  0.991335571
  8733.0498  0.989769161
  8733.89941  0.983246446
  8734.75  0.986259878
  8735.59961  0.977330625
  8736.44922  0.96502459
  8737.2998  0.979055107
  8738.14941  0.989912271
  8739.  0.999386787
  8739.84961  0.982990801
  8740.69922  0.977268815
  8741.5498  1.00695288
  8742.39941  1.01044142
  8743.25  1.01184678
  8744.09961  1.01033771
  8744.94922  1.00630212
  8745.7998  1.02006125
  8746.64941  1.01086771
  8747.5  0.964843094
  8748.34961  0.919260919
  8749.19922  0.92022264
  8750.0498  0.939949393
  8750.89941  0.941682637
  8751.75  0.942169547
  8752.59961  0.944597661
  8753.44922  0.960678756
  8754.2998  0.978544593
  8755.14941  0.967720449
  8756.  0.965763569
  8756.84961  0.982469559
  8757.69922  1.00721312
  8758.5498  1.02547693
  8759.39941  1.01805282
  8760.25  1.00257134
  8761.09961  0.992438555
  8761.94922  0.981232643
  8762.7998  0.98813796
  8763.64941  0.999855936
  8764.5  0.994940102
  8765.34961  0.996475756
  8766.19922  1.01831901
  8767.0498  1.053949
  8767.89941  1.06102347
  8768.75  1.01439154
  8769.59961  0.976734102
  8770.44922  0.978464603
  8771.2998  0.991095006
  8772.14941  0.994356394
  8773.  0.966397703
  8773.84961  0.957184792
  8774.69922  0.973892212
  8775.5498  0.984275043
  8776.39941  1.00456309
  8777.25  1.01536286
  8778.09961  1.0176636
  8778.94922  1.01244569
  8779.7998  0.991393983
  8780.64941  0.980362475
  8781.5  1.00294864
  8782.34961  1.00294912
  8783.19922  0.984886467
  8784.0498  0.974638224
  8784.89941  0.97019726
  8785.75  0.982430875
  8786.59961  0.999633491
  8787.44922  1.01345503
  8788.2998  1.01423347
  8789.14941  0.993651092
  8790.  0.975526869
  8790.84961  0.972986221
  8791.69922  0.956048667
  8792.5498  0.951256037
  8793.39941  0.977614403
  8794.25  0.988155425
  8795.09961  0.985206842
  8795.94922  0.996148765
  8796.7998  0.986099243
  8797.64941  0.967398584
  8798.5  0.981188715
  8799.34961  0.994325638
  8800.19922  0.995275557
  8801.0498  0.999083996
  8801.89941  0.991734624
  8802.75  0.974993825
  8803.59961  0.966082871
  8804.44922  0.960921943
  8805.2998  0.929169774
  8806.14941  0.910802901
  8807.  0.918319523
  8807.84961  0.929784
  8808.69922  0.94372195
  8809.5498  0.962243438
  8810.39941  0.983836949
  8811.25  1.0021441
  8812.09961  1.01291549
  8812.94922  1.00193608
  8813.7998  0.987552583
  8814.64941  0.999199808
  8815.5  1.01361942
  8816.34961  0.996305346
  8817.19922  0.974729121
  8818.0498  0.964931071
  8818.89941  0.963901818
  8819.75  0.978174925
  8820.59961  0.993340433
  8821.44922  0.996113718
  8822.2998  0.979806066
  8823.14941  0.953153193
  8824.  0.965494096
  8824.84961  0.976838708
  8825.69922  0.982714057
  8826.5498  0.970014691
  8827.39941  0.959335923
  8828.25  0.954858482
  8829.09961  0.973914564
  8829.94922  0.978669941
  8830.7998  0.976142585
  8831.64941  0.985058844
  8832.5  0.976990759
  8833.34961  0.972459376
  8834.19922  0.981676459
  8835.0498  0.977943718
  8835.89941  0.974763334
  8836.75  0.985715091
  8837.59961  0.984698176
  8838.44922  0.965533614
  8839.2998  0.975861847
  8840.14941  0.998494267
  8841.  1.00340128
  8841.84961  1.00252581
  8842.69922  1.00529611
  8843.5498  0.99038142
  8844.39941  0.968486369
  8845.25  0.965812206
  8846.09961  0.971590102
  8846.94922  0.97927165
  8847.7998  0.989817858
  8848.64941  0.998667657
  8849.5  1.01711512
  8850.34961  1.03025496
  8851.19922  1.00491858
  8852.0498  0.978668272
  8852.89941  0.977757335
  8853.75  0.98641938
  8854.59961  0.989594221
  8855.44922  0.981715918
  8856.2998  0.979160607
  8857.14941  0.990944862
  8858.  0.968313456
  8858.84961  0.944824874
  8859.69922  0.936530709
  8860.5498  0.937082767
  8861.39941  0.909040689
  8862.25  0.90072149
  8863.09961  0.901247442
  8863.94922  0.89542824
  8864.7998  0.897038341
  8865.64941  0.914032698
  8866.5  0.937846422
  8867.34961  0.948339343
  8868.19922  0.938997626
  8869.0498  0.947940469
  8869.89941  0.964590967
  8870.75  0.966534674
  8871.59961  0.978494585
  8872.44922  1.00001371
  8873.2998  0.985625565
  8874.14941  0.962312102
  8875.  0.954575241
  8875.84961  0.951166511
  8876.69922  0.977498412
  8877.5498  0.993093908
  8878.39941  0.982516706
  8879.25  0.981934547
  8880.09961  0.984539807
  8880.94922  0.975962758
  8881.7998  0.979238033
  8882.64941  0.979422867
  8883.5  0.989530683
  8884.34961  0.983387947
  8885.19922  0.986563623
  8886.0498  0.995594263
  8886.89941  1.01897967
  8887.75  1.03613198
  8888.59961  1.03315151
  8889.44922  1.00515366
  8890.2998  0.985627413
  8891.14941  0.982788444
  8892.  0.963376582
  8892.84961  0.95341748
  8893.69922  0.963713586
  8894.5498  0.991698384
  8895.39941  0.987659216
  8896.25  0.966264069
  8897.09961  0.975834668
  8897.94922  0.973201454
  8898.7998  0.965693057
  8899.64941  0.972788274
  8900.5  0.976767719
  8901.34961  1.00060558
  8902.19922  1.01519823
  8903.0498  0.991419554
  8903.89941  0.989217043
  8904.75  0.988417566
  8905.59961  0.995684505
  8906.44922  1.0083648
  8907.2998  1.00471187
  8908.14941  0.99191153
  8909.  0.993704021
  8909.84961  0.965360105
  8910.69922  0.942112327
  8911.5498  0.95223403
  8912.39941  0.964064121
  8913.25  0.979582846
  8914.09961  1.00211406
  8914.94922  1.01601708
  8915.7998  1.00648201
  8916.64941  0.995372951
  8917.5  0.999096513
  8918.34961  0.981255472
  8919.19922  0.990361392
  8920.0498  0.996623576
  8920.89941  0.99372071
  8921.75  0.985862136
  8922.59961  0.98202461
  8923.44922  0.960270524
  8924.2998  0.958867788
  8925.14941  0.927133083
  8926.  0.928846955
  8926.84961  0.93665415
  8927.69922  0.939877033
  8928.5498  0.922402203
  8929.39941  0.904958665
  8930.25  0.926784992
  8931.09961  0.95276469
  8931.94922  0.966041088
  8932.7998  0.975825667
  8933.64941  0.972908676
  8934.5  0.959574878
  8935.34961  0.959829748
  8936.19922  0.978812993
  8937.0498  0.954551935
  8937.89941  0.960756958
  8938.75  1.00435627
  8939.59961  0.992045879
  8940.44922  0.943079293
  8941.2998  0.933104813
  8942.14941  0.938604414
  8943.  0.933426082
  8943.84961  0.933004141
  8944.69922  0.942748725
  8945.5498  0.959809601
  8946.39941  0.951601326
  8947.25  0.933336675
  8948.09961  0.922533035
  8948.94922  0.908968925
  8949.7998  0.92904079
  8950.64941  0.955730915
  8951.5  0.940733373
  8952.34961  0.908086181
  8953.19922  0.921933234
  8954.0498  0.938979924
  8954.89941  0.872836232
  8955.75  0.850345075
  8956.59961  0.929290771
  8957.44922  0.979099095
  8958.2998  0.944838405
  8959.14941  0.923356533
  8960.  0.951265037
  8960.84961  0.979238391
  8961.69922  0.97054249
  8962.5498  0.875299573
  8963.39941  0.816815853
  8964.25  0.860558033
  8965.09961  0.892346621
  8965.94922  0.872502506
  8966.7998  0.865573168
  8967.64941  0.893601418
  8968.5  0.918173015
  8969.34961  0.942973197
  8970.19922  0.96090889
  8971.0498  0.905425012
  8971.89941  0.819843769
  8972.75  0.814638913
  8973.59961  0.853259087
  8974.44922  0.863115788
  8975.2998  0.862983167
  8976.14941  0.897699296
  8977.  0.915510237
  8977.84961  0.92548722
  8978.69922  0.950862586
  8979.5498  0.945380509
  8980.39941  0.854948938
  8981.25  0.796485782
  8982.09961  0.873634338
  8982.94922  0.966238797
  8983.7998  0.987125814
  8984.64941  0.968219995
  8985.5  0.975759745
  8986.34961  0.928506732
  8987.19922  0.784331024
  8988.0498  0.679512203
  8988.89941  0.716069639
  8989.75  0.774515808
  8990.59961  0.786404729
  8991.44922  0.699855149
  8992.2998  0.647196174
  8993.14941  0.77463758
  8994.  0.90403682
  8994.84961  0.942377567
  8995.69922  0.987300754
  8996.5498  0.989761591
  8997.39941  0.959766746
  8998.25  0.942491233
  8999.09961  0.938602746
  8999.94922  0.876775086
  9000.7998  0.740421474
  9001.64941  0.786655009
  9002.5  0.916820586
  9003.34961  0.894125462
  9004.19922  0.785598814
  9005.0498  0.81606847
  9005.89941  0.900510192
  9006.75  0.890153825
  9007.59961  0.798997402
  9008.44922  0.77087611
  9009.2998  0.829912603
  9010.14941  0.873225212
  9011.  0.870231926
  9011.84961  0.819732428
  9012.69922  0.757036924
  9013.5498  0.807867587
  9014.39941  0.843809068
  9015.25  0.84079212
  9016.09961  0.78262037
  9016.94922  0.66393739
  9017.7998  0.65864408
  9018.64941  0.802919865
  9019.5  0.899326861
