  8348.84961  0.930508077
  8349.69922  0.966551244
  8350.5498  0.989824116
  8351.39941  1.01563597
  8352.25  1.0553968
  8353.09961  1.07120204
  8353.94922  1.05133021
  8354.7998  1.01340413
  8355.64941  0.976267338
  8356.5  0.98329711
  8357.34961  0.983449578
  8358.19922  0.984891355
  8359.0498  1.01640689
  8359.89941  1.04393375
  8360.75  1.06527841
  8361.59961  1.08183539
  8362.44922  1.06565797
  8363.2998  1.02597523
  8364.14941  1.03025293
  8365.  1.05100989
  8365.84961  1.06757569
  8366.69922  1.08999693
  8367.5498  1.10256898
  8368.39941  1.09461427
  8369.25  1.06529915
  8370.09961  1.05388749
  8370.94922  1.07752109
  8371.7998  1.08350074
  8372.64941  1.08890641
  8373.5  1.10754418
  8374.34961  1.12363672
  8375.19922  1.08496308
  8376.0498  1.02227342
  8376.89941  0.991175234
  8377.75  1.00979722
  8378.59961  1.06362462
  8379.44922  1.10178649
  8380.2998  1.11307061
  8381.14941  1.07276332
  8382.  1.00886953
  8382.84961  1.0175755
  8383.69922  1.04764104
  8384.5498  1.04900908
  8385.39941  1.03768742
  8386.25  1.01002872
  8387.09961  0.978293598
  8387.94922  0.970912993
  8388.7998  0.996149302
  8389.64941  1.03650141
  8390.5  1.06282771
  8391.34961  1.0831275
  8392.19922  1.10552073
  8393.0498  1.1105001
  8393.89941  1.08722901
  8394.75  1.06314707
  8395.59961  1.04029667
  8396.44922  1.03328001
  8397.2998  1.04099357
  8398.14941  1.06641889
  8399.  1.10599113
  8399.84961  1.10181856
  8400.69922  1.04432487
  8401.5498  0.999945045
  8402.39941  1.01847434
  8403.25  1.05125356
  8404.09961  1.07047808
  8404.94922  1.09019816
  8405.7998  1.10351658
  8406.64941  1.09341741
  8407.5  1.08686948
  8408.34961  1.07289374
  8409.19922  1.07030845
  8410.0498  1.05826759
  8410.89941  1.0307138
  8411.75  1.01916313
  8412.59961  1.02784383
  8413.44922  1.08077705
  8414.2998  1.10940051
  8415.14941  1.0999198
  8416.  1.07200873
  8416.84961  1.04033625
  8417.69922  1.03352594
  8418.5498  1.03897882
  8419.39941  1.03944862
  8420.25  1.04687059
  8421.09961  1.06371808
  8421.94922  1.07370341
  8422.7998  1.06000626
  8423.64941  1.05057609
  8424.5  1.04111576
  8425.34961  1.0209837
  8426.19922  1.01872122
  8427.0498  1.052104
  8427.89941  1.0806129
  8428.75  1.0905056
  8429.59961  1.11589992
  8430.44922  1.13526344
  8431.2998  1.09884381
  8432.14941  1.05880821
  8433.  1.03881931
  8433.84961  0.996676624
  8434.69922  0.957468331
  8435.5498  0.971922219
  8436.39941  1.01709163
  8437.25  1.0401057
  8438.09961  1.02177
  8438.94922  1.0007776
  8439.7998  1.01189375
  8440.64941  1.06078696
  8441.5  1.10422409
  8442.34961  1.11135924
  8443.19922  1.09433162
  8444.0498  1.07488656
  8444.89941  1.05296266
  8445.75  1.02646363
  8446.59961  1.03591812
  8447.44922  1.06400013
  8448.2998  1.06248426
  8449.14941  1.05097985
  8450.  1.0499332
  8450.84961  1.06686747
  8451.69922  1.08644247
  8452.5498  1.1053232
  8453.39941  1.10172534
  8454.25  1.07501197
  8455.09961  1.06686211
  8455.94922  1.08115137
  8456.7998  1.09143424
  8457.64941  1.07072783
  8458.5  1.04809511
  8459.34961  1.05857325
  8460.19922  1.07930434
  8461.0498  1.07586372
  8461.89941  1.07045686
  8462.75  1.06262767
  8463.59961  1.0653553
  8464.44922  1.08598697
  8465.2998  1.09088445
  8466.14941  1.0812583
  8467.  1.02338958
  8467.84961  0.972425163
  8468.69922  1.00557339
  8469.5498  1.05378222
  8470.39941  1.05115712
  8471.25  1.04545772
  8472.09961  1.05266452
  8472.94922  1.07657695
  8473.7998  1.09451532
  8474.64941  1.09937668
  8475.5  1.07898235
  8476.34961  1.06753612
  8477.19922  1.07644403
  8478.0498  1.07895482
  8478.89941  1.07500398
  8479.75  1.06598842
  8480.59961  1.05377126
  8481.44922  1.04346442
  8482.2998  1.04879141
  8483.14941  1.07038629
  8484.  1.07369149
  8484.84961  1.06448984
  8485.69922  1.07856667
  8486.5498  1.08555317
  8487.39941  1.07312787
  8488.25  1.06079984
  8489.09961  1.05997646
  8489.94922  1.05333817
  8490.7998  1.03401935
  8491.64941  1.03063607
  8492.5  1.04960549
  8493.34961  1.06609166
  8494.19922  1.06071508
  8495.0498  1.01235807
  8495.89941  0.915137172
  8496.75  0.803534389
  8497.59961  0.715126872
  8498.44922  0.722139537
  8499.2998  0.820741236
  8500.14941  0.911093235
  8501.  0.947561502
  8501.84961  0.964863062
  8502.69922  0.993968368
  8503.5498  1.02307844
  8504.39941  1.04106784
  8505.25  1.05051446
  8506.09961  1.06580865
  8506.94922  1.07619619
  8507.7998  1.0732305
  8508.64941  1.06140614
  8509.5  1.05045962
  8510.34961  1.04505587
  8511.19922  1.05423105
  8512.0498  1.04257441
  8512.89941  0.995449126
  8513.75  0.955354273
  8514.59961  0.953885794
  8515.44922  0.988931
  8516.2998  1.01886165
  8517.14941  1.01725674
  8518.  1.01674008
  8518.84961  1.0347656
  8519.69922  1.05325007
  8520.5498  1.05162525
  8521.39941  1.05136788
  8522.25  1.06177592
  8523.09961  1.06371737
  8523.94922  1.05196857
  8524.7998  1.02059972
  8525.64941  1.00176549
  8526.5  1.00306225
  8527.34961  1.02136683
  8528.19922  1.04640019
  8529.0498  1.04751182
  8529.89941  1.04175246
  8530.75  1.03496253
  8531.59961  1.03413773
  8532.44922  1.03132522
  8533.2998  1.02472937
  8534.14941  1.02937698
  8535.  1.00828433
  8535.84961  0.95726794
  8536.69922  0.925036132
  8537.5498  0.906934679
  8538.39941  0.867512465
  8539.25  0.801645935
  8540.09961  0.700042546
  8540.94922  0.56361258
  8541.7998  0.481651068
  8542.64941  0.531491101
  8543.5  0.651177168
  8544.34961  0.755936742
  8545.19922  0.827680647
  8546.0498  0.86691606
  8546.89941  0.894651532
  8547.75  0.925427914
  8548.59961  0.959362805
  8549.44922  0.986460745
  8550.2998  0.991450071
  8551.14941  0.998494446
  8552.  1.01625562
  8552.84961  1.04252291
  8553.69922  1.04483676
  8554.5498  1.01969814
  8555.39941  0.998182714
  8556.25  0.987477422
  8557.09961  1.00810075
  8557.94922  1.03843331
  8558.7998  1.05212808
  8559.64941  1.05426919
  8560.5  1.05614519
  8561.34961  1.05090761
  8562.19922  1.05051172
  8563.0498  1.04003823
  8563.89941  1.03012192
  8564.75  1.04672551
  8565.59961  1.06880295
  8566.44922  1.07619786
  8567.2998  1.07529998
  8568.14941  1.05549991
  8569.  1.04054749
  8569.84961  1.04085422
  8570.69922  1.03138471
  8571.5498  1.03132904
  8572.39941  1.03240335
  8573.25  1.02959645
  8574.09961  1.01565456
  8574.94922  1.00543499
  8575.7998  1.02262437
  8576.64941  1.05896568
  8577.5  1.08140838
  8578.34961  1.05827379
  8579.19922  1.04539418
  8580.0498  1.0553664
  8580.89941  1.03732204
  8581.75  1.0099355
  8582.59961  1.0071336
  8583.44922  1.01348317
  8584.2998  1.02260208
  8585.14941  1.02300858
  8586.  1.01795304
  8586.84961  1.019508
  8587.69922  1.02857089
  8588.5498  1.050318
  8589.39941  1.06538236
  8590.25  1.05744505
  8591.09961  1.0427748
  8591.94922  1.03740215
  8592.7998  1.03178394
  8593.64941  1.03518641
  8594.5  1.0501852
  8595.34961  1.05381107
  8596.19922  1.04239285
  8597.0498  1.02835751
  8597.89941  1.03098369
  8598.75  1.04090083
  8599.59961  1.03187621
  8600.44922  1.03674626
  8601.2998  1.05115163
  8602.14941  1.04732132
  8603.  1.03724539
  8603.84961  1.02625287
  8604.69922  1.02599502
  8605.5498  1.03116977
  8606.39941  1.02169693
  8607.25  1.01224434
  8608.09961  1.0168674
  8608.94922  1.0164355
  8609.7998  1.00457227
  8610.64941  0.992595196
  8611.5  0.978384316
  8612.34961  0.988074601
  8613.19922  1.02670574
  8614.0498  1.04784918
  8614.89941  1.04264116
  8615.75  1.03464913
  8616.59961  1.04101467
  8617.44922  1.04678226
  8618.2998  1.04574716
  8619.14941  1.05446601
  8620.  1.04933321
  8620.84961  1.01795709
  8621.69922  1.00474119
  8622.5498  1.0164547
  8623.39941  1.03631353
  8624.25  1.05634427
  8625.09961  1.06426215
  8625.94922  1.06493628
  8626.7998  1.06395435
  8627.64941  1.06354642
  8628.5  1.06144917
  8629.34961  1.04954076
  8630.19922  1.03326571
  8631.0498  1.03572583
  8631.89941  1.04624736
  8632.75  1.05806565
  8633.59961  1.05576229
  8634.44922  1.04654741
  8635.2998  1.05860078
  8636.14941  1.07055879
  8637.  1.0624963
  8637.84961  1.04244208
  8638.69922  1.03969359
  8639.5498  1.03651512
  8640.39941  1.04337204
  8641.25  1.04648447
  8642.09961  1.01193714
  8642.94922  1.00865936
  8643.7998  1.0349983
  8644.64941  1.03940558
  8645.5  1.03159606
  8646.34961  1.02538693
  8647.19922  0.994228601
  8648.0498  0.966754079
  8648.89941  0.99043262
  8649.75  1.00759518
  8650.59961  1.01269698
  8651.44922  0.995592415
  8652.2998  0.9890576
  8653.14941  0.997263551
  8654.  0.99159193
  8654.84961  0.991313398
  8655.69922  0.98959893
  8656.5498  0.977092385
  8657.39941  0.942477465
  8658.25  0.90464139
  8659.09961  0.868447006
  8659.94922  0.792651296
  8660.7998  0.643098652
  8661.64941  0.519143462
  8662.5  0.535517514
  8663.34961  0.639015436
  8664.19922  0.763605118
  8665.0498  0.856087625
  8665.89941  0.923097789
  8666.75  0.953536153
  8667.59961  0.95476222
  8668.44922  0.957262516
  8669.2998  0.970961213
  8670.14941  0.990704596
  8671.  1.00152421
  8671.84961  1.0019846
  8672.69922  0.991395593
  8673.5498  0.966515899
  8674.39941  0.948492289
  8675.25  0.965801597
  8676.09961  0.994558692
  8676.94922  1.00336123
  8677.7998  1.00280285
  8678.64941  0.996176839
  8679.5  0.97882092
  8680.34961  0.981367409
  8681.19922  1.00257313
  8682.0498  1.0054487
  8682.89941  1.00552654
  8683.75  1.02745235
  8684.59961  1.03947735
  8685.44922  1.03288817
  8686.2998  1.00448573
  8687.14941  0.951046288
  8688.  0.913507342
  8688.84961  0.914228618
  8689.69922  0.953944743
  8690.5498  1.00819242
  8691.39941  1.02004302
  8692.25  1.02106714
  8693.09961  1.01822186
  8693.94922  1.00411201
  8694.7998  1.0064981
  8695.64941  1.02165782
  8696.5  1.02800131
  8697.34961  1.00927377
  8698.19922  0.977404654
  8699.0498  0.972942233
  8699.89941  1.00009775
  8700.75  1.02380145
  8701.59961  1.01934159
  8702.44922  1.01442122
  8703.2998  1.01603997
  8704.14941  1.01286268
  8705.  1.01499236
  8705.84961  1.03239942
  8706.69922  1.03628349
  8707.5498  1.02437639
  8708.39941  1.00975049
  8709.25  0.986046135
  8710.09961  0.966764569
  8710.94922  0.968957007
  8711.7998  0.973334789
  8712.64941  0.969165921
  8713.5  0.977077603
  8714.34961  0.990122199
  8715.19922  0.997904956
  8716.0498  1.00560248
  8716.89941  1.01834202
  8717.75  1.02208173
  8718.59961  1.01423419
  8719.44922  1.01109087
  8720.2998  1.00752497
  8721.14941  1.02349055
  8722.  1.04780388
  8722.84961  1.0443784
  8723.69922  1.01878881
  8724.5498  1.01079965
  8725.39941  1.02162683
  8726.25  1.02104521
  8727.09961  1.00538778
  8727.94922  0.989332318
  8728.7998  0.975209057
  8729.64941  0.983168244
  8730.5  1.01093423
  8731.34961  1.03745139
  8732.19922  1.0511483
  8733.0498  1.04209054
  8733.89941  1.01968133
  8734.75  0.990471184
  8735.59961  0.973714113
  8736.44922  0.991171658
  8737.2998  1.02060938
  8738.14941  1.02503645
  8739.  1.00778258
  8739.84961  1.00192666
  8740.69922  1.01344109
  8741.5498  1.00426555
  8742.39941  0.977477491
  8743.25  0.982622802
  8744.09961  1.01411402
  8744.94922  1.02464223
  8745.7998  1.00826263
  8746.64941  1.00355411
  8747.5  1.02346659
  8748.34961  1.04255033
  8749.19922  1.03500164
  8750.0498  1.00126266
  8750.89941  0.975290298
  8751.75  0.973589361
  8752.59961  0.983938158
  8753.44922  1.00954771
  8754.2998  1.02271795
  8755.14941  1.01750672
  8756.  0.984306753
  8756.84961  0.962416649
  8757.69922  0.993602335
  8758.5498  1.0459435
  8759.39941  1.05539668
  8760.25  1.04463732
  8761.09961  1.05120349
  8761.94922  1.04137731
  8762.7998  1.01224995
  8763.64941  0.98538816
  8764.5  0.980773926
  8765.34961  0.992447078
  8766.19922  1.00356448
  8767.0498  1.02485824
  8767.89941  1.04032099
  8768.75  1.02234674
  8769.59961  0.994011045
  8770.44922  0.991735339
  8771.2998  1.00298607
  8772.14941  0.993350089
  8773.  0.978634953
  8773.84961  0.980548203
  8774.69922  0.999445498
  8775.5498  1.03269517
  8776.39941  1.06381595
  8777.25  1.07376015
  8778.09961  1.04849005
  8778.94922  1.00658834
  8779.7998  0.969240665
  8780.64941  0.956698656
  8781.5  0.983611166
  8782.34961  1.0102936
  8783.19922  1.00247061
  8784.0498  0.986792564
  8784.89941  0.999688029
  8785.75  1.0304482
  8786.59961  1.03969514
  8787.44922  1.02625
  8788.2998  1.0115087
  8789.14941  0.9906618
  8790.  0.987299025
  8790.84961  1.02174675
  8791.69922  1.03913069
  8792.5498  0.993427932
  8793.39941  0.957313538
  8794.25  0.966700196
  8795.09961  0.984903693
  8795.94922  0.995324552
  8796.7998  1.00157082
  8797.64941  1.00371635
  8798.5  1.0157187
  8799.34961  1.02445996
  8800.19922  1.01536167
  8801.0498  1.00827146
  8801.89941  1.0155127
  8802.75  1.01808524
  8803.59961  0.995910943
  8804.44922  0.963863671
  8805.2998  0.92633462
  8806.14941  0.887851775
  8807.  0.885296762
  8807.84961  0.930443525
  8808.69922  0.977220535
  8809.5498  1.00598097
  8810.39941  1.01444197
  8811.25  1.01071095
  8812.09961  1.02040124
  8812.94922  1.03008246
  8813.7998  1.02473187
  8814.64941  1.02722287
  8815.5  1.03422153
  8816.34961  1.01708341
  8817.19922  1.00483477
  8818.0498  1.00829971
  8818.89941  1.00602615
  8819.75  1.01688504
  8820.59961  1.02507782
  8821.44922  1.02464962
  8822.2998  1.00498402
  8823.14941  0.958071172
  8824.  0.928894639
  8824.84961  0.963769138
  8825.69922  1.02787757
  8826.5498  1.06286108
  8827.39941  1.04450583
  8828.25  0.999705732
  8829.09961  0.95338124
  8829.94922  0.967564523
  8830.7998  1.00590479
  8831.64941  1.02596831
  8832.5  1.03362274
  8833.34961  1.0276798
  8834.19922  1.01619089
  8835.0498  1.0062387
  8835.89941  0.993326724
  8836.75  0.97980696
  8837.59961  0.962200105
  8838.44922  0.944467962
  8839.2998  0.94569546
  8840.14941  0.970136046
  8841.  0.98821491
  8841.84961  0.993649125
  8842.69922  0.995558262
  8843.5498  0.99188292
  8844.39941  0.988283217
  8845.25  0.995942533
  8846.09961  0.998319983
  8846.94922  1.00270069
  8847.7998  1.00647116
  8848.64941  1.00561118
  8849.5  1.00918877
  8850.34961  1.01917183
  8851.19922  1.02433169
  8852.0498  1.02414262
  8852.89941  1.03534937
  8853.75  1.03383052
  8854.59961  1.01702261
  8855.44922  1.00271583
  8856.2998  0.996654749
  8857.14941  1.00321901
  8858.  1.00658321
  8858.84961  1.00872087
  8859.69922  1.00580013
  8860.5498  0.978213847
  8861.39941  0.947013259
  8862.25  0.938852072
  8863.09961  0.948189974
  8863.94922  0.974474967
  8864.7998  0.987856627
  8865.64941  0.959020853
  8866.5  0.924360871
  8867.34961  0.918277919
  8868.19922  0.950589061
  8869.0498  0.975715637
  8869.89941  0.978675306
  8870.75  0.980218291
  8871.59961  0.996250808
  8872.44922  1.01199782
  8873.2998  1.01189792
  8874.14941  0.992990017
  8875.  0.975407958
  8875.84961  0.97805196
  8876.69922  0.99831444
  8877.5498  1.01051998
  8878.39941  1.01058817
  8879.25  1.00874841
  8880.09961  1.00971448
  8880.94922  1.00735283
  8881.7998  1.00301075
  8882.64941  1.00017583
  8883.5  1.00984371
  8884.34961  1.0285666
  8885.19922  1.05894446
  8886.0498  1.08571494
  8886.89941  1.06252384
  8887.75  1.02230203
  8888.59961  1.01903236
  8889.44922  1.01482737
  8890.2998  0.994636655
  8891.14941  0.984436512
  8892.  0.98954004
  8892.84961  0.996986449
  8893.69922  1.0023551
  8894.5498  1.01935911
  8895.39941  1.04161537
  8896.25  1.03396237
  8897.09961  0.995413005
  8897.94922  0.969423354
  8898.7998  0.972784996
  8899.64941  0.997755527
  8900.5  1.01541114
  8901.34961  1.01202571
  8902.19922  0.992731094
  8903.0498  0.997301698
  8903.89941  1.01880145
  8904.75  1.00591624
  8905.59961  0.99413687
  8906.44922  1.01467741
  8907.2998  1.02036643
  8908.14941  1.00300634
  8909.  1.00774777
  8909.84961  1.01935184
  8910.69922  0.995418966
  8911.5498  0.963170707
  8912.39941  0.961792409
  8913.25  0.981903613
  8914.09961  1.00335538
  8914.94922  1.02009475
  8915.7998  1.02180552
  8916.64941  1.02017343
  8917.5  1.01894462
  8918.34961  1.00805199
  8919.19922  1.00342011
  8920.0498  1.01577759
  8920.89941  0.984774768
  8921.75  0.948297262
  8922.59961  0.963820457
  8923.44922  0.985095918
  8924.2998  0.984568238
  8925.14941  0.970676064
  8926.  0.958344281
  8926.84961  0.96113658
  8927.69922  0.979686201
  8928.5498  0.995196998
  8929.39941  0.97446835
  8930.25  0.941205084
  8931.09961  0.948884904
  8931.94922  0.981547415
  8932.7998  0.979661286
  8933.64941  0.983276427
  8934.5  0.989076138
  8935.34961  0.980801284
  8936.19922  0.979936659
  8937.0498  0.977823317
  8937.89941  0.968005359
  8938.75  0.966479778
  8939.59961  0.981917799
  8940.44922  0.977076948
  8941.2998  0.963040411
  8942.14941  0.958348572
  8943.  0.939196229
  8943.84961  0.922744274
  8944.69922  0.905529737
  8945.5498  0.895259321
  8946.39941  0.907801986
  8947.25  0.917187095
  8948.09961  0.911680698
  8948.94922  0.915675581
  8949.7998  0.934530199
  8950.64941  0.944799364
  8951.5  0.952484846
  8952.34961  0.961452961
  8953.19922  0.946618855
  8954.0498  0.930242658
  8954.89941  0.922330737
  8955.75  0.904974699
  8956.59961  0.881332815
  8957.44922  0.89705956
  8958.2998  0.941460252
  8959.14941  0.948824942
  8960.  0.933991611
  8960.84961  0.935267866
  8961.69922  0.946650505
  8962.5498  0.907501876
  8963.39941  0.837544501
  8964.25  0.790704787
  8965.09961  0.781089664
  8965.94922  0.779280305
  8966.7998  0.773904383
  8967.64941  0.795160115
  8968.5  0.848570645
  8969.34961  0.896556199
  8970.19922  0.924900651
  8971.0498  0.928090751
  8971.89941  0.875826776
  8972.75  0.807648122
  8973.59961  0.787659526
  8974.44922  0.799898922
  8975.2998  0.798015356
  8976.14941  0.794980884
  8977.  0.825978637
  8977.84961  0.872664094
  8978.69922  0.918399394
  8979.5498  0.947365046
  8980.39941  0.928453743
  8981.25  0.870074928
  8982.09961  0.821938515
  8982.94922  0.828671753
  8983.7998  0.870390415
  8984.64941  0.912781894
  8985.5  0.945928454
  8986.34961  0.933894098
  8987.19922  0.857750893
  8988.0498  0.750409663
  8988.89941  0.669433534
  8989.75  0.649605334
  8990.59961  0.668408155
  8991.44922  0.669076979
  8992.2998  0.626124084
  8993.14941  0.607640505
  8994.  0.66590327
  8994.84961  0.765755355
  8995.69922  0.866137624
  8996.5498  0.925991595
  8997.39941  0.946977079
  8998.25  0.941937208
  8999.09961  0.911255777
  8999.94922  0.867627323
  9000.7998  0.804020166
  9001.64941  0.763239384
  9002.5  0.794403017
  9003.34961  0.833840966
  9004.19922  0.802269638
  9005.0498  0.752846301
  9005.89941  0.759689212
  9006.75  0.802397668
  9007.59961  0.79290396
  9008.44922  0.751510501
  9009.2998  0.757086694
  9010.14941  0.785137296
  9011.  0.815318286
  9011.84961  0.846279502
  9012.69922  0.831746876
  9013.5498  0.806569219
  9014.39941  0.81604749
  9015.25  0.857344806
  9016.09961  0.884924948
  9016.94922  0.838651717
  9017.7998  0.754222512
  9018.64941  0.724680424
  9019.5  0.787904263
