  8348.84961  0.93464762
  8349.69922  1.00884438
  8350.5498  1.07453072
  8351.39941  1.0707047
  8352.25  1.00565529
  8353.09961  0.98350668
  8353.94922  1.02543187
  8354.7998  1.04542136
  8355.64941  1.02839005
  8356.5  1.03058398
  8357.34961  1.0360446
  8358.19922  1.03445399
  8359.0498  1.05010295
  8359.89941  1.04698086
  8360.75  1.02167773
  8361.59961  1.02208459
  8362.44922  1.01311016
  8363.2998  0.952009797
  8364.14941  0.924495935
  8365.  0.959180176
  8365.84961  1.00232553
  8366.69922  1.06049538
  8367.5498  1.10274971
  8368.39941  1.08678472
  8369.25  1.0446744
  8370.09961  1.02759194
  8370.94922  1.03150928
  8371.7998  1.03328288
  8372.64941  1.03411043
  8373.5  1.04024339
  8374.34961  1.0502938
  8375.19922  1.05276573
  8376.0498  1.02637267
  8376.89941  0.95566678
  8377.75  0.932711363
  8378.59961  1.00886631
  8379.44922  1.07432055
  8380.2998  1.08845925
  8381.14941  1.01844311
  8382.  0.844818532
  8382.84961  0.816746652
  8383.69922  0.937545121
  8384.5498  1.01880252
  8385.39941  1.01487827
  8386.25  0.962675452
  8387.09961  0.882817388
  8387.94922  0.879366577
  8388.7998  0.932907403
  8389.64941  0.976735473
  8390.5  1.02136385
  8391.34961  1.0558821
  8392.19922  1.07892454
  8393.0498  1.07468772
  8393.89941  1.05827022
  8394.75  1.06140363
  8395.59961  1.02181315
  8396.44922  0.958303452
  8397.2998  0.977433741
  8398.14941  1.04097891
  8399.  1.07295012
  8399.84961  1.0694859
  8400.69922  1.03426671
  8401.5498  1.00711906
  8402.39941  1.03028846
  8403.25  1.06099236
  8404.09961  1.05564702
  8404.94922  1.04931283
  8405.7998  1.06930721
  8406.64941  1.08017623
  8407.5  1.0647049
  8408.34961  1.06264472
  8409.19922  1.0845623
  8410.0498  1.08797336
  8410.89941  1.03067732
  8411.75  0.953960538
  8412.59961  0.952422857
  8413.44922  1.00066936
  8414.2998  1.04195261
  8415.14941  1.07162416
  8416.  1.04471791
  8416.84961  0.991146147
  8417.69922  1.00028026
  8418.5498  1.03078961
  8419.39941  1.03243458
  8420.25  1.04043674
  8421.09961  1.0563823
  8421.94922  1.04113674
  8422.7998  1.00329185
  8423.64941  0.982241035
  8424.5  0.985345483
  8425.34961  0.933350265
  8426.19922  0.869519234
  8427.0498  0.93489176
  8427.89941  1.0472641
  8428.75  1.08386397
  8429.59961  1.08049858
  8430.44922  1.08269
  8431.2998  1.08580422
  8432.14941  1.07838714
  8433.  1.05346549
  8433.84961  0.947588325
  8434.69922  0.806718171
  8435.5498  0.815599024
  8436.39941  0.950498819
  8437.25  1.03836322
  8438.09961  1.01652122
  8438.94922  0.963622451
  8439.7998  0.965984523
  8440.64941  1.00915527
  8441.5  1.04474366
  8442.34961  1.05131805
  8443.19922  1.0488019
  8444.0498  1.05142903
  8444.89941  1.03782761
  8445.75  1.00682986
  8446.59961  0.985041618
  8447.44922  0.999029219
  8448.2998  1.02468991
  8449.14941  1.00814939
  8450.  0.974514484
  8450.84961  0.993832409
  8451.69922  1.04597616
  8452.5498  1.06703377
  8453.39941  1.06099069
  8454.25  1.04771149
  8455.09961  1.02416611
  8455.94922  0.994791985
  8456.7998  0.984846413
  8457.64941  1.00828552
  8458.5  1.03419662
  8459.34961  1.04193771
  8460.19922  1.04612708
  8461.0498  1.05617988
  8461.89941  1.06656885
  8462.75  1.05564761
  8463.59961  1.03343427
  8464.44922  1.00753081
  8465.2998  0.985551059
  8466.14941  0.971303046
  8467.  0.945372343
  8467.84961  0.902562141
  8468.69922  0.922663927
  8469.5498  0.999001861
  8470.39941  1.03207374
  8471.25  1.01997471
  8472.09961  1.02663016
  8472.94922  1.05768287
  8473.7998  1.07573116
  8474.64941  1.08742595
  8475.5  1.08928347
  8476.34961  1.07025492
  8477.19922  1.05735791
  8478.0498  1.06489956
  8478.89941  1.0615536
  8479.75  1.04210806
  8480.59961  1.01960552
  8481.44922  1.00331867
  8482.2998  1.00152385
  8483.14941  1.02377486
  8484.  1.05034471
  8484.84961  1.05860841
  8485.69922  1.05825818
  8486.5498  1.04691315
  8487.39941  1.03044152
  8488.25  1.03514171
  8489.09961  1.06499863
  8489.94922  1.07536864
  8490.7998  1.05964041
  8491.64941  1.04949951
  8492.5  1.03884053
  8493.34961  1.01642013
  8494.19922  0.993644118
  8495.0498  0.961256862
  8495.89941  0.883893192
  8496.75  0.722326934
  8497.59961  0.577148676
  8498.44922  0.621684968
  8499.2998  0.802007496
  8500.14941  0.941990793
  8501.  0.988996029
  8501.84961  0.992055058
  8502.69922  1.00043082
  8503.5498  1.01684749
  8504.39941  1.02934456
  8505.25  1.04231799
  8506.09961  1.05697834
  8506.94922  1.0743506
  8507.7998  1.09271741
  8508.64941  1.09527791
  8509.5  1.07243061
  8510.34961  1.04208279
  8511.19922  1.03451145
  8512.0498  1.0351367
  8512.89941  0.996335983
  8513.75  0.918877602
  8514.59961  0.892253458
  8515.44922  0.952593207
  8516.2998  1.00280106
  8517.14941  0.971811891
  8518.  0.931660414
  8518.84961  0.967557609
  8519.69922  1.02547383
  8520.5498  1.04387081
  8521.39941  1.04028738
  8522.25  1.03502035
  8523.09961  1.03563249
  8523.94922  1.03922296
  8524.7998  1.02566409
  8525.64941  0.999592543
  8526.5  0.996165872
  8527.34961  1.0131222
  8528.19922  1.02949274
  8529.0498  1.02813947
  8529.89941  1.02124679
  8530.75  1.01410127
  8531.59961  1.01131666
  8532.44922  1.02631426
  8533.2998  1.03348494
  8534.14941  1.02733493
  8535.  1.00350726
  8535.84961  0.968330085
  8536.69922  0.931648374
  8537.5498  0.878998756
  8538.39941  0.816108525
  8539.25  0.744372964
  8540.09961  0.636264563
  8540.94922  0.477510661
  8541.7998  0.361832261
  8542.64941  0.409240842
  8543.5  0.568954647
  8544.34961  0.718168437
  8545.19922  0.821782112
  8546.0498  0.882726908
  8546.89941  0.89607805
  8547.75  0.888588548
  8548.59961  0.914036572
  8549.44922  0.953269541
  8550.2998  0.976606071
  8551.14941  1.00971997
  8552.  1.03878772
  8552.84961  1.04520094
  8553.69922  1.0408951
  8554.5498  1.02125132
  8555.39941  1.00069606
  8556.25  1.00610209
  8557.09961  1.03401756
  8557.94922  1.05663967
  8558.7998  1.06011033
  8559.64941  1.05254769
  8560.5  1.03998506
  8561.34961  1.0354234
  8562.19922  1.0491631
  8563.0498  1.06303358
  8563.89941  1.05846322
  8564.75  1.04281521
  8565.59961  1.03941298
  8566.44922  1.05268681
  8567.2998  1.05633533
  8568.14941  1.04275131
  8569.  1.02982402
  8569.84961  1.03068733
  8570.69922  1.03925824
  8571.5498  1.04013276
  8572.39941  1.03577876
  8573.25  1.02755046
  8574.09961  1.01003575
  8574.94922  1.00554085
  8575.7998  1.02530754
  8576.64941  1.04460692
  8577.5  1.04712117
  8578.34961  1.04615045
  8579.19922  1.05841756
  8580.0498  1.06529546
  8580.89941  1.039114
  8581.75  0.98650074
  8582.59961  0.9665851
  8583.44922  1.00706017
  8584.2998  1.04303396
  8585.14941  1.04776371
  8586.  1.04748595
  8586.84961  1.05402839
  8587.69922  1.05426776
  8588.5498  1.04646981
  8589.39941  1.0471518
  8590.25  1.05398595
  8591.09961  1.0533154
  8591.94922  1.04354584
  8592.7998  1.03947628
  8593.64941  1.05250418
  8594.5  1.06363237
  8595.34961  1.06365335
  8596.19922  1.0479368
  8597.0498  1.02680016
  8597.89941  1.01440573
  8598.75  1.02623415
  8599.59961  1.0542084
  8600.44922  1.06756568
  8601.2998  1.06820345
  8602.14941  1.06016779
  8603.  1.04372084
  8603.84961  1.03259957
  8604.69922  1.03519452
  8605.5498  1.03548634
  8606.39941  1.04119146
  8607.25  1.04859781
  8608.09961  1.0506705
  8608.94922  1.04180026
  8609.7998  1.01593971
  8610.64941  0.975919187
  8611.5  0.956160486
  8612.34961  0.9822281
  8613.19922  1.01789701
  8614.0498  1.03713214
  8614.89941  1.04747748
  8615.75  1.05328918
  8616.59961  1.05193722
  8617.44922  1.0463295
  8618.2998  1.03531384
  8619.14941  1.04477847
  8620.  1.05258548
  8620.84961  1.01931083
  8621.69922  0.994002104
  8622.5498  1.01088154
  8623.39941  1.04691243
  8624.25  1.0736742
  8625.09961  1.08003676
  8625.94922  1.07375145
  8626.7998  1.06921256
  8627.64941  1.0676446
  8628.5  1.06619275
  8629.34961  1.06856751
  8630.19922  1.06937802
  8631.0498  1.05613303
  8631.89941  1.04642832
  8632.75  1.04165637
  8633.59961  1.03560507
  8634.44922  1.04599214
  8635.2998  1.06019282
  8636.14941  1.05931067
  8637.  1.06081414
  8637.84961  1.07054842
  8638.69922  1.07865632
  8639.5498  1.07844329
  8640.39941  1.06810033
  8641.25  1.04867721
  8642.09961  1.0268904
  8642.94922  1.02153885
  8643.7998  1.03687787
  8644.64941  1.05577481
  8645.5  1.06726098
  8646.34961  1.06873667
  8647.19922  1.05153322
  8648.0498  1.02087629
  8648.89941  1.01086855
  8649.75  1.02611256
  8650.59961  1.0353694
  8651.44922  1.03470063
  8652.2998  1.0320437
  8653.14941  1.02299273
  8654.  1.00849259
  8654.84961  1.00212765
  8655.69922  0.999730885
  8656.5498  0.987018704
  8657.39941  0.968748569
  8658.25  0.937372446
  8659.09961  0.875519097
  8659.94922  0.770085812
  8660.7998  0.60121721
  8661.64941  0.439677536
  8662.5  0.432621211
  8663.34961  0.578860998
  8664.19922  0.748490572
  8665.0498  0.861621499
  8665.89941  0.919815361
  8666.75  0.944146633
  8667.59961  0.958964288
  8668.44922  0.981961846
  8669.2998  1.0016458
  8670.14941  1.00752628
  8671.  1.00484943
  8671.84961  1.00173402
  8672.69922  0.993071914
  8673.5498  0.954572201
  8674.39941  0.889999092
  8675.25  0.881976783
  8676.09961  0.952689826
  8676.94922  1.018646
  8677.7998  1.03175974
  8678.64941  1.01925492
  8679.5  1.01178253
  8680.34961  1.01660609
  8681.19922  1.02163517
  8682.0498  0.991778076
  8682.89941  0.962984562
  8683.75  0.984202623
  8684.59961  1.03247225
  8685.44922  1.05723345
  8686.2998  1.03678
  8687.14941  0.967302024
  8688.  0.862451315
  8688.84961  0.831323266
  8689.69922  0.916106701
  8690.5498  1.00390732
  8691.39941  1.01038682
  8692.25  0.997422874
  8693.09961  1.02080548
  8693.94922  1.04570985
  8694.7998  1.05614507
  8695.64941  1.06316149
  8696.5  1.06175327
  8697.34961  1.0415014
  8698.19922  1.00042295
  8699.0498  0.9729141
  8699.89941  0.977029204
  8700.75  0.995774269
  8701.59961  0.999284148
  8702.44922  0.990776777
  8703.2998  0.994687915
  8704.14941  1.01431143
  8705.  1.0342859
  8705.84961  1.0340209
  8706.69922  1.02247846
  8707.5498  1.01799679
  8708.39941  1.01943731
  8709.25  1.00089657
  8710.09961  0.982783735
  8710.94922  0.992743373
  8711.7998  0.989337325
  8712.64941  0.963170946
  8713.5  0.968996942
  8714.34961  1.01178634
  8715.19922  1.03961253
  8716.0498  1.03643382
  8716.89941  1.01762116
  8717.75  1.00006974
  8718.59961  0.993380129
  8719.44922  1.00535715
  8720.2998  1.02517068
  8721.14941  1.03729653
  8722.  1.04251075
  8722.84961  1.03710306
  8723.69922  1.02984524
  8724.5498  1.0257442
  8725.39941  1.02616584
  8726.25  1.02964067
  8727.09961  1.0224762
  8727.94922  1.0078454
  8728.7998  1.00361121
  8729.64941  1.00254047
  8730.5  1.01459157
  8731.34961  1.03673565
  8732.19922  1.04701698
  8733.0498  1.03970766
  8733.89941  1.00186503
  8734.75  0.960876405
  8735.59961  0.957507491
  8736.44922  0.979507267
  8737.2998  1.00789022
  8738.14941  1.02996039
  8739.  1.04142928
  8739.84961  1.02866328
  8740.69922  1.01127076
  8741.5498  1.00421035
  8742.39941  1.01619387
  8743.25  1.03856635
  8744.09961  1.04117954
  8744.94922  1.04083192
  8745.7998  1.04228354
  8746.64941  1.02480292
  8747.5  1.00951242
  8748.34961  1.02094615
  8749.19922  1.03852701
  8750.0498  1.04344404
  8750.89941  1.02634168
  8751.75  1.00769114
  8752.59961  1.01552868
  8753.44922  1.03956091
  8754.2998  1.05549622
  8755.14941  1.05959165
  8756.  1.02629817
  8756.84961  0.994206369
  8757.69922  1.00646579
  8758.5498  1.0429852
  8759.39941  1.06290627
  8760.25  1.05642569
  8761.09961  1.04676735
  8761.94922  1.04118836
  8762.7998  1.01927769
  8763.64941  0.999922931
  8764.5  1.00211167
  8765.34961  0.996854663
  8766.19922  0.982697785
  8767.0498  0.986317992
  8767.89941  1.01210165
  8768.75  1.03574228
  8769.59961  1.03154266
  8770.44922  1.02061892
  8771.2998  1.00830209
  8772.14941  0.981102169
  8773.  0.943510532
  8773.84961  0.945048511
  8774.69922  0.990697861
  8775.5498  1.03104377
  8776.39941  1.05107176
  8777.25  1.04122019
  8778.09961  1.01270485
  8778.94922  0.996808708
  8779.7998  1.00409043
  8780.64941  1.02495861
  8781.5  1.04360318
  8782.34961  1.04778063
  8783.19922  1.03561473
  8784.0498  1.02163064
  8784.89941  1.03074026
  8785.75  1.05441046
  8786.59961  1.07219803
  8787.44922  1.0761981
  8788.2998  1.06662905
  8789.14941  1.04192698
  8790.  1.02694666
  8790.84961  1.03117764
  8791.69922  1.02695584
  8792.5498  1.00204754
  8793.39941  0.992682815
  8794.25  1.01922691
  8795.09961  1.03314149
  8795.94922  1.03373408
  8796.7998  1.04126096
  8797.64941  1.04451537
  8798.5  1.04713905
  8799.34961  1.04644239
  8800.19922  1.04649818
  8801.0498  1.05037415
  8801.89941  1.05190659
  8802.75  1.0427233
  8803.59961  1.00390267
  8804.44922  0.959029198
  8805.2998  0.894917727
  8806.14941  0.819492817
  8807.  0.80568862
  8807.84961  0.876767278
  8808.69922  0.966993392
  8809.5498  1.01669109
  8810.39941  1.04137158
  8811.25  1.05577874
  8812.09961  1.05348766
  8812.94922  1.04549515
  8813.7998  1.04421484
  8814.64941  1.04934561
  8815.5  1.05102921
  8816.34961  1.04602039
  8817.19922  1.04777002
  8818.0498  1.04235494
  8818.89941  1.02093673
  8819.75  1.0050441
  8820.59961  1.00754344
  8821.44922  1.01756632
  8822.2998  1.00853324
  8823.14941  0.938409805
  8824.  0.890212655
  8824.84961  0.921270132
  8825.69922  0.986788332
  8826.5498  1.02777326
  8827.39941  1.03844166
  8828.25  1.03909802
  8829.09961  1.04081941
  8829.94922  1.05115294
  8830.7998  1.05311644
  8831.64941  1.04528952
  8832.5  1.03750205
  8833.34961  1.0360353
  8834.19922  1.03558075
  8835.0498  1.02561009
  8835.89941  1.01495028
  8836.75  1.01061368
  8837.59961  0.977093458
  8838.44922  0.949082911
  8839.2998  0.976952493
  8840.14941  1.01885128
  8841.  1.03258538
  8841.84961  1.03278458
  8842.69922  1.03694367
  8843.5498  1.04054749
  8844.39941  1.0444988
  8845.25  1.04679012
  8846.09961  1.03707314
  8846.94922  1.03229761
  8847.7998  1.04141366
  8848.64941  1.04975069
  8849.5  1.05180371
  8850.34961  1.05156684
  8851.19922  1.05443645
  8852.0498  1.05745816
  8852.89941  1.05678642
  8853.75  1.05893016
  8854.59961  1.06132352
  8855.44922  1.06012118
  8856.2998  1.057868
  8857.14941  1.06458926
  8858.  1.07291138
  8858.84961  1.06845737
  8859.69922  1.05735373
  8860.5498  1.04018092
  8861.39941  1.01316488
  8862.25  1.000103
  8863.09961  1.00632155
  8863.94922  1.02138138
  8864.7998  1.03670001
  8865.64941  1.02626729
  8866.5  1.00396705
  8867.34961  0.977835774
  8868.19922  0.97896874
  8869.0498  0.999755859
  8869.89941  1.02880037
  8870.75  1.05047131
  8871.59961  1.05765533
  8872.44922  1.06160688
  8873.2998  1.05768991
  8874.14941  1.048033
  8875.  1.03282928
  8875.84961  1.02846551
  8876.69922  1.02714097
  8877.5498  1.00625336
  8878.39941  0.989177644
  8879.25  0.993766665
  8880.09961  1.02022779
  8880.94922  1.03744221
  8881.7998  1.03863621
  8882.64941  1.04655433
  8883.5  1.04046667
  8884.34961  1.03535366
  8885.19922  1.04613173
  8886.0498  1.05357504
  8886.89941  1.05817759
  8887.75  1.05781782
  8888.59961  1.05294871
  8889.44922  1.05208302
  8890.2998  1.03965354
  8891.14941  1.02172279
  8892.  1.01481652
  8892.84961  1.02393234
  8893.69922  1.03957772
  8894.5498  1.04894543
  8895.39941  1.05143058
  8896.25  1.04259419
  8897.09961  1.03821015
  8897.94922  1.04146612
  8898.7998  1.04288971
  8899.64941  1.047611
  8900.5  1.05513
  8901.34961  1.06023896
  8902.19922  1.05379808
  8903.0498  1.04323173
  8903.89941  1.04620135
  8904.75  1.05226064
  8905.59961  1.04818428
  8906.44922  1.04619503
  8907.2998  1.04369318
  8908.14941  1.04077744
  8909.  1.04546165
  8909.84961  1.05358922
  8910.69922  1.05718279
  8911.5498  1.052037
  8912.39941  1.04527688
  8913.25  1.04279292
  8914.09961  1.04454732
  8914.94922  1.04182351
  8915.7998  1.03092098
  8916.64941  1.028054
  8917.5  1.03224277
  8918.34961  1.01468611
  8919.19922  0.971414149
  8920.0498  0.963180602
  8920.89941  0.997471035
  8921.75  1.02669096
  8922.59961  1.02681851
  8923.44922  1.01759851
  8924.2998  1.01157916
  8925.14941  1.00658059
  8926.  0.999783993
  8926.84961  0.993617237
  8927.69922  0.980783939
  8928.5498  0.965843439
  8929.39941  0.974328101
  8930.25  0.995967805
  8931.09961  1.00309038
  8931.94922  0.97868216
  8932.7998  0.951411843
  8933.64941  0.971585512
  8934.5  1.02139497
  8935.34961  1.05462682
  8936.19922  1.06516826
  8937.0498  1.06091034
  8937.89941  1.05025184
  8938.75  1.03465414
  8939.59961  1.01414275
  8940.44922  0.999893188
  8941.2998  0.991782725
  8942.14941  0.986396432
  8943.  0.984611511
  8943.84961  0.97598964
  8944.69922  0.953396022
  8945.5498  0.927274644
  8946.39941  0.915161788
  8947.25  0.938289285
  8948.09961  0.979439855
  8948.94922  0.994921803
  8949.7998  0.986016989
  8950.64941  0.979685843
  8951.5  0.982177198
  8952.34961  0.973494589
  8953.19922  0.938944697
  8954.0498  0.917096674
  8954.89941  0.947707236
  8955.75  0.997338355
  8956.59961  1.02252579
  8957.44922  1.03232741
  8958.2998  1.04024875
  8959.14941  1.04490554
  8960.  1.01252043
  8960.84961  0.937960088
  8961.69922  0.878163576
  8962.5498  0.881760418
  8963.39941  0.900036573
  8964.25  0.889130294
  8965.09961  0.880387783
  8965.94922  0.911418259
  8966.7998  0.956894755
  8967.64941  0.98935008
  8968.5  0.989757836
  8969.34961  0.927763343
  8970.19922  0.853602529
  8971.0498  0.837821543
  8971.89941  0.880149186
  8972.75  0.909588099
  8973.59961  0.918815851
  8974.44922  0.913263857
  8975.2998  0.918883681
  8976.14941  0.948820829
  8977.  0.984902084
  8977.84961  0.992122293
  8978.69922  0.926557302
  8979.5498  0.885191023
  8980.39941  0.923989832
  8981.25  0.992174506
  8982.09961  1.04232442
  8982.94922  1.05456495
  8983.7998  1.0310576
  8984.64941  0.952723801
  8985.5  0.835729957
  8986.34961  0.749896646
  8987.19922  0.744713664
  8988.0498  0.787759125
  8988.89941  0.777812004
  8989.75  0.721780837
  8990.59961  0.705126107
  8991.44922  0.772716403
  8992.2998  0.892714322
  8993.14941  0.989427984
  8994.  1.02637017
  8994.84961  1.03985596
  8995.69922  1.04669881
  8996.5498  1.04287732
  8997.39941  1.01917303
  8998.25  0.932283998
  8999.09961  0.814576447
  8999.94922  0.800650299
  9000.7998  0.875262022
  9001.64941  0.915786445
  9002.5  0.891755521
  9003.34961  0.895118356
  9004.19922  0.945792854
  9005.0498  0.965557694
  9005.89941  0.926653504
  9006.75  0.899033666
  9007.59961  0.906472802
  9008.44922  0.928196788
  9009.2998  0.902592838
  9010.14941  0.839944541
  9011.  0.821561515
  9011.84961  0.858870745
  9012.69922  0.922702014
  9013.5498  0.948550284
  9014.39941  0.895376086
  9015.25  0.790420771
  9016.09961  0.755669534
  9016.94922  0.826240957
  9017.7998  0.929916441
  9018.64941  1.00595081
  9019.5  1.02736473
