  8348.84961  1.07567835
  8349.69922  0.9059093
  8350.5498  1.18361092
  8351.39941  1.23989332
  8352.25  1.11187387
  8353.09961  1.14791358
  8353.94922  1.15938735
  8354.7998  1.11777687
  8355.64941  1.16102862
  8356.5  1.19319129
  8357.34961  1.21319664
  8358.19922  1.15756094
  8359.0498  1.08675003
  8359.89941  0.985396266
  8360.75  1.01099384
  8361.59961  1.13076341
  8362.44922  1.32146382
  8363.2998  1.29936683
  8364.14941  1.08699536
  8365.  1.01850033
  8365.84961  1.1224283
  8366.69922  1.31762385
  8367.5498  1.47686875
  8368.39941  1.34371197
  8369.25  1.08591914
  8370.09961  0.835033417
  8370.94922  0.862161994
  8371.7998  1.13470662
  8372.64941  1.34534538
  8373.5  1.34626627
  8374.34961  1.148453
  8375.19922  0.963559687
  8376.0498  0.992900491
  8376.89941  1.1683861
  8377.75  1.24341273
  8378.59961  1.07050467
  8379.44922  0.910994232
  8380.2998  1.01259041
  8381.14941  1.11061251
  8382.  1.16935468
  8382.84961  1.23201203
  8383.69922  1.24497962
  8384.5498  1.28543758
  8385.39941  1.18720114
  8386.25  1.01256621
  8387.09961  0.948630214
  8387.94922  0.936245024
  8388.7998  0.976469398
  8389.64941  1.00582004
  8390.5  0.958188951
  8391.34961  0.998673379
  8392.19922  1.06807959
  8393.0498  0.914885342
  8393.89941  0.903434277
  8394.75  0.959290743
  8395.59961  0.9909603
  8396.44922  1.02608943
  8397.2998  0.985232592
  8398.14941  0.969624877
  8399.  1.09128284
  8399.84961  1.21852303
  8400.69922  1.18564332
  8401.5498  1.02830398
  8402.39941  0.843005598
  8403.25  0.949404359
  8404.09961  1.17300022
  8404.94922  1.23253059
  8405.7998  1.19084036
  8406.64941  1.34858775
  8407.5  1.45531821
  8408.34961  1.31836927
  8409.19922  1.32010603
  8410.0498  1.34696102
  8410.89941  1.21895206
  8411.75  1.08162844
  8412.59961  1.05653775
  8413.44922  1.14780593
  8414.2998  1.09998095
  8415.14941  0.884866834
  8416.  0.924205542
  8416.84961  1.21412098
  8417.69922  1.12931061
  8418.5498  1.06882465
  8419.39941  1.07643735
  8420.25  1.0630393
  8421.09961  1.16431081
  8421.94922  1.22731757
  8422.7998  1.11701858
  8423.64941  0.999585688
  8424.5  0.966668665
  8425.34961  0.940703094
  8426.19922  0.978737473
  8427.0498  0.893417776
  8427.89941  0.84719938
  8428.75  0.90422821
  8429.59961  1.07121027
  8430.44922  1.14639676
  8431.2998  1.19258857
  8432.14941  1.10687125
  8433.  1.00821006
  8433.84961  1.05662155
  8434.69922  1.11153173
  8435.5498  1.14664173
  8436.39941  1.18188226
  8437.25  1.01639092
  8438.09961  0.820197225
  8438.94922  0.844533563
  8439.7998  1.02703285
  8440.64941  1.04017627
  8441.5  1.03804374
  8442.34961  1.04186618
  8443.19922  0.888313293
  8444.0498  0.808661401
  8444.89941  0.823536575
  8445.75  1.13079035
  8446.59961  1.25743067
  8447.44922  1.00158656
  8448.2998  0.950251997
  8449.14941  1.06246018
  8450.  1.00660276
  8450.84961  0.874293625
  8451.69922  0.925522387
  8452.5498  1.14664292
  8453.39941  1.10414124
  8454.25  0.817362905
  8455.09961  0.782172203
  8455.94922  0.888104677
  8456.7998  0.936569631
  8457.64941  0.989199996
  8458.5  1.0465641
  8459.34961  1.07179964
  8460.19922  1.06090558
  8461.0498  0.973936915
  8461.89941  0.891144812
  8462.75  0.901583314
  8463.59961  0.986213446
  8464.44922  1.00643063
  8465.2998  1.06649518
  8466.14941  0.971111953
  8467.  0.899654865
  8467.84961  0.897279084
  8468.69922  1.05557907
  8469.5498  1.15397072
  8470.39941  0.977421761
  8471.25  0.87321651
  8472.09961  0.864758968
  8472.94922  0.967781723
  8473.7998  0.898985326
  8474.64941  0.886815727
  8475.5  1.21493208
  8476.34961  1.24472094
  8477.19922  1.00153768
  8478.0498  0.966593206
  8478.89941  1.051525
  8479.75  0.961682558
  8480.59961  0.866633296
  8481.44922  0.981043756
  8482.2998  1.12573349
  8483.14941  1.053491
  8484.  1.06396687
  8484.84961  1.08748341
  8485.69922  1.07075202
  8486.5498  1.16469789
  8487.39941  1.15349376
  8488.25  0.98055321
  8489.09961  0.984445393
  8489.94922  1.25995314
  8490.7998  1.22915137
  8491.64941  0.98711288
  8492.5  1.03760147
  8493.34961  1.02727783
  8494.19922  1.03945851
  8495.0498  1.15713203
  8495.89941  1.1527046
  8496.75  1.05994892
  8497.59961  0.887006044
  8498.44922  0.855744362
  8499.2998  0.89301604
  8500.14941  1.00475872
  8501.  0.810229957
  8501.84961  0.694196522
  8502.69922  0.858403921
  8503.5498  0.984137714
  8504.39941  0.978566766
  8505.25  0.960849643
  8506.09961  1.16783679
  8506.94922  1.32678974
  8507.7998  1.19244313
  8508.64941  0.918505251
  8509.5  0.817573428
  8510.34961  1.02582026
  8511.19922  1.15205824
  8512.0498  1.01231551
  8512.89941  0.936714172
  8513.75  0.985776067
  8514.59961  1.08513367
  8515.44922  1.10897624
  8516.2998  1.1203059
  8517.14941  0.938301921
  8518.  0.94544518
  8518.84961  1.02569044
  8519.69922  1.1333245
  8520.5498  1.14783859
  8521.39941  1.14517248
  8522.25  1.141752
  8523.09961  1.09359837
  8523.94922  1.08053529
  8524.7998  1.14610291
  8525.64941  1.18398035
  8526.5  1.27754104
  8527.34961  1.28124249
  8528.19922  1.14752078
  8529.0498  1.04139495
  8529.89941  1.08796179
  8530.75  1.06848001
  8531.59961  0.957414985
  8532.44922  0.971279979
  8533.2998  1.15148592
  8534.14941  1.32537746
  8535.  1.36759984
  8535.84961  1.38069618
  8536.69922  1.20942831
  8537.5498  1.03067029
  8538.39941  0.98936522
  8539.25  0.99447602
  8540.09961  1.01951981
  8540.94922  0.980576336
  8541.7998  0.889275253
  8542.64941  0.831540525
  8543.5  0.899508595
  8544.34961  0.843685567
  8545.19922  0.683500946
  8546.0498  0.759866774
  8546.89941  0.785392284
  8547.75  1.00061858
  8548.59961  1.18420553
  8549.44922  1.09202468
  8550.2998  0.932216704
  8551.14941  0.841756582
  8552.  0.912282467
  8552.84961  1.03382003
  8553.69922  1.09982979
  8554.5498  1.11617136
  8555.39941  0.921810806
  8556.25  0.820165813
  8557.09961  0.901791453
  8557.94922  1.06160939
  8558.7998  1.21462131
  8559.64941  1.23187661
  8560.5  1.15474284
  8561.34961  1.14529204
  8562.19922  1.06876421
  8563.0498  1.02420998
  8563.89941  1.08555174
  8564.75  1.05285251
  8565.59961  0.805249095
  8566.44922  0.756568253
  8567.2998  1.03428638
  8568.14941  1.04858756
  8569.  0.998703539
  8569.84961  1.10275483
  8570.69922  1.11250448
  8571.5498  1.1278677
  8572.39941  1.11233282
  8573.25  1.04404318
  8574.09961  1.01054692
  8574.94922  1.01025486
  8575.7998  1.07993925
  8576.64941  1.25891519
  8577.5  1.2020148
  8578.34961  1.00649893
  8579.19922  0.977767348
  8580.0498  1.11422563
  8580.89941  1.15467966
  8581.75  1.03813505
  8582.59961  0.947484016
  8583.44922  0.958068252
  8584.2998  1.00837946
  8585.14941  1.06943166
  8586.  1.1011939
  8586.84961  1.15385199
  8587.69922  1.18399668
  8588.5498  1.17690837
  8589.39941  1.03412759
  8590.25  0.973338425
  8591.09961  1.22988105
  8591.94922  1.20081878
  8592.7998  0.91869694
  8593.64941  0.887994528
  8594.5  0.805998743
  8595.34961  0.622955978
  8596.19922  0.676335573
  8597.0498  0.889058053
  8597.89941  1.04502964
  8598.75  1.01749647
  8599.59961  0.896729827
  8600.44922  0.766107857
  8601.2998  0.828691244
  8602.14941  0.880164146
  8603.  0.862394571
  8603.84961  0.823780417
  8604.69922  0.793462813
  8605.5498  0.832965851
  8606.39941  0.987700105
  8607.25  1.18505526
  8608.09961  1.18804049
  8608.94922  0.981872618
  8609.7998  0.917269826
  8610.64941  1.09521377
  8611.5  1.12509084
  8612.34961  0.973958015
  8613.19922  0.824492097
  8614.0498  0.664503455
  8614.89941  0.660353363
  8615.75  0.943783283
  8616.59961  1.20335054
  8617.44922  1.16404521
  8618.2998  1.11554444
  8619.14941  1.16077042
  8620.  1.19480693
  8620.84961  1.12959003
  8621.69922  1.03395176
  8622.5498  0.945474446
  8623.39941  0.865631819
  8624.25  0.945375204
  8625.09961  0.996639609
  8625.94922  0.873789907
  8626.7998  0.87762785
  8627.64941  1.00583935
  8628.5  1.08062315
  8629.34961  1.06708717
  8630.19922  0.85233897
  8631.0498  0.927417099
  8631.89941  1.03558338
  8632.75  1.08158588
  8633.59961  1.18260586
  8634.44922  1.04870796
  8635.2998  0.909011126
  8636.14941  0.840988636
  8637.  0.807336688
  8637.84961  0.89198035
  8638.69922  0.877210617
  8639.5498  0.862484276
  8640.39941  1.08117378
  8641.25  1.1628139
  8642.09961  0.829799116
  8642.94922  0.707784116
  8643.7998  1.04161227
  8644.64941  1.10133374
  8645.5  0.868237495
  8646.34961  0.924501002
  8647.19922  1.08426893
  8648.0498  1.1055454
  8648.89941  1.12375343
  8649.75  1.09389412
  8650.59961  1.09200442
  8651.44922  1.20307291
  8652.2998  1.09409463
  8653.14941  1.01404166
  8654.  1.16141868
  8654.84961  1.05470991
  8655.69922  0.975515306
  8656.5498  0.842044294
  8657.39941  0.896207154
  8658.25  0.953088164
  8659.09961  0.746445775
  8659.94922  0.587945282
  8660.7998  0.674668789
  8661.64941  0.606940508
  8662.5  0.67137146
  8663.34961  0.746985853
  8664.19922  0.711568654
  8665.0498  0.609306514
  8665.89941  0.62277782
  8666.75  0.74446243
  8667.59961  0.941219807
  8668.44922  1.01529813
  8669.2998  1.05294287
  8670.14941  0.982240915
  8671.  0.909264445
  8671.84961  0.954913497
  8672.69922  1.09967148
  8673.5498  1.12649977
  8674.39941  1.05867267
  8675.25  0.976718962
  8676.09961  0.974289358
  8676.94922  1.22186136
  8677.7998  1.14613926
  8678.64941  0.989037156
  8679.5  1.02454722
  8680.34961  0.901835203
  8681.19922  0.95860815
  8682.0498  1.11802447
  8682.89941  1.21584725
  8683.75  1.13365293
  8684.59961  0.960912883
  8685.44922  0.892274678
  8686.2998  0.742099047
  8687.14941  0.643751502
  8688.  0.88607496
  8688.84961  1.03849137
  8689.69922  0.955491364
  8690.5498  1.00839841
  8691.39941  1.17443538
  8692.25  1.12325799
  8693.09961  1.10063374
  8693.94922  1.05047083
  8694.7998  0.917943537
  8695.64941  0.890604734
  8696.5  0.977817833
  8697.34961  1.13611794
  8698.19922  1.03215086
  8699.0498  1.03008389
  8699.89941  0.898618281
  8700.75  0.883918703
  8701.59961  0.995634496
  8702.44922  0.971070945
  8703.2998  0.897456467
  8704.14941  1.00938523
  8705.  0.973663628
  8705.84961  1.02119792
  8706.69922  1.05270064
  8707.5498  0.948765099
  8708.39941  0.963726223
  8709.25  1.02577925
  8710.09961  1.16318309
  8710.94922  1.38050783
  8711.7998  1.44559979
  8712.64941  1.30301833
  8713.5  1.06294489
  8714.34961  0.898055196
  8715.19922  0.925759315
  8716.0498  1.11762249
  8716.89941  1.22975743
  8717.75  1.26181531
  8718.59961  1.10445821
  8719.44922  1.12251723
  8720.2998  1.23027587
  8721.14941  1.36766231
  8722.  1.26568079
  8722.84961  1.17632473
  8723.69922  1.16814232
  8724.5498  1.18779635
  8725.39941  1.21658945
  8726.25  1.26767302
  8727.09961  1.25467587
  8727.94922  1.20676339
  8728.7998  1.09709251
  8729.64941  1.14270926
  8730.5  1.21442556
  8731.34961  1.06547403
  8732.19922  0.928772986
  8733.0498  0.849526525
  8733.89941  0.764028728
  8734.75  0.773982465
  8735.59961  0.859695435
  8736.44922  0.957691908
  8737.2998  0.882738948
  8738.14941  0.786701739
  8739.  0.942376256
  8739.84961  1.03178501
  8740.69922  0.890424967
  8741.5498  1.06155884
  8742.39941  1.00459206
  8743.25  0.847379804
  8744.09961  0.89493686
  8744.94922  0.854597688
  8745.7998  0.956136525
  8746.64941  0.907072961
  8747.5  0.731495857
  8748.34961  0.561693072
  8749.19922  0.62924248
  8750.0498  0.648129225
  8750.89941  0.623548985
  8751.75  0.687119842
  8752.59961  0.585083365
  8753.44922  0.577910841
  8754.2998  0.880022466
  8755.14941  1.02489078
  8756.  0.989085495
  8756.84961  0.931512773
  8757.69922  0.962018788
  8758.5498  0.885373592
  8759.39941  0.917597473
  8760.25  1.07633901
  8761.09961  0.965211451
  8761.94922  0.997790575
  8762.7998  1.07089734
  8763.64941  1.05566633
  8764.5  0.632405102
  8765.34961  0.407182306
  8766.19922  0.71374923
  8767.0498  0.863880336
  8767.89941  0.864771724
  8768.75  0.876664519
  8769.59961  0.886286259
  8770.44922  1.00780308
  8771.2998  1.03762722
  8772.14941  1.10004199
  8773.  0.976258814
  8773.84961  0.929744303
  8774.69922  0.890441
  8775.5498  1.0395695
  8776.39941  1.11740863
  8777.25  0.939823151
  8778.09961  0.973050117
  8778.94922  1.16426349
  8779.7998  0.903952062
  8780.64941  0.718245268
  8781.5  0.925640523
  8782.34961  1.0054841
  8783.19922  1.06441808
  8784.0498  1.13154459
  8784.89941  1.06867337
  8785.75  0.96258986
  8786.59961  0.946053088
  8787.44922  0.908136964
  8788.2998  0.904629529
  8789.14941  0.875793815
  8790.  0.839357615
  8790.84961  0.903600693
  8791.69922  0.912513554
  8792.5498  0.984015822
  8793.39941  1.03447342
  8794.25  0.961547136
  8795.09961  0.836531878
  8795.94922  1.0658356
  8796.7998  1.36697316
  8797.64941  1.23192191
  8798.5  1.14057207
  8799.34961  1.23017442
  8800.19922  1.31930363
  8801.0498  1.20623839
  8801.89941  1.22972631
  8802.75  1.22849131
  8803.59961  1.0899328
  8804.44922  1.0441699
  8805.2998  1.0371114
  8806.14941  0.946311295
  8807.  1.04462838
  8807.84961  1.10112345
  8808.69922  1.21830714
  8809.5498  1.37348616
  8810.39941  1.17196739
  8811.25  0.890895009
  8812.09961  0.920930684
  8812.94922  1.11431038
  8813.7998  1.22376883
  8814.64941  1.12510538
  8815.5  0.925433874
  8816.34961  0.944106877
  8817.19922  1.11205626
  8818.0498  0.970283568
  8818.89941  0.889970362
  8819.75  0.946134925
  8820.59961  0.859895647
  8821.44922  0.886806905
  8822.2998  0.822523177
  8823.14941  0.912751615
  8824.  0.947726369
  8824.84961  0.895920098
  8825.69922  0.935381949
  8826.5498  0.8967278
  8827.39941  0.860676527
  8828.25  0.865142047
  8829.09961  0.901133657
  8829.94922  0.785480857
  8830.7998  0.576473415
  8831.64941  1.02618217
  8832.5  0.886711121
  8833.34961  1.02721584
  8834.19922  1.05222249
  8835.0498  1.01711464
  8835.89941  0.998577118
  8836.75  1.05076993
  8837.59961  1.08288932
  8838.44922  1.0051856
  8839.2998  1.1827203
  8840.14941  1.20754695
  8841.  0.917259932
  8841.84961  0.926821828
  8842.69922  0.931555212
  8843.5498  0.670140028
  8844.39941  0.727613628
  8845.25  1.06580865
  8846.09961  1.16806173
  8846.94922  1.03363812
  8847.7998  1.0006634
  8848.64941  1.10074723
  8849.5  1.08012974
  8850.34961  1.05359209
  8851.19922  1.00409651
  8852.0498  1.03313291
  8852.89941  1.04708421
  8853.75  1.02347732
  8854.59961  1.13805568
  8855.44922  1.03001428
  8856.2998  0.803492725
  8857.14941  0.700954556
  8858.  0.775512338
  8858.84961  0.746847391
  8859.69922  0.706413567
  8860.5498  0.612733305
  8861.39941  0.507798851
  8862.25  0.430616051
  8863.09961  0.450255156
  8863.94922  0.616982341
  8864.7998  0.716305494
  8865.64941  0.724836707
  8866.5  0.75800097
  8867.34961  0.79349184
  8868.19922  0.72180146
  8869.0498  0.682155788
  8869.89941  0.626391292
  8870.75  0.660219431
  8871.59961  0.459225029
  8872.44922  0.532932281
  8873.2998  0.762675107
  8874.14941  0.643414974
  8875.  0.60435009
  8875.84961  0.898045063
  8876.69922  1.12544477
  8877.5498  1.15155959
  8878.39941  0.995773613
  8879.25  0.846465707
  8880.09961  0.799372435
  8880.94922  0.962644219
  8881.7998  0.966014087
  8882.64941  0.966665447
  8883.5  1.12675238
  8884.34961  1.149912
  8885.19922  1.11960387
  8886.0498  1.04069757
  8886.89941  0.739872456
  8887.75  0.90362817
  8888.59961  1.44470644
  8889.44922  1.32323694
  8890.2998  0.905185938
  8891.14941  0.903321147
  8892.  1.03205466
  8892.84961  1.03209519
  8893.69922  0.848464549
  8894.5498  0.835502744
  8895.39941  0.862563729
  8896.25  0.869238436
  8897.09961  0.790071189
  8897.94922  0.845732868
  8898.7998  0.942740917
  8899.64941  0.760416567
  8900.5  0.692740023
  8901.34961  0.720309675
  8902.19922  0.669684649
  8903.0498  0.725938141
  8903.89941  0.766990125
  8904.75  0.740384698
  8905.59961  1.05331445
  8906.44922  1.32963049
  8907.2998  1.00306785
  8908.14941  1.0431031
  8909.  0.945189178
  8909.84961  1.19443929
  8910.69922  1.14208198
  8911.5498  0.92208761
  8912.39941  0.780782998
  8913.25  0.906351328
  8914.09961  0.965390682
  8914.94922  0.924746335
  8915.7998  0.8959378
  8916.64941  1.03755772
  8917.5  1.09473205
  8918.34961  1.09696662
  8919.19922  1.08919477
  8920.0498  1.02478898
  8920.89941  0.542155504
  8921.75  0.666931152
  8922.59961  1.11151874
  8923.44922  1.70493937
  8924.2998  1.24800777
  8925.14941  1.13327289
  8926.  1.01772368
  8926.84961  1.15485573
  8927.69922  1.29391968
  8928.5498  1.23163068
  8929.39941  1.22720146
  8930.25  1.27450848
  8931.09961  1.25453889
  8931.94922  1.1189518
  8932.7998  0.894306421
  8933.64941  0.756652951
  8934.5  0.883013904
  8935.34961  0.878566623
  8936.19922  0.827181339
  8937.0498  0.828332067
  8937.89941  0.778425097
  8938.75  0.744781256
  8939.59961  0.980484843
  8940.44922  1.23880529
  8941.2998  1.3932184
  8942.14941  1.36220074
  8943.  1.22000492
  8943.84961  0.983331442
  8944.69922  0.954913974
  8945.5498  1.16176391
  8946.39941  1.21282911
  8947.25  1.21559703
  8948.09961  1.30521488
  8948.94922  1.28530014
  8949.7998  1.12198377
  8950.64941  0.847430646
  8951.5  0.906215906
  8952.34961  1.06487346
  8953.19922  1.09336317
  8954.0498  0.994633436
  8954.89941  0.947634518
  8955.75  0.972632408
  8956.59961  0.972313404
  8957.44922  0.718164027
  8958.2998  0.841192722
  8959.14941  1.16331255
  8960.  1.28713679
  8960.84961  1.40201533
  8961.69922  1.27829993
  8962.5498  1.05011415
  8963.39941  1.05712569
  8964.25  1.04100406
  8965.09961  0.763793826
  8965.94922  0.603920937
  8966.7998  0.797293007
  8967.64941  1.0072186
  8968.5  0.925137818
  8969.34961  0.771659434
  8970.19922  0.720453441
  8971.0498  0.755678296
  8971.89941  0.962064207
  8972.75  0.951954961
  8973.59961  0.78621155
  8974.44922  0.811585248
  8975.2998  0.969546497
  8976.14941  1.04653299
  8977.  0.975159645
  8977.84961  1.02999902
  8978.69922  1.05590177
  8979.5498  0.994852483
  8980.39941  1.01638508
  8981.25  0.961829662
  8982.09961  0.912263513
  8982.94922  0.84024924
  8983.7998  0.699042439
  8984.64941  0.545870841
  8985.5  0.664165854
  8986.34961  0.852891386
  8987.19922  0.934424162
  8988.0498  0.81559211
  8988.89941  0.83895427
  8989.75  0.765452921
  8990.59961  0.596843898
  8991.44922  0.610478699
  8992.2998  0.706193388
  8993.14941  0.632320106
  8994.  0.68440026
  8994.84961  0.614822268
  8995.69922  0.585688591
  8996.5498  0.642014742
  8997.39941  0.622839868
  8998.25  0.803386211
  8999.09961  1.0029577
  8999.94922  1.03128517
  9000.7998  0.760768354
  9001.64941  0.807268679
  9002.5  0.90075177
  9003.34961  0.744327009
  9004.19922  0.5780527
  9005.0498  0.973743677
  9005.89941  0.945268273
  9006.75  0.626699269
  9007.59961  0.517529905
  9008.44922  0.712819457
  9009.2998  0.697450995
  9010.14941  0.677389145
  9011.  0.609850824
  9011.84961  0.552978754
  9012.69922  0.703960776
  9013.5498  0.811993301
  9014.39941  0.609410703
  9015.25  0.369098336
  9016.09961  0.331498057
  9016.94922  0.702439547
  9017.7998  0.744326055
  9018.64941  0.610438943
  9019.5  0.475378036
