  8348.84961  1.12920785
  8349.69922  1.17988479
  8350.5498  1.21698129
  8351.39941  1.23514402
  8352.25  1.20393384
  8353.09961  1.15536535
  8353.94922  1.16924131
  8354.7998  1.20139766
  8355.64941  1.18017435
  8356.5  1.14640021
  8357.34961  1.10255802
  8358.19922  1.08018637
  8359.0498  1.11256301
  8359.89941  1.11771894
  8360.75  1.07206643
  8361.59961  1.08351886
  8362.44922  1.09415102
  8363.2998  1.08563292
  8364.14941  1.12437034
  8365.  1.13703072
  8365.84961  1.11541212
  8366.69922  1.11646736
  8367.5498  1.10718524
  8368.39941  1.11131001
  8369.25  1.1721288
  8370.09961  1.17660809
  8370.94922  1.12320733
  8371.7998  1.11072707
  8372.64941  1.12263989
  8373.5  1.1564697
  8374.34961  1.18745697
  8375.19922  1.19307041
  8376.0498  1.18613625
  8376.89941  1.1598649
  8377.75  1.13411188
  8378.59961  1.16036034
  8379.44922  1.19914818
  8380.2998  1.15747833
  8381.14941  1.13354957
  8382.  1.07094574
  8382.84961  1.04609001
  8383.69922  1.10333765
  8384.5498  1.14072716
  8385.39941  1.11970651
  8386.25  1.08083737
  8387.09961  1.06623054
  8387.94922  1.06898224
  8388.7998  1.08597052
  8389.64941  1.11009264
  8390.5  1.07857049
  8391.34961  1.05534923
  8392.19922  1.08524311
  8393.0498  1.12276077
  8393.89941  1.14808977
  8394.75  1.12083411
  8395.59961  1.07267129
  8396.44922  1.08522928
  8397.2998  1.11963081
  8398.14941  1.12347698
  8399.  1.10799026
  8399.84961  1.07954466
  8400.69922  1.07081938
  8401.5498  1.06148732
  8402.39941  1.10210598
  8403.25  1.13006663
  8404.09961  1.0859952
  8404.94922  1.0654763
  8405.7998  1.06951857
  8406.64941  1.06785917
  8407.5  1.06943393
  8408.34961  1.0942924
  8409.19922  1.16080773
  8410.0498  1.20783687
  8410.89941  1.20652354
  8411.75  1.15337074
  8412.59961  1.10793078
  8413.44922  1.08967757
  8414.2998  1.06561935
  8415.14941  1.05733764
  8416.  1.04060674
  8416.84961  1.01673806
  8417.69922  1.04662812
  8418.5498  1.08434415
  8419.39941  1.08981931
  8420.25  1.11240041
  8421.09961  1.15528262
  8421.94922  1.16713297
  8422.7998  1.17041528
  8423.64941  1.15706015
  8424.5  1.09467876
  8425.34961  1.03200805
  8426.19922  1.01432669
  8427.0498  1.02598333
  8427.89941  1.11455464
  8428.75  1.22120917
  8429.59961  1.21100855
  8430.44922  1.07740653
  8431.2998  1.03931785
  8432.14941  1.05463934
  8433.  1.08073092
  8433.84961  1.07929051
  8434.69922  1.06018627
  8435.5498  1.08065295
  8436.39941  1.13749361
  8437.25  1.16273093
  8438.09961  1.1355859
  8438.94922  1.04415023
  8439.7998  1.0169003
  8440.64941  1.06330132
  8441.5  1.08809745
  8442.34961  1.07608378
  8443.19922  1.0577414
  8444.0498  1.0810405
  8444.89941  1.14569581
  8445.75  1.16504049
  8446.59961  1.14296901
  8447.44922  1.13474512
  8448.2998  1.15435934
  8449.14941  1.14433706
  8450.  1.04954934
  8450.84961  1.01754808
  8451.69922  1.04595566
  8452.5498  1.10302663
  8453.39941  1.08354199
  8454.25  1.05853152
  8455.09961  1.09092033
  8455.94922  1.11016178
  8456.7998  1.11289227
  8457.64941  1.14754546
  8458.5  1.10027766
  8459.34961  1.06232905
  8460.19922  1.10801959
  8461.0498  1.10231185
  8461.89941  1.03667772
  8462.75  1.07722294
  8463.59961  1.21808767
  8464.44922  1.29880667
  8465.2998  1.17408764
  8466.14941  1.08720994
  8467.  1.08146048
  8467.84961  1.05279005
  8468.69922  1.08121169
  8469.5498  1.11279416
  8470.39941  1.07723582
  8471.25  1.03655231
  8472.09961  1.0337342
  8472.94922  1.04263484
  8473.7998  1.06865942
  8474.64941  1.10426402
  8475.5  1.09954
  8476.34961  1.06544149
  8477.19922  1.02761042
  8478.0498  1.01515687
  8478.89941  1.01948166
  8479.75  1.02148283
  8480.59961  0.991128504
  8481.44922  0.975453734
  8482.2998  1.06969237
  8483.14941  1.14438879
  8484.  1.10552561
  8484.84961  1.06026196
  8485.69922  1.04615831
  8486.5498  1.07946777
  8487.39941  1.10544324
  8488.25  1.11964822
  8489.09961  1.09444952
  8489.94922  1.10405207
  8490.7998  1.1031096
  8491.64941  1.06343794
  8492.5  1.04891574
  8493.34961  1.05213404
  8494.19922  1.0631634
  8495.0498  1.05224574
  8495.89941  1.03260863
  8496.75  0.946587443
  8497.59961  0.799225628
  8498.44922  0.78384769
  8499.2998  0.899717569
  8500.14941  1.02383327
  8501.  1.08119297
  8501.84961  1.02811444
  8502.69922  1.01813567
  8503.5498  1.04907453
  8504.39941  1.03304029
  8505.25  1.02921307
  8506.09961  1.03139257
  8506.94922  1.05221927
  8507.7998  1.08772564
  8508.64941  1.09857428
  8509.5  1.07995653
  8510.34961  1.06057262
  8511.19922  1.05047786
  8512.0498  1.07456923
  8512.89941  1.06088209
  8513.75  1.02273738
  8514.59961  1.04113185
  8515.44922  1.071033
  8516.2998  1.06869221
  8517.14941  1.06321061
  8518.  1.05361497
  8518.84961  1.06254721
  8519.69922  1.07433569
  8520.5498  1.11699295
  8521.39941  1.16836822
  8522.25  1.12497997
  8523.09961  1.04024291
  8523.94922  0.989204228
  8524.7998  0.98167485
  8525.64941  1.02487695
  8526.5  1.02946448
  8527.34961  1.03140855
  8528.19922  1.06010544
  8529.0498  1.06294596
  8529.89941  1.05479801
  8530.75  1.03130198
  8531.59961  1.06487679
  8532.44922  1.04205644
  8533.2998  0.978411496
  8534.14941  1.00128329
  8535.  1.01252246
  8535.84961  0.995544672
  8536.69922  0.983938694
  8537.5498  0.960378945
  8538.39941  0.964802802
  8539.25  0.930150747
  8540.09961  0.82391417
  8540.94922  0.683058977
  8541.7998  0.582325935
  8542.64941  0.585928619
  8543.5  0.678568363
  8544.34961  0.794900477
  8545.19922  0.891286194
  8546.0498  0.961696327
  8546.89941  0.996968389
  8547.75  0.997333884
  8548.59961  1.00391078
  8549.44922  0.962224424
  8550.2998  0.98358804
  8551.14941  1.028301
  8552.  1.03402662
  8552.84961  1.06852615
  8553.69922  1.05449307
  8554.5498  0.969118237
  8555.39941  0.973181367
  8556.25  1.01982546
  8557.09961  1.05252981
  8557.94922  1.10347641
  8558.7998  1.13331831
  8559.64941  1.11930752
  8560.5  1.1080451
  8561.34961  1.13408303
  8562.19922  1.14408588
  8563.0498  1.07468879
  8563.89941  1.02719712
  8564.75  1.04797006
  8565.59961  1.0856775
  8566.44922  1.08110189
  8567.2998  1.0403899
  8568.14941  1.05991781
  8569.  1.06149256
  8569.84961  1.00915849
  8570.69922  1.01831055
  8571.5498  1.04212809
  8572.39941  1.00351131
  8573.25  0.980575144
  8574.09961  1.03408742
  8574.94922  1.06910408
  8575.7998  1.04160559
  8576.64941  1.02690208
  8577.5  1.04067385
  8578.34961  1.04572332
  8579.19922  1.03911054
  8580.0498  1.02789927
  8580.89941  1.03300786
  8581.75  1.01782131
  8582.59961  1.02865767
  8583.44922  1.07432449
  8584.2998  1.12648439
  8585.14941  1.12314939
  8586.  1.07415807
  8586.84961  1.05674481
  8587.69922  1.06968927
  8588.5498  1.03149056
  8589.39941  1.00001407
  8590.25  0.994980454
  8591.09961  0.987525105
  8591.94922  1.01579118
  8592.7998  1.04735386
  8593.64941  1.03523397
  8594.5  0.979335666
  8595.34961  0.936907709
  8596.19922  1.00065231
  8597.0498  1.00183785
  8597.89941  0.981684148
  8598.75  1.00163805
  8599.59961  1.05893934
  8600.44922  1.02393711
  8601.2998  1.00273645
  8602.14941  1.04022932
  8603.  1.07188225
  8603.84961  1.05334771
  8604.69922  1.0024749
  8605.5498  0.979437828
  8606.39941  0.977972507
  8607.25  0.989021182
  8608.09961  1.02435374
  8608.94922  1.03057861
  8609.7998  0.986684501
  8610.64941  0.967912734
  8611.5  0.96776551
  8612.34961  0.974340022
  8613.19922  1.03648198
  8614.0498  1.07735074
  8614.89941  1.04471087
  8615.75  1.0238651
  8616.59961  1.01657689
  8617.44922  1.0461812
  8618.2998  1.03709078
  8619.14941  1.03174388
  8620.  1.0728898
  8620.84961  1.04604292
  8621.69922  0.999882042
  8622.5498  0.996501327
  8623.39941  1.05302048
  8624.25  1.03149581
  8625.09961  1.01451659
  8625.94922  1.01159477
  8626.7998  0.987305999
  8627.64941  0.999504864
  8628.5  1.01711273
  8629.34961  0.984384775
  8630.19922  0.968245983
  8631.0498  0.983283401
  8631.89941  1.03133345
  8632.75  1.03213644
  8633.59961  0.997697353
  8634.44922  1.00600672
  8635.2998  1.03651106
  8636.14941  1.03622389
  8637.  1.03278363
  8637.84961  1.09054875
  8638.69922  1.12590551
  8639.5498  1.04287291
  8640.39941  0.987838864
  8641.25  1.02933049
  8642.09961  0.994391382
  8642.94922  0.965889156
  8643.7998  0.970233798
  8644.64941  0.950422287
  8645.5  1.00778961
  8646.34961  1.08143294
  8647.19922  1.08461821
  8648.0498  1.03161812
  8648.89941  1.03617322
  8649.75  1.05771589
  8650.59961  1.03850293
  8651.44922  1.03076422
  8652.2998  0.999778688
  8653.14941  0.968391895
  8654.  1.01032484
  8654.84961  1.04107797
  8655.69922  0.99412173
  8656.5498  0.947188139
  8657.39941  0.952228844
  8658.25  0.944140732
  8659.09961  0.904301345
  8659.94922  0.848189354
  8660.7998  0.701093137
  8661.64941  0.531917155
  8662.5  0.548523545
  8663.34961  0.700411379
  8664.19922  0.803091824
  8665.0498  0.822848678
  8665.89941  0.858606577
  8666.75  0.959768414
  8667.59961  1.01976871
  8668.44922  1.03860247
  8669.2998  1.00595546
  8670.14941  0.96186769
  8671.  0.946825981
  8671.84961  0.947165072
  8672.69922  0.932145894
  8673.5498  0.941038847
  8674.39941  0.964233696
  8675.25  0.983149111
  8676.09961  1.01053584
  8676.94922  1.02513993
  8677.7998  1.07020354
  8678.64941  1.09293079
  8679.5  1.01443982
  8680.34961  0.97047013
  8681.19922  0.974279046
  8682.0498  0.956178367
  8682.89941  0.936067939
  8683.75  0.923934162
  8684.59961  0.916370451
  8685.44922  0.915217519
  8686.2998  0.980669498
  8687.14941  0.989263117
  8688.  0.922543108
  8688.84961  0.908965468
  8689.69922  0.950438976
  8690.5498  0.993672431
  8691.39941  1.00493348
  8692.25  0.993405581
  8693.09961  1.00895631
  8693.94922  1.01696396
  8694.7998  0.971187711
  8695.64941  0.936391592
  8696.5  0.918760419
  8697.34961  0.92650646
  8698.19922  0.981141925
  8699.0498  1.04388022
  8699.89941  1.08549225
  8700.75  1.06511235
  8701.59961  1.0377382
  8702.44922  1.02131796
  8703.2998  0.997906685
  8704.14941  1.01582825
  8705.  1.02339256
  8705.84961  1.01876986
  8706.69922  1.05114269
  8707.5498  1.065382
  8708.39941  1.02676761
  8709.25  0.996095479
  8710.09961  0.978619158
  8710.94922  0.989156902
  8711.7998  0.998713315
  8712.64941  0.998973668
  8713.5  0.998289287
  8714.34961  1.03490901
  8715.19922  1.07178485
  8716.0498  1.07554197
  8716.89941  1.06598759
  8717.75  1.01725364
  8718.59961  0.99807024
  8719.44922  1.08673215
  8720.2998  1.12084997
  8721.14941  1.08042085
  8722.  1.03800452
  8722.84961  0.969622612
  8723.69922  0.942242026
  8724.5498  1.00118935
  8725.39941  1.04151714
  8726.25  1.00836229
  8727.09961  0.991331697
  8727.94922  1.00662136
  8728.7998  1.01504099
  8729.64941  1.02897751
  8730.5  1.00848329
  8731.34961  1.01058555
  8732.19922  1.05928946
  8733.0498  1.07730687
  8733.89941  1.03708994
  8734.75  1.00222719
  8735.59961  0.988284707
  8736.44922  0.963187277
  8737.2998  0.950185359
  8738.14941  0.964128077
  8739.  0.96151042
  8739.84961  0.955459416
  8740.69922  0.97396636
  8741.5498  0.964522243
  8742.39941  0.960022867
  8743.25  0.996317446
  8744.09961  1.04829907
  8744.94922  1.01538825
  8745.7998  0.946923137
  8746.64941  0.938529432
  8747.5  0.983250678
  8748.34961  1.02221596
  8749.19922  1.00575137
  8750.0498  0.955860257
  8750.89941  0.944214225
  8751.75  0.951157987
  8752.59961  0.992178142
  8753.44922  0.995590329
  8754.2998  0.990818322
  8755.14941  0.986041546
  8756.  0.95558995
  8756.84961  0.898496151
  8757.69922  0.904442608
  8758.5498  0.988099635
  8759.39941  1.02313089
  8760.25  1.03544891
  8761.09961  1.02926028
  8761.94922  0.958527565
  8762.7998  0.892571032
  8763.64941  0.924702346
  8764.5  0.920789003
  8765.34961  0.93467325
  8766.19922  0.951507688
  8767.0498  0.932440817
  8767.89941  0.944557905
  8768.75  1.01580608
  8769.59961  1.02706695
  8770.44922  0.989670277
  8771.2998  0.960055709
  8772.14941  0.945324361
  8773.  0.988526344
  8773.84961  1.0069133
  8774.69922  0.964799166
  8775.5498  0.961036384
  8776.39941  0.969952524
  8777.25  0.912365377
  8778.09961  0.907698154
  8778.94922  0.971768141
  8779.7998  1.01462996
  8780.64941  0.9957515
  8781.5  0.988604903
  8782.34961  0.993211329
  8783.19922  0.974312484
  8784.0498  0.972808123
  8784.89941  1.00109005
  8785.75  1.02376425
  8786.59961  1.01263261
  8787.44922  0.987266958
  8788.2998  1.00096059
  8789.14941  1.01425231
  8790.  0.986792803
  8790.84961  0.959453046
  8791.69922  0.94019568
  8792.5498  0.944461942
  8793.39941  0.999064565
  8794.25  1.03707838
  8795.09961  1.00773787
  8795.94922  0.976436794
  8796.7998  0.9523471
  8797.64941  0.928216338
  8798.5  0.910736144
  8799.34961  0.958192885
  8800.19922  1.02004862
  8801.0498  1.01243711
  8801.89941  0.981646001
  8802.75  0.918240666
  8803.59961  0.91746068
  8804.44922  0.960650623
  8805.2998  0.897763908
  8806.14941  0.800271988
  8807.  0.796584129
  8807.84961  0.844002247
  8808.69922  0.926861346
  8809.5498  0.98124218
  8810.39941  1.04344571
  8811.25  1.05374587
  8812.09961  1.02797222
  8812.94922  1.01389194
  8813.7998  0.993849397
  8814.64941  0.97707969
  8815.5  0.97358036
  8816.34961  0.9449175
  8817.19922  0.929651082
  8818.0498  0.972474813
  8818.89941  1.04809189
  8819.75  1.05454791
  8820.59961  1.00283277
  8821.44922  0.988771617
  8822.2998  0.996577501
  8823.14941  0.988688171
  8824.  0.934981704
  8824.84961  0.833767414
  8825.69922  0.758947432
  8826.5498  0.779445946
  8827.39941  0.856807172
  8828.25  0.96858412
  8829.09961  1.04453981
  8829.94922  1.06397033
  8830.7998  0.987903178
  8831.64941  0.958894789
  8832.5  0.98301965
  8833.34961  0.958739698
  8834.19922  0.958167672
  8835.0498  0.995776653
  8835.89941  1.02344549
  8836.75  1.00265944
  8837.59961  0.973304689
  8838.44922  0.987318397
  8839.2998  1.00425744
  8840.14941  0.970284224
  8841.  0.88363409
  8841.84961  0.924358606
  8842.69922  1.01408255
  8843.5498  1.02686751
  8844.39941  1.00947297
  8845.25  0.990645468
  8846.09961  0.948940754
  8846.94922  0.942393422
  8847.7998  0.98563081
  8848.64941  1.033149
  8849.5  1.04994106
  8850.34961  1.04655027
  8851.19922  1.01566219
  8852.0498  0.985048652
  8852.89941  0.9759835
  8853.75  0.966255903
  8854.59961  0.922648787
  8855.44922  0.901059687
  8856.2998  0.937006772
  8857.14941  0.945294142
  8858.  0.907115281
  8858.84961  0.935774982
  8859.69922  0.940805197
  8860.5498  0.892271638
  8861.39941  0.87358588
  8862.25  0.894504189
  8863.09961  0.84694159
  8863.94922  0.830083191
  8864.7998  0.905684292
  8865.64941  0.9136886
  8866.5  0.878732145
  8867.34961  0.91904068
  8868.19922  0.956460357
  8869.0498  0.922226548
  8869.89941  0.921018898
  8870.75  0.976435542
  8871.59961  0.993833542
  8872.44922  0.971721828
  8873.2998  0.944553256
  8874.14941  0.929702461
  8875.  0.954112053
  8875.84961  1.00811863
  8876.69922  0.992955506
  8877.5498  0.939126849
  8878.39941  0.932121158
  8879.25  0.950570762
  8880.09961  0.965697825
  8880.94922  0.966470003
  8881.7998  0.992858529
  8882.64941  1.02241278
  8883.5  1.10545373
  8884.34961  1.15388823
  8885.19922  1.08994663
  8886.0498  1.03376853
  8886.89941  0.995221019
  8887.75  0.977756858
  8888.59961  0.9717502
  8889.44922  0.947260976
  8890.2998  0.912182868
  8891.14941  0.92757082
  8892.  0.971652091
  8892.84961  0.955708563
  8893.69922  0.972897947
  8894.5498  1.02128816
  8895.39941  1.01284015
  8896.25  0.970730782
  8897.09961  0.942385972
  8897.94922  0.898068726
  8898.7998  0.871536195
  8899.64941  0.892745376
  8900.5  0.962332606
  8901.34961  0.992355824
  8902.19922  0.951205552
  8903.0498  0.878133118
  8903.89941  0.841525197
  8904.75  0.874817252
  8905.59961  0.902892768
  8906.44922  0.933488727
  8907.2998  1.00393665
  8908.14941  1.03295696
  8909.  1.0095855
  8909.84961  1.02688134
  8910.69922  1.00558579
  8911.5498  0.936702073
  8912.39941  0.896929026
  8913.25  0.929905593
  8914.09961  0.977642655
  8914.94922  0.998412728
  8915.7998  1.01463258
  8916.64941  1.02611244
  8917.5  1.09052896
  8918.34961  1.10033345
  8919.19922  0.981884599
  8920.0498  0.88342768
  8920.89941  0.920066178
  8921.75  1.00539482
  8922.59961  1.01924467
  8923.44922  0.98834759
  8924.2998  0.967896521
  8925.14941  0.967724621
  8926.  0.944896638
  8926.84961  0.899981558
  8927.69922  0.846262515
  8928.5498  0.843579948
  8929.39941  0.901154757
  8930.25  0.96466136
  8931.09961  0.965242088
  8931.94922  0.882364869
  8932.7998  0.847822905
  8933.64941  0.879818141
  8934.5  0.93247211
  8935.34961  0.956200242
  8936.19922  0.914402246
  8937.0498  0.897467792
  8937.89941  0.972506583
  8938.75  1.02740633
  8939.59961  0.975398839
  8940.44922  0.923417747
  8941.2998  0.914093256
  8942.14941  0.900542736
  8943.  0.867011726
  8943.84961  0.881853104
  8944.69922  0.9203071
  8945.5498  0.876014233
  8946.39941  0.864349902
  8947.25  0.914473414
  8948.09961  0.95520854
  8948.94922  0.932867169
  8949.7998  0.867398024
  8950.64941  0.869640708
  8951.5  0.888549566
  8952.34961  0.841381311
  8953.19922  0.809465826
  8954.0498  0.885807455
  8954.89941  0.974808693
  8955.75  0.999726117
  8956.59961  0.992452025
  8957.44922  0.95766741
  8958.2998  0.913203657
  8959.14941  0.915773928
  8960.  0.915551484
  8960.84961  0.838930845
  8961.69922  0.805570841
  8962.5498  0.848181188
  8963.39941  0.880113423
  8964.25  0.822060704
  8965.09961  0.829193473
  8965.94922  0.920861244
  8966.7998  0.968044102
  8967.64941  0.955161929
  8968.5  0.922792792
  8969.34961  0.823466778
  8970.19922  0.733096659
  8971.0498  0.823352873
  8971.89941  0.917120576
  8972.75  0.876644135
  8973.59961  0.839312315
  8974.44922  0.900797546
  8975.2998  0.972672105
  8976.14941  1.000651
  8977.  0.993197978
  8977.84961  0.895753384
  8978.69922  0.787809014
  8979.5498  0.760161936
  8980.39941  0.895969808
  8981.25  1.01701498
  8982.09961  1.05443919
  8982.94922  1.05128586
  8983.7998  0.96991235
  8984.64941  0.861222625
  8985.5  0.786377132
  8986.34961  0.703580141
  8987.19922  0.627513111
  8988.0498  0.629893839
  8988.89941  0.625191152
  8989.75  0.564865708
  8990.59961  0.586211622
  8991.44922  0.762259066
  8992.2998  0.927591085
  8993.14941  0.983009815
  8994.  0.972777367
  8994.84961  0.964427233
  8995.69922  1.02258492
  8996.5498  1.0269022
  8997.39941  0.948219717
  8998.25  0.829589248
  8999.09961  0.743364692
  8999.94922  0.809503376
  9000.7998  0.886344254
  9001.64941  0.814130783
  9002.5  0.738874018
  9003.34961  0.794496775
  9004.19922  0.871799409
  9005.0498  0.832987309
  9005.89941  0.748859167
  9006.75  0.781161249
  9007.59961  0.892879128
  9008.44922  0.914667904
  9009.2998  0.86811024
  9010.14941  0.826198995
  9011.  0.813702106
  9011.84961  0.910475671
  9012.69922  1.00896227
  9013.5498  1.00802946
  9014.39941  0.848156393
  9015.25  0.659212887
  9016.09961  0.674319327
  9016.94922  0.852914751
  9017.7998  0.998733878
  9018.64941  1.06615186
  9019.5  1.05773759
