  8348.84961  1.00753105
  8349.69922  1.04560888
  8350.5498  1.08447969
  8351.39941  1.0753386
  8352.25  1.04766393
  8353.09961  1.0335083
  8353.94922  1.04084575
  8354.7998  1.05757368
  8355.64941  1.05621564
  8356.5  1.03279006
  8357.34961  1.03014183
  8358.19922  1.04434085
  8359.0498  1.05697751
  8359.89941  1.05442595
  8360.75  1.03786504
  8361.59961  1.03553081
  8362.44922  1.04588199
  8363.2998  1.03665853
  8364.14941  1.0283848
  8365.  1.02250636
  8365.84961  1.02160597
  8366.69922  1.0541476
  8367.5498  1.08622575
  8368.39941  1.09147835
  8369.25  1.06516802
  8370.09961  1.04948628
  8370.94922  1.05169737
  8371.7998  1.04587305
  8372.64941  1.04007185
  8373.5  1.05571437
  8374.34961  1.07781017
  8375.19922  1.06639969
  8376.0498  1.03577971
  8376.89941  1.01090467
  8377.75  1.0093323
  8378.59961  1.0549382
  8379.44922  1.10128534
  8380.2998  1.10420358
  8381.14941  1.05561399
  8382.  0.984841526
  8382.84961  0.964081943
  8383.69922  1.00115752
  8384.5498  1.03239918
  8385.39941  1.04439855
  8386.25  1.02410722
  8387.09961  0.966046035
  8387.94922  0.958709538
  8388.7998  1.01658618
  8389.64941  1.051633
  8390.5  1.05168664
  8391.34961  1.05897677
  8392.19922  1.07662249
  8393.0498  1.07759905
  8393.89941  1.06214881
  8394.75  1.05561399
  8395.59961  1.05153203
  8396.44922  1.02441907
  8397.2998  1.02817523
  8398.14941  1.06389606
  8399.  1.07508504
  8399.84961  1.07226443
  8400.69922  1.04611027
  8401.5498  1.02912652
  8402.39941  1.04832911
  8403.25  1.06664538
  8404.09961  1.05757022
  8404.94922  1.04610372
  8405.7998  1.0648576
  8406.64941  1.07651961
  8407.5  1.05668676
  8408.34961  1.04465544
  8409.19922  1.06448126
  8410.0498  1.08091676
  8410.89941  1.06131017
  8411.75  1.01439631
  8412.59961  1.00971699
  8413.44922  1.04500723
  8414.2998  1.05786967
  8415.14941  1.06700897
  8416.  1.06672859
  8416.84961  1.04583621
  8417.69922  1.04309154
  8418.5498  1.04700625
  8419.39941  1.03712833
  8420.25  1.03769183
  8421.09961  1.05197072
  8421.94922  1.04719305
  8422.7998  1.02536237
  8423.64941  1.025244
  8424.5  1.03523135
  8425.34961  1.00720131
  8426.19922  0.968880534
  8427.0498  0.991088808
  8427.89941  1.04920256
  8428.75  1.07792521
  8429.59961  1.07735169
  8430.44922  1.0738765
  8431.2998  1.074579
  8432.14941  1.08214676
  8433.  1.07823157
  8433.84961  1.02087569
  8434.69922  0.932313442
  8435.5498  0.924973249
  8436.39941  1.00562298
  8437.25  1.06205106
  8438.09961  1.05047905
  8438.94922  1.00912666
  8439.7998  1.00500154
  8440.64941  1.03982711
  8441.5  1.06412959
  8442.34961  1.07386684
  8443.19922  1.07077467
  8444.0498  1.06329679
  8444.89941  1.05771184
  8445.75  1.02884352
  8446.59961  1.01488566
  8447.44922  1.04088616
  8448.2998  1.06843209
  8449.14941  1.07039428
  8450.  1.05148816
  8450.84961  1.05583584
  8451.69922  1.07627821
  8452.5498  1.08603024
  8453.39941  1.08673024
  8454.25  1.07848918
  8455.09961  1.06142879
  8455.94922  1.04936194
  8456.7998  1.05424988
  8457.64941  1.06274664
  8458.5  1.07039416
  8459.34961  1.0610919
  8460.19922  1.05788791
  8461.0498  1.07765043
  8461.89941  1.08431208
  8462.75  1.07080495
  8463.59961  1.06278026
  8464.44922  1.05610597
  8465.2998  1.03679192
  8466.14941  1.03557849
  8467.  1.025509
  8467.84961  0.97913456
  8468.69922  0.98046726
  8469.5498  1.04218566
  8470.39941  1.0658294
  8471.25  1.0446887
  8472.09961  1.04153752
  8472.94922  1.06321728
  8473.7998  1.07979107
  8474.64941  1.09348524
  8475.5  1.09892452
  8476.34961  1.08385801
  8477.19922  1.0721221
  8478.0498  1.0758841
  8478.89941  1.07472122
  8479.75  1.06579471
  8480.59961  1.05211365
  8481.44922  1.03382111
  8482.2998  1.03174698
  8483.14941  1.05159402
  8484.  1.07185936
  8484.84961  1.0764904
  8485.69922  1.07205462
  8486.5498  1.06254387
  8487.39941  1.04668045
  8488.25  1.04567671
  8489.09961  1.06172729
  8489.94922  1.06674206
  8490.7998  1.05711901
  8491.64941  1.05161178
  8492.5  1.05033958
  8493.34961  1.0447793
  8494.19922  1.04217446
  8495.0498  1.02742231
  8495.89941  0.955217123
  8496.75  0.796439707
  8497.59961  0.622023106
  8498.44922  0.651731312
  8499.2998  0.846708179
  8500.14941  0.975836635
  8501.  1.00204039
  8501.84961  0.979986072
  8502.69922  0.987246454
  8503.5498  1.01974869
  8504.39941  1.03818619
  8505.25  1.05102217
  8506.09961  1.06250679
  8506.94922  1.07137561
  8507.7998  1.07231688
  8508.64941  1.06830192
  8509.5  1.06750417
  8510.34961  1.05630708
  8511.19922  1.03540885
  8512.0498  1.03818572
  8512.89941  1.0316298
  8513.75  0.967911899
  8514.59961  0.924843669
  8515.44922  0.975283027
  8516.2998  1.03272247
  8517.14941  1.03005302
  8518.  1.01966071
  8518.84961  1.03027439
  8519.69922  1.04473317
  8520.5498  1.04494917
  8521.39941  1.04629302
  8522.25  1.0511446
  8523.09961  1.04230583
  8523.94922  1.03559852
  8524.7998  1.03187072
  8525.64941  1.00670898
  8526.5  0.99398309
  8527.34961  1.01687074
  8528.19922  1.04272783
  8529.0498  1.04543018
  8529.89941  1.03361475
  8530.75  1.03082919
  8531.59961  1.03543091
  8532.44922  1.03334129
  8533.2998  1.02525604
  8534.14941  1.01696301
  8535.  0.998358667
  8535.84961  0.976228774
  8536.69922  0.951682866
  8537.5498  0.914258063
  8538.39941  0.868471205
  8539.25  0.808027267
  8540.09961  0.70927155
  8540.94922  0.546987653
  8541.7998  0.414617062
  8542.64941  0.463900447
  8543.5  0.636265934
  8544.34961  0.776752412
  8545.19922  0.85130161
  8546.0498  0.897950053
  8546.89941  0.928112507
  8547.75  0.939764678
  8548.59961  0.957392573
  8549.44922  0.9843238
  8550.2998  0.999255061
  8551.14941  1.01160586
  8552.  1.0324626
  8552.84961  1.04855144
  8553.69922  1.04890823
  8554.5498  1.02693021
  8555.39941  0.994454265
  8556.25  0.982343733
  8557.09961  1.01081383
  8557.94922  1.04984069
  8558.7998  1.05509496
  8559.64941  1.04159904
  8560.5  1.03995669
  8561.34961  1.03828549
  8562.19922  1.03838563
  8563.0498  1.05463123
  8563.89941  1.06282175
  8564.75  1.05597925
  8565.59961  1.05397463
  8566.44922  1.0596875
  8567.2998  1.04788017
  8568.14941  0.999741912
  8569.  0.956797242
  8569.84961  0.986334682
  8570.69922  1.03531528
  8571.5498  1.04055464
  8572.39941  1.04180598
  8573.25  1.04374623
  8574.09961  1.03832352
  8574.94922  1.03793395
  8575.7998  1.04523277
  8576.64941  1.05717075
  8577.5  1.0666995
  8578.34961  1.06505144
  8579.19922  1.05874753
  8580.0498  1.06208134
  8580.89941  1.05030477
  8581.75  1.00163913
  8582.59961  0.9844051
  8583.44922  1.02056992
  8584.2998  1.04553366
  8585.14941  1.04934061
  8586.  1.04711294
  8586.84961  1.0387696
  8587.69922  1.02967131
  8588.5498  1.03413117
  8589.39941  1.04958808
  8590.25  1.05069613
  8591.09961  1.0420922
  8591.94922  1.03331101
  8592.7998  1.02747846
  8593.64941  1.03999424
  8594.5  1.0569905
  8595.34961  1.0468663
  8596.19922  1.02590489
  8597.0498  1.01798463
  8597.89941  1.00378132
  8598.75  1.00502467
  8599.59961  1.03853512
  8600.44922  1.06521738
  8601.2998  1.06823587
  8602.14941  1.05905139
  8603.  1.04734647
  8603.84961  1.04118741
  8604.69922  1.03336072
  8605.5498  1.02937162
  8606.39941  1.03093088
  8607.25  1.02847886
  8608.09961  1.0300492
  8608.94922  1.03532553
  8609.7998  1.02423239
  8610.64941  0.9854123
  8611.5  0.973159194
  8612.34961  1.00989985
  8613.19922  1.03263831
  8614.0498  1.03282702
  8614.89941  1.03821611
  8615.75  1.03942597
  8616.59961  1.04531324
  8617.44922  1.05658937
  8618.2998  1.05882692
  8619.14941  1.05851078
  8620.  1.05430806
  8620.84961  1.02592504
  8621.69922  0.999728084
  8622.5498  1.01169002
  8623.39941  1.04011011
  8624.25  1.05584157
  8625.09961  1.05878377
  8625.94922  1.06140137
  8626.7998  1.05878413
  8627.64941  1.05065453
  8628.5  1.05130315
  8629.34961  1.0602417
  8630.19922  1.06429255
  8631.0498  1.05252433
  8631.89941  1.0341289
  8632.75  1.03216851
  8633.59961  1.0391233
  8634.44922  1.04409349
  8635.2998  1.04897201
  8636.14941  1.04761243
  8637.  1.04085946
  8637.84961  1.04261661
  8638.69922  1.0531255
  8639.5498  1.05994105
  8640.39941  1.05787146
  8641.25  1.04606819
  8642.09961  1.03759408
  8642.94922  1.03854156
  8643.7998  1.03855443
  8644.64941  1.04468179
  8645.5  1.05423486
  8646.34961  1.05271387
  8647.19922  1.02424979
  8648.0498  0.980108082
  8648.89941  0.980648696
  8649.75  1.01457834
  8650.59961  1.02419615
  8651.44922  1.02266324
  8652.2998  1.02934384
  8653.14941  1.02330315
  8654.  0.9991799
  8654.84961  0.990379989
  8655.69922  0.995185196
  8656.5498  0.988185108
  8657.39941  0.970443428
  8658.25  0.941350639
  8659.09961  0.89303869
  8659.94922  0.810526371
  8660.7998  0.660794973
  8661.64941  0.482416391
  8662.5  0.465764761
  8663.34961  0.626789093
  8664.19922  0.78500545
  8665.0498  0.877414882
  8665.89941  0.927909434
  8666.75  0.952385843
  8667.59961  0.966926932
  8668.44922  0.982072234
  8669.2998  0.990100622
  8670.14941  0.996119499
  8671.  0.996971846
  8671.84961  0.994202912
  8672.69922  0.999615312
  8673.5498  0.986380816
  8674.39941  0.928727806
  8675.25  0.916881263
  8676.09961  0.981504917
  8676.94922  1.02491295
  8677.7998  1.02225101
  8678.64941  1.00203001
  8679.5  0.978953242
  8680.34961  0.977850676
  8681.19922  0.999062836
  8682.0498  1.00165951
  8682.89941  0.993194401
  8683.75  1.00709426
  8684.59961  1.03362834
  8685.44922  1.03405774
  8686.2998  1.01198101
  8687.14941  0.978910804
  8688.  0.883460343
  8688.84961  0.852622211
  8689.69922  0.950520039
  8690.5498  1.02203047
  8691.39941  1.02840137
  8692.25  1.01609349
  8693.09961  1.02301228
  8693.94922  1.02481878
  8694.7998  1.02169156
  8695.64941  1.03568852
  8696.5  1.03814435
  8697.34961  1.02512515
  8698.19922  0.99915725
  8699.0498  0.970774651
  8699.89941  0.981393933
  8700.75  1.00409973
  8701.59961  1.00078773
  8702.44922  0.992814839
  8703.2998  1.00042117
  8704.14941  1.02189064
  8705.  1.03180373
  8705.84961  1.02421999
  8706.69922  1.01081753
  8707.5498  1.00658894
  8708.39941  1.01366961
  8709.25  0.999113381
  8710.09961  0.971807718
  8710.94922  0.985341489
  8711.7998  0.989521742
  8712.64941  0.959038973
  8713.5  0.974825382
  8714.34961  1.01614451
  8715.19922  1.02364469
  8716.0498  1.01468492
  8716.89941  0.996903002
  8717.75  0.98940742
  8718.59961  1.00877309
  8719.44922  1.02156854
  8720.2998  1.02082121
  8721.14941  1.02365327
  8722.  1.02858067
  8722.84961  1.02106535
  8723.69922  1.01091921
  8724.5498  1.01377416
  8725.39941  1.02102089
  8726.25  1.02790689
  8727.09961  1.01411569
  8727.94922  0.982864439
  8728.7998  0.970918655
  8729.64941  0.985696673
  8730.5  1.01098561
  8731.34961  1.02818966
  8732.19922  1.02767408
  8733.0498  1.02282155
  8733.89941  1.01452482
  8734.75  0.99898839
  8735.59961  0.976781964
  8736.44922  0.982289851
  8737.2998  1.02167559
  8738.14941  1.03775299
  8739.  1.03204989
  8739.84961  1.0201664
  8740.69922  1.01145589
  8741.5498  0.992642701
  8742.39941  0.985655129
  8743.25  1.01015508
  8744.09961  1.02453339
  8744.94922  1.0188601
  8745.7998  1.01229763
  8746.64941  1.00128663
  8747.5  0.997178555
  8748.34961  1.00664198
  8749.19922  1.01366568
  8750.0498  1.00262344
  8750.89941  0.965382159
  8751.75  0.952042937
  8752.59961  0.981620193
  8753.44922  1.01508486
  8754.2998  1.03348255
  8755.14941  1.0346595
  8756.  1.00752544
  8756.84961  0.968578756
  8757.69922  0.975332201
  8758.5498  1.01158977
  8759.39941  1.03232563
  8760.25  1.04219258
  8761.09961  1.04132807
  8761.94922  1.03415513
  8762.7998  1.00772035
  8763.64941  0.971388042
  8764.5  0.979984939
  8765.34961  1.00578523
  8766.19922  1.00713432
  8767.0498  1.01151574
  8767.89941  1.02814138
  8768.75  1.03366113
  8769.59961  1.01725316
  8770.44922  1.00831676
  8771.2998  1.01208854
  8772.14941  0.983603477
  8773.  0.940098763
  8773.84961  0.953434765
  8774.69922  0.997294426
  8775.5498  1.01727819
  8776.39941  1.02456188
  8777.25  1.02690518
  8778.09961  1.01390088
  8778.94922  1.00351226
  8779.7998  1.00120497
  8780.64941  1.00981975
  8781.5  1.02595282
  8782.34961  1.02285874
  8783.19922  1.0095346
  8784.0498  1.00357533
  8784.89941  1.00406682
  8785.75  1.01422679
  8786.59961  1.03012431
  8787.44922  1.03072906
  8788.2998  1.02457666
  8789.14941  1.00718713
  8790.  0.972787321
  8790.84961  0.977731109
  8791.69922  1.00379133
  8792.5498  0.972956836
  8793.39941  0.95605576
  8794.25  0.99860853
  8795.09961  1.02361226
  8795.94922  1.00867414
  8796.7998  0.995092571
  8797.64941  1.00036669
  8798.5  1.00770605
  8799.34961  1.01671386
  8800.19922  1.02293503
  8801.0498  1.01468647
  8801.89941  1.00360084
  8802.75  0.998641849
  8803.59961  0.976093709
  8804.44922  0.951451778
  8805.2998  0.928018212
  8806.14941  0.839443624
  8807.  0.811075151
  8807.84961  0.902436972
  8808.69922  0.964338899
  8809.5498  0.983177602
  8810.39941  1.00007665
  8811.25  1.01509404
  8812.09961  1.02147448
  8812.94922  1.01598299
  8813.7998  1.01245379
  8814.64941  1.01475799
  8815.5  1.0111016
  8816.34961  1.0044533
  8817.19922  1.01414502
  8818.0498  1.01381767
  8818.89941  0.991674423
  8819.75  0.992854297
  8820.59961  1.00764179
  8821.44922  1.02104723
  8822.2998  1.0153991
  8823.14941  0.95276171
  8824.  0.897690654
  8824.84961  0.926700473
  8825.69922  0.986899555
  8826.5498  1.01502538
  8827.39941  1.01091576
  8828.25  1.00456917
  8829.09961  1.00841558
  8829.94922  1.00867021
  8830.7998  1.00861251
  8831.64941  1.01199579
  8832.5  1.00963748
  8833.34961  1.00818419
  8834.19922  1.01041341
  8835.0498  1.00221562
  8835.89941  1.00046408
  8836.75  1.00228775
  8837.59961  0.961821735
  8838.44922  0.937700927
  8839.2998  0.985619485
  8840.14941  1.02535129
  8841.  1.020522
  8841.84961  1.00859761
  8842.69922  1.00635612
  8843.5498  1.0104804
  8844.39941  1.02053821
  8845.25  1.02150404
  8846.09961  0.999175727
  8846.94922  0.994999588
  8847.7998  1.01859713
  8848.64941  1.02967894
  8849.5  1.02425504
  8850.34961  1.02377927
  8851.19922  1.0250814
  8852.0498  1.02397323
  8852.89941  1.02955234
  8853.75  1.03252208
  8854.59961  1.03267205
  8855.44922  1.03080428
  8856.2998  1.01821995
  8857.14941  1.00819159
  8858.  1.01198232
  8858.84961  1.02010059
  8859.69922  1.01580739
  8860.5498  0.999743938
  8861.39941  0.972468913
  8862.25  0.940521121
  8863.09961  0.948735714
  8863.94922  0.986633241
  8864.7998  1.00683248
  8865.64941  0.997491837
  8866.5  0.948316276
  8867.34961  0.931925952
  8868.19922  0.95505172
  8869.0498  0.987577438
  8869.89941  1.02019095
  8870.75  1.02958131
  8871.59961  1.03531158
  8872.44922  1.02892196
  8873.2998  1.0138787
  8874.14941  1.00014281
  8875.  0.996301055
  8875.84961  0.998627782
  8876.69922  0.998723149
  8877.5498  0.985420823
  8878.39941  0.961491048
  8879.25  0.976229489
  8880.09961  1.0104425
  8880.94922  1.01087213
  8881.7998  1.00345409
  8882.64941  1.00733531
  8883.5  1.00565624
  8884.34961  1.01059544
  8885.19922  1.02421296
  8886.0498  1.02787244
  8886.89941  1.02636778
  8887.75  1.027089
  8888.59961  1.02586937
  8889.44922  1.01844656
  8890.2998  1.01120102
  8891.14941  0.995839
  8892.  0.982921541
  8892.84961  0.992709279
  8893.69922  1.00145137
  8894.5498  1.00478745
  8895.39941  1.0143646
  8896.25  1.01517427
  8897.09961  1.00758529
  8897.94922  1.00067055
  8898.7998  0.993328154
  8899.64941  0.995861888
  8900.5  1.01365638
  8901.34961  1.02586341
  8902.19922  1.02212501
  8903.0498  1.01244843
  8903.89941  1.01031506
  8904.75  1.00988019
  8905.59961  1.00696278
  8906.44922  1.01154995
  8907.2998  1.01866603
  8908.14941  1.02205682
  8909.  1.0194813
  8909.84961  1.01688564
  8910.69922  1.00750458
  8911.5498  0.978890061
  8912.39941  0.970710814
  8913.25  0.999151707
  8914.09961  1.01971614
  8914.94922  1.020123
  8915.7998  1.01118338
  8916.64941  1.00476623
  8917.5  1.01199055
  8918.34961  1.01460159
  8919.19922  0.995295346
  8920.0498  0.984994888
  8920.89941  1.00860798
  8921.75  1.0254941
  8922.59961  1.00746787
  8923.44922  0.99386692
  8924.2998  1.00312746
  8925.14941  1.0024395
  8926.  0.99073112
  8926.84961  0.982616246
  8927.69922  0.963016272
  8928.5498  0.937916279
  8929.39941  0.942072451
  8930.25  0.969474137
  8931.09961  0.982735932
  8931.94922  0.981733978
  8932.7998  0.97273016
  8933.64941  0.969828248
  8934.5  0.989608049
  8935.34961  1.00877929
  8936.19922  1.0137583
  8937.0498  1.01845312
  8937.89941  1.02244854
  8938.75  1.00744665
  8939.59961  0.980877519
  8940.44922  0.975944102
  8941.2998  0.977725327
  8942.14941  0.958033919
  8943.  0.951995254
  8943.84961  0.975221872
  8944.69922  0.964861214
  8945.5498  0.899830818
  8946.39941  0.872817576
  8947.25  0.911231518
  8948.09961  0.945904672
  8948.94922  0.966201663
  8949.7998  0.982336342
  8950.64941  0.962863445
  8951.5  0.939775646
  8952.34961  0.951528788
  8953.19922  0.920170188
  8954.0498  0.842360973
  8954.89941  0.859372973
  8955.75  0.949016392
  8956.59961  0.988719046
  8957.44922  0.973105311
  8958.2998  0.962653279
  8959.14941  0.977194011
  8960.  0.981418133
  8960.84961  0.931165636
  8961.69922  0.834771991
  8962.5498  0.796627343
  8963.39941  0.862348139
  8964.25  0.876744747
  8965.09961  0.807246685
  8965.94922  0.831068397
  8966.7998  0.923237562
  8967.64941  0.961080134
  8968.5  0.975683212
  8969.34961  0.971610367
  8970.19922  0.858292401
  8971.0498  0.767536521
  8971.89941  0.825769305
  8972.75  0.894426107
  8973.59961  0.864714086
  8974.44922  0.835177362
  8975.2998  0.865101695
  8976.14941  0.912127733
  8977.  0.956621051
  8977.84961  0.973203838
  8978.69922  0.932971656
  8979.5498  0.809626162
  8980.39941  0.778894126
  8981.25  0.896127403
  8982.09961  0.980252743
  8982.94922  1.00358927
  8983.7998  0.999638796
  8984.64941  0.958454669
  8985.5  0.84133476
  8986.34961  0.698079526
  8987.19922  0.653613925
  8988.0498  0.710705459
  8988.89941  0.768791556
  8989.75  0.737631023
  8990.59961  0.650260806
  8991.44922  0.656076193
  8992.2998  0.804243743
  8993.14941  0.950778604
  8994.  1.00285518
  8994.84961  1.00966001
  8995.69922  1.01431489
  8996.5498  1.01452088
  8997.39941  1.0106498
  8998.25  0.947742641
  8999.09961  0.768207192
  8999.94922  0.662644386
  9000.7998  0.798511446
  9001.64941  0.936039507
  9002.5  0.87118566
  9003.34961  0.788193226
  9004.19922  0.868372738
  9005.0498  0.956888139
  9005.89941  0.896957278
  9006.75  0.802149773
  9007.59961  0.808623135
  9008.44922  0.867288291
  9009.2998  0.889995217
  9010.14941  0.848336339
  9011.  0.775069892
  9011.84961  0.783445716
  9012.69922  0.872604489
  9013.5498  0.927940905
  9014.39941  0.919099391
  9015.25  0.803200841
  9016.09961  0.664054215
  9016.94922  0.709979534
  9017.7998  0.872551501
  9018.64941  0.969438314
  9019.5  0.996202886
