  8348.84961  0.941648066
  8349.69922  0.98928827
  8350.5498  1.04939818
  8351.39941  1.07094479
  8352.25  1.03370285
  8353.09961  0.993951797
  8353.94922  1.00583994
  8354.7998  1.0335623
  8355.64941  1.04808104
  8356.5  1.05025887
  8357.34961  1.03446233
  8358.19922  1.02137649
  8359.0498  1.03676653
  8359.89941  1.04952288
  8360.75  1.03918982
  8361.59961  1.02479804
  8362.44922  0.998089194
  8363.2998  0.93795681
  8364.14941  0.902968526
  8365.  0.938159943
  8365.84961  0.999351025
  8366.69922  1.05459797
  8367.5498  1.08793473
  8368.39941  1.08679867
  8369.25  1.05692196
  8370.09961  1.03616166
  8370.94922  1.0391674
  8371.7998  1.04112351
  8372.64941  1.04437137
  8373.5  1.05241084
  8374.34961  1.05946374
  8375.19922  1.05904639
  8376.0498  1.0289824
  8376.89941  0.956028044
  8377.75  0.908415616
  8378.59961  0.977633119
  8379.44922  1.06344008
  8380.2998  1.08308208
  8381.14941  1.00569046
  8382.  0.846997559
  8382.84961  0.797210276
  8383.69922  0.922851861
  8384.5498  1.0238868
  8385.39941  1.03231752
  8386.25  0.968210042
  8387.09961  0.88199091
  8387.94922  0.854628682
  8388.7998  0.90263617
  8389.64941  0.958342075
  8390.5  1.00433242
  8391.34961  1.042889
  8392.19922  1.07245493
  8393.0498  1.0823673
  8393.89941  1.06312454
  8394.75  1.04267883
  8395.59961  1.01526129
  8396.44922  0.959056258
  8397.2998  0.958381653
  8398.14941  1.02038431
  8399.  1.06372607
  8399.84961  1.0617311
  8400.69922  1.02231145
  8401.5498  0.991290033
  8402.39941  1.01438129
  8403.25  1.05290151
  8404.09961  1.0560925
  8404.94922  1.04860497
  8405.7998  1.05719662
  8406.64941  1.06715512
  8407.5  1.06653678
  8408.34961  1.06159341
  8409.19922  1.06381261
  8410.0498  1.06225193
  8410.89941  1.02350819
  8411.75  0.951479316
  8412.59961  0.925367534
  8413.44922  0.974491239
  8414.2998  1.02892423
  8415.14941  1.06245756
  8416.  1.03912556
  8416.84961  0.98361975
  8417.69922  0.975624621
  8418.5498  1.01197076
  8419.39941  1.03378582
  8420.25  1.03941596
  8421.09961  1.04676414
  8421.94922  1.02878284
  8422.7998  0.990236163
  8423.64941  0.968795002
  8424.5  0.969551086
  8425.34961  0.935286224
  8426.19922  0.865585268
  8427.0498  0.905485272
  8427.89941  1.015674
  8428.75  1.07178199
  8429.59961  1.08043826
  8430.44922  1.07576966
  8431.2998  1.06284571
  8432.14941  1.0565654
  8433.  1.03480816
  8433.84961  0.933952868
  8434.69922  0.783043504
  8435.5498  0.766712785
  8436.39941  0.89888674
  8437.25  1.00062442
  8438.09961  0.997705817
  8438.94922  0.959110796
  8439.7998  0.966496825
  8440.64941  1.0093081
  8441.5  1.0404923
  8442.34961  1.03693724
  8443.19922  1.02337551
  8444.0498  1.02782917
  8444.89941  1.03383768
  8445.75  1.01348376
  8446.59961  0.987415075
  8447.44922  0.98843354
  8448.2998  1.01095593
  8449.14941  1.00503337
  8450.  0.961894572
  8450.84961  0.954815686
  8451.69922  0.999503732
  8452.5498  1.03078628
  8453.39941  1.03113186
  8454.25  1.02284467
  8455.09961  1.00322509
  8455.94922  0.979661107
  8456.7998  0.969689369
  8457.64941  0.98334825
  8458.5  1.01274264
  8459.34961  1.02697623
  8460.19922  1.0342629
  8461.0498  1.04614627
  8461.89941  1.05103564
  8462.75  1.04459035
  8463.59961  1.02566063
  8464.44922  1.00157952
  8465.2998  0.982680559
  8466.14941  0.964579761
  8467.  0.924200833
  8467.84961  0.887140453
  8468.69922  0.901322424
  8469.5498  0.96747762
  8470.39941  1.00809932
  8471.25  1.00749612
  8472.09961  1.0128355
  8472.94922  1.03552592
  8473.7998  1.05247974
  8474.64941  1.06226599
  8475.5  1.05788779
  8476.34961  1.03249431
  8477.19922  1.03154027
  8478.0498  1.05042505
  8478.89941  1.05488276
  8479.75  1.03795433
  8480.59961  1.01626515
  8481.44922  0.999717474
  8482.2998  0.994807899
  8483.14941  1.008008
  8484.  1.03098965
  8484.84961  1.04625654
  8485.69922  1.04761207
  8486.5498  1.0395329
  8487.39941  1.02439451
  8488.25  1.01771593
  8489.09961  1.03513157
  8489.94922  1.05269575
  8490.7998  1.04745126
  8491.64941  1.03658831
  8492.5  1.02692115
  8493.34961  1.00372899
  8494.19922  0.968427479
  8495.0498  0.929606438
  8495.89941  0.859743536
  8496.75  0.719459891
  8497.59961  0.57378304
  8498.44922  0.580267191
  8499.2998  0.741803408
  8500.14941  0.904338658
  8501.  0.977672756
  8501.84961  0.98621577
  8502.69922  0.993360639
  8503.5498  1.00953615
  8504.39941  1.01832497
  8505.25  1.02698886
  8506.09961  1.0366112
  8506.94922  1.05115402
  8507.7998  1.06462157
  8508.64941  1.06418157
  8509.5  1.05597472
  8510.34961  1.0429889
  8511.19922  1.03287232
  8512.0498  1.02590466
  8512.89941  0.986839056
  8513.75  0.906925976
  8514.59961  0.869571388
  8515.44922  0.918245256
  8516.2998  0.978079498
  8517.14941  0.961379886
  8518.  0.920376778
  8518.84961  0.952367246
  8519.69922  1.01341105
  8520.5498  1.03507113
  8521.39941  1.03565717
  8522.25  1.03834391
  8523.09961  1.03293192
  8523.94922  1.02964556
  8524.7998  1.02202666
  8525.64941  0.999014676
  8526.5  0.981542587
  8527.34961  0.992564619
  8528.19922  1.00949466
  8529.0498  1.01939833
  8529.89941  1.01120448
  8530.75  0.99664849
  8531.59961  0.987823009
  8532.44922  0.997826397
  8533.2998  1.00720084
  8534.14941  0.99795711
  8535.  0.977804005
  8535.84961  0.955211341
  8536.69922  0.926900268
  8537.5498  0.875330567
  8538.39941  0.807781219
  8539.25  0.735654473
  8540.09961  0.634598494
  8540.94922  0.491683841
  8541.7998  0.374863207
  8542.64941  0.39391005
  8543.5  0.528657854
  8544.34961  0.679766655
  8545.19922  0.793029726
  8546.0498  0.860199928
  8546.89941  0.885554254
  8547.75  0.889584899
  8548.59961  0.910584986
  8549.44922  0.947661042
  8550.2998  0.975986302
  8551.14941  1.00126863
  8552.  1.03050649
  8552.84961  1.0494597
  8553.69922  1.04195678
  8554.5498  1.01415992
  8555.39941  0.996380329
  8556.25  1.00433874
  8557.09961  1.02644002
  8557.94922  1.04618275
  8558.7998  1.05054188
  8559.64941  1.04072368
  8560.5  1.03381777
  8561.34961  1.03982747
  8562.19922  1.04930997
  8563.0498  1.05119586
  8563.89941  1.04327118
  8564.75  1.03245521
  8565.59961  1.030949
  8566.44922  1.03898942
  8567.2998  1.04660368
  8568.14941  1.04760039
  8569.  1.03803432
  8569.84961  1.0340054
  8570.69922  1.04466212
  8571.5498  1.05136895
  8572.39941  1.04550838
  8573.25  1.03270257
  8574.09961  1.01678419
  8574.94922  1.00610256
  8575.7998  1.01802528
  8576.64941  1.03986573
  8577.5  1.04099917
  8578.34961  1.03614473
  8579.19922  1.048594
  8580.0498  1.05867541
  8580.89941  1.03657007
  8581.75  0.988970101
  8582.59961  0.977893233
  8583.44922  1.0122999
  8584.2998  1.04808247
  8585.14941  1.06055677
  8586.  1.06372058
  8586.84961  1.05931377
  8587.69922  1.05624914
  8588.5498  1.05177391
  8589.39941  1.04906237
  8590.25  1.04858947
  8591.09961  1.05125201
  8591.94922  1.04754949
  8592.7998  1.0431689
  8593.64941  1.05016196
  8594.5  1.0574795
  8595.34961  1.04987442
  8596.19922  1.03900528
  8597.0498  1.02291048
  8597.89941  1.00632739
  8598.75  1.01471555
  8599.59961  1.03606558
  8600.44922  1.04994988
  8601.2998  1.05172884
  8602.14941  1.04717886
  8603.  1.04448509
  8603.84961  1.04838765
  8604.69922  1.05256367
  8605.5498  1.05352533
  8606.39941  1.05151355
  8607.25  1.05236673
  8608.09961  1.06022608
  8608.94922  1.05530095
  8609.7998  1.02904022
  8610.64941  0.992754281
  8611.5  0.961568415
  8612.34961  0.970399201
  8613.19922  1.0061444
  8614.0498  1.03363502
  8614.89941  1.0445056
  8615.75  1.04999828
  8616.59961  1.0533644
  8617.44922  1.05092669
  8618.2998  1.04364562
  8619.14941  1.04647899
  8620.  1.04974747
  8620.84961  1.03199065
  8621.69922  1.01164949
  8622.5498  1.01277781
  8623.39941  1.03664148
  8624.25  1.06290448
  8625.09961  1.07364917
  8625.94922  1.06804013
  8626.7998  1.06152904
  8627.64941  1.06504238
  8628.5  1.06939042
  8629.34961  1.06744134
  8630.19922  1.06414878
  8631.0498  1.0536834
  8631.89941  1.04606664
  8632.75  1.04299772
  8633.59961  1.03640747
  8634.44922  1.03858089
  8635.2998  1.04326153
  8636.14941  1.04507911
  8637.  1.05089092
  8637.84961  1.05930114
  8638.69922  1.07191765
  8639.5498  1.07763016
  8640.39941  1.07291579
  8641.25  1.06197834
  8642.09961  1.0402813
  8642.94922  1.02931845
  8643.7998  1.04862988
  8644.64941  1.07146525
  8645.5  1.07603085
  8646.34961  1.06790686
  8647.19922  1.04989648
  8648.0498  1.02837229
  8648.89941  1.01822031
  8649.75  1.02801752
  8650.59961  1.04047275
  8651.44922  1.04001248
  8652.2998  1.03088868
  8653.14941  1.01563168
  8654.  1.00641704
  8654.84961  1.00420153
  8655.69922  0.995584726
  8656.5498  0.979788005
  8657.39941  0.955888748
  8658.25  0.924365938
  8659.09961  0.868521214
  8659.94922  0.762475014
  8660.7998  0.599605918
  8661.64941  0.445458174
  8662.5  0.421090692
  8663.34961  0.549089015
  8664.19922  0.721075654
  8665.0498  0.846352875
  8665.89941  0.913940907
  8666.75  0.944763541
  8667.59961  0.966019213
  8668.44922  0.989880145
  8669.2998  1.00743651
  8670.14941  1.00931835
  8671.  1.00548172
  8671.84961  1.0055331
  8672.69922  1.00224125
  8673.5498  0.962289989
  8674.39941  0.891374707
  8675.25  0.868673265
  8676.09961  0.933187485
  8676.94922  1.01274037
  8677.7998  1.03517735
  8678.64941  1.00692403
  8679.5  0.988638461
  8680.34961  1.00051463
  8681.19922  1.00693309
  8682.0498  0.973703921
  8682.89941  0.937560916
  8683.75  0.956729591
  8684.59961  1.00856352
  8685.44922  1.03829074
  8686.2998  1.02822745
  8687.14941  0.971110404
  8688.  0.874487519
  8688.84961  0.833562732
  8689.69922  0.89774394
  8690.5498  0.98483175
  8691.39941  1.00153756
  8692.25  0.978057206
  8693.09961  0.98878932
  8693.94922  1.02363825
  8694.7998  1.04521441
  8695.64941  1.05532956
  8696.5  1.05808616
  8697.34961  1.04064953
  8698.19922  1.00890553
  8699.0498  0.9886114
  8699.89941  0.994829118
  8700.75  1.00756896
  8701.59961  1.01022255
  8702.44922  1.0064795
  8703.2998  1.00871396
  8704.14941  1.0231328
  8705.  1.04281163
  8705.84961  1.05160832
  8706.69922  1.04419434
  8707.5498  1.03689241
  8708.39941  1.0328964
  8709.25  1.01916707
  8710.09961  0.997271061
  8710.94922  1.00085723
  8711.7998  1.00020587
  8712.64941  0.977186561
  8713.5  0.984645724
  8714.34961  1.02089417
  8715.19922  1.04885197
  8716.0498  1.04920435
  8716.89941  1.02966034
  8717.75  1.01628339
  8718.59961  1.01700044
  8719.44922  1.0201019
  8720.2998  1.033553
  8721.14941  1.04926491
  8722.  1.055655
  8722.84961  1.04733872
  8723.69922  1.0399034
  8724.5498  1.03762007
  8725.39941  1.04230893
  8726.25  1.03860462
  8727.09961  1.0262655
  8727.94922  1.00981236
  8728.7998  1.00395548
  8729.64941  1.00988209
  8730.5  1.01774812
  8731.34961  1.03516114
  8732.19922  1.05370283
  8733.0498  1.04405367
  8733.89941  1.00547957
  8734.75  0.979786336
  8735.59961  0.972845614
  8736.44922  1.00014818
  8737.2998  1.02894044
  8738.14941  1.04245508
  8739.  1.05146098
  8739.84961  1.03828168
  8740.69922  1.01502144
  8741.5498  1.01066554
  8742.39941  1.03117728
  8743.25  1.04749703
  8744.09961  1.05625439
  8744.94922  1.05681407
  8745.7998  1.04987109
  8746.64941  1.03312469
  8747.5  1.02561069
  8748.34961  1.02952135
  8749.19922  1.03388155
  8750.0498  1.03489792
  8750.89941  1.03470397
  8751.75  1.03507495
  8752.59961  1.04807234
  8753.44922  1.06402373
  8754.2998  1.07324684
  8755.14941  1.07003093
  8756.  1.04297805
  8756.84961  1.00365758
  8757.69922  1.01360869
  8758.5498  1.04917812
  8759.39941  1.07085371
  8760.25  1.06767356
  8761.09961  1.05808115
  8761.94922  1.06130135
  8762.7998  1.04491127
  8763.64941  1.01452386
  8764.5  1.0096494
  8765.34961  1.00853097
  8766.19922  0.99210912
  8767.0498  0.995786607
  8767.89941  1.03198004
  8768.75  1.06309354
  8769.59961  1.06430602
  8770.44922  1.05100894
  8771.2998  1.02939868
  8772.14941  1.00346422
  8773.  0.984622478
  8773.84961  0.985080957
  8774.69922  1.01611161
  8775.5498  1.05566967
  8776.39941  1.07480967
  8777.25  1.06404972
  8778.09961  1.03445804
  8778.94922  1.02272069
  8779.7998  1.03736782
  8780.64941  1.06308711
  8781.5  1.08307755
  8782.34961  1.08713877
  8783.19922  1.0731703
  8784.0498  1.06080663
  8784.89941  1.0632894
  8785.75  1.07039511
  8786.59961  1.07690394
  8787.44922  1.07638681
  8788.2998  1.07669008
  8789.14941  1.06599998
  8790.  1.04220963
  8790.84961  1.03707516
  8791.69922  1.04295862
  8792.5498  1.02627814
  8793.39941  1.01108027
  8794.25  1.02112985
  8795.09961  1.0357343
  8795.94922  1.03642201
  8796.7998  1.04180837
  8797.64941  1.05512846
  8798.5  1.06444359
  8799.34961  1.05862963
  8800.19922  1.04692054
  8801.0498  1.04962528
  8801.89941  1.05579686
  8802.75  1.04490757
  8803.59961  1.00925744
  8804.44922  0.96752584
  8805.2998  0.910350621
  8806.14941  0.840573907
  8807.  0.828776479
  8807.84961  0.894159615
  8808.69922  0.969996393
  8809.5498  1.02362084
  8810.39941  1.051633
  8811.25  1.05939329
  8812.09961  1.06579185
  8812.94922  1.06686962
  8813.7998  1.06112444
  8814.64941  1.0630101
  8815.5  1.06461334
  8816.34961  1.05714977
  8817.19922  1.05887568
  8818.0498  1.05738771
  8818.89941  1.0350759
  8819.75  1.02663064
  8820.59961  1.02962554
  8821.44922  1.03252923
  8822.2998  1.01609695
  8823.14941  0.965340316
  8824.  0.911893845
  8824.84961  0.924834251
  8825.69922  0.990917504
  8826.5498  1.04188156
  8827.39941  1.05598485
  8828.25  1.05157185
  8829.09961  1.05392683
  8829.94922  1.06479096
  8830.7998  1.07776582
  8831.64941  1.07590842
  8832.5  1.06030071
  8833.34961  1.05283844
  8834.19922  1.05634236
  8835.0498  1.05690289
  8835.89941  1.04728103
  8836.75  1.02989018
  8837.59961  0.991388202
  8838.44922  0.965638816
  8839.2998  0.986176968
  8840.14941  1.02822232
  8841.  1.05474806
  8841.84961  1.05986357
  8842.69922  1.06498075
  8843.5498  1.06756926
  8844.39941  1.0667243
  8845.25  1.0628922
  8846.09961  1.05750418
  8846.94922  1.06331694
  8847.7998  1.07674992
  8848.64941  1.0777247
  8849.5  1.06811762
  8850.34961  1.06439614
  8851.19922  1.06590402
  8852.0498  1.07454979
  8852.89941  1.08350766
  8853.75  1.09334946
  8854.59961  1.0999229
  8855.44922  1.09497797
  8856.2998  1.09363079
  8857.14941  1.09517872
  8858.  1.09423018
  8858.84961  1.08981872
  8859.69922  1.07912529
  8860.5498  1.06127977
  8861.39941  1.03751719
  8862.25  1.01529503
  8863.09961  1.01830065
  8863.94922  1.04278779
  8864.7998  1.05390441
  8865.64941  1.04131508
  8866.5  1.01531398
  8867.34961  0.994860888
  8868.19922  0.991162241
  8869.0498  1.01732504
  8869.89941  1.04722917
  8870.75  1.06071246
  8871.59961  1.06257069
  8872.44922  1.05657089
  8873.2998  1.05469823
  8874.14941  1.06126583
  8875.  1.05571997
  8875.84961  1.04144514
  8876.69922  1.03605378
  8877.5498  1.02596724
  8878.39941  1.01551187
  8879.25  1.03065181
  8880.09961  1.05486596
  8880.94922  1.0691328
  8881.7998  1.07062423
  8882.64941  1.07090747
  8883.5  1.07060194
  8884.34961  1.06626797
  8885.19922  1.06458354
  8886.0498  1.05874372
  8886.89941  1.05902612
  8887.75  1.06796384
  8888.59961  1.081177
  8889.44922  1.08069479
  8890.2998  1.06642044
  8891.14941  1.05208063
  8892.  1.05440903
  8892.84961  1.07061958
  8893.69922  1.07929873
  8894.5498  1.07708597
  8895.39941  1.07413173
  8896.25  1.07929099
  8897.09961  1.07753956
  8897.94922  1.06868839
  8898.7998  1.0637697
  8899.64941  1.06415546
  8900.5  1.07409823
  8901.34961  1.08163786
  8902.19922  1.07013106
  8903.0498  1.06141627
  8903.89941  1.06239092
  8904.75  1.06916416
  8905.59961  1.07448721
  8906.44922  1.07836449
  8907.2998  1.078951
  8908.14941  1.07277441
  8909.  1.06825161
  8909.84961  1.06585455
  8910.69922  1.06236064
  8911.5498  1.0566951
  8912.39941  1.05564272
  8913.25  1.06291974
  8914.09961  1.07102597
  8914.94922  1.06742394
  8915.7998  1.05931354
  8916.64941  1.0642761
  8917.5  1.06424069
  8918.34961  1.02715957
  8919.19922  0.976280212
  8920.0498  0.965834916
  8920.89941  1.00470078
  8921.75  1.0438416
  8922.59961  1.04813468
  8923.44922  1.0377984
  8924.2998  1.03697491
  8925.14941  1.03462934
  8926.  1.03709686
  8926.84961  1.0491966
  8927.69922  1.05268693
  8928.5498  1.05174375
  8929.39941  1.05443442
  8930.25  1.05538082
  8931.09961  1.04276264
  8931.94922  1.01067233
  8932.7998  0.998384953
  8933.64941  1.02207768
  8934.5  1.0554862
  8935.34961  1.08007979
  8936.19922  1.08981264
  8937.0498  1.08781326
  8937.89941  1.08156443
  8938.75  1.0725497
  8939.59961  1.06350958
  8940.44922  1.06324029
  8941.2998  1.05549788
  8942.14941  1.0324707
  8943.  1.01882315
  8943.84961  1.02487755
  8944.69922  1.02440953
  8945.5498  0.99874562
  8946.39941  0.976373374
  8947.25  0.986581802
  8948.09961  1.01437759
  8948.94922  1.04348052
  8949.7998  1.05775666
  8950.64941  1.06305027
  8951.5  1.07237744
  8952.34961  1.07879269
  8953.19922  1.07130778
  8954.0498  1.04843247
  8954.89941  1.03116417
  8955.75  1.03527808
  8956.59961  1.05259609
  8957.44922  1.07397842
  8958.2998  1.08154225
  8959.14941  1.07102346
  8960.  1.06474245
  8960.84961  1.06708801
  8961.69922  1.06196487
  8962.5498  1.04794931
  8963.39941  1.04604471
  8964.25  1.05373549
  8965.09961  1.0342375
  8965.94922  1.00556803
  8966.7998  1.00243247
  8967.64941  1.0162648
  8968.5  1.02988303
  8969.34961  1.04187357
  8970.19922  1.03937447
  8971.0498  1.00516856
  8971.89941  0.984945953
  8972.75  0.995715082
  8973.59961  1.02150083
  8974.44922  1.01591313
  8975.2998  0.993210495
  8976.14941  0.994772375
  8977.  1.02617729
  8977.84961  1.04913962
  8978.69922  1.06362593
  8979.5498  1.07009768
  8980.39941  1.06024659
  8981.25  1.05755258
  8982.09961  1.06783998
  8982.94922  1.08150375
  8983.7998  1.08795929
  8984.64941  1.07617545
  8985.5  1.05621803
  8986.34961  1.03524518
  8987.19922  1.01184487
  8988.0498  0.990768075
  8988.89941  0.983643293
  8989.75  0.993559718
  8990.59961  0.985964179
  8991.44922  0.979500532
  8992.2998  0.993267477
  8993.14941  1.02913046
  8994.  1.06602836
  8994.84961  1.0840162
  8995.69922  1.09285963
  8996.5498  1.08671379
  8997.39941  1.07500899
  8998.25  1.04745603
  8999.09961  0.989614606
  8999.94922  0.957263708
  9000.7998  0.973913074
  9001.64941  1.02626514
  9002.5  1.0604583
  9003.34961  1.05527568
  9004.19922  1.04757297
  9005.0498  1.06032109
  9005.89941  1.07026923
  9006.75  1.05928862
  9007.59961  1.04371917
  9008.44922  1.02650166
  9009.2998  1.00267947
  9010.14941  0.986841619
  9011.  0.983983934
  9011.84961  0.980854571
  9012.69922  0.989441574
  9013.5498  1.00173998
  9014.39941  1.01402915
  9015.25  1.0163548
  9016.09961  0.990481317
  9016.94922  0.971093476
  9017.7998  1.00254035
  9018.64941  1.05033505
  9019.5  1.07699239
