  8348.84961  1.12147832
  8349.69922  1.09202409
  8350.5498  1.09909225
  8351.39941  1.09521067
  8352.25  1.11721623
  8353.09961  1.09546328
  8353.94922  1.06537652
  8354.7998  1.00706387
  8355.64941  1.06176484
  8356.5  1.05387032
  8357.34961  1.0443871
  8358.19922  1.0242306
  8359.0498  1.03818369
  8359.89941  1.08523047
  8360.75  1.10582483
  8361.59961  1.10376251
  8362.44922  1.11401808
  8363.2998  1.05770814
  8364.14941  1.02492464
  8365.  1.02838099
  8365.84961  1.08467627
  8366.69922  1.08641458
  8367.5498  1.09323418
  8368.39941  1.02737999
  8369.25  1.02384651
  8370.09961  1.08942676
  8370.94922  1.1139394
  8371.7998  1.11960304
  8372.64941  1.12221265
  8373.5  1.13563645
  8374.34961  1.07983053
  8375.19922  1.07019258
  8376.0498  1.1036638
  8376.89941  1.11844778
  8377.75  1.07800078
  8378.59961  1.04265237
  8379.44922  1.04826641
  8380.2998  1.06497836
  8381.14941  1.038504
  8382.  1.01744282
  8382.84961  1.06820393
  8383.69922  1.09721184
  8384.5498  1.09900844
  8385.39941  1.06727731
  8386.25  1.04997468
  8387.09961  1.02100313
  8387.94922  1.0264442
  8388.7998  1.06559062
  8389.64941  1.1230725
  8390.5  1.09609568
  8391.34961  1.12176073
  8392.19922  1.1035341
  8393.0498  1.09784687
  8393.89941  1.12833774
  8394.75  1.10412896
  8395.59961  1.07259536
  8396.44922  1.06146932
  8397.2998  1.05209088
  8398.14941  1.04692936
  8399.  1.07961702
  8399.84961  1.17184567
  8400.69922  1.11415458
  8401.5498  1.05558574
  8402.39941  1.01677907
  8403.25  1.08587146
  8404.09961  1.09068811
  8404.94922  1.04181099
  8405.7998  1.02883148
  8406.64941  1.08134472
  8407.5  1.11384273
  8408.34961  1.07168543
  8409.19922  1.07028854
  8410.0498  1.1083014
  8410.89941  1.06899226
  8411.75  1.01383328
  8412.59961  1.02981818
  8413.44922  1.08024538
  8414.2998  1.10594893
  8415.14941  1.14946246
  8416.  1.1186527
  8416.84961  1.05896533
  8417.69922  1.03269625
  8418.5498  1.05633092
  8419.39941  1.07752573
  8420.25  1.0806613
  8421.09961  1.08157766
  8421.94922  1.06755567
  8422.7998  1.03516591
  8423.64941  1.01644814
  8424.5  1.05326855
  8425.34961  1.08296049
  8426.19922  1.06538105
  8427.0498  1.05045199
  8427.89941  1.06634974
  8428.75  1.07943499
  8429.59961  1.0719403
  8430.44922  1.11868763
  8431.2998  1.09740782
  8432.14941  1.09218192
  8433.  1.0373764
  8433.84961  1.03929031
  8434.69922  1.01541424
  8435.5498  1.00594485
  8436.39941  1.01708221
  8437.25  1.06965876
  8438.09961  1.10041857
  8438.94922  1.07650316
  8439.7998  1.06244648
  8440.64941  1.0770545
  8441.5  1.05404389
  8442.34961  1.04923725
  8443.19922  1.0493412
  8444.0498  1.00584507
  8444.89941  1.01841974
  8445.75  1.0368247
  8446.59961  1.02286887
  8447.44922  1.02832305
  8448.2998  1.05633759
  8449.14941  1.08859289
  8450.  1.08874714
  8450.84961  1.07753742
  8451.69922  1.06027722
  8452.5498  1.03075409
  8453.39941  1.05678558
  8454.25  1.06087828
  8455.09961  1.07154131
  8455.94922  1.05461299
  8456.7998  1.05505061
  8457.64941  1.07591546
  8458.5  1.07841802
  8459.34961  1.06018186
  8460.19922  1.07930481
  8461.0498  1.07438898
  8461.89941  1.07013106
  8462.75  1.08425975
  8463.59961  1.06618047
  8464.44922  1.06005049
  8465.2998  1.0370183
  8466.14941  1.01442945
  8467.  1.06465435
  8467.84961  1.00619388
  8468.69922  1.03025746
  8469.5498  1.043383
  8470.39941  1.09565878
  8471.25  1.10052299
  8472.09961  1.09930515
  8472.94922  1.08166397
  8473.7998  1.06919134
  8474.64941  1.11860645
  8475.5  1.10897386
  8476.34961  1.08611786
  8477.19922  1.10182142
  8478.0498  1.09857547
  8478.89941  1.10655236
  8479.75  1.06027281
  8480.59961  1.02639341
  8481.44922  1.03295898
  8482.2998  1.08572376
  8483.14941  1.08209765
  8484.  1.08387709
  8484.84961  1.10627306
  8485.69922  1.06237996
  8486.5498  0.987926483
  8487.39941  1.02493763
  8488.25  1.0344584
  8489.09961  1.01240826
  8489.94922  1.02388024
  8490.7998  1.04313707
  8491.64941  1.0323416
  8492.5  1.04696953
  8493.34961  1.04711127
  8494.19922  1.03849947
  8495.0498  0.992952526
  8495.89941  0.935801685
  8496.75  0.811426282
  8497.59961  0.715902567
  8498.44922  0.714922428
  8499.2998  0.817053199
  8500.14941  1.01929832
  8501.  1.04153836
  8501.84961  0.970511615
  8502.69922  1.01463568
  8503.5498  1.06765437
  8504.39941  1.09810257
  8505.25  1.07947922
  8506.09961  1.00401604
  8506.94922  1.01455259
  8507.7998  1.00879717
  8508.64941  1.06268227
  8509.5  1.04574859
  8510.34961  1.04704869
  8511.19922  1.10443544
  8512.0498  1.09241819
  8512.89941  1.05335164
  8513.75  1.00204706
  8514.59961  0.98767215
  8515.44922  1.02118158
  8516.2998  1.06031024
  8517.14941  1.07145035
  8518.  1.06999755
  8518.84961  1.06190109
  8519.69922  1.10479772
  8520.5498  1.11256003
  8521.39941  1.05436087
  8522.25  1.0864718
  8523.09961  1.06513715
  8523.94922  1.03756988
  8524.7998  1.02857792
  8525.64941  1.05595124
  8526.5  1.01831961
  8527.34961  1.0372442
  8528.19922  1.08689499
  8529.0498  1.08286262
  8529.89941  1.07003534
  8530.75  1.05241001
  8531.59961  1.08556521
  8532.44922  1.10129595
  8533.2998  1.06694102
  8534.14941  0.998947144
  8535.  0.989683867
  8535.84961  0.944366157
  8536.69922  0.92998153
  8537.5498  0.960803926
  8538.39941  0.942577958
  8539.25  0.866091728
  8540.09961  0.769087791
  8540.94922  0.638950527
  8541.7998  0.5679304
  8542.64941  0.571645021
  8543.5  0.685282171
  8544.34961  0.772461653
  8545.19922  0.896309376
  8546.0498  0.965215743
  8546.89941  0.96421206
  8547.75  0.987858832
  8548.59961  0.976010144
  8549.44922  1.00599384
  8550.2998  1.03281736
  8551.14941  1.00425208
  8552.  1.02388263
  8552.84961  1.03307664
  8553.69922  1.02903271
  8554.5498  1.03912675
  8555.39941  1.01592922
  8556.25  0.963140428
  8557.09961  0.959114611
  8557.94922  0.995184779
  8558.7998  1.06511807
  8559.64941  1.08534658
  8560.5  1.07525742
  8561.34961  1.09424412
  8562.19922  1.11072075
  8563.0498  1.11805332
  8563.89941  1.11858475
  8564.75  1.10019255
  8565.59961  1.08054006
  8566.44922  1.06826413
  8567.2998  1.05479944
  8568.14941  1.06984997
  8569.  1.10751665
  8569.84961  1.14059258
  8570.69922  1.10473371
  8571.5498  1.08164334
  8572.39941  1.06281519
  8573.25  1.0563339
  8574.09961  1.05717027
  8574.94922  1.06726277
  8575.7998  1.07292581
  8576.64941  1.10191572
  8577.5  1.09573138
  8578.34961  1.06234217
  8579.19922  1.03309405
  8580.0498  1.01249015
  8580.89941  1.03274393
  8581.75  1.01668918
  8582.59961  1.02091599
  8583.44922  1.04235137
  8584.2998  1.04901159
  8585.14941  1.03725696
  8586.  1.00649273
  8586.84961  0.999742866
  8587.69922  1.01118648
  8588.5498  1.05033624
  8589.39941  1.06433272
  8590.25  1.05438125
  8591.09961  1.04182804
  8591.94922  1.01995099
  8592.7998  0.990218103
  8593.64941  0.996895015
  8594.5  1.00493979
  8595.34961  1.01337266
  8596.19922  1.0336678
  8597.0498  1.02029037
  8597.89941  0.983160377
  8598.75  0.963937819
  8599.59961  0.958249032
  8600.44922  1.00281322
  8601.2998  1.038836
  8602.14941  1.03279138
  8603.  1.02816534
  8603.84961  1.02155101
  8604.69922  1.03724718
  8605.5498  1.05574358
  8606.39941  1.06999588
  8607.25  1.06979346
  8608.09961  1.06156099
  8608.94922  1.07259142
  8609.7998  1.05026948
  8610.64941  1.04177189
  8611.5  1.00582647
  8612.34961  0.991093278
  8613.19922  0.981744111
  8614.0498  1.00970376
  8614.89941  1.00030601
  8615.75  0.986400366
  8616.59961  1.0166384
  8617.44922  1.02350998
  8618.2998  1.0419749
  8619.14941  1.08758223
  8620.  1.0952816
  8620.84961  1.08663154
  8621.69922  1.03275871
  8622.5498  0.997963905
  8623.39941  1.01545942
  8624.25  1.05165708
  8625.09961  1.09109426
  8625.94922  1.09831417
  8626.7998  1.01916373
  8627.64941  0.962919593
  8628.5  0.995177507
  8629.34961  1.02512789
  8630.19922  1.00707269
  8631.0498  0.976721227
  8631.89941  1.00204992
  8632.75  0.992771983
  8633.59961  0.975246966
  8634.44922  0.992955565
  8635.2998  1.01096022
  8636.14941  1.04609919
  8637.  1.04875088
  8637.84961  1.07580984
  8638.69922  1.04187143
  8639.5498  0.970899761
  8640.39941  1.01791584
  8641.25  1.0538007
  8642.09961  1.03945279
  8642.94922  1.02313352
  8643.7998  1.03811455
  8644.64941  1.02225268
  8645.5  1.04354477
  8646.34961  1.05062032
  8647.19922  1.04538095
  8648.0498  1.00442636
  8648.89941  1.02131116
  8649.75  1.01601851
  8650.59961  0.984798372
  8651.44922  0.995843172
  8652.2998  0.975664496
  8653.14941  0.956296444
  8654.  0.942894816
  8654.84961  0.994652092
  8655.69922  1.00351083
  8656.5498  1.01539874
  8657.39941  0.962198079
  8658.25  0.931133747
  8659.09961  0.843310118
  8659.94922  0.774597526
  8660.7998  0.69789809
  8661.64941  0.625589311
  8662.5  0.601302087
  8663.34961  0.653223932
  8664.19922  0.811182559
  8665.0498  0.905155659
  8665.89941  0.943983197
  8666.75  0.948490918
  8667.59961  0.928925931
  8668.44922  0.962008655
  8669.2998  1.01065397
  8670.14941  1.01166034
  8671.  0.992038906
  8671.84961  1.03146768
  8672.69922  1.05406356
  8673.5498  1.01854765
  8674.39941  0.965652406
  8675.25  0.955009639
  8676.09961  0.993106842
  8676.94922  1.02192152
  8677.7998  0.965374827
  8678.64941  1.031618
  8679.5  0.981866121
  8680.34961  0.946058035
  8681.19922  1.01303649
  8682.0498  1.04138553
  8682.89941  1.0186373
  8683.75  1.04059303
  8684.59961  1.03801632
  8685.44922  1.00650775
  8686.2998  1.02320158
  8687.14941  0.985310793
  8688.  0.89505899
  8688.84961  0.879395485
  8689.69922  0.949122488
  8690.5498  0.990978003
  8691.39941  1.01559448
  8692.25  1.01730609
  8693.09961  1.05146348
  8693.94922  1.05887914
  8694.7998  1.02562928
  8695.64941  0.99190557
  8696.5  1.05294406
  8697.34961  1.0375669
  8698.19922  0.954558313
  8699.0498  0.971641362
  8699.89941  0.997501493
  8700.75  0.992827475
  8701.59961  1.01973403
  8702.44922  1.02452898
  8703.2998  1.01874745
  8704.14941  1.02178013
  8705.  1.03385627
  8705.84961  1.03638113
  8706.69922  1.02256763
  8707.5498  1.03765857
  8708.39941  1.02420366
  8709.25  1.01054609
  8710.09961  1.01309741
  8710.94922  0.977631688
  8711.7998  0.946425736
  8712.64941  0.956047595
  8713.5  0.990568936
  8714.34961  1.00946248
  8715.19922  1.00016606
  8716.0498  1.00380278
  8716.89941  0.975791931
  8717.75  0.954091132
  8718.59961  0.98083663
  8719.44922  1.00551295
  8720.2998  0.993160188
  8721.14941  0.989721239
  8722.  1.00857115
  8722.84961  1.0119139
  8723.69922  0.996378601
  8724.5498  0.994454265
  8725.39941  1.01819575
  8726.25  1.02618718
  8727.09961  1.01177132
  8727.94922  0.938664198
  8728.7998  0.895122468
  8729.64941  0.925366819
  8730.5  0.971292138
  8731.34961  0.997993052
  8732.19922  1.00256205
  8733.0498  0.97776413
  8733.89941  0.947609723
  8734.75  0.938307703
  8735.59961  0.921983838
  8736.44922  0.896027505
  8737.2998  0.935794055
  8738.14941  0.990447938
  8739.  0.998655438
  8739.84961  1.01813543
  8740.69922  1.00417662
  8741.5498  0.954853833
  8742.39941  0.93095094
  8743.25  0.95470643
  8744.09961  0.988103509
  8744.94922  1.02090609
  8745.7998  1.03507519
  8746.64941  1.02331948
  8747.5  0.995642424
  8748.34961  0.993977129
  8749.19922  1.01241469
  8750.0498  1.0316757
  8750.89941  1.01512063
  8751.75  0.95336014
  8752.59961  0.92425102
  8753.44922  0.94053483
  8754.2998  0.955647171
  8755.14941  1.0081985
  8756.  0.98993659
  8756.84961  0.939679205
  8757.69922  0.952151537
  8758.5498  0.987741768
  8759.39941  0.979886949
  8760.25  0.98730284
  8761.09961  1.01069486
  8761.94922  1.02417994
  8762.7998  0.956473172
  8763.64941  0.963489413
  8764.5  0.945316494
  8765.34961  1.00648987
  8766.19922  1.01887918
  8767.0498  1.00771582
  8767.89941  0.997787893
  8768.75  0.981589675
  8769.59961  0.925609171
  8770.44922  0.942013562
  8771.2998  0.971819878
  8772.14941  1.01286614
  8773.  0.966810226
  8773.84961  0.947664857
  8774.69922  0.93555975
  8775.5498  0.975816011
  8776.39941  1.00293267
  8777.25  1.04415345
  8778.09961  1.04541016
  8778.94922  1.02971423
  8779.7998  0.928210318
  8780.64941  0.957184017
  8781.5  0.966139793
  8782.34961  0.993185163
  8783.19922  0.992343009
  8784.0498  0.985889614
  8784.89941  1.0016017
  8785.75  1.01938355
  8786.59961  1.03873229
  8787.44922  1.04016805
  8788.2998  1.01856291
  8789.14941  0.983570516
  8790.  1.00118947
  8790.84961  0.986578286
  8791.69922  0.980191112
  8792.5498  0.967049241
  8793.39941  0.939807057
  8794.25  0.917080045
  8795.09961  0.990592897
  8795.94922  1.01971149
  8796.7998  0.989775836
  8797.64941  0.974913776
  8798.5  1.00779867
  8799.34961  1.02914524
  8800.19922  1.00145233
  8801.0498  1.0200454
  8801.89941  1.01716721
  8802.75  0.973574102
  8803.59961  0.938724637
  8804.44922  0.929879308
  8805.2998  0.925020397
  8806.14941  0.875862062
  8807.  0.84937191
  8807.84961  0.863370061
  8808.69922  0.912386715
  8809.5498  0.988227129
  8810.39941  1.01398444
  8811.25  0.99206239
  8812.09961  0.928345799
  8812.94922  0.915093541
  8813.7998  0.952267289
  8814.64941  0.958369732
  8815.5  0.985700786
  8816.34961  0.985046983
  8817.19922  0.959730625
  8818.0498  0.99340117
  8818.89941  0.983847737
  8819.75  0.941392958
  8820.59961  0.986189306
  8821.44922  1.02209818
  8822.2998  1.00657189
  8823.14941  0.986238718
  8824.  0.90844667
  8824.84961  0.910629928
  8825.69922  0.971124709
  8826.5498  0.984223306
  8827.39941  0.863064229
  8828.25  0.911996424
  8829.09961  1.00442851
  8829.94922  1.00066626
  8830.7998  0.967780352
  8831.64941  0.942652524
  8832.5  0.921902061
  8833.34961  0.897992969
  8834.19922  0.926595449
  8835.0498  0.927450597
  8835.89941  0.95203954
  8836.75  1.01468956
  8837.59961  0.928589523
  8838.44922  0.957936227
  8839.2998  0.989117742
  8840.14941  0.987771571
  8841.  0.981884837
  8841.84961  0.994606972
  8842.69922  0.982741892
  8843.5498  0.983410537
  8844.39941  1.02107763
  8845.25  1.02599168
  8846.09961  0.978323102
  8846.94922  0.977799833
  8847.7998  0.996862829
  8848.64941  0.978274643
  8849.5  1.00041616
  8850.34961  1.0283035
  8851.19922  1.04130614
  8852.0498  1.04001594
  8852.89941  0.980997622
  8853.75  0.990836799
  8854.59961  0.99098897
  8855.44922  0.956673265
  8856.2998  0.968226731
  8857.14941  0.997083008
  8858.  0.96121645
  8858.84961  0.960845172
  8859.69922  0.970139444
  8860.5498  0.934614778
  8861.39941  0.914014876
  8862.25  0.911947548
  8863.09961  0.930284917
  8863.94922  0.941699982
  8864.7998  0.942933261
  8865.64941  0.974126458
  8866.5  0.909415007
  8867.34961  0.892926455
  8868.19922  0.87544328
  8869.0498  0.935486078
  8869.89941  0.931519508
  8870.75  0.941308498
  8871.59961  0.967957258
  8872.44922  0.965254009
  8873.2998  0.995849431
  8874.14941  1.0492487
  8875.  0.990922093
  8875.84961  0.97045207
  8876.69922  0.933673441
  8877.5498  0.967561722
  8878.39941  1.00039494
  8879.25  0.97851181
  8880.09961  0.973418057
  8880.94922  0.925760925
  8881.7998  0.931933105
  8882.64941  0.990216434
  8883.5  0.989193201
  8884.34961  0.997444868
  8885.19922  0.984087586
  8886.0498  0.944099724
  8886.89941  0.979114056
  8887.75  0.915798783
  8888.59961  0.884385824
  8889.44922  0.948300898
  8890.2998  0.927076757
  8891.14941  0.910377741
  8892.  0.918430805
  8892.84961  0.924972534
  8893.69922  0.934522331
  8894.5498  0.923270345
  8895.39941  0.931977868
  8896.25  1.00218678
  8897.09961  0.96386826
  8897.94922  0.980254948
  8898.7998  0.96814698
  8899.64941  0.973426998
  8900.5  1.00069702
  8901.34961  0.971910715
  8902.19922  0.976559401
  8903.0498  0.994564414
  8903.89941  1.01983118
  8904.75  0.978120863
  8905.59961  0.920517623
  8906.44922  0.939747274
  8907.2998  0.980271757
  8908.14941  0.963462532
  8909.  1.01501024
  8909.84961  1.05735672
  8910.69922  0.997505188
  8911.5498  0.891734421
  8912.39941  0.93908602
  8913.25  1.02606082
  8914.09961  1.0321418
  8914.94922  0.998594999
  8915.7998  1.01148999
  8916.64941  1.02703071
  8917.5  1.05345428
  8918.34961  0.952587485
  8919.19922  0.875464857
  8920.0498  1.02359593
  8920.89941  0.939926386
  8921.75  0.901460588
  8922.59961  0.904684305
  8923.44922  0.88847822
  8924.2998  0.923900545
  8925.14941  0.945657074
  8926.  0.88784951
  8926.84961  0.883912623
  8927.69922  0.872467279
  8928.5498  0.947476447
  8929.39941  0.979269981
  8930.25  0.901723504
  8931.09961  0.85958308
  8931.94922  0.885838389
  8932.7998  0.933055282
  8933.64941  0.921199501
  8934.5  0.923317671
  8935.34961  0.941654086
  8936.19922  0.953176022
  8937.0498  0.972411633
  8937.89941  0.992402434
  8938.75  0.987804115
  8939.59961  0.974157155
  8940.44922  0.994074881
  8941.2998  0.956699789
  8942.14941  0.925963998
  8943.  0.907637596
  8943.84961  0.952667952
  8944.69922  0.938770354
  8945.5498  0.928851724
  8946.39941  0.920308828
  8947.25  0.883481681
  8948.09961  0.856495857
  8948.94922  0.862321734
  8949.7998  0.91046387
  8950.64941  0.895089447
  8951.5  0.90161413
  8952.34961  0.893339634
  8953.19922  0.835410774
  8954.0498  0.816526532
  8954.89941  0.793488383
  8955.75  0.752285898
  8956.59961  0.788659215
  8957.44922  0.880249083
  8958.2998  0.927252531
  8959.14941  0.727440298
  8960.  0.764870822
  8960.84961  0.825253189
  8961.69922  0.872307658
  8962.5498  0.846861124
  8963.39941  0.765841961
  8964.25  0.678514898
  8965.09961  0.678886712
  8965.94922  0.729326367
  8966.7998  0.723062754
  8967.64941  0.703816831
  8968.5  0.738452911
  8969.34961  0.820047438
  8970.19922  0.89392823
  8971.0498  0.888435781
  8971.89941  0.790348709
  8972.75  0.700498283
  8973.59961  0.71112597
  8974.44922  0.753282547
  8975.2998  0.741023302
  8976.14941  0.696778595
  8977.  0.711438119
  8977.84961  0.752279341
  8978.69922  0.795685172
  8979.5498  0.852082014
  8980.39941  0.857937574
  8981.25  0.769659936
  8982.09961  0.666930497
  8982.94922  0.693918705
  8983.7998  0.79808706
  8984.64941  0.856409669
  8985.5  0.867799222
  8986.34961  0.875871301
  8987.19922  0.773498952
  8988.0498  0.572732568
  8988.89941  0.454438001
  8989.75  0.479106575
  8990.59961  0.543854713
  8991.44922  0.607122421
  8992.2998  0.510899544
  8993.14941  0.445301414
  8994.  0.523999631
  8994.84961  0.737437189
  8995.69922  0.861981273
  8996.5498  0.872912467
  8997.39941  0.8689726
  8998.25  0.864977479
  8999.09961  0.855973661
  8999.94922  0.809684336
  9000.7998  0.7287395
  9001.64941  0.601830244
  9002.5  0.673370779
  9003.34961  0.806017756
  9004.19922  0.880573273
  9005.0498  0.655369639
  9005.89941  0.691668868
  9006.75  0.771086156
  9007.59961  0.792155981
  9008.44922  0.732979953
  9009.2998  0.656931698
  9010.14941  0.662728608
  9011.  0.754312038
  9011.84961  0.817497313
  9012.69922  0.694349647
  9013.5498  0.662558556
  9014.39941  0.734376013
  9015.25  0.763868093
  9016.09961  0.780530453
  9016.94922  0.683288276
  9017.7998  0.581890404
  9018.64941  0.517056406
  9019.5  0.576629519
