  8348.84961  1.09101117
  8349.69922  1.10300899
  8350.5498  1.10732687
  8351.39941  1.10351408
  8352.25  1.10231614
  8353.09961  1.10630846
  8353.94922  1.11321497
  8354.7998  1.10710824
  8355.64941  1.09719026
  8356.5  1.09062934
  8357.34961  1.08734035
  8358.19922  1.0927757
  8359.0498  1.10131323
  8359.89941  1.08068538
  8360.75  1.07035613
  8361.59961  1.0922302
  8362.44922  1.09284234
  8363.2998  1.05678582
  8364.14941  1.05125868
  8365.  1.05854785
  8365.84961  1.06350029
  8366.69922  1.08518422
  8367.5498  1.09507036
  8368.39941  1.09869611
  8369.25  1.1052016
  8370.09961  1.10253024
  8370.94922  1.08584332
  8371.7998  1.09278595
  8372.64941  1.11197627
  8373.5  1.10787177
  8374.34961  1.10801244
  8375.19922  1.11165881
  8376.0498  1.09231567
  8376.89941  1.06980324
  8377.75  1.0785917
  8378.59961  1.10135794
  8379.44922  1.10606325
  8380.2998  1.10470557
  8381.14941  1.10137761
  8382.  1.07125437
  8382.84961  1.05397987
  8383.69922  1.07428396
  8384.5498  1.09077322
  8385.39941  1.0911454
  8386.25  1.07086861
  8387.09961  1.02426422
  8387.94922  1.01111174
  8388.7998  1.04959464
  8389.64941  1.0721513
  8390.5  1.07237697
  8391.34961  1.0655911
  8392.19922  1.07196486
  8393.0498  1.08093607
  8393.89941  1.08783603
  8394.75  1.10312474
  8395.59961  1.08912265
  8396.44922  1.06851041
  8397.2998  1.07986951
  8398.14941  1.08212113
  8399.  1.08800912
  8399.84961  1.09181428
  8400.69922  1.08779871
  8401.5498  1.08659351
  8402.39941  1.1007297
  8403.25  1.10812843
  8404.09961  1.09230983
  8404.94922  1.07399845
  8405.7998  1.08736956
  8406.64941  1.0932622
  8407.5  1.07028508
  8408.34961  1.06135118
  8409.19922  1.08025515
  8410.0498  1.08763337
  8410.89941  1.06677842
  8411.75  1.05275691
  8412.59961  1.0626483
  8413.44922  1.07578719
  8414.2998  1.07543325
  8415.14941  1.06639504
  8416.  1.0640018
  8416.84961  1.05942035
  8417.69922  1.06144118
  8418.5498  1.06267941
  8419.39941  1.04970443
  8420.25  1.04918134
  8421.09961  1.06217742
  8421.94922  1.05978441
  8422.7998  1.05329025
  8423.64941  1.067384
  8424.5  1.08049572
  8425.34961  1.07050121
  8426.19922  1.05657291
  8427.0498  1.06615472
  8427.89941  1.0856216
  8428.75  1.09107459
  8429.59961  1.08248389
  8430.44922  1.06623423
  8431.2998  1.05828023
  8432.14941  1.0633508
  8433.  1.06328523
  8433.84961  1.0462606
  8434.69922  1.00537574
  8435.5498  0.976740301
  8436.39941  1.00210166
  8437.25  1.041731
  8438.09961  1.05575013
  8438.94922  1.0382427
  8439.7998  1.01606715
  8440.64941  1.02180672
  8441.5  1.04634714
  8442.34961  1.07209063
  8443.19922  1.06998622
  8444.0498  1.06695366
  8444.89941  1.07313931
  8445.75  1.06141365
  8446.59961  1.05133283
  8447.44922  1.06518567
  8448.2998  1.0734756
  8449.14941  1.05221689
  8450.  1.06345236
  8450.84961  1.0781039
  8451.69922  1.08448935
  8452.5498  1.07841957
  8453.39941  1.07609892
  8454.25  1.07211876
  8455.09961  1.07420957
  8455.94922  1.09319413
  8456.7998  1.09914911
  8457.64941  1.06743252
  8458.5  1.0433687
  8459.34961  1.04571187
  8460.19922  1.05541539
  8461.0498  1.07477069
  8461.89941  1.0890069
  8462.75  1.08632803
  8463.59961  1.07644117
  8464.44922  1.06199777
  8465.2998  1.05250275
  8466.14941  1.04655945
  8467.  1.04036164
  8467.84961  1.01181793
  8468.69922  0.99483937
  8469.5498  1.02062225
  8470.39941  1.04306233
  8471.25  1.04282999
  8472.09961  1.04232311
  8472.94922  1.0490216
  8473.7998  1.05981874
  8474.64941  1.05892253
  8475.5  1.06118512
  8476.34961  1.07601643
  8477.19922  1.07655728
  8478.0498  1.06745756
  8478.89941  1.06301689
  8479.75  1.05990899
  8480.59961  1.05766332
  8481.44922  1.06272721
  8482.2998  1.06439197
  8483.14941  1.05562079
  8484.  1.05878651
  8484.84961  1.07597446
  8485.69922  1.07234716
  8486.5498  1.06885779
  8487.39941  1.06924725
  8488.25  1.07129967
  8489.09961  1.07169235
  8489.94922  1.07019186
  8490.7998  1.0571835
  8491.64941  1.03107107
  8492.5  1.02788675
  8493.34961  1.02982378
  8494.19922  1.02249897
  8495.0498  1.02000046
  8495.89941  0.971999645
  8496.75  0.853804648
  8497.59961  0.746554852
  8498.44922  0.765670419
  8499.2998  0.876811445
  8500.14941  0.953974903
  8501.  0.979926705
  8501.84961  0.992554188
  8502.69922  1.0168103
  8503.5498  1.04226422
  8504.39941  1.04574597
  8505.25  1.04881239
  8506.09961  1.05766666
  8506.94922  1.07006741
  8507.7998  1.06785035
  8508.64941  1.05397677
  8509.5  1.0450778
  8510.34961  1.05780768
  8511.19922  1.06330144
  8512.0498  1.05423796
  8512.89941  1.02989781
  8513.75  0.996423602
  8514.59961  0.977056503
  8515.44922  0.998041809
  8516.2998  1.03279579
  8517.14941  1.03906786
  8518.  1.02786875
  8518.84961  1.02512705
  8519.69922  1.05069697
  8520.5498  1.05471134
  8521.39941  1.0369246
  8522.25  1.03611398
  8523.09961  1.03942239
  8523.94922  1.04953671
  8524.7998  1.05745125
  8525.64941  1.04752254
  8526.5  1.03321099
  8527.34961  1.02910733
  8528.19922  1.0398767
  8529.0498  1.0490061
  8529.89941  1.0456239
  8530.75  1.03653467
  8531.59961  1.03506267
  8532.44922  1.04296935
  8533.2998  1.04444873
  8534.14941  1.03616369
  8535.  1.0149616
  8535.84961  0.98293221
  8536.69922  0.962977529
  8537.5498  0.951685131
  8538.39941  0.923111618
  8539.25  0.860922575
  8540.09961  0.767496347
  8540.94922  0.650290966
  8541.7998  0.564412117
  8542.64941  0.599811375
  8543.5  0.720167756
  8544.34961  0.819149613
  8545.19922  0.880285501
  8546.0498  0.930247307
  8546.89941  0.963529885
  8547.75  0.983349979
  8548.59961  1.00010145
  8549.44922  1.01699495
  8550.2998  1.03584385
  8551.14941  1.04485953
  8552.  1.03668058
  8552.84961  1.03621089
  8553.69922  1.04642522
  8554.5498  1.03392124
  8555.39941  1.00987697
  8556.25  1.00703943
  8557.09961  1.0280993
  8557.94922  1.0556165
  8558.7998  1.05259311
  8559.64941  1.04296076
  8560.5  1.04813516
  8561.34961  1.04289246
  8562.19922  1.03611612
  8563.0498  1.04028916
  8563.89941  1.05849683
  8564.75  1.06468272
  8565.59961  1.05589616
  8566.44922  1.06414557
  8567.2998  1.04993582
  8568.14941  1.03591776
  8569.  1.04612696
  8569.84961  1.06257761
  8570.69922  1.06861162
  8571.5498  1.06460047
  8572.39941  1.05100596
  8573.25  1.04528153
  8574.09961  1.0480907
  8574.94922  1.06571078
  8575.7998  1.07226562
  8576.64941  1.05897474
  8577.5  1.05592406
  8578.34961  1.06240439
  8579.19922  1.05223548
  8580.0498  1.0390197
  8580.89941  1.04213417
  8581.75  1.03183913
  8582.59961  1.02460086
  8583.44922  1.03902817
  8584.2998  1.06218505
  8585.14941  1.05425513
  8586.  1.04816997
  8586.84961  1.0467217
  8587.69922  1.05345535
  8588.5498  1.05594122
  8589.39941  1.04017675
  8590.25  1.03517234
  8591.09961  1.03563428
  8591.94922  1.03300679
  8592.7998  1.02631664
  8593.64941  1.0199548
  8594.5  1.02761447
  8595.34961  1.02989125
  8596.19922  1.0314908
  8597.0498  1.02762008
  8597.89941  1.00284386
  8598.75  0.99380511
  8599.59961  1.01057625
  8600.44922  1.03066039
  8601.2998  1.04463995
  8602.14941  1.05289364
  8603.  1.06323779
  8603.84961  1.06193268
  8604.69922  1.05113256
  8605.5498  1.04295754
  8606.39941  1.02910328
  8607.25  1.01498866
  8608.09961  1.00948465
  8608.94922  1.02279854
  8609.7998  1.03980875
  8610.64941  1.01987267
  8611.5  0.986007869
  8612.34961  0.996900201
  8613.19922  1.02792013
  8614.0498  1.02440751
  8614.89941  1.01086187
  8615.75  1.01852036
  8616.59961  1.03000057
  8617.44922  1.03491116
  8618.2998  1.02588415
  8619.14941  1.03202498
  8620.  1.05570471
  8620.84961  1.05002964
  8621.69922  1.02786255
  8622.5498  1.02044117
  8623.39941  1.02875674
  8624.25  1.04013693
  8625.09961  1.04292917
  8625.94922  1.03262758
  8626.7998  1.02552128
  8627.64941  1.03255033
  8628.5  1.04622066
  8629.34961  1.03470516
  8630.19922  1.0198015
  8631.0498  1.01993513
  8631.89941  1.02189827
  8632.75  1.01397061
  8633.59961  1.02835226
  8634.44922  1.04875243
  8635.2998  1.05940294
  8636.14941  1.0613296
  8637.  1.04935443
  8637.84961  1.02513599
  8638.69922  1.02085757
  8639.5498  1.03936183
  8640.39941  1.06463063
  8641.25  1.06385195
  8642.09961  1.0444535
  8642.94922  1.03916359
  8643.7998  1.02984619
  8644.64941  1.02564406
  8645.5  1.02169192
  8646.34961  1.02062142
  8647.19922  1.00114191
  8648.0498  0.972924292
  8648.89941  0.979968429
  8649.75  1.02138245
  8650.59961  1.02987123
  8651.44922  1.02024746
  8652.2998  1.01292288
  8653.14941  1.01614177
  8654.  1.02429461
  8654.84961  1.0170697
  8655.69922  0.993696392
  8656.5498  0.964882612
  8657.39941  0.957997262
  8658.25  0.944456279
  8659.09961  0.907500923
  8659.94922  0.848005056
  8660.7998  0.720227003
  8661.64941  0.590311587
  8662.5  0.592612863
  8663.34961  0.694848418
  8664.19922  0.816946328
  8665.0498  0.91144383
  8665.89941  0.940965593
  8666.75  0.96470505
  8667.59961  0.979020298
  8668.44922  0.987081826
  8669.2998  0.998611927
  8670.14941  0.999513865
  8671.  0.988117456
  8671.84961  0.980103016
  8672.69922  0.996777892
  8673.5498  0.997721314
  8674.39941  0.972665966
  8675.25  0.971219778
  8676.09961  0.987248182
  8676.94922  0.980753183
  8677.7998  0.970160127
  8678.64941  0.978308797
  8679.5  0.995409369
  8680.34961  0.988920689
  8681.19922  0.998134077
  8682.0498  1.01575935
  8682.89941  1.01139665
  8683.75  1.01043415
  8684.59961  1.02363706
  8685.44922  1.02292955
  8686.2998  0.998490691
  8687.14941  0.954282045
  8688.  0.900420189
  8688.84961  0.894932866
  8689.69922  0.944270134
  8690.5498  0.984101057
  8691.39941  1.00690782
  8692.25  1.02827835
  8693.09961  1.02453208
  8693.94922  1.00908554
  8694.7998  1.00803888
  8695.64941  1.01316512
  8696.5  1.02115119
  8697.34961  1.0245769
  8698.19922  1.01171505
  8699.0498  0.991142273
  8699.89941  0.994157732
  8700.75  1.00326109
  8701.59961  1.00183463
  8702.44922  0.995975018
  8703.2998  0.998789728
  8704.14941  1.01141441
  8705.  1.02360809
  8705.84961  1.01888824
  8706.69922  1.00863814
  8707.5498  1.00471807
  8708.39941  1.0009433
  8709.25  0.987593234
  8710.09961  0.973281264
  8710.94922  0.97331059
  8711.7998  0.969485462
  8712.64941  0.956936955
  8713.5  0.954201698
  8714.34961  0.970611334
  8715.19922  0.988520622
  8716.0498  0.9845801
  8716.89941  0.961227894
  8717.75  0.952419281
  8718.59961  0.969902873
  8719.44922  0.991524994
  8720.2998  1.01103187
  8721.14941  1.02997482
  8722.  1.02210462
  8722.84961  0.992223442
  8723.69922  0.984241486
  8724.5498  0.993739188
  8725.39941  1.00503612
  8726.25  1.00087202
  8727.09961  0.968716085
  8727.94922  0.952566504
  8728.7998  0.970748663
  8729.64941  0.995792449
  8730.5  1.01576579
  8731.34961  1.01444674
  8732.19922  0.985817075
  8733.0498  0.973534465
  8733.89941  0.982403636
  8734.75  0.972593009
  8735.59961  0.940999806
  8736.44922  0.936347663
  8737.2998  0.957639933
  8738.14941  0.964969873
  8739.  0.971474409
  8739.84961  0.990354419
  8740.69922  0.989625752
  8741.5498  0.971838415
  8742.39941  0.973654866
  8743.25  0.990578055
  8744.09961  1.004619
  8744.94922  1.00698698
  8745.7998  1.00122595
  8746.64941  0.995892823
  8747.5  1.00112915
  8748.34961  1.00961137
  8749.19922  1.00765979
  8750.0498  0.995460987
  8750.89941  0.973523438
  8751.75  0.953387499
  8752.59961  0.950650632
  8753.44922  0.970811546
  8754.2998  0.99306494
  8755.14941  0.995207429
  8756.  0.986499846
  8756.84961  0.975984752
  8757.69922  0.97898531
  8758.5498  0.999741197
  8759.39941  1.00490069
  8760.25  0.999023139
  8761.09961  1.00946581
  8761.94922  1.01324582
  8762.7998  0.999757886
  8763.64941  0.984758854
  8764.5  0.980567753
  8765.34961  0.994482696
  8766.19922  1.00610983
  8767.0498  1.00511849
  8767.89941  1.0032351
  8768.75  1.0074712
  8769.59961  1.00503743
  8770.44922  1.00138497
  8771.2998  0.99937892
  8772.14941  0.971524894
  8773.  0.947342396
  8773.84961  0.951518536
  8774.69922  0.961295485
  8775.5498  0.973895431
  8776.39941  0.995834112
  8777.25  0.998816788
  8778.09961  0.988008618
  8778.94922  0.998609841
  8779.7998  1.01239026
  8780.64941  0.999906898
  8781.5  0.992305815
  8782.34961  1.01427233
  8783.19922  1.03312421
  8784.0498  1.02189565
  8784.89941  1.01193953
  8785.75  1.02315509
  8786.59961  1.03264868
  8787.44922  1.02357197
  8788.2998  0.993166387
  8789.14941  0.963690102
  8790.  0.963786423
  8790.84961  0.981611013
  8791.69922  0.983482182
  8792.5498  0.954253256
  8793.39941  0.945399761
  8794.25  0.971249938
  8795.09961  0.979730964
  8795.94922  0.974630892
  8796.7998  0.974116683
  8797.64941  0.982268035
  8798.5  0.987801254
  8799.34961  0.982358098
  8800.19922  0.989738226
  8801.0498  1.01065147
  8801.89941  1.00844538
  8802.75  0.985773146
  8803.59961  0.969086468
  8804.44922  0.963042736
  8805.2998  0.926050186
  8806.14941  0.857925475
  8807.  0.830384195
  8807.84961  0.872097015
  8808.69922  0.933681548
  8809.5498  0.975202143
  8810.39941  0.994521081
  8811.25  0.989067614
  8812.09961  0.973183751
  8812.94922  0.970395327
  8813.7998  0.978886068
  8814.64941  0.991359174
  8815.5  0.997071266
  8816.34961  0.99283427
  8817.19922  0.991243958
  8818.0498  0.997293949
  8818.89941  0.996160865
  8819.75  0.978393912
  8820.59961  0.960902035
  8821.44922  0.951358318
  8822.2998  0.946092904
  8823.14941  0.927112281
  8824.  0.904307604
  8824.84961  0.918071926
  8825.69922  0.949857652
  8826.5498  0.955852926
  8827.39941  0.957318068
  8828.25  0.968280077
  8829.09961  0.974591076
  8829.94922  0.978559732
  8830.7998  0.982405186
  8831.64941  0.986051619
  8832.5  0.984052002
  8833.34961  0.98489058
  8834.19922  0.97481668
  8835.0498  0.960565209
  8835.89941  0.963694692
  8836.75  0.973070085
  8837.59961  0.958185017
  8838.44922  0.951280057
  8839.2998  0.965211868
  8840.14941  0.98028326
  8841.  0.99063462
  8841.84961  0.983760417
  8842.69922  0.983655095
  8843.5498  0.996287525
  8844.39941  0.996988773
  8845.25  0.993039072
  8846.09961  0.967944026
  8846.94922  0.954863012
  8847.7998  0.98780477
  8848.64941  0.998708367
  8849.5  0.971912742
  8850.34961  0.964943349
  8851.19922  0.966256142
  8852.0498  0.962060809
  8852.89941  0.969029069
  8853.75  0.977024198
  8854.59961  0.972261906
  8855.44922  0.973344862
  8856.2998  0.988082349
  8857.14941  1.00362003
  8858.  0.991153598
  8858.84961  0.973843932
  8859.69922  0.983122051
  8860.5498  0.974136472
  8861.39941  0.952702582
  8862.25  0.951662838
  8863.09961  0.95619607
  8863.94922  0.961671591
  8864.7998  0.977955937
  8865.64941  0.981463015
  8866.5  0.959683061
  8867.34961  0.924230695
  8868.19922  0.921405196
  8869.0498  0.949945569
  8869.89941  0.981100798
  8870.75  1.00620735
  8871.59961  1.00219607
  8872.44922  0.997200847
  8873.2998  1.0081985
  8874.14941  1.00336456
  8875.  0.981923401
  8875.84961  0.97255969
  8876.69922  0.982340634
  8877.5498  0.990933299
  8878.39941  0.98194927
  8879.25  0.964692175
  8880.09961  0.9710356
  8880.94922  0.977721035
  8881.7998  0.972942829
  8882.64941  0.968376935
  8883.5  0.972596347
  8884.34961  0.970296264
  8885.19922  0.984968126
  8886.0498  0.999842882
  8886.89941  0.990720809
  8887.75  1.0058521
  8888.59961  1.01212347
  8889.44922  0.990974009
  8890.2998  0.971137702
  8891.14941  0.963751316
  8892.  0.955110967
  8892.84961  0.946348488
  8893.69922  0.958919108
  8894.5498  0.983155072
  8895.39941  0.996714175
  8896.25  1.01070082
  8897.09961  0.997669816
  8897.94922  0.977632582
  8898.7998  0.972372472
  8899.64941  0.968072712
  8900.5  0.971116781
  8901.34961  0.978771627
  8902.19922  0.980349243
  8903.0498  0.988058269
  8903.89941  0.990741372
  8904.75  0.989803612
  8905.59961  0.999829769
  8906.44922  1.00404835
  8907.2998  0.984655559
  8908.14941  0.976853967
  8909.  0.992576063
  8909.84961  0.993871152
  8910.69922  0.984750628
  8911.5498  0.962982595
  8912.39941  0.952583015
  8913.25  0.96299082
  8914.09961  0.98553431
  8914.94922  0.988729239
  8915.7998  0.977235377
  8916.64941  0.978209376
  8917.5  0.989798903
  8918.34961  0.992687941
  8919.19922  0.988089502
  8920.0498  0.981637001
  8920.89941  0.967664123
  8921.75  0.965138853
  8922.59961  0.958070815
  8923.44922  0.960723758
  8924.2998  0.974950433
  8925.14941  0.972631097
  8926.  0.954940557
  8926.84961  0.941318333
  8927.69922  0.93820852
  8928.5498  0.955442011
  8929.39941  0.971370399
  8930.25  0.980196297
  8931.09961  0.986287773
  8931.94922  1.00163519
  8932.7998  1.01097131
  8933.64941  0.992660463
  8934.5  0.987979829
  8935.34961  0.980892479
  8936.19922  0.962906539
  8937.0498  0.968447089
  8937.89941  1.00127733
  8938.75  1.00441277
  8939.59961  0.989103198
  8940.44922  0.990900159
  8941.2998  0.980849981
  8942.14941  0.957493544
  8943.  0.949845493
  8943.84961  0.961094558
  8944.69922  0.949210882
  8945.5498  0.935829878
  8946.39941  0.943858922
  8947.25  0.933792174
  8948.09961  0.94309938
  8948.94922  0.972745478
  8949.7998  0.973541558
  8950.64941  0.965808272
  8951.5  0.964091599
  8952.34961  0.955234408
  8953.19922  0.933427691
  8954.0498  0.925677955
  8954.89941  0.943569779
  8955.75  0.975599229
  8956.59961  1.00337601
  8957.44922  0.999100983
  8958.2998  0.981521606
  8959.14941  0.968515217
  8960.  0.963099241
  8960.84961  0.951409936
  8961.69922  0.930675447
  8962.5498  0.915232718
  8963.39941  0.911261022
  8964.25  0.925934434
  8965.09961  0.946828365
  8965.94922  0.959428072
  8966.7998  0.957503676
  8967.64941  0.943382263
  8968.5  0.934614718
  8969.34961  0.912285209
  8970.19922  0.886836529
  8971.0498  0.889873683
  8971.89941  0.907757342
  8972.75  0.915519416
  8973.59961  0.905473471
  8974.44922  0.890908778
  8975.2998  0.897736251
  8976.14941  0.929397583
  8977.  0.959369719
  8977.84961  0.967837393
  8978.69922  0.943224669
  8979.5498  0.912487626
  8980.39941  0.913184404
  8981.25  0.944763064
  8982.09961  0.970239162
  8982.94922  0.979779959
  8983.7998  0.979297519
  8984.64941  0.963090539
  8985.5  0.917957306
  8986.34961  0.854890466
  8987.19922  0.828496337
  8988.0498  0.84243685
  8988.89941  0.856547534
  8989.75  0.835365593
  8990.59961  0.81213057
  8991.44922  0.838789582
  8992.2998  0.902192116
  8993.14941  0.961258113
  8994.  0.997686982
  8994.84961  1.01664126
  8995.69922  1.0104841
  8996.5498  0.996595681
  8997.39941  0.986858726
  8998.25  0.939658344
  8999.09961  0.861479223
  8999.94922  0.840440869
  9000.7998  0.88129431
  9001.64941  0.906532586
  9002.5  0.898247719
  9003.34961  0.892570019
  9004.19922  0.921578646
  9005.0498  0.952102602
  9005.89941  0.936652064
  9006.75  0.917371511
  9007.59961  0.923493981
  9008.44922  0.944277167
  9009.2998  0.925684571
  9010.14941  0.887197077
  9011.  0.853342891
  9011.84961  0.859561563
  9012.69922  0.896569788
  9013.5498  0.924427927
  9014.39941  0.912988186
  9015.25  0.847510517
  9016.09961  0.821468771
  9016.94922  0.859296381
  9017.7998  0.93180275
  9018.64941  0.97749269
  9019.5  0.981306851
