  8348.84961  1.09224617
  8349.69922  1.08461666
  8350.5498  1.09611809
  8351.39941  1.09573591
  8352.25  1.09323549
  8353.09961  1.0955013
  8353.94922  1.08753538
  8354.7998  1.07594144
  8355.64941  1.07710445
  8356.5  1.09008551
  8357.34961  1.08221889
  8358.19922  1.08038151
  8359.0498  1.0882237
  8359.89941  1.09053314
  8360.75  1.08546352
  8361.59961  1.08609879
  8362.44922  1.06872857
  8363.2998  1.06848693
  8364.14941  1.09357202
  8365.  1.08226967
  8365.84961  1.06913161
  8366.69922  1.08434236
  8367.5498  1.08999193
  8368.39941  1.09888864
  8369.25  1.10349643
  8370.09961  1.1028316
  8370.94922  1.10270083
  8371.7998  1.09397817
  8372.64941  1.08263266
  8373.5  1.08712924
  8374.34961  1.07777786
  8375.19922  1.07439351
  8376.0498  1.07026362
  8376.89941  1.06181073
  8377.75  1.06886387
  8378.59961  1.07618582
  8379.44922  1.08295918
  8380.2998  1.0851438
  8381.14941  1.08059406
  8382.  1.07106495
  8382.84961  1.07315195
  8383.69922  1.0932039
  8384.5498  1.09328389
  8385.39941  1.08339727
  8386.25  1.06653583
  8387.09961  1.03254032
  8387.94922  1.02352047
  8388.7998  1.05787325
  8389.64941  1.07559323
  8390.5  1.08135056
  8391.34961  1.08824623
  8392.19922  1.09139383
  8393.0498  1.07187891
  8393.89941  1.06815219
  8394.75  1.07561052
  8395.59961  1.07911134
  8396.44922  1.08143675
  8397.2998  1.06732881
  8398.14941  1.06173015
  8399.  1.07521904
  8399.84961  1.08253038
  8400.69922  1.08459055
  8401.5498  1.08453584
  8402.39941  1.07136691
  8403.25  1.07987046
  8404.09961  1.0809983
  8404.94922  1.08187211
  8405.7998  1.08401704
  8406.64941  1.07954669
  8407.5  1.06616557
  8408.34961  1.06145751
  8409.19922  1.06094158
  8410.0498  1.06396532
  8410.89941  1.07675886
  8411.75  1.06830847
  8412.59961  1.06750429
  8413.44922  1.08746862
  8414.2998  1.08149719
  8415.14941  1.07011223
  8416.  1.07269228
  8416.84961  1.06856346
  8417.69922  1.06739223
  8418.5498  1.06596148
  8419.39941  1.05364215
  8420.25  1.06731677
  8421.09961  1.08371127
  8421.94922  1.08276224
  8422.7998  1.07380795
  8423.64941  1.05876064
  8424.5  1.05955803
  8425.34961  1.06664693
  8426.19922  1.06412232
  8427.0498  1.06524968
  8427.89941  1.07156014
  8428.75  1.07556868
  8429.59961  1.08196795
  8430.44922  1.06426597
  8431.2998  1.04265594
  8432.14941  1.05711257
  8433.  1.06473291
  8433.84961  1.04782045
  8434.69922  1.03146422
  8435.5498  1.02446115
  8436.39941  1.0331049
  8437.25  1.03448904
  8438.09961  1.03620648
  8438.94922  1.03638816
  8439.7998  1.043733
  8440.64941  1.05809891
  8441.5  1.04998565
  8442.34961  1.0629499
  8443.19922  1.06819189
  8444.0498  1.05464935
  8444.89941  1.04627776
  8445.75  0.993485332
  8446.59961  0.962994695
  8447.44922  1.02451468
  8448.2998  1.06461203
  8449.14941  1.06434667
  8450.  1.05906236
  8450.84961  1.0415206
  8451.69922  1.04157305
  8452.5498  1.0507158
  8453.39941  1.05163026
  8454.25  1.06791472
  8455.09961  1.06006718
  8455.94922  1.04695773
  8456.7998  1.04920304
  8457.64941  1.05525434
  8458.5  1.06645048
  8459.34961  1.07116175
  8460.19922  1.06063628
  8461.0498  1.04685545
  8461.89941  1.05666494
  8462.75  1.06313431
  8463.59961  1.05956471
  8464.44922  1.05371034
  8465.2998  1.05166936
  8466.14941  1.04400921
  8467.  1.03071606
  8467.84961  1.01541483
  8468.69922  1.01929498
  8469.5498  1.03858387
  8470.39941  1.04812098
  8471.25  1.05137932
  8472.09961  1.05959415
  8472.94922  1.06514668
  8473.7998  1.06583905
  8474.64941  1.06933153
  8475.5  1.06929576
  8476.34961  1.05948305
  8477.19922  1.04164195
  8478.0498  1.04453397
  8478.89941  1.05770612
  8479.75  1.05295539
  8480.59961  1.05323482
  8481.44922  1.05717027
  8482.2998  1.04615796
  8483.14941  1.04640794
  8484.  1.04500425
  8484.84961  1.03890049
  8485.69922  1.05964255
  8486.5498  1.07445014
  8487.39941  1.07562208
  8488.25  1.06508112
  8489.09961  1.04995322
  8489.94922  1.05203021
  8490.7998  1.05569804
  8491.64941  1.04520369
  8492.5  1.04345667
  8493.34961  1.04304469
  8494.19922  1.04530156
  8495.0498  1.02803969
  8495.89941  0.972104967
  8496.75  0.859667897
  8497.59961  0.739340484
  8498.44922  0.758770108
  8499.2998  0.908248425
  8500.14941  0.996730149
  8501.  1.00338507
  8501.84961  0.991870522
  8502.69922  1.00951421
  8503.5498  1.03140926
  8504.39941  1.03476775
  8505.25  1.04081035
  8506.09961  1.0394094
  8506.94922  1.04230428
  8507.7998  1.05026448
  8508.64941  1.04989672
  8509.5  1.05423069
  8510.34961  1.04843712
  8511.19922  1.05143666
  8512.0498  1.05253136
  8512.89941  1.03769457
  8513.75  1.01875806
  8514.59961  1.00422728
  8515.44922  1.01401389
  8516.2998  1.03270113
  8517.14941  1.04139161
  8518.  1.05247736
  8518.84961  1.06005514
  8519.69922  1.05719328
  8520.5498  1.04748714
  8521.39941  1.05332625
  8522.25  1.06711698
  8523.09961  1.06924462
  8523.94922  1.06230402
  8524.7998  1.04930902
  8525.64941  1.03467965
  8526.5  1.03415704
  8527.34961  1.03474975
  8528.19922  1.03624046
  8529.0498  1.03978348
  8529.89941  1.03924513
  8530.75  1.0403899
  8531.59961  1.04266024
  8532.44922  1.04837012
  8533.2998  1.03486168
  8534.14941  1.01490712
  8535.  1.00413132
  8535.84961  0.984853506
  8536.69922  0.975500405
  8537.5498  0.961531103
  8538.39941  0.921232879
  8539.25  0.874873579
  8540.09961  0.795969009
  8540.94922  0.671280324
  8541.7998  0.5631302
  8542.64941  0.578193724
  8543.5  0.711971581
  8544.34961  0.837449968
  8545.19922  0.919060051
  8546.0498  0.96637696
  8546.89941  0.974834383
  8547.75  0.987240374
  8548.59961  0.991194248
  8549.44922  1.00683069
  8550.2998  1.02731264
  8551.14941  1.04515815
  8552.  1.02868402
  8552.84961  1.02052188
  8553.69922  1.0181886
  8554.5498  1.03480709
  8555.39941  1.03158629
  8556.25  0.994447649
  8557.09961  0.992860138
  8557.94922  1.03321564
  8558.7998  1.05394161
  8559.64941  1.04632998
  8560.5  1.04425406
  8561.34961  1.03387475
  8562.19922  1.03335655
  8563.0498  1.04107594
  8563.89941  1.04546034
  8564.75  1.0542295
  8565.59961  1.05003762
  8566.44922  1.05566013
  8567.2998  1.03863323
  8568.14941  1.04513288
  8569.  1.04920185
  8569.84961  1.0567981
  8570.69922  1.07355762
  8571.5498  1.06518996
  8572.39941  1.05144501
  8573.25  1.04616141
  8574.09961  1.03806663
  8574.94922  1.04494977
  8575.7998  1.04667091
  8576.64941  1.04717147
  8577.5  1.04458833
  8578.34961  1.04896033
  8579.19922  1.05002785
  8580.0498  1.04689443
  8580.89941  1.04861069
  8581.75  1.03242493
  8582.59961  1.02816808
  8583.44922  1.04272926
  8584.2998  1.05435455
  8585.14941  1.04542696
  8586.  1.02257693
  8586.84961  1.0224973
  8587.69922  1.04091704
  8588.5498  1.04420555
  8589.39941  1.05726278
  8590.25  1.0640049
  8591.09961  1.05536532
  8591.94922  1.04658675
  8592.7998  1.03095114
  8593.64941  1.02824843
  8594.5  1.02231407
  8595.34961  1.01193178
  8596.19922  1.01367819
  8597.0498  1.01352239
  8597.89941  1.00214326
  8598.75  0.996362209
  8599.59961  1.00673795
  8600.44922  1.00561392
  8601.2998  1.0123682
  8602.14941  1.0352459
  8603.  1.03770864
  8603.84961  1.03809071
  8604.69922  1.0548619
  8605.5498  1.0465759
  8606.39941  1.01874435
  8607.25  1.02092874
  8608.09961  1.03532016
  8608.94922  1.04122031
  8609.7998  1.03185141
  8610.64941  1.02060592
  8611.5  0.999745071
  8612.34961  1.00051546
  8613.19922  1.02349353
  8614.0498  1.03542924
  8614.89941  1.03692102
  8615.75  1.03106666
  8616.59961  1.03478789
  8617.44922  1.04979706
  8618.2998  1.05547774
  8619.14941  1.05036235
  8620.  1.03501177
  8620.84961  1.03564513
  8621.69922  1.02645767
  8622.5498  1.02973366
  8623.39941  1.05486321
  8624.25  1.05767155
  8625.09961  1.05702782
  8625.94922  1.04350853
  8626.7998  1.04008555
  8627.64941  1.03286135
  8628.5  1.02205563
  8629.34961  1.03037822
  8630.19922  1.03314042
  8631.0498  1.03654802
  8631.89941  1.03219104
  8632.75  1.02723944
  8633.59961  1.03080821
  8634.44922  1.01181102
  8635.2998  1.01815021
  8636.14941  1.03716695
  8637.  1.02643359
  8637.84961  1.01760674
  8638.69922  1.02462244
  8639.5498  1.02890861
  8640.39941  1.03465772
  8641.25  1.02656198
  8642.09961  1.01363564
  8642.94922  1.02611983
  8643.7998  1.03832304
  8644.64941  1.02503622
  8645.5  1.02730143
  8646.34961  1.01486206
  8647.19922  0.993220866
  8648.0498  0.961967587
  8648.89941  0.968116164
  8649.75  1.00308478
  8650.59961  1.03036594
  8651.44922  1.03739738
  8652.2998  1.01231647
  8653.14941  1.01203859
  8654.  1.006742
  8654.84961  0.994498432
  8655.69922  0.998001099
  8656.5498  0.99246031
  8657.39941  0.976975262
  8658.25  0.95701617
  8659.09961  0.914267302
  8659.94922  0.846849561
  8660.7998  0.737673581
  8661.64941  0.599103093
  8662.5  0.572216332
  8663.34961  0.691435754
  8664.19922  0.814993083
  8665.0498  0.885030687
  8665.89941  0.906051457
  8666.75  0.93464303
  8667.59961  0.957781553
  8668.44922  0.966198206
  8669.2998  0.968248069
  8670.14941  0.975426972
  8671.  0.976528466
  8671.84961  0.982587993
  8672.69922  0.99692446
  8673.5498  0.983134091
  8674.39941  0.957270741
  8675.25  0.967198193
  8676.09961  0.996137917
  8676.94922  1.00919962
  8677.7998  0.995704591
  8678.64941  0.985516906
  8679.5  0.979077935
  8680.34961  0.986492157
  8681.19922  0.996428132
  8682.0498  1.00849187
  8682.89941  1.01900256
  8683.75  1.02017677
  8684.59961  1.01020443
  8685.44922  1.00377238
  8686.2998  0.999178886
  8687.14941  0.977994561
  8688.  0.948505223
  8688.84961  0.952893078
  8689.69922  0.981344163
  8690.5498  1.00613558
  8691.39941  1.02725935
  8692.25  1.02361226
  8693.09961  1.00647092
  8693.94922  0.99605906
  8694.7998  1.00230432
  8695.64941  1.01205218
  8696.5  1.01658475
  8697.34961  1.02752006
  8698.19922  1.01301658
  8699.0498  0.993101835
  8699.89941  0.99568516
  8700.75  1.00967658
  8701.59961  1.0183183
  8702.44922  1.01759267
  8703.2998  1.01585984
  8704.14941  1.01300764
  8705.  1.01675057
  8705.84961  1.0215559
  8706.69922  1.01566601
  8707.5498  1.00917959
  8708.39941  1.01674664
  8709.25  1.00252867
  8710.09961  0.975671411
  8710.94922  0.978136003
  8711.7998  0.983406246
  8712.64941  0.987757325
  8713.5  0.999356389
  8714.34961  1.00220406
  8715.19922  0.996247411
  8716.0498  0.993953526
  8716.89941  0.996465802
  8717.75  0.986008346
  8718.59961  0.984316587
  8719.44922  0.997778893
  8720.2998  0.996723831
  8721.14941  1.00322759
  8722.  1.02505136
  8722.84961  1.03168428
  8723.69922  1.0180887
  8724.5498  1.00130451
  8725.39941  0.997992635
  8726.25  0.997944415
  8727.09961  0.980320632
  8727.94922  0.969441473
  8728.7998  0.960835993
  8729.64941  0.978711784
  8730.5  1.00459838
  8731.34961  1.00929189
  8732.19922  1.00402224
  8733.0498  0.999864101
  8733.89941  0.994704664
  8734.75  0.978914976
  8735.59961  0.948791087
  8736.44922  0.943382561
  8737.2998  0.968903065
  8738.14941  0.973305404
  8739.  0.973943472
  8739.84961  0.987818241
  8740.69922  0.984043598
  8741.5498  0.981461346
  8742.39941  0.980663478
  8743.25  0.983975172
  8744.09961  0.989556074
  8744.94922  0.986124396
  8745.7998  0.973477423
  8746.64941  0.973310888
  8747.5  0.976333499
  8748.34961  0.972138464
  8749.19922  0.964093208
  8750.0498  0.954058349
  8750.89941  0.927249193
  8751.75  0.906047821
  8752.59961  0.921008587
  8753.44922  0.953945518
  8754.2998  0.970814824
  8755.14941  0.985587716
  8756.  0.983808458
  8756.84961  0.977790892
  8757.69922  0.982628286
  8758.5498  0.992286503
  8759.39941  1.00745928
  8760.25  1.01883781
  8761.09961  1.01083636
  8761.94922  1.00284064
  8762.7998  0.98581773
  8763.64941  0.966285348
  8764.5  0.968705952
  8765.34961  0.994103432
  8766.19922  1.01495421
  8767.0498  1.01286221
  8767.89941  1.00660706
  8768.75  0.998045146
  8769.59961  0.997856736
  8770.44922  1.01081443
  8771.2998  0.991288722
  8772.14941  0.964254856
  8773.  0.944924951
  8773.84961  0.946015179
  8774.69922  0.98180902
  8775.5498  0.997814596
  8776.39941  0.998005927
  8777.25  0.997523963
  8778.09961  0.986283422
  8778.94922  0.988323629
  8779.7998  0.998770833
  8780.64941  0.995716453
  8781.5  0.997094333
  8782.34961  1.00805247
  8783.19922  1.00438941
  8784.0498  0.984255791
  8784.89941  0.980921149
  8785.75  0.992583275
  8786.59961  0.995518088
  8787.44922  1.00262225
  8788.2998  1.00076413
  8789.14941  0.993362904
  8790.  0.987699091
  8790.84961  0.968013167
  8791.69922  0.974688292
  8792.5498  0.97378248
  8793.39941  0.972078323
  8794.25  0.986840487
  8795.09961  0.990115523
  8795.94922  0.992337942
  8796.7998  1.00532842
  8797.64941  1.01031578
  8798.5  1.0134393
  8799.34961  1.02073216
  8800.19922  1.02547765
  8801.0498  1.01682508
  8801.89941  1.00902796
  8802.75  1.00761557
  8803.59961  0.995592833
  8804.44922  0.984983683
  8805.2998  0.960949004
  8806.14941  0.912683249
  8807.  0.882806361
  8807.84961  0.918595493
  8808.69922  0.958739221
  8809.5498  0.986399055
  8810.39941  0.994954765
  8811.25  1.00491321
  8812.09961  1.01071346
  8812.94922  0.997655272
  8813.7998  0.9937644
  8814.64941  0.99891305
  8815.5  0.992852449
  8816.34961  0.996269703
  8817.19922  0.993926883
  8818.0498  0.995527685
  8818.89941  1.00176835
  8819.75  1.01008725
  8820.59961  0.998253286
  8821.44922  0.994897962
  8822.2998  0.984023809
  8823.14941  0.962149858
  8824.  0.949127972
  8824.84961  0.949733257
  8825.69922  0.976214468
  8826.5498  0.991348445
  8827.39941  0.999851644
  8828.25  1.01084197
  8829.09961  1.00602639
  8829.94922  0.994053245
  8830.7998  0.985745251
  8831.64941  0.99399358
  8832.5  0.99255681
  8833.34961  0.987150252
  8834.19922  0.995068491
  8835.0498  0.993461549
  8835.89941  0.98739171
  8836.75  0.989344597
  8837.59961  0.974578142
  8838.44922  0.958356678
  8839.2998  0.974338412
  8840.14941  0.996125519
  8841.  0.994788289
  8841.84961  0.991183221
  8842.69922  1.00325501
  8843.5498  1.01212943
  8844.39941  1.0124017
  8845.25  1.00522482
  8846.09961  0.987186372
  8846.94922  0.971580386
  8847.7998  0.968872845
  8848.64941  0.975126684
  8849.5  0.981428087
  8850.34961  0.977336824
  8851.19922  0.966194689
  8852.0498  0.966356933
  8852.89941  0.970528424
  8853.75  0.971930802
  8854.59961  0.978715241
  8855.44922  0.987324595
  8856.2998  0.975370646
  8857.14941  0.955680132
  8858.  0.951777279
  8858.84961  0.955860198
  8859.69922  0.961013436
  8860.5498  0.948025107
  8861.39941  0.922517836
  8862.25  0.910228431
  8863.09961  0.904110253
  8863.94922  0.9205845
  8864.7998  0.933477521
  8865.64941  0.938349307
  8866.5  0.929594636
  8867.34961  0.933228672
  8868.19922  0.954512775
  8869.0498  0.963186324
  8869.89941  0.972837448
  8870.75  0.983333826
  8871.59961  0.989947677
  8872.44922  0.983719528
  8873.2998  0.97158438
  8874.14941  0.969707608
  8875.  0.978426874
  8875.84961  0.979564488
  8876.69922  0.979488194
  8877.5498  0.979404986
  8878.39941  0.980168581
  8879.25  0.988322556
  8880.09961  0.985185206
  8880.94922  0.977879941
  8881.7998  0.977776945
  8882.64941  0.982153237
  8883.5  0.982652843
  8884.34961  0.969614148
  8885.19922  0.978516877
  8886.0498  0.999877512
  8886.89941  0.993104517
  8887.75  0.991419375
  8888.59961  1.00584865
  8889.44922  1.01321268
  8890.2998  0.999273896
  8891.14941  0.987729371
  8892.  0.984665155
  8892.84961  0.978592932
  8893.69922  0.983248413
  8894.5498  0.980532348
  8895.39941  0.984671235
  8896.25  1.00149882
  8897.09961  1.00135636
  8897.94922  0.994493783
  8898.7998  1.00211453
  8899.64941  1.01574183
  8900.5  1.00772822
  8901.34961  0.992094278
  8902.19922  1.0002234
  8903.0498  1.00805151
  8903.89941  0.999983609
  8904.75  0.989841521
  8905.59961  0.992514849
  8906.44922  0.998080492
  8907.2998  0.99478966
  8908.14941  1.00524974
  8909.  1.01565742
  8909.84961  1.00438273
  8910.69922  0.980828106
  8911.5498  0.955928922
  8912.39941  0.966323614
  8913.25  0.991852999
  8914.09961  1.01392221
  8914.94922  1.00748491
  8915.7998  0.990077674
  8916.64941  0.990346491
  8917.5  0.987400293
  8918.34961  0.982364714
  8919.19922  0.975600541
  8920.0498  0.969685495
  8920.89941  0.974169314
  8921.75  0.998088002
  8922.59961  1.00623214
  8923.44922  0.996091723
  8924.2998  0.989783823
  8925.14941  0.982991993
  8926.  0.962554514
  8926.84961  0.944727719
  8927.69922  0.930624902
  8928.5498  0.948316932
  8929.39941  0.976672888
  8930.25  0.993150592
  8931.09961  0.991615832
  8931.94922  0.982149005
  8932.7998  0.989497483
  8933.64941  0.997886658
  8934.5  0.998252869
  8935.34961  1.01245117
  8936.19922  1.00650048
  8937.0498  1.00004852
  8937.89941  1.02029788
  8938.75  1.02282238
  8939.59961  1.00695944
  8940.44922  0.998145282
  8941.2998  0.996722877
  8942.14941  0.987459898
  8943.  0.972652853
  8943.84961  0.962592483
  8944.69922  0.959127128
  8945.5498  0.972710192
  8946.39941  0.959049463
  8947.25  0.953230917
  8948.09961  0.952725887
  8948.94922  0.943047345
  8949.7998  0.959067762
  8950.64941  0.981052876
  8951.5  0.985167861
  8952.34961  0.967524886
  8953.19922  0.960033
  8954.0498  0.947398484
  8954.89941  0.918212771
  8955.75  0.913304269
  8956.59961  0.948534548
  8957.44922  0.973439097
  8958.2998  0.983522773
  8959.14941  0.985049963
  8960.  0.992153943
  8960.84961  0.987525046
  8961.69922  0.973748088
  8962.5498  0.950690866
  8963.39941  0.907612979
  8964.25  0.905973911
  8965.09961  0.920372605
  8965.94922  0.916244805
  8966.7998  0.899482131
  8967.64941  0.909843743
  8968.5  0.944375575
  8969.34961  0.969913125
  8970.19922  0.977700055
  8971.0498  0.93089515
  8971.89941  0.86639744
  8972.75  0.866641581
  8973.59961  0.900211215
  8974.44922  0.911659956
  8975.2998  0.905864537
  8976.14941  0.909671724
  8977.  0.938326657
  8977.84961  0.977254033
  8978.69922  0.990168989
  8979.5498  0.970068038
  8980.39941  0.931490362
  8981.25  0.893336952
  8982.09961  0.890625954
  8982.94922  0.929013848
  8983.7998  0.969652414
  8984.64941  0.983663321
  8985.5  0.969937742
  8986.34961  0.92365706
  8987.19922  0.848836422
  8988.0498  0.785961866
  8988.89941  0.788606346
  8989.75  0.829223096
  8990.59961  0.846099496
  8991.44922  0.809484363
  8992.2998  0.769488811
  8993.14941  0.813006282
  8994.  0.905863822
  8994.84961  0.963264346
  8995.69922  0.982515812
  8996.5498  0.985115886
  8997.39941  0.989290595
  8998.25  0.976931036
  8999.09961  0.943349004
  8999.94922  0.888517857
  9000.7998  0.817650795
  9001.64941  0.824306965
  9002.5  0.888320267
  9003.34961  0.909109294
  9004.19922  0.872912288
  9005.0498  0.869121492
  9005.89941  0.891556859
  9006.75  0.894120753
  9007.59961  0.865485013
  9008.44922  0.836376071
  9009.2998  0.847640634
  9010.14941  0.881585836
  9011.  0.881298065
  9011.84961  0.843587697
  9012.69922  0.803867102
  9013.5498  0.820543706
  9014.39941  0.855615377
  9015.25  0.876095474
  9016.09961  0.841544271
  9016.94922  0.777918935
  9017.7998  0.753900826
  9018.64941  0.809765577
  9019.5  0.90672493
