  8348.84961  1.0996213
  8349.69922  1.09151435
  8350.5498  1.11710501
  8351.39941  1.13155758
  8352.25  1.12611246
  8353.09961  1.11776519
  8353.94922  1.10874784
  8354.7998  1.112257
  8355.64941  1.1234926
  8356.5  1.11629939
  8357.34961  1.0980401
  8358.19922  1.10955405
  8359.0498  1.11186278
  8359.89941  1.09769988
  8360.75  1.09623027
  8361.59961  1.10442972
  8362.44922  1.10355186
  8363.2998  1.11566651
  8364.14941  1.11763501
  8365.  1.09132087
  8365.84961  1.08759999
  8366.69922  1.10355306
  8367.5498  1.1044687
  8368.39941  1.11252379
  8369.25  1.11918557
  8370.09961  1.1269238
  8370.94922  1.13368165
  8371.7998  1.1199131
  8372.64941  1.10795093
  8373.5  1.1010071
  8374.34961  1.10507286
  8375.19922  1.11251628
  8376.0498  1.10482872
  8376.89941  1.09476888
  8377.75  1.09883571
  8378.59961  1.1092875
  8379.44922  1.10904419
  8380.2998  1.11128342
  8381.14941  1.11534333
  8382.  1.11416042
  8382.84961  1.11078179
  8383.69922  1.1008538
  8384.5498  1.09108889
  8385.39941  1.08412528
  8386.25  1.07416439
  8387.09961  1.04273403
  8387.94922  1.03178549
  8388.7998  1.07215655
  8389.64941  1.08485246
  8390.5  1.08116353
  8391.34961  1.095451
  8392.19922  1.10791028
  8393.0498  1.10270238
  8393.89941  1.09229445
  8394.75  1.09265006
  8395.59961  1.09849715
  8396.44922  1.0981158
  8397.2998  1.09156287
  8398.14941  1.09618354
  8399.  1.09990859
  8399.84961  1.10454535
  8400.69922  1.09735906
  8401.5498  1.09552956
  8402.39941  1.09347808
  8403.25  1.09448898
  8404.09961  1.09698105
  8404.94922  1.08630729
  8405.7998  1.09486747
  8406.64941  1.11359286
  8407.5  1.11464906
  8408.34961  1.09598851
  8409.19922  1.09199715
  8410.0498  1.10212767
  8410.89941  1.11475742
  8411.75  1.10338318
  8412.59961  1.09473872
  8413.44922  1.09061456
  8414.2998  1.08495653
  8415.14941  1.07729673
  8416.  1.07447767
  8416.84961  1.07740474
  8417.69922  1.07197225
  8418.5498  1.07656038
  8419.39941  1.08857501
  8420.25  1.09718204
  8421.09961  1.09262598
  8421.94922  1.08118272
  8422.7998  1.08366251
  8423.64941  1.09308624
  8424.5  1.09633029
  8425.34961  1.08785057
  8426.19922  1.07449567
  8427.0498  1.07329834
  8427.89941  1.08448339
  8428.75  1.09643245
  8429.59961  1.09741116
  8430.44922  1.08722043
  8431.2998  1.07902825
  8432.14941  1.0792352
  8433.  1.07866776
  8433.84961  1.08239067
  8434.69922  1.07481515
  8435.5498  1.06558633
  8436.39941  1.05529177
  8437.25  1.04468453
  8438.09961  1.05253112
  8438.94922  1.0461551
  8439.7998  1.03900671
  8440.64941  1.05071878
  8441.5  1.06281054
  8442.34961  1.06870627
  8443.19922  1.06532216
  8444.0498  1.06299865
  8444.89941  1.04895723
  8445.75  1.00892437
  8446.59961  0.982345462
  8447.44922  1.03260303
  8448.2998  1.07269526
  8449.14941  1.0826546
  8450.  1.08010101
  8450.84961  1.07678199
  8451.69922  1.07904613
  8452.5498  1.09407294
  8453.39941  1.09414959
  8454.25  1.0962733
  8455.09961  1.10303199
  8455.94922  1.09487724
  8456.7998  1.08690691
  8457.64941  1.09174633
  8458.5  1.09414828
  8459.34961  1.09042311
  8460.19922  1.08996844
  8461.0498  1.08585978
  8461.89941  1.08472645
  8462.75  1.08863926
  8463.59961  1.08301497
  8464.44922  1.07558095
  8465.2998  1.07812786
  8466.14941  1.07902825
  8467.  1.06143475
  8467.84961  1.03074825
  8468.69922  1.02822423
  8469.5498  1.05718327
  8470.39941  1.07283258
  8471.25  1.06706524
  8472.09961  1.07045794
  8472.94922  1.08145583
  8473.7998  1.08242226
  8474.64941  1.07576716
  8475.5  1.06885529
  8476.34961  1.06645942
  8477.19922  1.06608629
  8478.0498  1.06412446
  8478.89941  1.06692827
  8479.75  1.06360364
  8480.59961  1.05818737
  8481.44922  1.05808496
  8482.2998  1.06872261
  8483.14941  1.07634759
  8484.  1.07433021
  8484.84961  1.07225263
  8485.69922  1.06954885
  8486.5498  1.0685184
  8487.39941  1.0672152
  8488.25  1.06834972
  8489.09961  1.06576884
  8489.94922  1.06343007
  8490.7998  1.05768335
  8491.64941  1.06439734
  8492.5  1.05978739
  8493.34961  1.06102824
  8494.19922  1.04994416
  8495.0498  1.03967118
  8495.89941  0.990154326
  8496.75  0.888067961
  8497.59961  0.776103675
  8498.44922  0.794522047
  8499.2998  0.928177834
  8500.14941  0.997730196
  8501.  1.01499999
  8501.84961  1.00736904
  8502.69922  1.02594566
  8503.5498  1.05032742
  8504.39941  1.06052876
  8505.25  1.06753433
  8506.09961  1.06605458
  8506.94922  1.0588764
  8507.7998  1.06045604
  8508.64941  1.05769598
  8509.5  1.05564165
  8510.34961  1.0697757
  8511.19922  1.06765616
  8512.0498  1.06109059
  8512.89941  1.05504346
  8513.75  1.0272094
  8514.59961  1.00823319
  8515.44922  1.02092302
  8516.2998  1.04504049
  8517.14941  1.0546118
  8518.  1.0565635
  8518.84961  1.05685246
  8519.69922  1.06390381
  8520.5498  1.07235169
  8521.39941  1.07083082
  8522.25  1.06653464
  8523.09961  1.0661602
  8523.94922  1.06807804
  8524.7998  1.06056309
  8525.64941  1.04437983
  8526.5  1.03611016
  8527.34961  1.0439893
  8528.19922  1.04950309
  8529.0498  1.0486511
  8529.89941  1.04700553
  8530.75  1.04163921
  8531.59961  1.03972518
  8532.44922  1.04347622
  8533.2998  1.04893816
  8534.14941  1.04563808
  8535.  1.02833235
  8535.84961  1.00531614
  8536.69922  0.994912386
  8537.5498  0.98937732
  8538.39941  0.958490312
  8539.25  0.898885369
  8540.09961  0.811527908
  8540.94922  0.684923351
  8541.7998  0.574610233
  8542.64941  0.606987298
  8543.5  0.738358796
  8544.34961  0.846993744
  8545.19922  0.921815097
  8546.0498  0.965483248
  8546.89941  0.987513304
  8547.75  1.00734448
  8548.59961  1.01215935
  8549.44922  1.02377629
  8550.2998  1.03403068
  8551.14941  1.04046965
  8552.  1.0476166
  8552.84961  1.04688299
  8553.69922  1.05726826
  8554.5498  1.05019021
  8555.39941  1.02954686
  8556.25  0.994508803
  8557.09961  0.992802739
  8557.94922  1.02865636
  8558.7998  1.04455912
  8559.64941  1.03930604
  8560.5  1.04697609
  8561.34961  1.04345465
  8562.19922  1.03604829
  8563.0498  1.036255
  8563.89941  1.04525244
  8564.75  1.05727398
  8565.59961  1.0601927
  8566.44922  1.0568825
  8567.2998  1.04856002
  8568.14941  1.05099499
  8569.  1.06033754
  8569.84961  1.05456114
  8570.69922  1.05480659
  8571.5498  1.04484582
  8572.39941  1.03105843
  8573.25  1.02852213
  8574.09961  1.03221667
  8574.94922  1.03479815
  8575.7998  1.03993213
  8576.64941  1.04168093
  8577.5  1.04551148
  8578.34961  1.04296136
  8579.19922  1.03723884
  8580.0498  1.0409261
  8580.89941  1.04033566
  8581.75  1.03684294
  8582.59961  1.02794731
  8583.44922  1.03044379
  8584.2998  1.03701842
  8585.14941  1.04016447
  8586.  1.04113269
  8586.84961  1.04459763
  8587.69922  1.04639995
  8588.5498  1.04888368
  8589.39941  1.05084598
  8590.25  1.05397594
  8591.09961  1.06296206
  8591.94922  1.05892992
  8592.7998  1.04516816
  8593.64941  1.03653061
  8594.5  1.03440499
  8595.34961  1.0205847
  8596.19922  1.00424373
  8597.0498  1.00642908
  8597.89941  1.00915956
  8598.75  1.00341427
  8599.59961  1.00418961
  8600.44922  1.01384616
  8601.2998  1.026829
  8602.14941  1.04024506
  8603.  1.04975724
  8603.84961  1.05188119
  8604.69922  1.0438956
  8605.5498  1.03445542
  8606.39941  1.02571213
  8607.25  1.02484
  8608.09961  1.02976918
  8608.94922  1.03307176
  8609.7998  1.02545667
  8610.64941  1.00756466
  8611.5  0.997848988
  8612.34961  1.00615299
  8613.19922  1.02151811
  8614.0498  1.01991189
  8614.89941  1.0139035
  8615.75  1.00277197
  8616.59961  0.99970907
  8617.44922  1.01334131
  8618.2998  1.02335072
  8619.14941  1.03350616
  8620.  1.03481066
  8620.84961  1.03148711
  8621.69922  1.0214144
  8622.5498  1.02800357
  8623.39941  1.03310502
  8624.25  1.02749515
  8625.09961  1.02987719
  8625.94922  1.03313661
  8626.7998  1.04608119
  8627.64941  1.05089557
  8628.5  1.04018342
  8629.34961  1.03787673
  8630.19922  1.04429877
  8631.0498  1.04297841
  8631.89941  1.02860737
  8632.75  1.02868426
  8633.59961  1.02474356
  8634.44922  1.02106488
  8635.2998  1.02880311
  8636.14941  1.02126241
  8637.  1.01887858
  8637.84961  1.0287534
  8638.69922  1.03312337
  8639.5498  1.03633606
  8640.39941  1.04601824
  8641.25  1.05323422
  8642.09961  1.04731524
  8642.94922  1.03754735
  8643.7998  1.0368644
  8644.64941  1.0450002
  8645.5  1.03628266
  8646.34961  1.02919281
  8647.19922  1.01238346
  8648.0498  0.972262263
  8648.89941  0.972855151
  8649.75  1.00351214
  8650.59961  1.02000761
  8651.44922  1.01207078
  8652.2998  1.00989473
  8653.14941  1.01598501
  8654.  1.01550686
  8654.84961  1.01158595
  8655.69922  1.00045872
  8656.5498  0.985681415
  8657.39941  0.965243518
  8658.25  0.946365237
  8659.09961  0.91504091
  8659.94922  0.839421988
  8660.7998  0.731912255
  8661.64941  0.610682964
  8662.5  0.608543992
  8663.34961  0.72380662
  8664.19922  0.833715022
  8665.0498  0.89796406
  8665.89941  0.937990487
  8666.75  0.968770802
  8667.59961  0.978455901
  8668.44922  0.983911514
  8669.2998  0.985068858
  8670.14941  0.973750949
  8671.  0.96813041
  8671.84961  0.977015495
  8672.69922  0.985652506
  8673.5498  0.97233218
  8674.39941  0.957443953
  8675.25  0.977205575
  8676.09961  1.00467432
  8676.94922  1.01539779
  8677.7998  1.00972617
  8678.64941  0.994513512
  8679.5  0.972631156
  8680.34961  0.972943127
  8681.19922  0.988802969
  8682.0498  0.996006668
  8682.89941  0.998877347
  8683.75  1.00810611
  8684.59961  1.01534379
  8685.44922  1.01576161
  8686.2998  1.0006026
  8687.14941  0.980768085
  8688.  0.961779177
  8688.84961  0.96654278
  8689.69922  0.99593991
  8690.5498  1.0128721
  8691.39941  1.01589346
  8692.25  1.01839375
  8693.09961  1.00754225
  8693.94922  0.977761924
  8694.7998  0.967538714
  8695.64941  0.98886025
  8696.5  1.01245856
  8697.34961  1.01918924
  8698.19922  1.01353776
  8699.0498  1.00154519
  8699.89941  1.00129676
  8700.75  1.00098026
  8701.59961  0.993830979
  8702.44922  0.994583249
  8703.2998  0.997769535
  8704.14941  0.999615848
  8705.  1.00782156
  8705.84961  1.01697934
  8706.69922  1.01130414
  8707.5498  1.00695777
  8708.39941  1.00285566
  8709.25  0.985901892
  8710.09961  0.972774684
  8710.94922  0.969219983
  8711.7998  0.962214291
  8712.64941  0.95695889
  8713.5  0.969288588
  8714.34961  0.981300652
  8715.19922  0.991887987
  8716.0498  0.993777394
  8716.89941  0.975992143
  8717.75  0.963264704
  8718.59961  0.976397634
  8719.44922  1.00614917
  8720.2998  1.02476668
  8721.14941  1.02986217
  8722.  1.01700699
  8722.84961  1.00376308
  8723.69922  1.00717735
  8724.5498  1.00954044
  8725.39941  1.0086385
  8726.25  1.00050664
  8727.09961  0.972280324
  8727.94922  0.942785919
  8728.7998  0.948525846
  8729.64941  0.976730585
  8730.5  0.989310741
  8731.34961  0.989866376
  8732.19922  0.995439529
  8733.0498  0.989288926
  8733.89941  0.978140235
  8734.75  0.965039909
  8735.59961  0.937399566
  8736.44922  0.927047193
  8737.2998  0.949580967
  8738.14941  0.95889467
  8739.  0.955430388
  8739.84961  0.955117702
  8740.69922  0.948930204
  8741.5498  0.938651741
  8742.39941  0.933409631
  8743.25  0.945431709
  8744.09961  0.950708628
  8744.94922  0.95775944
  8745.7998  0.971799314
  8746.64941  0.964787066
  8747.5  0.959296107
  8748.34961  0.959116042
  8749.19922  0.955547988
  8750.0498  0.943554997
  8750.89941  0.922421217
  8751.75  0.916901171
  8752.59961  0.933268487
  8753.44922  0.955088377
  8754.2998  0.974578977
  8755.14941  0.985978007
  8756.  0.97865808
  8756.84961  0.956000984
  8757.69922  0.949977398
  8758.5498  0.971993446
  8759.39941  0.980391741
  8760.25  0.97888273
  8761.09961  0.9806692
  8761.94922  0.984863579
  8762.7998  0.977711856
  8763.64941  0.956631124
  8764.5  0.947823107
  8765.34961  0.965551913
  8766.19922  0.975470603
  8767.0498  0.981909871
  8767.89941  0.994382381
  8768.75  0.998271346
  8769.59961  1.00005698
  8770.44922  0.994316339
  8771.2998  0.981201291
  8772.14941  0.954216838
  8773.  0.93205893
  8773.84961  0.932298899
  8774.69922  0.956374705
  8775.5498  0.980965614
  8776.39941  0.9859851
  8777.25  0.989771843
  8778.09961  0.991311014
  8778.94922  0.987785697
  8779.7998  0.988247573
  8780.64941  0.996495187
  8781.5  0.998183489
  8782.34961  0.999392986
  8783.19922  1.00696015
  8784.0498  1.01395869
  8784.89941  1.02258074
  8785.75  1.02983093
  8786.59961  1.02784514
  8787.44922  1.02379024
  8788.2998  1.01508415
  8789.14941  0.994179428
  8790.  0.964555204
  8790.84961  0.957393825
  8791.69922  0.972086072
  8792.5498  0.964131713
  8793.39941  0.958578765
  8794.25  0.969372988
  8795.09961  0.985089183
  8795.94922  0.986184657
  8796.7998  0.984830558
  8797.64941  0.992428005
  8798.5  1.00319541
  8799.34961  1.00992894
  8800.19922  1.00652075
  8801.0498  1.00540376
  8801.89941  1.00665653
  8802.75  1.00759387
  8803.59961  0.995863736
  8804.44922  0.974959791
  8805.2998  0.936915994
  8806.14941  0.886023998
  8807.  0.861273408
  8807.84961  0.892584205
  8808.69922  0.938272297
  8809.5498  0.96293366
  8810.39941  0.970266581
  8811.25  0.96666038
  8812.09961  0.958334386
  8812.94922  0.962958038
  8813.7998  0.973265111
  8814.64941  0.98352164
  8815.5  0.985383749
  8816.34961  0.979312658
  8817.19922  0.974972129
  8818.0498  0.980904818
  8818.89941  0.978607237
  8819.75  0.969392657
  8820.59961  0.977612913
  8821.44922  0.991790056
  8822.2998  0.980514348
  8823.14941  0.954033136
  8824.  0.938654661
  8824.84961  0.953211725
  8825.69922  0.984802544
  8826.5498  0.994587123
  8827.39941  0.994734585
  8828.25  0.995103419
  8829.09961  0.986548245
  8829.94922  0.974446416
  8830.7998  0.977012277
  8831.64941  0.98974967
  8832.5  0.998335063
  8833.34961  0.993569672
  8834.19922  0.978913307
  8835.0498  0.971139789
  8835.89941  0.972635865
  8836.75  0.96500659
  8837.59961  0.953901052
  8838.44922  0.955918133
  8839.2998  0.971431971
  8840.14941  0.994304717
  8841.  1.00159228
  8841.84961  0.985340238
  8842.69922  0.972613156
  8843.5498  0.977278471
  8844.39941  0.97175771
  8845.25  0.965913355
  8846.09961  0.971745729
  8846.94922  0.971917093
  8847.7998  0.970618844
  8848.64941  0.974912226
  8849.5  0.981027782
  8850.34961  0.984574974
  8851.19922  0.982797742
  8852.0498  0.972040892
  8852.89941  0.975215375
  8853.75  0.982245684
  8854.59961  0.984785557
  8855.44922  0.977149606
  8856.2998  0.96075964
  8857.14941  0.954997957
  8858.  0.952851951
  8858.84961  0.948921323
  8859.69922  0.947555006
  8860.5498  0.936186671
  8861.39941  0.904750228
  8862.25  0.883902788
  8863.09961  0.885485232
  8863.94922  0.894553304
  8864.7998  0.908294857
  8865.64941  0.913441896
  8866.5  0.914438248
  8867.34961  0.927388787
  8868.19922  0.937157035
  8869.0498  0.939998031
  8869.89941  0.951976418
  8870.75  0.961916268
  8871.59961  0.960262954
  8872.44922  0.949098647
  8873.2998  0.931702495
  8874.14941  0.933001935
  8875.  0.943810642
  8875.84961  0.941804588
  8876.69922  0.943723679
  8877.5498  0.951041222
  8878.39941  0.948237836
  8879.25  0.937365234
  8880.09961  0.942483485
  8880.94922  0.957463622
  8881.7998  0.953956366
  8882.64941  0.957303703
  8883.5  0.973897099
  8884.34961  0.98279649
  8885.19922  0.988602579
  8886.0498  0.994083881
  8886.89941  0.992619932
  8887.75  0.983295083
  8888.59961  0.971575081
  8889.44922  0.970461428
  8890.2998  0.972555816
  8891.14941  0.965714693
  8892.  0.951083899
  8892.84961  0.946769595
  8893.69922  0.956353426
  8894.5498  0.965489984
  8895.39941  0.963198602
  8896.25  0.965015709
  8897.09961  0.977033973
  8897.94922  0.978628933
  8898.7998  0.96867162
  8899.64941  0.954339564
  8900.5  0.957823336
  8901.34961  0.977056384
  8902.19922  0.983871222
  8903.0498  0.979627192
  8903.89941  0.981616616
  8904.75  0.975082397
  8905.59961  0.962944984
  8906.44922  0.958931625
  8907.2998  0.958502471
  8908.14941  0.957517982
  8909.  0.960814893
  8909.84961  0.957102358
  8910.69922  0.934474051
  8911.5498  0.898249745
  8912.39941  0.895653546
  8913.25  0.931069016
  8914.09961  0.96459204
  8914.94922  0.975796342
  8915.7998  0.961237788
  8916.64941  0.952959538
  8917.5  0.94834888
  8918.34961  0.934621155
  8919.19922  0.922139347
  8920.0498  0.928919792
  8920.89941  0.938034832
  8921.75  0.952405393
  8922.59961  0.944155633
  8923.44922  0.936633766
  8924.2998  0.937056005
  8925.14941  0.934007227
  8926.  0.911961317
  8926.84961  0.869059443
  8927.69922  0.859974444
  8928.5498  0.887249708
  8929.39941  0.912312686
  8930.25  0.933597207
  8931.09961  0.943112612
  8931.94922  0.947725773
  8932.7998  0.960238039
  8933.64941  0.966047645
  8934.5  0.955186486
  8935.34961  0.958171606
  8936.19922  0.969697595
  8937.0498  0.971714079
  8937.89941  0.972477674
  8938.75  0.981311977
  8939.59961  0.982064307
  8940.44922  0.977382421
  8941.2998  0.975833714
  8942.14941  0.964504778
  8943.  0.969049752
  8943.84961  0.968519151
  8944.69922  0.948174477
  8945.5498  0.925363481
  8946.39941  0.909032285
  8947.25  0.917171717
  8948.09961  0.933387041
  8948.94922  0.935742855
  8949.7998  0.946792483
  8950.64941  0.953287899
  8951.5  0.944854558
  8952.34961  0.943547368
  8953.19922  0.942455053
  8954.0498  0.907053292
  8954.89941  0.883473158
  8955.75  0.928559065
  8956.59961  0.965564072
  8957.44922  0.966530561
  8958.2998  0.971585274
  8959.14941  0.979092836
  8960.  0.971153617
  8960.84961  0.958127916
  8961.69922  0.914175868
  8962.5498  0.85008657
  8963.39941  0.853674352
  8964.25  0.884747684
  8965.09961  0.869648635
  8965.94922  0.858228028
  8966.7998  0.888044417
  8967.64941  0.937209725
  8968.5  0.951920867
  8969.34961  0.938099861
  8970.19922  0.889093995
  8971.0498  0.81955862
  8971.89941  0.814337432
  8972.75  0.865621507
  8973.59961  0.885609031
  8974.44922  0.870104909
  8975.2998  0.875355601
  8976.14941  0.914256394
  8977.  0.955908597
  8977.84961  0.9825266
  8978.69922  0.96686244
  8979.5498  0.902580082
  8980.39941  0.843513012
  8981.25  0.868297279
  8982.09961  0.937176585
  8982.94922  0.978041708
  8983.7998  0.980586171
  8984.64941  0.973514736
  8985.5  0.936331511
  8986.34961  0.830212593
  8987.19922  0.732898772
  8988.0498  0.742076635
  8988.89941  0.804512858
  8989.75  0.815768778
  8990.59961  0.756699741
  8991.44922  0.699465692
  8992.2998  0.748701215
  8993.14941  0.853143871
  8994.  0.920696378
  8994.84961  0.949924588
  8995.69922  0.963308871
  8996.5498  0.9666906
  8997.39941  0.958897233
  8998.25  0.929266274
  8999.09961  0.851452649
  8999.94922  0.754474461
  9000.7998  0.759851396
  9001.64941  0.837328315
  9002.5  0.859580636
  9003.34961  0.812107623
  9004.19922  0.807462871
  9005.0498  0.852066338
  9005.89941  0.871161401
  9006.75  0.835904658
  9007.59961  0.796771646
  9008.44922  0.806312561
  9009.2998  0.841783881
  9010.14941  0.853616357
  9011.  0.819894552
  9011.84961  0.7794559
  9012.69922  0.811158776
  9013.5498  0.854005277
  9014.39941  0.84830457
  9015.25  0.799967885
  9016.09961  0.720641851
  9016.94922  0.690653324
  9017.7998  0.776720762
  9018.64941  0.85760349
  9019.5  0.901050806
