  8348.84961  1.0763222
  8349.69922  1.09505451
  8350.5498  1.10496616
  8351.39941  1.09875619
  8352.25  1.08132994
  8353.09961  1.07331908
  8353.94922  1.07559645
  8354.7998  1.07587159
  8355.64941  1.06331635
  8356.5  1.0650245
  8357.34961  1.07898164
  8358.19922  1.08250415
  8359.0498  1.08614171
  8359.89941  1.07934308
  8360.75  1.06431484
  8361.59961  1.07141125
  8362.44922  1.0895288
  8363.2998  1.08703852
  8364.14941  1.07907403
  8365.  1.06876993
  8365.84961  1.05148113
  8366.69922  1.06494999
  8367.5498  1.08576381
  8368.39941  1.09377575
  8369.25  1.090819
  8370.09961  1.08150434
  8370.94922  1.07771277
  8371.7998  1.06704116
  8372.64941  1.05838609
  8373.5  1.05900443
  8374.34961  1.06108224
  8375.19922  1.06422865
  8376.0498  1.07375026
  8376.89941  1.07373631
  8377.75  1.06794751
  8378.59961  1.07164097
  8379.44922  1.08142388
  8380.2998  1.0792731
  8381.14941  1.06224978
  8382.  1.03678918
  8382.84961  1.03316545
  8383.69922  1.05146837
  8384.5498  1.06586921
  8385.39941  1.07108712
  8386.25  1.04421818
  8387.09961  0.99218446
  8387.94922  0.984533608
  8388.7998  1.02581227
  8389.64941  1.05572557
  8390.5  1.06732905
  8391.34961  1.07343602
  8392.19922  1.07180238
  8393.0498  1.07365537
  8393.89941  1.0832597
  8394.75  1.08786929
  8395.59961  1.07372832
  8396.44922  1.06941926
  8397.2998  1.06706429
  8398.14941  1.06484318
  8399.  1.07720268
  8399.84961  1.0789299
  8400.69922  1.06618857
  8401.5498  1.06797111
  8402.39941  1.08319008
  8403.25  1.07991672
  8404.09961  1.07467401
  8404.94922  1.06699777
  8405.7998  1.06606412
  8406.64941  1.06549919
  8407.5  1.06698465
  8408.34961  1.07425535
  8409.19922  1.08408713
  8410.0498  1.08226454
  8410.89941  1.07174385
  8411.75  1.04530907
  8412.59961  1.03273249
  8413.44922  1.05419266
  8414.2998  1.06738806
  8415.14941  1.05465102
  8416.  1.04673398
  8416.84961  1.05553579
  8417.69922  1.05891943
  8418.5498  1.05845761
  8419.39941  1.0577904
  8420.25  1.05652213
  8421.09961  1.05656576
  8421.94922  1.06369758
  8422.7998  1.06206846
  8423.64941  1.05566823
  8424.5  1.06136227
  8425.34961  1.06260216
  8426.19922  1.05040717
  8427.0498  1.04304063
  8427.89941  1.05350864
  8428.75  1.06487858
  8429.59961  1.0673039
  8430.44922  1.07413495
  8431.2998  1.07168782
  8432.14941  1.06298208
  8433.  1.06052566
  8433.84961  1.03649676
  8434.69922  0.993408501
  8435.5498  0.98909682
  8436.39941  1.02304792
  8437.25  1.04577124
  8438.09961  1.05242908
  8438.94922  1.04283667
  8439.7998  1.04491019
  8440.64941  1.05373573
  8441.5  1.05309677
  8442.34961  1.05819845
  8443.19922  1.06218851
  8444.0498  1.05739522
  8444.89941  1.05903983
  8445.75  1.04290104
  8446.59961  1.02818894
  8447.44922  1.03861988
  8448.2998  1.04569495
  8449.14941  1.05171585
  8450.  1.04816747
  8450.84961  1.04856205
  8451.69922  1.05358541
  8452.5498  1.05018115
  8453.39941  1.04654872
  8454.25  1.0495038
  8455.09961  1.05048096
  8455.94922  1.05525506
  8456.7998  1.05578089
  8457.64941  1.05388737
  8458.5  1.04642773
  8459.34961  1.04363871
  8460.19922  1.05090213
  8461.0498  1.05251503
  8461.89941  1.05703318
  8462.75  1.05651438
  8463.59961  1.04831898
  8464.44922  1.04446924
  8465.2998  1.0425185
  8466.14941  1.04337645
  8467.  1.04131794
  8467.84961  1.01361752
  8468.69922  1.00831723
  8469.5498  1.04011607
  8470.39941  1.05680537
  8471.25  1.05544376
  8472.09961  1.04853642
  8472.94922  1.05082035
  8473.7998  1.05799437
  8474.64941  1.06479609
  8475.5  1.06924474
  8476.34961  1.07387149
  8477.19922  1.07829881
  8478.0498  1.06560743
  8478.89941  1.05241692
  8479.75  1.05449128
  8480.59961  1.05610645
  8481.44922  1.05366969
  8482.2998  1.05084157
  8483.14941  1.04352272
  8484.  1.03999615
  8484.84961  1.04433012
  8485.69922  1.05380559
  8486.5498  1.06018519
  8487.39941  1.05690908
  8488.25  1.05142772
  8489.09961  1.04738224
  8489.94922  1.05082572
  8490.7998  1.05928886
  8491.64941  1.05876625
  8492.5  1.04813457
  8493.34961  1.0417316
  8494.19922  1.03278458
  8495.0498  1.01174474
  8495.89941  0.96383816
  8496.75  0.863945961
  8497.59961  0.746461332
  8498.44922  0.776186466
  8499.2998  0.905328989
  8500.14941  0.988058031
  8501.  1.01151431
  8501.84961  1.01146984
  8502.69922  1.0236429
  8503.5498  1.03818285
  8504.39941  1.04424107
  8505.25  1.04925001
  8506.09961  1.06364071
  8506.94922  1.06169105
  8507.7998  1.04426003
  8508.64941  1.04559636
  8509.5  1.0488714
  8510.34961  1.04488623
  8511.19922  1.04318213
  8512.0498  1.04797077
  8512.89941  1.03045142
  8513.75  1.00220227
  8514.59961  0.997241735
  8515.44922  1.01281297
  8516.2998  1.03954995
  8517.14941  1.05055547
  8518.  1.04265046
  8518.84961  1.04356527
  8519.69922  1.04528165
  8520.5498  1.04811621
  8521.39941  1.05554175
  8522.25  1.05698752
  8523.09961  1.04868436
  8523.94922  1.04857671
  8524.7998  1.04935825
  8525.64941  1.04516351
  8526.5  1.03569865
  8527.34961  1.03607571
  8528.19922  1.04907358
  8529.0498  1.04653311
  8529.89941  1.0337503
  8530.75  1.03245831
  8531.59961  1.03439438
  8532.44922  1.03464115
  8533.2998  1.03582013
  8534.14941  1.03435695
  8535.  1.017856
  8535.84961  0.998405755
  8536.69922  0.993158519
  8537.5498  0.973499179
  8538.39941  0.927696407
  8539.25  0.867044032
  8540.09961  0.780292094
  8540.94922  0.658663452
  8541.7998  0.571993828
  8542.64941  0.611534953
  8543.5  0.733464122
  8544.34961  0.839439869
  8545.19922  0.905363202
  8546.0498  0.945427537
  8546.89941  0.973265648
  8547.75  0.988906622
  8548.59961  0.994606555
  8549.44922  1.00679457
  8550.2998  1.01113749
  8551.14941  1.01992512
  8552.  1.03208208
  8552.84961  1.03456104
  8553.69922  1.03367257
  8554.5498  1.03428924
  8555.39941  1.02462351
  8556.25  1.00555623
  8557.09961  1.01957059
  8557.94922  1.03816986
  8558.7998  1.04312122
  8559.64941  1.0418607
  8560.5  1.04145122
  8561.34961  1.04260147
  8562.19922  1.05005431
  8563.0498  1.04634726
  8563.89941  1.04663515
  8564.75  1.04810476
  8565.59961  1.04025209
  8566.44922  1.04488838
  8567.2998  1.05881
  8568.14941  1.06223345
  8569.  1.04382432
  8569.84961  1.04732859
  8570.69922  1.05187547
  8571.5498  1.04004192
  8572.39941  1.0383898
  8573.25  1.04549384
  8574.09961  1.04760671
  8574.94922  1.0429455
  8575.7998  1.03881967
  8576.64941  1.04350781
  8577.5  1.04907858
  8578.34961  1.04603851
  8579.19922  1.04645169
  8580.0498  1.04919636
  8580.89941  1.04318702
  8581.75  1.02358449
  8582.59961  1.01508641
  8583.44922  1.03168428
  8584.2998  1.04175603
  8585.14941  1.04373097
  8586.  1.04398072
  8586.84961  1.04009473
  8587.69922  1.04092062
  8588.5498  1.04336989
  8589.39941  1.03937817
  8590.25  1.03945339
  8591.09961  1.04214942
  8591.94922  1.04236221
  8592.7998  1.04085064
  8593.64941  1.03653586
  8594.5  1.03457212
  8595.34961  1.03535628
  8596.19922  1.03218901
  8597.0498  1.02870536
  8597.89941  1.03298962
  8598.75  1.03449833
  8599.59961  1.03094888
  8600.44922  1.03170455
  8601.2998  1.02794361
  8602.14941  1.02412224
  8603.  1.025617
  8603.84961  1.03270328
  8604.69922  1.04289663
  8605.5498  1.03893816
  8606.39941  1.02768731
  8607.25  1.02786589
  8608.09961  1.03500712
  8608.94922  1.04562211
  8609.7998  1.04189026
  8610.64941  1.02244151
  8611.5  1.00981641
  8612.34961  1.00763905
  8613.19922  1.0144546
  8614.0498  1.0246259
  8614.89941  1.02974987
  8615.75  1.03311443
  8616.59961  1.03579128
  8617.44922  1.03918982
  8618.2998  1.04522038
  8619.14941  1.05015242
  8620.  1.03733599
  8620.84961  1.01932967
  8621.69922  1.02033019
  8622.5498  1.02963924
  8623.39941  1.03456175
  8624.25  1.03036678
  8625.09961  1.03316867
  8625.94922  1.04030097
  8626.7998  1.04085982
  8627.64941  1.03535163
  8628.5  1.01436067
  8629.34961  1.00249434
  8630.19922  1.0174787
  8631.0498  1.02521217
  8631.89941  1.02273238
  8632.75  1.02375329
  8633.59961  1.01882923
  8634.44922  1.00999069
  8635.2998  1.00658476
  8636.14941  1.01545286
  8637.  1.02365816
  8637.84961  1.02008879
  8638.69922  1.01159585
  8639.5498  1.01574004
  8640.39941  1.02492583
  8641.25  1.02694607
  8642.09961  1.02349889
  8642.94922  1.0146569
  8643.7998  1.01946425
  8644.64941  1.02841365
  8645.5  1.02807879
  8646.34961  1.02591348
  8647.19922  1.0122999
  8648.0498  0.987892926
  8648.89941  0.985649884
  8649.75  0.999494016
  8650.59961  1.0139755
  8651.44922  1.01523805
  8652.2998  1.00688541
  8653.14941  1.01113582
  8654.  1.01650882
  8654.84961  1.01085591
  8655.69922  1.00092602
  8656.5498  0.991432548
  8657.39941  0.983726203
  8658.25  0.965797186
  8659.09961  0.913973987
  8659.94922  0.839804292
  8660.7998  0.730230033
  8661.64941  0.618377745
  8662.5  0.616176188
  8663.34961  0.723743558
  8664.19922  0.838189065
  8665.0498  0.906581521
  8665.89941  0.940780938
  8666.75  0.968997657
  8667.59961  0.981804967
  8668.44922  0.991493344
  8669.2998  0.998103321
  8670.14941  0.993284285
  8671.  0.995607972
  8671.84961  1.00415182
  8672.69922  1.00754213
  8673.5498  0.986947954
  8674.39941  0.965881348
  8675.25  0.969168186
  8676.09961  0.984070718
  8676.94922  1.00553381
  8677.7998  1.01823509
  8678.64941  1.01472366
  8679.5  1.00499403
  8680.34961  0.996529579
  8681.19922  0.993253589
  8682.0498  0.998608708
  8682.89941  1.00429761
  8683.75  1.00723684
  8684.59961  1.010957
  8685.44922  1.01326632
  8686.2998  1.00295186
  8687.14941  0.97112155
  8688.  0.915881217
  8688.84961  0.907792985
  8689.69922  0.963572979
  8690.5498  0.999661505
  8691.39941  0.998828113
  8692.25  1.00698972
  8693.09961  1.0056293
  8693.94922  1.00430417
  8694.7998  1.01274121
  8695.64941  1.0219264
  8696.5  1.01347899
  8697.34961  1.00258708
  8698.19922  0.996825755
  8699.0498  0.990952551
  8699.89941  0.991808176
  8700.75  0.996952236
  8701.59961  1.00087035
  8702.44922  1.01032603
  8703.2998  1.02123225
  8704.14941  1.02079308
  8705.  1.00567734
  8705.84961  0.992580593
  8706.69922  0.990084231
  8707.5498  0.987726748
  8708.39941  0.983343065
  8709.25  0.972536743
  8710.09961  0.967091918
  8710.94922  0.96993047
  8711.7998  0.967206657
  8712.64941  0.970490813
  8713.5  0.981560767
  8714.34961  0.992808938
  8715.19922  0.995674372
  8716.0498  0.989430308
  8716.89941  0.978305578
  8717.75  0.977644742
  8718.59961  0.989444673
  8719.44922  0.992356122
  8720.2998  0.987853348
  8721.14941  0.989961684
  8722.  0.994981408
  8722.84961  0.996012449
  8723.69922  1.00225151
  8724.5498  1.0060221
  8725.39941  1.00253558
  8726.25  0.997228622
  8727.09961  0.984218538
  8727.94922  0.975764573
  8728.7998  0.980542362
  8729.64941  0.990049601
  8730.5  0.997295439
  8731.34961  0.992707789
  8732.19922  0.989066839
  8733.0498  0.997566044
  8733.89941  0.996614337
  8734.75  0.970309973
  8735.59961  0.946070194
  8736.44922  0.956742525
  8737.2998  0.976754427
  8738.14941  0.984764695
  8739.  0.989735663
  8739.84961  0.997635067
  8740.69922  1.002967
  8741.5498  0.995589316
  8742.39941  0.987242162
  8743.25  0.982797801
  8744.09961  0.987083614
  8744.94922  1.00058913
  8745.7998  1.00448525
  8746.64941  1.00339329
  8747.5  1.00544798
  8748.34961  0.996156216
  8749.19922  0.987105489
  8750.0498  0.992211878
  8750.89941  0.990575612
  8751.75  0.980861247
  8752.59961  0.97726059
  8753.44922  0.981688082
  8754.2998  0.986675143
  8755.14941  0.989698112
  8756.  0.985687912
  8756.84961  0.978699207
  8757.69922  0.986814499
  8758.5498  1.00367856
  8759.39941  1.01185334
  8760.25  1.00659156
  8761.09961  0.996183217
  8761.94922  0.996230483
  8762.7998  0.990030229
  8763.64941  0.972159922
  8764.5  0.974164665
  8765.34961  0.995645046
  8766.19922  1.00379109
  8767.0498  0.990125358
  8767.89941  0.98492384
  8768.75  0.996086121
  8769.59961  0.999414444
  8770.44922  1.00206947
  8771.2998  0.99737376
  8772.14941  0.973089159
  8773.  0.967625022
  8773.84961  0.981638491
  8774.69922  0.986345649
  8775.5498  0.983627975
  8776.39941  0.987865984
  8777.25  0.996718228
  8778.09961  0.998689771
  8778.94922  0.997027516
  8779.7998  1.00086474
  8780.64941  1.00232732
  8781.5  0.998907447
  8782.34961  1.00070095
  8783.19922  1.0109092
  8784.0498  1.00794137
  8784.89941  0.997589111
  8785.75  0.995118558
  8786.59961  0.992939711
  8787.44922  0.992202282
  8788.2998  0.996918738
  8789.14941  0.993024588
  8790.  0.983052194
  8790.84961  0.982642472
  8791.69922  0.986035526
  8792.5498  0.972084403
  8793.39941  0.961852491
  8794.25  0.9725613
  8795.09961  0.981940866
  8795.94922  0.984251857
  8796.7998  0.97963202
  8797.64941  0.986812413
  8798.5  1.00178611
  8799.34961  1.00341785
  8800.19922  1.00113845
  8801.0498  0.999119759
  8801.89941  1.0028311
  8802.75  1.00737584
  8803.59961  0.988515019
  8804.44922  0.946809113
  8805.2998  0.883578002
  8806.14941  0.818402767
  8807.  0.814023852
  8807.84961  0.88032043
  8808.69922  0.942865789
  8809.5498  0.96856463
  8810.39941  0.983051717
  8811.25  0.985267043
  8812.09961  0.977688849
  8812.94922  0.979756653
  8813.7998  0.989268064
  8814.64941  0.989309371
  8815.5  0.983775318
  8816.34961  0.981107056
  8817.19922  0.982020438
  8818.0498  0.981025994
  8818.89941  0.981024325
  8819.75  0.982739091
  8820.59961  0.977675915
  8821.44922  0.970194519
  8822.2998  0.962584972
  8823.14941  0.941862583
  8824.  0.916035235
  8824.84961  0.925510049
  8825.69922  0.952731013
  8826.5498  0.962742627
  8827.39941  0.966271758
  8828.25  0.971968651
  8829.09961  0.980923235
  8829.94922  0.98842001
  8830.7998  0.989655137
  8831.64941  0.992914081
  8832.5  0.992677331
  8833.34961  0.995108128
  8834.19922  0.997123361
  8835.0498  0.987287819
  8835.89941  0.979377389
  8836.75  0.974832833
  8837.59961  0.958989739
  8838.44922  0.952480972
  8839.2998  0.96754992
  8840.14941  0.983877838
  8841.  0.994361699
  8841.84961  1.00276172
  8842.69922  1.00655091
  8843.5498  1.00775015
  8844.39941  1.00439548
  8845.25  0.992417157
  8846.09961  0.980796039
  8846.94922  0.977566183
  8847.7998  0.984496057
  8848.64941  0.996110559
  8849.5  1.00252664
  8850.34961  0.995065033
  8851.19922  0.988222718
  8852.0498  0.993943155
  8852.89941  0.9948681
  8853.75  0.996317446
  8854.59961  0.996296585
  8855.44922  0.996868491
  8856.2998  1.00097811
  8857.14941  0.999146402
  8858.  1.00125468
  8858.84961  1.00126123
  8859.69922  0.997859359
  8860.5498  0.998807013
  8861.39941  0.993024826
  8862.25  0.980125129
  8863.09961  0.978721857
  8863.94922  0.984231293
  8864.7998  0.986237168
  8865.64941  0.963102758
  8866.5  0.939425349
  8867.34961  0.938077807
  8868.19922  0.953450263
  8869.0498  0.977855444
  8869.89941  0.993521631
  8870.75  0.997322679
  8871.59961  0.991878033
  8872.44922  0.985265553
  8873.2998  0.988832176
  8874.14941  1.00373828
  8875.  1.00431192
  8875.84961  0.988318622
  8876.69922  0.982172847
  8877.5498  0.979990304
  8878.39941  0.982887328
  8879.25  0.994709194
  8880.09961  0.995640874
  8880.94922  0.989766121
  8881.7998  0.99034071
  8882.64941  0.995614827
  8883.5  0.99708581
  8884.34961  0.986379325
  8885.19922  0.982676148
  8886.0498  0.99006629
  8886.89941  0.991723657
  8887.75  0.995630801
  8888.59961  0.993364692
  8889.44922  0.993562639
  8890.2998  0.987858415
  8891.14941  0.981647909
  8892.  0.977651656
  8892.84961  0.979559004
  8893.69922  0.9777987
  8894.5498  0.982557297
  8895.39941  0.996049881
  8896.25  0.993430138
  8897.09961  0.984771669
  8897.94922  0.984452844
  8898.7998  0.980420828
  8899.64941  0.980928779
  8900.5  0.987236261
  8901.34961  0.997789025
  8902.19922  1.00455773
  8903.0498  1.00195456
  8903.89941  0.985719979
  8904.75  0.977566421
  8905.59961  0.978206277
  8906.44922  0.983475566
  8907.2998  0.994236112
  8908.14941  0.992718458
  8909.  0.9990592
  8909.84961  0.991945326
  8910.69922  0.987181127
  8911.5498  0.995301008
  8912.39941  0.99464041
  8913.25  0.998645425
  8914.09961  1.00104535
  8914.94922  0.994084358
  8915.7998  0.985060394
  8916.64941  0.988120079
  8917.5  1.00452673
  8918.34961  0.99744767
  8919.19922  0.983806014
  8920.0498  0.976927459
  8920.89941  0.985302508
  8921.75  0.995103359
  8922.59961  0.987607181
  8923.44922  0.974160492
  8924.2998  0.980541885
  8925.14941  0.980440199
  8926.  0.978925884
  8926.84961  0.96822834
  8927.69922  0.954000473
  8928.5498  0.945351124
  8929.39941  0.949469328
  8930.25  0.96468842
  8931.09961  0.982188046
  8931.94922  0.984942257
  8932.7998  0.969165146
  8933.64941  0.963816047
  8934.5  0.978092194
  8935.34961  0.995580077
  8936.19922  1.00648141
  8937.0498  1.00371039
  8937.89941  0.994753122
  8938.75  0.98295188
  8939.59961  0.980200768
  8940.44922  0.968242466
  8941.2998  0.962313175
  8942.14941  0.970019221
  8943.  0.97174418
  8943.84961  0.966288626
  8944.69922  0.941963315
  8945.5498  0.935343206
  8946.39941  0.953516483
  8947.25  0.957965672
  8948.09961  0.959388554
  8948.94922  0.975767851
  8949.7998  0.979468346
  8950.64941  0.95942688
  8951.5  0.946925759
  8952.34961  0.931767106
  8953.19922  0.904257536
  8954.0498  0.897413194
  8954.89941  0.933355808
  8955.75  0.965184987
  8956.59961  0.971583962
  8957.44922  0.973434567
  8958.2998  0.980048895
  8959.14941  0.985654294
  8960.  0.966833711
  8960.84961  0.923856139
  8961.69922  0.88581872
  8962.5498  0.883599758
  8963.39941  0.897473216
  8964.25  0.880350351
  8965.09961  0.878438652
  8965.94922  0.914592206
  8966.7998  0.946702123
  8967.64941  0.958994687
  8968.5  0.967000723
  8969.34961  0.925994158
  8970.19922  0.851604819
  8971.0498  0.837224483
  8971.89941  0.871500611
  8972.75  0.893420279
  8973.59961  0.898346364
  8974.44922  0.906280994
  8975.2998  0.930836618
  8976.14941  0.958349586
  8977.  0.97499454
  8977.84961  0.972015798
  8978.69922  0.921838164
  8979.5498  0.872219265
  8980.39941  0.891718984
  8981.25  0.947776139
  8982.09961  0.980419219
  8982.94922  0.982626796
  8983.7998  0.973913074
  8984.64941  0.930103898
  8985.5  0.837248623
  8986.34961  0.771233678
  8987.19922  0.772159219
  8988.0498  0.810484767
  8988.89941  0.823016465
  8989.75  0.776240051
  8990.59961  0.746815383
  8991.44922  0.804068983
  8992.2998  0.902578592
  8993.14941  0.965035021
  8994.  0.995628953
  8994.84961  0.997080922
  8995.69922  0.983440101
  8996.5498  0.977337778
  8997.39941  0.970400631
  8998.25  0.902663052
  8999.09961  0.816229999
  8999.94922  0.815874457
  9000.7998  0.876646399
  9001.64941  0.879884362
  9002.5  0.844673038
  9003.34961  0.864776015
  9004.19922  0.91511327
  9005.0498  0.919287741
  9005.89941  0.894809604
  9006.75  0.871610761
  9007.59961  0.879720628
  9008.44922  0.91894877
  9009.2998  0.935444772
  9010.14941  0.899506688
  9011.  0.87856853
  9011.84961  0.896284878
  9012.69922  0.930160522
  9013.5498  0.950312674
  9014.39941  0.918763459
  9015.25  0.815749586
  9016.09961  0.784449697
  9016.94922  0.849927843
  9017.7998  0.92599839
  9018.64941  0.969141066
  9019.5  0.98153019
