  8348.84961  1.08581412
  8349.69922  1.09442985
  8350.5498  1.10450232
  8351.39941  1.10121655
  8352.25  1.0910759
  8353.09961  1.08389223
  8353.94922  1.08532465
  8354.7998  1.09768307
  8355.64941  1.10150456
  8356.5  1.08829021
  8357.34961  1.08303463
  8358.19922  1.09120047
  8359.0498  1.09532523
  8359.89941  1.09078777
  8360.75  1.07996595
  8361.59961  1.07052064
  8362.44922  1.078457
  8363.2998  1.09583855
  8364.14941  1.09599698
  8365.  1.08736789
  8365.84961  1.08780563
  8366.69922  1.08901799
  8367.5498  1.08842659
  8368.39941  1.10325325
  8369.25  1.10609829
  8370.09961  1.10637832
  8370.94922  1.10520077
  8371.7998  1.09235871
  8372.64941  1.08191931
  8373.5  1.07838464
  8374.34961  1.07836759
  8375.19922  1.07561338
  8376.0498  1.06485391
  8376.89941  1.06700885
  8377.75  1.07482862
  8378.59961  1.0834235
  8379.44922  1.09029269
  8380.2998  1.083305
  8381.14941  1.0813663
  8382.  1.07796013
  8382.84961  1.07308388
  8383.69922  1.07905614
  8384.5498  1.08497536
  8385.39941  1.08396292
  8386.25  1.07093644
  8387.09961  1.03261292
  8387.94922  1.01213372
  8388.7998  1.04778695
  8389.64941  1.07556331
  8390.5  1.08220339
  8391.34961  1.08472276
  8392.19922  1.08250332
  8393.0498  1.08346725
  8393.89941  1.08352697
  8394.75  1.0759635
  8395.59961  1.0737071
  8396.44922  1.07714009
  8397.2998  1.08322048
  8398.14941  1.08317053
  8399.  1.07805431
  8399.84961  1.07682395
  8400.69922  1.07562912
  8401.5498  1.08302677
  8402.39941  1.09432507
  8403.25  1.09421158
  8404.09961  1.08591187
  8404.94922  1.08285081
  8405.7998  1.08372891
  8406.64941  1.08806849
  8407.5  1.07939136
  8408.34961  1.07114995
  8409.19922  1.07698607
  8410.0498  1.08346546
  8410.89941  1.08661067
  8411.75  1.07759964
  8412.59961  1.07465005
  8413.44922  1.06799495
  8414.2998  1.05801725
  8415.14941  1.06675172
  8416.  1.06605792
  8416.84961  1.06137431
  8417.69922  1.0653398
  8418.5498  1.06030798
  8419.39941  1.05666983
  8420.25  1.0612911
  8421.09961  1.0699178
  8421.94922  1.0677737
  8422.7998  1.06353056
  8423.64941  1.06331778
  8424.5  1.0628556
  8425.34961  1.06212938
  8426.19922  1.04952443
  8427.0498  1.0577867
  8427.89941  1.08037281
  8428.75  1.08181798
  8429.59961  1.0711931
  8430.44922  1.06707346
  8431.2998  1.06632352
  8432.14941  1.06264114
  8433.  1.06460512
  8433.84961  1.05495334
  8434.69922  1.03146183
  8435.5498  1.03138256
  8436.39941  1.0470494
  8437.25  1.05614769
  8438.09961  1.05430007
  8438.94922  1.04678738
  8439.7998  1.049793
  8440.64941  1.06656408
  8441.5  1.07528532
  8442.34961  1.06814098
  8443.19922  1.06462038
  8444.0498  1.06362867
  8444.89941  1.05620074
  8445.75  1.03610337
  8446.59961  1.0235014
  8447.44922  1.04625714
  8448.2998  1.06664276
  8449.14941  1.06294596
  8450.  1.05353439
  8450.84961  1.04819727
  8451.69922  1.05216575
  8452.5498  1.06098771
  8453.39941  1.06271935
  8454.25  1.06827629
  8455.09961  1.07600546
  8455.94922  1.07877159
  8456.7998  1.07227087
  8457.64941  1.0680902
  8458.5  1.0664233
  8459.34961  1.06014466
  8460.19922  1.05633259
  8461.0498  1.05479372
  8461.89941  1.05334413
  8462.75  1.05610275
  8463.59961  1.05126786
  8464.44922  1.04854608
  8465.2998  1.04277611
  8466.14941  1.05309308
  8467.  1.04607296
  8467.84961  1.0177089
  8468.69922  1.00538731
  8469.5498  1.04377282
  8470.39941  1.06191349
  8471.25  1.0595237
  8472.09961  1.0629077
  8472.94922  1.06566596
  8473.7998  1.06340444
  8474.64941  1.06786191
  8475.5  1.07486367
  8476.34961  1.07525265
  8477.19922  1.06409931
  8478.0498  1.05704725
  8478.89941  1.05731714
  8479.75  1.06153214
  8480.59961  1.05927062
  8481.44922  1.05267572
  8482.2998  1.05092895
  8483.14941  1.05367053
  8484.  1.06479442
  8484.84961  1.07140386
  8485.69922  1.06869912
  8486.5498  1.06484735
  8487.39941  1.05908442
  8488.25  1.05699956
  8489.09961  1.0565958
  8489.94922  1.05711472
  8490.7998  1.05666327
  8491.64941  1.0550561
  8492.5  1.0523988
  8493.34961  1.04318202
  8494.19922  1.03468597
  8495.0498  1.02812135
  8495.89941  0.99190253
  8496.75  0.88240695
  8497.59961  0.753592789
  8498.44922  0.765821934
  8499.2998  0.908462822
  8500.14941  1.00093436
  8501.  1.01252866
  8501.84961  0.998910248
  8502.69922  1.01145589
  8503.5498  1.04031134
  8504.39941  1.05330443
  8505.25  1.05454922
  8506.09961  1.05306339
  8506.94922  1.05171275
  8507.7998  1.04954243
  8508.64941  1.05188251
  8509.5  1.0557816
  8510.34961  1.04657972
  8511.19922  1.03815711
  8512.0498  1.03520274
  8512.89941  1.03755164
  8513.75  1.01250362
  8514.59961  0.991023958
  8515.44922  1.00990272
  8516.2998  1.03607965
  8517.14941  1.04183722
  8518.  1.04941916
  8518.84961  1.04532588
  8519.69922  1.04839373
  8520.5498  1.05852234
  8521.39941  1.05840254
  8522.25  1.05644047
  8523.09961  1.06159735
  8523.94922  1.05567956
  8524.7998  1.04979312
  8525.64941  1.03840983
  8526.5  1.03266048
  8527.34961  1.04853225
  8528.19922  1.05253839
  8529.0498  1.04626083
  8529.89941  1.0440439
  8530.75  1.03501177
  8531.59961  1.02658367
  8532.44922  1.0262872
  8533.2998  1.03414857
  8534.14941  1.03507185
  8535.  1.01639175
  8535.84961  0.990217626
  8536.69922  0.979296029
  8537.5498  0.975347042
  8538.39941  0.948003054
  8539.25  0.896061718
  8540.09961  0.80872041
  8540.94922  0.674978554
  8541.7998  0.564540088
  8542.64941  0.595709682
  8543.5  0.726576447
  8544.34961  0.843063831
  8545.19922  0.923146904
  8546.0498  0.969213486
  8546.89941  0.992614925
  8547.75  1.00971937
  8548.59961  1.01867211
  8549.44922  1.0269953
  8550.2998  1.0370332
  8551.14941  1.04357326
  8552.  1.04769945
  8552.84961  1.0524925
  8553.69922  1.05314636
  8554.5498  1.04847229
  8555.39941  1.03281081
  8556.25  1.00622463
  8557.09961  1.00755715
  8557.94922  1.03232276
  8558.7998  1.04169714
  8559.64941  1.04432368
  8560.5  1.04543877
  8561.34961  1.04607761
  8562.19922  1.05325127
  8563.0498  1.05749166
  8563.89941  1.04926145
  8564.75  1.04266381
  8565.59961  1.04609883
  8566.44922  1.04712486
  8567.2998  1.04967642
  8568.14941  1.052333
  8569.  1.04555142
  8569.84961  1.03877175
  8570.69922  1.03823912
  8571.5498  1.04084003
  8572.39941  1.04299426
  8573.25  1.04830503
  8574.09961  1.05094802
  8574.94922  1.04864609
  8575.7998  1.0371412
  8576.64941  1.04110348
  8577.5  1.05382919
  8578.34961  1.04742217
  8579.19922  1.03935051
  8580.0498  1.03877914
  8580.89941  1.04560304
  8581.75  1.03612185
  8582.59961  1.02314508
  8583.44922  1.0333271
  8584.2998  1.04576516
  8585.14941  1.04518569
  8586.  1.04370189
  8586.84961  1.04140055
  8587.69922  1.03628135
  8588.5498  1.04547739
  8589.39941  1.05423725
  8590.25  1.05362988
  8591.09961  1.04716098
  8591.94922  1.0384804
  8592.7998  1.03208423
  8593.64941  1.03572392
  8594.5  1.03599882
  8595.34961  1.02481425
  8596.19922  1.01984
  8597.0498  1.02449763
  8597.89941  1.02594864
  8598.75  1.0178808
  8599.59961  1.02063811
  8600.44922  1.02485645
  8601.2998  1.01973259
  8602.14941  1.02701747
  8603.  1.03591645
  8603.84961  1.0352633
  8604.69922  1.03629804
  8605.5498  1.0389359
  8606.39941  1.02646053
  8607.25  1.01600361
  8608.09961  1.02023757
  8608.94922  1.02974606
  8609.7998  1.03050387
  8610.64941  1.02078879
  8611.5  1.00319314
  8612.34961  1.00244021
  8613.19922  1.02221632
  8614.0498  1.03231168
  8614.89941  1.03462517
  8615.75  1.03365147
  8616.59961  1.03698921
  8617.44922  1.03946638
  8618.2998  1.03339016
  8619.14941  1.02826226
  8620.  1.02837968
  8620.84961  1.01938164
  8621.69922  1.01606524
  8622.5498  1.02760923
  8623.39941  1.04038274
  8624.25  1.04255664
  8625.09961  1.03872597
  8625.94922  1.03975916
  8626.7998  1.04237461
  8627.64941  1.03372204
  8628.5  1.0238272
  8629.34961  1.02693248
  8630.19922  1.03220987
  8631.0498  1.03067231
  8631.89941  1.02564573
  8632.75  1.02358961
  8633.59961  1.02955508
  8634.44922  1.03534436
  8635.2998  1.03030169
  8636.14941  1.02177227
  8637.  1.0208447
  8637.84961  1.02462423
  8638.69922  1.03125358
  8639.5498  1.03464198
  8640.39941  1.03288984
  8641.25  1.03235078
  8642.09961  1.03628647
  8642.94922  1.03817928
  8643.7998  1.02934587
  8644.64941  1.02324486
  8645.5  1.02641916
  8646.34961  1.01889908
  8647.19922  0.99736321
  8648.0498  0.977267921
  8648.89941  0.983920693
  8649.75  1.00458789
  8650.59961  1.01202679
  8651.44922  1.01693082
  8652.2998  1.01924682
  8653.14941  1.01205122
  8654.  1.00103974
  8654.84961  0.99231565
  8655.69922  0.989767611
  8656.5498  0.984586895
  8657.39941  0.975465953
  8658.25  0.959812045
  8659.09961  0.923462629
  8659.94922  0.859968662
  8660.7998  0.74554491
  8661.64941  0.607344568
  8662.5  0.584980905
  8663.34961  0.711625755
  8664.19922  0.836567104
  8665.0498  0.900174439
  8665.89941  0.941438913
  8666.75  0.960611165
  8667.59961  0.967971861
  8668.44922  0.978471637
  8669.2998  0.983455002
  8670.14941  0.98480314
  8671.  0.993196547
  8671.84961  1.0015651
  8672.69922  1.00251472
  8673.5498  0.987927616
  8674.39941  0.960418701
  8675.25  0.958073199
  8676.09961  0.980733156
  8676.94922  0.998675466
  8677.7998  0.996626318
  8678.64941  1.00017715
  8679.5  0.992304623
  8680.34961  0.98912698
  8681.19922  1.00383341
  8682.0498  1.00726366
  8682.89941  0.99834156
  8683.75  1.0016793
  8684.59961  1.00669003
  8685.44922  1.0008992
  8686.2998  0.997330844
  8687.14941  0.981680274
  8688.  0.94356519
  8688.84961  0.92466718
  8689.69922  0.968705297
  8690.5498  1.00723588
  8691.39941  1.0243119
  8692.25  1.02855647
  8693.09961  1.0223043
  8693.94922  1.01038504
  8694.7998  1.00314212
  8695.64941  1.00466692
  8696.5  1.01320171
  8697.34961  1.01339424
  8698.19922  0.999479294
  8699.0498  0.986589789
  8699.89941  0.991556644
  8700.75  1.00272584
  8701.59961  1.00791502
  8702.44922  1.00910795
  8703.2998  1.00203121
  8704.14941  1.00815451
  8705.  1.00635195
  8705.84961  1.00096619
  8706.69922  1.00081396
  8707.5498  1.0102483
  8708.39941  1.01002574
  8709.25  0.991132498
  8710.09961  0.966251791
  8710.94922  0.968443871
  8711.7998  0.975253761
  8712.64941  0.965961993
  8713.5  0.970758736
  8714.34961  0.988342762
  8715.19922  0.996879816
  8716.0498  0.994056582
  8716.89941  0.978502691
  8717.75  0.965984166
  8718.59961  0.978819609
  8719.44922  0.988339126
  8720.2998  0.997047424
  8721.14941  1.00171375
  8722.  0.994472802
  8722.84961  0.992473781
  8723.69922  0.992716789
  8724.5498  0.995024681
  8725.39941  0.998689711
  8726.25  0.998906434
  8727.09961  0.979518533
  8727.94922  0.959640861
  8728.7998  0.96744746
  8729.64941  0.986730158
  8730.5  0.992342293
  8731.34961  0.996332884
  8732.19922  1.00718951
  8733.0498  1.01006413
  8733.89941  0.998305142
  8734.75  0.969526172
  8735.59961  0.932131112
  8736.44922  0.93023175
  8737.2998  0.970270634
  8738.14941  0.981989026
  8739.  0.974762201
  8739.84961  0.98001647
  8740.69922  0.981043696
  8741.5498  0.962042272
  8742.39941  0.945729375
  8743.25  0.965852439
  8744.09961  0.987060249
  8744.94922  0.986747265
  8745.7998  0.990211725
  8746.64941  0.996817291
  8747.5  0.995051742
  8748.34961  0.987234652
  8749.19922  0.983323634
  8750.0498  0.976830244
  8750.89941  0.95342195
  8751.75  0.938687444
  8752.59961  0.955321074
  8753.44922  0.980713487
  8754.2998  0.995707333
  8755.14941  0.993948579
  8756.  0.976913929
  8756.84961  0.965839446
  8757.69922  0.979469836
  8758.5498  0.998185754
  8759.39941  1.00021219
  8760.25  0.994232953
  8761.09961  0.99238497
  8761.94922  0.992214262
  8762.7998  0.98145324
  8763.64941  0.963024199
  8764.5  0.969289362
  8765.34961  0.988923371
  8766.19922  0.994515836
  8767.0498  0.998708725
  8767.89941  1.00000811
  8768.75  0.99743706
  8769.59961  0.994701266
  8770.44922  0.990691721
  8771.2998  0.987993658
  8772.14941  0.974960327
  8773.  0.958988547
  8773.84961  0.959232032
  8774.69922  0.971210182
  8775.5498  0.980466843
  8776.39941  0.991113782
  8777.25  0.997285724
  8778.09961  0.994885623
  8778.94922  0.997689784
  8779.7998  1.00020969
  8780.64941  0.999781907
  8781.5  0.997684836
  8782.34961  0.99237299
  8783.19922  0.993097246
  8784.0498  0.998664975
  8784.89941  1.00716841
  8785.75  1.00417125
  8786.59961  1.00179946
  8787.44922  1.00162673
  8788.2998  0.998604536
  8789.14941  0.984691024
  8790.  0.957409978
  8790.84961  0.958516657
  8791.69922  0.973836124
  8792.5498  0.964989722
  8793.39941  0.953695893
  8794.25  0.967163086
  8795.09961  0.984700382
  8795.94922  0.988864601
  8796.7998  0.989288509
  8797.64941  0.990589499
  8798.5  0.992614925
  8799.34961  0.998942494
  8800.19922  1.00140858
  8801.0498  0.997750819
  8801.89941  1.0032115
  8802.75  1.00754106
  8803.59961  0.990160465
  8804.44922  0.964936376
  8805.2998  0.932432294
  8806.14941  0.87291199
  8807.  0.846932709
  8807.84961  0.89996624
  8808.69922  0.962564945
  8809.5498  0.985591292
  8810.39941  0.988854051
  8811.25  0.988353074
  8812.09961  0.97647202
  8812.94922  0.973308742
  8813.7998  0.983219743
  8814.64941  0.990559757
  8815.5  0.988709152
  8816.34961  0.989931643
  8817.19922  0.993483603
  8818.0498  0.992325604
  8818.89941  0.983863294
  8819.75  0.986948669
  8820.59961  0.992338479
  8821.44922  0.983690023
  8822.2998  0.969887137
  8823.14941  0.950354636
  8824.  0.927846074
  8824.84961  0.934551001
  8825.69922  0.961294651
  8826.5498  0.97592169
  8827.39941  0.979167283
  8828.25  0.977607131
  8829.09961  0.977359712
  8829.94922  0.98178196
  8830.7998  0.985173821
  8831.64941  0.990551889
  8832.5  0.990980923
  8833.34961  0.984027207
  8834.19922  0.976587653
  8835.0498  0.967819512
  8835.89941  0.968627512
  8836.75  0.9730528
  8837.59961  0.962155163
  8838.44922  0.950124443
  8839.2998  0.957324505
  8840.14941  0.977035463
  8841.  0.989188075
  8841.84961  0.988155663
  8842.69922  0.983230829
  8843.5498  0.987605631
  8844.39941  0.997723222
  8845.25  0.99714011
  8846.09961  0.988355875
  8846.94922  0.985353112
  8847.7998  0.983538985
  8848.64941  0.976849914
  8849.5  0.975451052
  8850.34961  0.975044429
  8851.19922  0.983616471
  8852.0498  0.986324668
  8852.89941  0.977623522
  8853.75  0.976093233
  8854.59961  0.978325605
  8855.44922  0.985084355
  8856.2998  0.984258056
  8857.14941  0.979914308
  8858.  0.98636663
  8858.84961  0.990433216
  8859.69922  0.98712182
  8860.5498  0.979461551
  8861.39941  0.959264994
  8862.25  0.942170084
  8863.09961  0.937309623
  8863.94922  0.944338918
  8864.7998  0.95279634
  8865.64941  0.951000452
  8866.5  0.934549332
  8867.34961  0.934227586
  8868.19922  0.949293494
  8869.0498  0.968433857
  8869.89941  0.980734646
  8870.75  0.985717535
  8871.59961  0.988241136
  8872.44922  0.985819519
  8873.2998  0.984499037
  8874.14941  0.981165051
  8875.  0.975116909
  8875.84961  0.986318946
  8876.69922  0.98952204
  8877.5498  0.983275235
  8878.39941  0.974131405
  8879.25  0.975444615
  8880.09961  0.977745354
  8880.94922  0.980193853
  8881.7998  0.983387887
  8882.64941  0.983077824
  8883.5  0.980844438
  8884.34961  0.988164783
  8885.19922  0.98952961
  8886.0498  0.98546499
  8886.89941  0.989773571
  8887.75  0.99037987
  8888.59961  0.989084721
  8889.44922  0.982771695
  8890.2998  0.980434835
  8891.14941  0.979292035
  8892.  0.96605587
  8892.84961  0.95385778
  8893.69922  0.959923089
  8894.5498  0.972757638
  8895.39941  0.98185271
  8896.25  0.980908453
  8897.09961  0.976240873
  8897.94922  0.969390512
  8898.7998  0.962960064
  8899.64941  0.974372149
  8900.5  0.983184755
  8901.34961  0.982388079
  8902.19922  0.974232435
  8903.0498  0.975432158
  8903.89941  0.986102283
  8904.75  0.992845297
  8905.59961  0.986082256
  8906.44922  0.984295905
  8907.2998  0.982520521
  8908.14941  0.984607637
  8909.  0.988224387
  8909.84961  0.978106022
  8910.69922  0.96915704
  8911.5498  0.950951338
  8912.39941  0.952223003
  8913.25  0.968985319
  8914.09961  0.986711204
  8914.94922  0.990397632
  8915.7998  0.99129647
  8916.64941  0.988138855
  8917.5  0.975549996
  8918.34961  0.973925591
  8919.19922  0.974776208
  8920.0498  0.971644521
  8920.89941  0.977060437
  8921.75  0.980898857
  8922.59961  0.974271357
  8923.44922  0.963544011
  8924.2998  0.962364674
  8925.14941  0.962204278
  8926.  0.954720795
  8926.84961  0.937110662
  8927.69922  0.924032629
  8928.5498  0.931023896
  8929.39941  0.936668634
  8930.25  0.947025537
  8931.09961  0.961626351
  8931.94922  0.968253553
  8932.7998  0.962580144
  8933.64941  0.962802291
  8934.5  0.969730318
  8935.34961  0.97579509
  8936.19922  0.984171152
  8937.0498  0.997234106
  8937.89941  0.994671166
  8938.75  0.983684659
  8939.59961  0.975225985
  8940.44922  0.965809524
  8941.2998  0.962196469
  8942.14941  0.959325016
  8943.  0.961554527
  8943.84961  0.958824217
  8944.69922  0.945342124
  8945.5498  0.928551495
  8946.39941  0.922965646
  8947.25  0.929509938
  8948.09961  0.938462317
  8948.94922  0.956562102
  8949.7998  0.968381405
  8950.64941  0.965682626
  8951.5  0.946713209
  8952.34961  0.934805393
  8953.19922  0.930277944
  8954.0498  0.901025951
  8954.89941  0.885789454
  8955.75  0.915619671
  8956.59961  0.94760251
  8957.44922  0.955759048
  8958.2998  0.951162636
  8959.14941  0.953159809
  8960.  0.964234471
  8960.84961  0.954167604
  8961.69922  0.910811484
  8962.5498  0.868751705
  8963.39941  0.867194831
  8964.25  0.880314529
  8965.09961  0.866896927
  8965.94922  0.857721984
  8966.7998  0.892125726
  8967.64941  0.930386245
  8968.5  0.950089633
  8969.34961  0.95044744
  8970.19922  0.903205693
  8971.0498  0.835759461
  8971.89941  0.832316935
  8972.75  0.87488246
  8973.59961  0.890426159
  8974.44922  0.873417914
  8975.2998  0.884436607
  8976.14941  0.925797164
  8977.  0.961385608
  8977.84961  0.980006754
  8978.69922  0.969614863
  8979.5498  0.903950512
  8980.39941  0.846502185
  8981.25  0.87741822
  8982.09961  0.943915486
  8982.94922  0.981579065
  8983.7998  0.991475344
  8984.64941  0.974162817
  8985.5  0.9211393
  8986.34961  0.821422398
  8987.19922  0.748242736
  8988.0498  0.758928537
  8988.89941  0.808526158
  8989.75  0.826506138
  8990.59961  0.759345353
  8991.44922  0.712796748
  8992.2998  0.769230425
  8993.14941  0.88063705
  8994.  0.968454421
  8994.84961  0.980818033
  8995.69922  0.970753193
  8996.5498  0.975266159
  8997.39941  0.97741586
  8998.25  0.953155577
  8999.09961  0.864503741
  8999.94922  0.763502777
  9000.7998  0.779300749
  9001.64941  0.86155504
  9002.5  0.882751584
  9003.34961  0.834658802
  9004.19922  0.836178005
  9005.0498  0.890108526
  9005.89941  0.912828505
  9006.75  0.872328341
  9007.59961  0.845088959
  9008.44922  0.865638137
  9009.2998  0.901810348
  9010.14941  0.906168818
  9011.  0.868237197
  9011.84961  0.833016038
  9012.69922  0.854191184
  9013.5498  0.891621232
  9014.39941  0.914842665
  9015.25  0.872348189
  9016.09961  0.77937299
  9016.94922  0.743487239
  9017.7998  0.828861415
  9018.64941  0.91805768
  9019.5  0.951108277
