  8348.84961  1.05790794
  8349.69922  1.04006541
  8350.5498  1.02078426
  8351.39941  1.03374314
  8352.25  1.05350995
  8353.09961  1.05713284
  8353.94922  1.04339254
  8354.7998  1.02586699
  8355.64941  1.02318525
  8356.5  1.00040936
  8357.34961  0.980431795
  8358.19922  0.981582642
  8359.0498  0.983535051
  8359.89941  0.987790287
  8360.75  0.990963876
  8361.59961  1.01985133
  8362.44922  1.04198301
  8363.2998  1.0377779
  8364.14941  1.04019332
  8365.  1.04656267
  8365.84961  1.05238533
  8366.69922  1.05321121
  8367.5498  1.04045248
  8368.39941  1.04998481
  8369.25  1.05476737
  8370.09961  1.03910685
  8370.94922  1.03349674
  8371.7998  1.03200769
  8372.64941  1.02068162
  8373.5  0.986697078
  8374.34961  0.963543117
  8375.19922  0.963928103
  8376.0498  0.985764384
  8376.89941  1.00974023
  8377.75  1.0159899
  8378.59961  1.0273242
  8379.44922  1.04190159
  8380.2998  1.04981399
  8381.14941  1.04284012
  8382.  1.03728127
  8382.84961  1.05083418
  8383.69922  1.04579484
  8384.5498  1.04268861
  8385.39941  1.04821801
  8386.25  1.03023672
  8387.09961  1.00799203
  8387.94922  0.996900916
  8388.7998  1.00128675
  8389.64941  1.00756192
  8390.5  0.981611729
  8391.34961  0.938394845
  8392.19922  0.926341116
  8393.0498  0.942717135
  8393.89941  0.972805738
  8394.75  1.00373209
  8395.59961  1.03426766
  8396.44922  1.04580164
  8397.2998  1.03747797
  8398.14941  1.03446817
  8399.  1.05409086
  8399.84961  1.05155599
  8400.69922  1.06330144
  8401.5498  1.06663668
  8402.39941  1.06419969
  8403.25  1.0476228
  8404.09961  1.05129313
  8404.94922  1.07691252
  8405.7998  1.0584954
  8406.64941  1.02751553
  8407.5  1.03118944
  8408.34961  1.02982354
  8409.19922  1.0164932
  8410.0498  0.992621183
  8410.89941  0.976852357
  8411.75  0.938961625
  8412.59961  0.917800248
  8413.44922  0.938968956
  8414.2998  0.966339648
  8415.14941  0.984028578
  8416.  0.995785832
  8416.84961  1.00951791
  8417.69922  1.02430689
  8418.5498  1.0401262
  8419.39941  1.05120373
  8420.25  1.04133308
  8421.09961  1.02341294
  8421.94922  1.02494562
  8422.7998  1.05050516
  8423.64941  1.06325185
  8424.5  1.05486333
  8425.34961  1.0485214
  8426.19922  1.04153216
  8427.0498  1.04030836
  8427.89941  1.04450941
  8428.75  1.04811728
  8429.59961  1.05960631
  8430.44922  1.05784547
  8431.2998  1.03861523
  8432.14941  1.030653
  8433.  1.01951587
  8433.84961  1.01031625
  8434.69922  1.01642692
  8435.5498  0.996914744
  8436.39941  0.946192861
  8437.25  0.901540041
  8438.09961  0.874492943
  8438.94922  0.903941453
  8439.7998  0.945598543
  8440.64941  0.977236748
  8441.5  1.00503099
  8442.34961  1.01919365
  8443.19922  1.04881072
  8444.0498  1.02842784
  8444.89941  0.95187366
  8445.75  0.870775282
  8446.59961  0.860775352
  8447.44922  0.914977372
  8448.2998  1.01039135
  8449.14941  1.04582202
  8450.  1.03982186
  8450.84961  1.02647972
  8451.69922  1.04608333
  8452.5498  1.04859734
  8453.39941  1.02591074
  8454.25  1.02875412
  8455.09961  1.05021715
  8455.94922  1.04684651
  8456.7998  1.03655922
  8457.64941  1.04246628
  8458.5  1.03953147
  8459.34961  1.02996039
  8460.19922  1.03704345
  8461.0498  1.03553271
  8461.89941  1.02253854
  8462.75  1.01501977
  8463.59961  1.00441611
  8464.44922  0.979483306
  8465.2998  0.940475225
  8466.14941  0.88902837
  8467.  0.856229424
  8467.84961  0.870519459
  8468.69922  0.919373333
  8469.5498  0.972045779
  8470.39941  0.999160945
  8471.25  1.00184739
  8472.09961  1.0114435
  8472.94922  1.03677011
  8473.7998  1.04977298
  8474.64941  1.05545998
  8475.5  1.06672001
  8476.34961  1.06778574
  8477.19922  1.06343853
  8478.0498  1.06172729
  8478.89941  1.04318285
  8479.75  1.03982544
  8480.59961  1.05079079
  8481.44922  1.0560286
  8482.2998  1.05331945
  8483.14941  1.06527781
  8484.  1.07161367
  8484.84961  1.05489624
  8485.69922  1.048563
  8486.5498  1.0713563
  8487.39941  1.07535076
  8488.25  1.06122875
  8489.09961  1.04073775
  8489.94922  1.03902328
  8490.7998  1.04904795
  8491.64941  1.04451191
  8492.5  1.04278255
  8493.34961  1.03644657
  8494.19922  1.02672267
  8495.0498  1.0224539
  8495.89941  0.989620805
  8496.75  0.878982544
  8497.59961  0.759180367
  8498.44922  0.758435011
  8499.2998  0.852352858
  8500.14941  0.914637864
  8501.  0.903986812
  8501.84961  0.867931366
  8502.69922  0.860539198
  8503.5498  0.903744161
  8504.39941  0.963811338
  8505.25  0.980482638
  8506.09961  0.998143852
  8506.94922  1.01941597
  8507.7998  1.04313111
  8508.64941  1.04976332
  8509.5  1.05135918
  8510.34961  1.04593801
  8511.19922  1.04505253
  8512.0498  1.05679345
  8512.89941  1.05416095
  8513.75  1.03421783
  8514.59961  1.03643239
  8515.44922  1.05026901
  8516.2998  1.05281758
  8517.14941  1.05555332
  8518.  1.06433868
  8518.84961  1.06315982
  8519.69922  1.05858755
  8520.5498  1.0511415
  8521.39941  1.04575527
  8522.25  1.04704666
  8523.09961  1.05163312
  8523.94922  1.05782425
  8524.7998  1.04809308
  8525.64941  1.04393816
  8526.5  1.05865014
  8527.34961  1.06495297
  8528.19922  1.05994976
  8529.0498  1.06061804
  8529.89941  1.06066775
  8530.75  1.06206179
  8531.59961  1.04318643
  8532.44922  1.03529894
  8533.2998  1.05924702
  8534.14941  1.05869746
  8535.  1.02510631
  8535.84961  1.03558445
  8536.69922  1.05442798
  8537.5498  1.03306246
  8538.39941  1.00369108
  8539.25  0.979932904
  8540.09961  0.911896527
  8540.94922  0.754596949
  8541.7998  0.601416588
  8542.64941  0.598771155
  8543.5  0.72367841
  8544.34961  0.814460754
  8545.19922  0.834909678
  8546.0498  0.872766495
  8546.89941  0.927349806
  8547.75  0.971990526
  8548.59961  1.00490189
  8549.44922  1.02243257
  8550.2998  1.0372479
  8551.14941  1.01629376
  8552.  1.01734304
  8552.84961  1.04635608
  8553.69922  1.05662942
  8554.5498  1.04770875
  8555.39941  1.03238547
  8556.25  1.02009892
  8557.09961  1.02119005
  8557.94922  1.03311765
  8558.7998  1.04806769
  8559.64941  1.0497793
  8560.5  1.0420562
  8561.34961  1.04561365
  8562.19922  1.05226099
  8563.0498  1.05945957
  8563.89941  1.05403006
  8564.75  1.04071343
  8565.59961  1.03184843
  8566.44922  1.03088355
  8567.2998  1.02716362
  8568.14941  1.03243577
  8569.  1.03773701
  8569.84961  1.04839575
  8570.69922  1.05332458
  8571.5498  1.05446839
  8572.39941  1.0585531
  8573.25  1.04781711
  8574.09961  1.03343368
  8574.94922  1.04011524
  8575.7998  1.04200852
  8576.64941  1.05664909
  8577.5  1.05748177
  8578.34961  1.03805995
  8579.19922  1.03672123
  8580.0498  1.04171169
  8580.89941  1.04883015
  8581.75  1.04847908
  8582.59961  1.04020512
  8583.44922  1.04246914
  8584.2998  1.03367376
  8585.14941  1.01292503
  8586.  1.01254427
  8586.84961  1.02394688
  8587.69922  1.03050184
  8588.5498  1.02887976
  8589.39941  1.0278523
  8590.25  1.03308368
  8591.09961  1.02735603
  8591.94922  1.01935232
  8592.7998  1.01120901
  8593.64941  0.98547411
  8594.5  0.958243608
  8595.34961  0.952391267
  8596.19922  0.945729971
  8597.0498  0.899950385
  8597.89941  0.844461441
  8598.75  0.832474828
  8599.59961  0.871895492
  8600.44922  0.941457093
  8601.2998  0.976840138
  8602.14941  0.984524846
  8603.  0.988816023
  8603.84961  1.01758969
  8604.69922  1.01969171
  8605.5498  1.00247717
  8606.39941  1.0283103
  8607.25  1.03263021
  8608.09961  1.0261184
  8608.94922  1.04462862
  8609.7998  1.05660737
  8610.64941  1.0404613
  8611.5  1.02731287
  8612.34961  1.02855515
  8613.19922  1.03025293
  8614.0498  1.03604329
  8614.89941  1.03091681
  8615.75  1.03922677
  8616.59961  1.04469371
  8617.44922  1.0427984
  8618.2998  1.05444455
  8619.14941  1.06628287
  8620.  1.0461452
  8620.84961  1.04069293
  8621.69922  1.0499208
  8622.5498  1.05411041
  8623.39941  1.01814234
  8624.25  1.03564191
  8625.09961  1.05237114
  8625.94922  1.05674672
  8626.7998  1.04111779
  8627.64941  1.0197382
  8628.5  1.02033305
  8629.34961  1.00573587
  8630.19922  1.01737523
  8631.0498  1.04184282
  8631.89941  1.0304563
  8632.75  1.0275867
  8633.59961  1.0168556
  8634.44922  1.03247809
  8635.2998  1.03701448
  8636.14941  1.02568614
  8637.  1.03456974
  8637.84961  1.03236449
  8638.69922  1.02306306
  8639.5498  1.02751565
  8640.39941  1.02567875
  8641.25  1.02497315
  8642.09961  1.03476238
  8642.94922  1.0373385
  8643.7998  1.04866624
  8644.64941  1.04417717
  8645.5  1.02797556
  8646.34961  1.01250601
  8647.19922  1.01114821
  8648.0498  1.00957167
  8648.89941  0.998515189
  8649.75  0.997437
  8650.59961  1.01276588
  8651.44922  1.01473117
  8652.2998  1.01078272
  8653.14941  1.0380497
  8654.  1.04867542
  8654.84961  1.01608634
  8655.69922  0.997654974
  8656.5498  0.986486793
  8657.39941  0.987412453
  8658.25  0.981180787
  8659.09961  0.983829498
  8659.94922  0.958558798
  8660.7998  0.829436004
  8661.64941  0.658248007
  8662.5  0.597786903
  8663.34961  0.679679036
  8664.19922  0.770096838
  8665.0498  0.789298713
  8665.89941  0.813865542
  8666.75  0.884143114
  8667.59961  0.928970993
  8668.44922  0.935558796
  8669.2998  0.943673015
  8670.14941  0.944657147
  8671.  0.950211883
  8671.84961  0.96788764
  8672.69922  0.979014575
  8673.5498  0.983622313
  8674.39941  0.990949512
  8675.25  0.994490087
  8676.09961  0.99683249
  8676.94922  1.00807655
  8677.7998  0.998685777
  8678.64941  0.968496323
  8679.5  0.942593396
  8680.34961  0.933856368
  8681.19922  0.955229998
  8682.0498  0.971924126
  8682.89941  0.965242743
  8683.75  0.976239383
  8684.59961  0.992134929
  8685.44922  1.00325143
  8686.2998  1.00097156
  8687.14941  0.994831204
  8688.  0.975338638
  8688.84961  0.966075599
  8689.69922  0.983246386
  8690.5498  0.999045134
  8691.39941  1.01271629
  8692.25  1.02494943
  8693.09961  0.998212159
  8693.94922  0.966893971
  8694.7998  0.984946072
  8695.64941  1.016482
  8696.5  1.0204078
  8697.34961  1.03209484
  8698.19922  1.04734874
  8699.0498  1.04050601
  8699.89941  1.02741086
  8700.75  1.01505411
  8701.59961  1.00179601
  8702.44922  1.00826967
  8703.2998  1.01288283
  8704.14941  1.01701593
  8705.  1.00633013
  8705.84961  1.00118411
  8706.69922  1.00520825
  8707.5498  1.01471877
  8708.39941  1.0168277
  8709.25  1.01136196
  8710.09961  1.00161946
  8710.94922  1.00102746
  8711.7998  0.995867848
  8712.64941  1.00632298
  8713.5  1.01000035
  8714.34961  1.01654696
  8715.19922  1.04101431
  8716.0498  1.03740788
  8716.89941  1.03140461
  8717.75  1.02169657
  8718.59961  0.990995407
  8719.44922  0.995908737
  8720.2998  1.01846051
  8721.14941  1.0068562
  8722.  1.03125346
  8722.84961  1.04033625
  8723.69922  1.02299082
  8724.5498  1.01563466
  8725.39941  1.02272463
  8726.25  1.02038431
  8727.09961  0.999801636
  8727.94922  1.00274312
  8728.7998  1.0279752
  8729.64941  1.01406288
  8730.5  1.0219003
  8731.34961  1.0203135
  8732.19922  0.997215807
  8733.0498  0.996707976
  8733.89941  1.01818848
  8734.75  1.01058662
  8735.59961  0.989848077
  8736.44922  0.99628222
  8737.2998  1.00879383
  8738.14941  1.01605844
  8739.  1.00360489
  8739.84961  1.00493062
  8740.69922  0.998371363
  8741.5498  0.982988834
  8742.39941  0.987795115
  8743.25  0.986568034
  8744.09961  0.980411232
  8744.94922  0.974966884
  8745.7998  0.950008869
  8746.64941  0.939604878
  8747.5  0.932848513
  8748.34961  0.913585782
  8749.19922  0.852328598
  8750.0498  0.786049664
  8750.89941  0.786701798
  8751.75  0.849916101
  8752.59961  0.893940926
  8753.44922  0.93069309
  8754.2998  0.949810266
  8755.14941  0.975721359
  8756.  0.974806726
  8756.84961  0.983876705
  8757.69922  0.992858589
  8758.5498  1.0139935
  8759.39941  1.02267218
  8760.25  1.01249528
  8761.09961  1.02140558
  8761.94922  1.02922046
  8762.7998  1.014094
  8763.64941  0.982627273
  8764.5  1.00859904
  8765.34961  1.02955818
  8766.19922  1.03604853
  8767.0498  1.02314198
  8767.89941  1.01364255
  8768.75  1.02126837
  8769.59961  1.02602673
  8770.44922  1.01328516
  8771.2998  1.01106596
  8772.14941  1.00302398
  8773.  1.01953185
  8773.84961  1.0177778
  8774.69922  1.00642431
  8775.5498  1.01034057
  8776.39941  1.03261328
  8777.25  1.02583575
  8778.09961  1.01037347
  8778.94922  1.03052592
  8779.7998  1.01682699
  8780.64941  1.0047096
  8781.5  1.00187433
  8782.34961  1.01153874
  8783.19922  1.01062942
  8784.0498  1.00878537
  8784.89941  1.00210726
  8785.75  1.0003556
  8786.59961  1.00446463
  8787.44922  0.995963395
  8788.2998  1.00074172
  8789.14941  1.00845456
  8790.  1.00220573
  8790.84961  1.01239455
  8791.69922  1.02948308
  8792.5498  1.02012599
  8793.39941  1.01230764
  8794.25  1.02215636
  8795.09961  1.0170871
  8795.94922  1.01938105
  8796.7998  1.0159961
  8797.64941  1.01134443
  8798.5  1.00536513
  8799.34961  0.991162717
  8800.19922  1.01120782
  8801.0498  1.02849805
  8801.89941  1.01719785
  8802.75  1.0052439
  8803.59961  0.998607635
  8804.44922  1.00396752
  8805.2998  0.994050682
  8806.14941  0.963822246
  8807.  0.939687788
  8807.84961  0.980486691
  8808.69922  1.00019491
  8809.5498  0.981836796
  8810.39941  0.967904329
  8811.25  0.986581028
  8812.09961  1.01316607
  8812.94922  1.01149964
  8813.7998  0.978278339
  8814.64941  0.987220228
  8815.5  0.987890601
  8816.34961  0.992661536
  8817.19922  1.00596237
  8818.0498  0.993157446
  8818.89941  0.987987459
  8819.75  0.982655644
  8820.59961  0.991697669
  8821.44922  0.965076745
  8822.2998  0.9620682
  8823.14941  0.968394637
  8824.  0.954155147
  8824.84961  0.951864898
  8825.69922  0.949638128
  8826.5498  0.961992979
  8827.39941  0.965397
  8828.25  0.981978655
  8829.09961  0.998983324
  8829.94922  1.00707591
  8830.7998  0.983987749
  8831.64941  0.975605965
  8832.5  0.984045267
  8833.34961  0.972104609
  8834.19922  0.977364182
  8835.0498  0.992409766
  8835.89941  0.991284251
  8836.75  0.986351848
  8837.59961  0.984151959
  8838.44922  0.988038182
  8839.2998  0.992192447
  8840.14941  0.988909245
  8841.  0.988309801
  8841.84961  0.972371757
  8842.69922  0.969372869
  8843.5498  0.985261858
  8844.39941  0.998555899
  8845.25  0.993598998
  8846.09961  0.987500072
  8846.94922  0.977772832
  8847.7998  0.988399625
  8848.64941  0.992630243
  8849.5  0.986868143
  8850.34961  0.97514236
  8851.19922  0.983099639
  8852.0498  0.97755599
  8852.89941  0.96088028
  8853.75  0.960867405
  8854.59961  0.97201401
  8855.44922  0.965085387
  8856.2998  0.960209548
  8857.14941  0.969224751
  8858.  0.965839028
  8858.84961  0.922694743
  8859.69922  0.91860944
  8860.5498  0.907035828
  8861.39941  0.866185665
  8862.25  0.797109663
  8863.09961  0.770103753
  8863.94922  0.827437937
  8864.7998  0.894208014
  8865.64941  0.9360798
  8866.5  0.932059765
  8867.34961  0.93626821
  8868.19922  0.963130116
  8869.0498  0.969828963
  8869.89941  0.968170464
  8870.75  0.972854257
  8871.59961  0.975162446
  8872.44922  0.967046142
  8873.2998  0.962768257
  8874.14941  0.938768148
  8875.  0.918418825
  8875.84961  0.948176324
  8876.69922  1.00138116
  8877.5498  0.989717007
  8878.39941  0.976845205
  8879.25  0.979351342
  8880.09961  0.978494167
  8880.94922  0.962405503
  8881.7998  0.965603054
  8882.64941  0.98834306
  8883.5  0.977890849
  8884.34961  0.983888924
  8885.19922  0.994288862
  8886.0498  1.00245571
  8886.89941  1.01361895
  8887.75  1.00661576
  8888.59961  1.00157022
  8889.44922  0.986061454
  8890.2998  0.967200756
  8891.14941  0.964963496
  8892.  0.962224901
  8892.84961  0.991639555
  8893.69922  1.01269042
  8894.5498  1.00935006
  8895.39941  1.00234115
  8896.25  0.990797341
  8897.09961  0.992349029
  8897.94922  0.991006732
  8898.7998  0.992065251
  8899.64941  1.00512505
  8900.5  0.989698648
  8901.34961  0.975266516
  8902.19922  0.99263835
  8903.0498  1.00979757
  8903.89941  0.993869305
  8904.75  0.988004982
  8905.59961  1.00647295
  8906.44922  1.01359308
  8907.2998  1.00041902
  8908.14941  0.996666729
  8909.  1.01290798
  8909.84961  0.995419145
  8910.69922  0.974732578
  8911.5498  0.939577758
  8912.39941  0.919144511
  8913.25  0.963971794
  8914.09961  1.00240803
  8914.94922  0.993233621
  8915.7998  0.991221786
  8916.64941  0.998326659
  8917.5  1.01545167
  8918.34961  1.00236678
  8919.19922  0.982449532
  8920.0498  0.978173375
  8920.89941  0.97209847
  8921.75  0.970091045
  8922.59961  0.987391829
  8923.44922  0.992200136
  8924.2998  0.990717411
  8925.14941  0.991478741
  8926.  0.968596399
  8926.84961  0.920988917
  8927.69922  0.90303272
  8928.5498  0.936048627
  8929.39941  0.968069077
  8930.25  0.960265517
  8931.09961  0.954466105
  8931.94922  0.960010588
  8932.7998  0.965235054
  8933.64941  0.969861448
  8934.5  0.971732616
  8935.34961  0.977618158
  8936.19922  0.994988561
  8937.0498  1.00111496
  8937.89941  0.991065919
  8938.75  0.976911604
  8939.59961  0.987941742
  8940.44922  0.991086185
  8941.2998  0.982737839
  8942.14941  0.987176418
  8943.  0.981621683
  8943.84961  0.972402692
  8944.69922  0.973337054
  8945.5498  0.979170501
  8946.39941  0.974596798
  8947.25  0.972174644
  8948.09961  0.970075786
  8948.94922  0.942280591
  8949.7998  0.940352142
  8950.64941  0.966446579
  8951.5  0.98208195
  8952.34961  0.970938265
  8953.19922  0.941264033
  8954.0498  0.914908826
  8954.89941  0.920739651
  8955.75  0.942330003
  8956.59961  0.919867933
  8957.44922  0.901400328
  8958.2998  0.93975246
  8959.14941  0.949986279
  8960.  0.935502946
  8960.84961  0.93718636
  8961.69922  0.952891231
  8962.5498  0.96876812
  8963.39941  0.951932669
  8964.25  0.88987112
  8965.09961  0.839730144
  8965.94922  0.872429192
  8966.7998  0.898527563
  8967.64941  0.865027249
  8968.5  0.852949023
  8969.34961  0.905836344
  8970.19922  0.934196413
  8971.0498  0.925222039
  8971.89941  0.918711185
  8972.75  0.886765242
  8973.59961  0.830545068
  8974.44922  0.843945086
  8975.2998  0.900133431
  8976.14941  0.893988192
  8977.  0.876368225
  8977.84961  0.909866333
  8978.69922  0.959219515
  8979.5498  0.979559243
  8980.39941  0.984465778
  8981.25  0.967818797
  8982.09961  0.894154787
  8982.94922  0.820348918
  8983.7998  0.872144103
  8984.64941  0.949668646
  8985.5  0.955087602
  8986.34961  0.947153091
  8987.19922  0.95270896
  8988.0498  0.912998438
  8988.89941  0.795224726
  8989.75  0.719477892
  8990.59961  0.770146906
  8991.44922  0.855079472
  8992.2998  0.843399167
  8993.14941  0.763885438
  8994.  0.703098834
  8994.84961  0.809256256
  8995.69922  0.923594117
  8996.5498  0.935265779
  8997.39941  0.938160658
  8998.25  0.948494732
  8999.09961  0.964113832
  8999.94922  0.967978537
  9000.7998  0.942886353
  9001.64941  0.884292424
  9002.5  0.772772729
  9003.34961  0.773969889
  9004.19922  0.899230361
  9005.0498  0.904874742
  9005.89941  0.814025104
  9006.75  0.804034472
  9007.59961  0.887612879
  9008.44922  0.884966969
  9009.2998  0.833758175
  9010.14941  0.817444861
  9011.  0.85552901
  9011.84961  0.867293596
  9012.69922  0.849892974
  9013.5498  0.776525617
  9014.39941  0.670195818
  9015.25  0.677211106
  9016.09961  0.776158512
  9016.94922  0.840158641
  9017.7998  0.841457129
  9018.64941  0.76320225
  9019.5  0.748126388
