  8348.84961  0.989200473
  8349.69922  1.022488
  8350.5498  1.07064569
  8351.39941  1.08840573
  8352.25  1.07412994
  8353.09961  1.05158222
  8353.94922  1.03714526
  8354.7998  1.03434718
  8355.64941  1.04157329
  8356.5  1.04220819
  8357.34961  1.02744055
  8358.19922  1.02470005
  8359.0498  1.04255903
  8359.89941  1.05521095
  8360.75  1.0577755
  8361.59961  1.05226576
  8362.44922  1.03120625
  8363.2998  1.00415051
  8364.14941  0.995177448
  8365.  1.00132525
  8365.84961  1.01574457
  8366.69922  1.05173802
  8367.5498  1.08371782
  8368.39941  1.07939649
  8369.25  1.05200613
  8370.09961  1.02995062
  8370.94922  1.02465856
  8371.7998  1.03039503
  8372.64941  1.0422895
  8373.5  1.05293131
  8374.34961  1.05588126
  8375.19922  1.05197561
  8376.0498  1.03256798
  8376.89941  0.999259651
  8377.75  0.991969824
  8378.59961  1.03271341
  8379.44922  1.08075607
  8380.2998  1.09588981
  8381.14941  1.04278195
  8382.  0.943853915
  8382.84961  0.910682023
  8383.69922  0.96767354
  8384.5498  1.02292216
  8385.39941  1.03675866
  8386.25  1.00904667
  8387.09961  0.95498687
  8387.94922  0.946929932
  8388.7998  0.983849525
  8389.64941  1.00135803
  8390.5  1.01132548
  8391.34961  1.0430243
  8392.19922  1.07441175
  8393.0498  1.07901835
  8393.89941  1.0622406
  8394.75  1.04925025
  8395.59961  1.04329872
  8396.44922  1.02770162
  8397.2998  1.01704061
  8398.14941  1.03539062
  8399.  1.06581545
  8399.84961  1.07102668
  8400.69922  1.04099083
  8401.5498  1.01445735
  8402.39941  1.03180647
  8403.25  1.06469905
  8404.09961  1.06136906
  8404.94922  1.03870082
  8405.7998  1.04290199
  8406.64941  1.0549376
  8407.5  1.04496014
  8408.34961  1.04492438
  8409.19922  1.06221509
  8410.0498  1.05405796
  8410.89941  1.01610053
  8411.75  0.987913072
  8412.59961  0.992803395
  8413.44922  1.02065599
  8414.2998  1.04859841
  8415.14941  1.06423199
  8416.  1.05851758
  8416.84961  1.03689957
  8417.69922  1.02873135
  8418.5498  1.02133846
  8419.39941  1.00742507
  8420.25  1.01819134
  8421.09961  1.0347774
  8421.94922  1.02851474
  8422.7998  1.02252448
  8423.64941  1.03300476
  8424.5  1.02601564
  8425.34961  0.976666927
  8426.19922  0.936968505
  8427.0498  0.97147572
  8427.89941  1.0510515
  8428.75  1.09794426
  8429.59961  1.09847045
  8430.44922  1.08665168
  8431.2998  1.07890594
  8432.14941  1.07643104
  8433.  1.05553699
  8433.84961  0.983665407
  8434.69922  0.907398701
  8435.5498  0.910380006
  8436.39941  0.979249001
  8437.25  1.03053164
  8438.09961  1.01748765
  8438.94922  0.970130444
  8439.7998  0.955315292
  8440.64941  0.989024818
  8441.5  1.03161395
  8442.34961  1.05407453
  8443.19922  1.05515051
  8444.0498  1.04581726
  8444.89941  1.02926767
  8445.75  1.00082541
  8446.59961  0.983313382
  8447.44922  1.00688672
  8448.2998  1.04110086
  8449.14941  1.03468788
  8450.  1.01450372
  8450.84961  1.0345726
  8451.69922  1.07515752
  8452.5498  1.09439218
  8453.39941  1.09118199
  8454.25  1.07140911
  8455.09961  1.0445888
  8455.94922  1.02574325
  8456.7998  1.01710451
  8457.64941  1.0228622
  8458.5  1.03705418
  8459.34961  1.04539192
  8460.19922  1.05761135
  8461.0498  1.07555282
  8461.89941  1.08288658
  8462.75  1.07224214
  8463.59961  1.05030942
  8464.44922  1.02549613
  8465.2998  1.0032568
  8466.14941  1.00419521
  8467.  0.999792576
  8467.84961  0.9621768
  8468.69922  0.961458206
  8469.5498  1.0066061
  8470.39941  1.03151464
  8471.25  1.02291036
  8472.09961  1.02182126
  8472.94922  1.05114329
  8473.7998  1.09079301
  8474.64941  1.10813868
  8475.5  1.09090042
  8476.34961  1.06329608
  8477.19922  1.05306697
  8478.0498  1.05466819
  8478.89941  1.04498637
  8479.75  1.02680099
  8480.59961  1.01186538
  8481.44922  1.0040164
  8482.2998  1.01554251
  8483.14941  1.04139936
  8484.  1.05613315
  8484.84961  1.06079149
  8485.69922  1.06630945
  8486.5498  1.05384529
  8487.39941  1.02403486
  8488.25  1.01918519
  8489.09961  1.05104017
  8489.94922  1.0770489
  8490.7998  1.0683893
  8491.64941  1.04759049
  8492.5  1.03475058
  8493.34961  1.02646792
  8494.19922  1.01872957
  8495.0498  0.989104867
  8495.89941  0.900094628
  8496.75  0.749790013
  8497.59961  0.627533495
  8498.44922  0.64899379
  8499.2998  0.78987354
  8500.14941  0.918240845
  8501.  0.965056777
  8501.84961  0.967026234
  8502.69922  0.976875365
  8503.5498  0.991886318
  8504.39941  1.00194454
  8505.25  1.02530169
  8506.09961  1.05774438
  8506.94922  1.08163297
  8507.7998  1.09547281
  8508.64941  1.09234285
  8509.5  1.06949413
  8510.34961  1.0446384
  8511.19922  1.03492868
  8512.0498  1.02829576
  8512.89941  0.991524398
  8513.75  0.933032274
  8514.59961  0.909534693
  8515.44922  0.947493017
  8516.2998  1.00250041
  8517.14941  1.01807678
  8518.  1.01032996
  8518.84961  1.02764678
  8519.69922  1.05211473
  8520.5498  1.04583287
  8521.39941  1.03097796
  8522.25  1.02964795
  8523.09961  1.03296244
  8523.94922  1.03070569
  8524.7998  1.01239979
  8525.64941  0.986527979
  8526.5  0.980489612
  8527.34961  1.00203228
  8528.19922  1.02366185
  8529.0498  1.025455
  8529.89941  1.02437794
  8530.75  1.02284229
  8531.59961  1.01571083
  8532.44922  1.01928043
  8533.2998  1.02213895
  8534.14941  1.00829601
  8535.  0.987227619
  8535.84961  0.961187422
  8536.69922  0.921645164
  8537.5498  0.867393434
  8538.39941  0.811376691
  8539.25  0.751617253
  8540.09961  0.65984875
  8540.94922  0.530324221
  8541.7998  0.437260568
  8542.64941  0.470894128
  8543.5  0.605343401
  8544.34961  0.741841733
  8545.19922  0.833336353
  8546.0498  0.889066398
  8546.89941  0.919944108
  8547.75  0.932220101
  8548.59961  0.946966231
  8549.44922  0.97003293
  8550.2998  0.987211883
  8551.14941  1.00739324
  8552.  1.0378449
  8552.84961  1.05695474
  8553.69922  1.04884732
  8554.5498  1.01433218
  8555.39941  0.977238357
  8556.25  0.972625732
  8557.09961  1.00319362
  8557.94922  1.03841949
  8558.7998  1.05006814
  8559.64941  1.04246032
  8560.5  1.03392196
  8561.34961  1.02979624
  8562.19922  1.03191972
  8563.0498  1.0383991
  8563.89941  1.04038024
  8564.75  1.03473294
  8565.59961  1.03126109
  8566.44922  1.03886914
  8567.2998  1.04541337
  8568.14941  1.04384422
  8569.  1.04367423
  8569.84961  1.04604137
  8570.69922  1.04571748
  8571.5498  1.04384184
  8572.39941  1.04274642
  8573.25  1.03718984
  8574.09961  1.02872992
  8574.94922  1.02770209
  8575.7998  1.0358603
  8576.64941  1.05101955
  8577.5  1.06438732
  8578.34961  1.07413459
  8579.19922  1.08602798
  8580.0498  1.08378255
  8580.89941  1.04994845
  8581.75  0.997853756
  8582.59961  0.971006155
  8583.44922  0.994439125
  8584.2998  1.03388429
  8585.14941  1.05050671
  8586.  1.04555655
  8586.84961  1.04155242
  8587.69922  1.0448823
  8588.5498  1.03820622
  8589.39941  1.03275812
  8590.25  1.04104972
  8591.09961  1.04119051
  8591.94922  1.03274715
  8592.7998  1.03266478
  8593.64941  1.05010748
  8594.5  1.06956387
  8595.34961  1.06183624
  8596.19922  1.03687394
  8597.0498  1.01834714
  8597.89941  1.01218832
  8598.75  1.0234431
  8599.59961  1.05087447
  8600.44922  1.07190919
  8601.2998  1.06829715
  8602.14941  1.05181038
  8603.  1.03317332
  8603.84961  1.01963127
  8604.69922  1.02172375
  8605.5498  1.02959526
  8606.39941  1.03296912
  8607.25  1.03617847
  8608.09961  1.03998768
  8608.94922  1.0325923
  8609.7998  1.00302541
  8610.64941  0.966747165
  8611.5  0.958708107
  8612.34961  0.987972319
  8613.19922  1.02316916
  8614.0498  1.04459512
  8614.89941  1.05820775
  8615.75  1.06202936
  8616.59961  1.06030083
  8617.44922  1.06218731
  8618.2998  1.062729
  8619.14941  1.06101525
  8620.  1.04779363
  8620.84961  1.01632249
  8621.69922  0.993216157
  8622.5498  1.00222421
  8623.39941  1.03484154
  8624.25  1.06194043
  8625.09961  1.06804764
  8625.94922  1.06324792
  8626.7998  1.05988741
  8627.64941  1.0545342
  8628.5  1.04283011
  8629.34961  1.04042971
  8630.19922  1.04772532
  8631.0498  1.04186451
  8631.89941  1.02852869
  8632.75  1.0261935
  8633.59961  1.02775097
  8634.44922  1.02994442
  8635.2998  1.0392158
  8636.14941  1.04946589
  8637.  1.05731189
  8637.84961  1.06616867
  8638.69922  1.07230103
  8639.5498  1.06902373
  8640.39941  1.05572879
  8641.25  1.04131711
  8642.09961  1.04137731
  8642.94922  1.05152941
  8643.7998  1.05560601
  8644.64941  1.06203294
  8645.5  1.06851149
  8646.34961  1.0535754
  8647.19922  1.01945984
  8648.0498  0.991866946
  8648.89941  0.996557891
  8649.75  1.02035141
  8650.59961  1.03117502
  8651.44922  1.03059936
  8652.2998  1.02600992
  8653.14941  1.01291025
  8654.  0.999802113
  8654.84961  1.003075
  8655.69922  1.01251495
  8656.5498  1.00181437
  8657.39941  0.968270302
  8658.25  0.926027238
  8659.09961  0.871343851
  8659.94922  0.772458613
  8660.7998  0.620390058
  8661.64941  0.490019411
  8662.5  0.487359285
  8663.34961  0.608847976
  8664.19922  0.751859069
  8665.0498  0.85162437
  8665.89941  0.911756039
  8666.75  0.94420141
  8667.59961  0.954799533
  8668.44922  0.96471417
  8669.2998  0.986246586
  8670.14941  1.00022936
  8671.  1.00031781
  8671.84961  0.998628259
  8672.69922  0.98684293
  8673.5498  0.948734283
  8674.39941  0.914972544
  8675.25  0.932375371
  8676.09961  0.980921924
  8676.94922  1.0150696
  8677.7998  1.02201903
  8678.64941  1.00991178
  8679.5  0.994831145
  8680.34961  0.988017738
  8681.19922  0.985299647
  8682.0498  0.982023299
  8682.89941  0.988694131
  8683.75  1.01395702
  8684.59961  1.03837287
  8685.44922  1.0393455
  8686.2998  1.01795173
  8687.14941  0.965898275
  8688.  0.903769553
  8688.84961  0.888832569
  8689.69922  0.930393636
  8690.5498  0.993493974
  8691.39941  1.03137994
  8692.25  1.03434157
  8693.09961  1.03261113
  8693.94922  1.03884065
  8694.7998  1.04128492
  8695.64941  1.04279709
  8696.5  1.04593575
  8697.34961  1.03275919
  8698.19922  1.00188267
  8699.0498  0.985877335
  8699.89941  0.996246576
  8700.75  1.00724685
  8701.59961  1.00049734
  8702.44922  0.993131638
  8703.2998  0.999371946
  8704.14941  1.01706362
  8705.  1.03730214
  8705.84961  1.04258895
  8706.69922  1.03954017
  8707.5498  1.04024243
  8708.39941  1.02947843
  8709.25  1.00374687
  8710.09961  0.988384366
  8710.94922  0.987218261
  8711.7998  0.972828805
  8712.64941  0.95256263
  8713.5  0.960324466
  8714.34961  0.997041762
  8715.19922  1.03242481
  8716.0498  1.03701162
  8716.89941  1.01855838
  8717.75  1.01124418
  8718.59961  1.02380049
  8719.44922  1.03289711
  8720.2998  1.03674781
  8721.14941  1.0480969
  8722.  1.05015421
  8722.84961  1.03503466
  8723.69922  1.02129233
  8724.5498  1.01942444
  8725.39941  1.026999
  8726.25  1.03142476
  8727.09961  1.02426064
  8727.94922  1.00566101
  8728.7998  0.987771571
  8729.64941  0.992540061
  8730.5  1.01492155
  8731.34961  1.03425968
  8732.19922  1.04760361
  8733.0498  1.04935265
  8733.89941  1.03485167
  8734.75  1.0101006
  8735.59961  0.986533046
  8736.44922  0.988978624
  8737.2998  1.01438427
  8738.14941  1.03554273
  8739.  1.04362464
  8739.84961  1.03745925
  8740.69922  1.0203594
  8741.5498  1.00761056
  8742.39941  1.01193273
  8743.25  1.02076316
  8744.09961  1.02685654
  8744.94922  1.03112555
  8745.7998  1.022663
  8746.64941  1.0079596
  8747.5  1.00628018
  8748.34961  1.01631153
  8749.19922  1.0241549
  8750.0498  1.01301098
  8750.89941  0.986241579
  8751.75  0.970947802
  8752.59961  0.987163067
  8753.44922  1.02450037
  8754.2998  1.04956686
  8755.14941  1.04610813
  8756.  1.0204879
  8756.84961  0.99437654
  8757.69922  0.996812761
  8758.5498  1.02302623
  8759.39941  1.04370892
  8760.25  1.0513252
  8761.09961  1.05067241
  8761.94922  1.04063129
  8762.7998  1.01821089
  8763.64941  0.993842959
  8764.5  0.990229189
  8765.34961  1.00371349
  8766.19922  1.00893366
  8767.0498  1.01027679
  8767.89941  1.02255833
  8768.75  1.02637827
  8769.59961  1.01679957
  8770.44922  1.01894093
  8771.2998  1.02322388
  8772.14941  0.998382866
  8773.  0.964526772
  8773.84961  0.967094421
  8774.69922  1.0048238
  8775.5498  1.03889656
  8776.39941  1.04897416
  8777.25  1.04062343
  8778.09961  1.02221191
  8778.94922  1.00950599
  8779.7998  1.01980817
  8780.64941  1.04441583
  8781.5  1.05953634
  8782.34961  1.05438817
  8783.19922  1.03727639
  8784.0498  1.02524066
  8784.89941  1.02434385
  8785.75  1.03281593
  8786.59961  1.04393184
  8787.44922  1.05363142
  8788.2998  1.04992783
  8789.14941  1.0216397
  8790.  0.995852172
  8790.84961  0.999407172
  8791.69922  1.00017822
  8792.5498  0.983483374
  8793.39941  0.986258984
  8794.25  1.00622916
  8795.09961  1.01246381
  8795.94922  1.00709534
  8796.7998  1.00771916
  8797.64941  1.0156945
  8798.5  1.02756858
  8799.34961  1.03870106
  8800.19922  1.0431993
  8801.0498  1.04230142
  8801.89941  1.03687024
  8802.75  1.02184761
  8803.59961  0.994089603
  8804.44922  0.964688897
  8805.2998  0.92071867
  8806.14941  0.858532608
  8807.  0.841062248
  8807.84961  0.894286633
  8808.69922  0.963331759
  8809.5498  1.00638676
  8810.39941  1.02998388
  8811.25  1.04154766
  8812.09961  1.03969824
  8812.94922  1.03763318
  8813.7998  1.04211509
  8814.64941  1.04855525
  8815.5  1.04929972
  8816.34961  1.04359257
  8817.19922  1.0378834
  8818.0498  1.03567028
  8818.89941  1.03277409
  8819.75  1.02210033
  8820.59961  1.01515234
  8821.44922  1.01577711
  8822.2998  0.994326711
  8823.14941  0.954033077
  8824.  0.938435614
  8824.84961  0.957944572
  8825.69922  0.997682929
  8826.5498  1.02691793
  8827.39941  1.02720547
  8828.25  1.02595747
  8829.09961  1.03781438
  8829.94922  1.05084944
  8830.7998  1.05838335
  8831.64941  1.05321026
  8832.5  1.03965604
  8833.34961  1.03559875
  8834.19922  1.04090095
  8835.0498  1.03740001
  8835.89941  1.02479327
  8836.75  1.00779605
  8837.59961  0.984035909
  8838.44922  0.976033866
  8839.2998  0.995930851
  8840.14941  1.02109814
  8841.  1.03127944
  8841.84961  1.02721655
  8842.69922  1.02625322
  8843.5498  1.03429723
  8844.39941  1.03940463
  8845.25  1.03281856
  8846.09961  1.02501428
  8846.94922  1.02935457
  8847.7998  1.03826392
  8848.64941  1.0444057
  8849.5  1.04691279
  8850.34961  1.04799902
  8851.19922  1.05438864
  8852.0498  1.05786777
  8852.89941  1.05502784
  8853.75  1.05873549
  8854.59961  1.06772017
  8855.44922  1.07269466
  8856.2998  1.06716347
  8857.14941  1.05405533
  8858.  1.04689717
  8858.84961  1.04329324
  8859.69922  1.03844738
  8860.5498  1.02930272
  8861.39941  1.00847638
  8862.25  0.989640594
  8863.09961  0.988291383
  8863.94922  1.0048542
  8864.7998  1.01710081
  8865.64941  1.00232756
  8866.5  0.978489339
  8867.34961  0.970142841
  8868.19922  0.986765206
  8869.0498  1.01565146
  8869.89941  1.04028237
  8870.75  1.0597086
  8871.59961  1.06708729
  8872.44922  1.06343663
  8873.2998  1.05385053
  8874.14941  1.04470956
  8875.  1.037907
  8875.84961  1.02610147
  8876.69922  1.01964116
  8877.5498  1.00715899
  8878.39941  0.990690231
  8879.25  1.0079515
  8880.09961  1.04180872
  8880.94922  1.04950166
  8881.7998  1.04122102
  8882.64941  1.03766167
  8883.5  1.03457057
  8884.34961  1.03261077
  8885.19922  1.0391773
  8886.0498  1.04764235
  8886.89941  1.0559833
  8887.75  1.06095922
  8888.59961  1.0617286
  8889.44922  1.05656946
  8890.2998  1.04476678
  8891.14941  1.02940488
  8892.  1.02056706
  8892.84961  1.02367246
  8893.69922  1.03439677
  8894.5498  1.0523572
  8895.39941  1.06318128
  8896.25  1.05783319
  8897.09961  1.05339539
  8897.94922  1.04804051
  8898.7998  1.04438138
  8899.64941  1.05651712
  8900.5  1.06057358
  8901.34961  1.04846728
  8902.19922  1.03982079
  8903.0498  1.03742743
  8903.89941  1.03248775
  8904.75  1.03090465
  8905.59961  1.03670204
  8906.44922  1.04064488
  8907.2998  1.03990674
  8908.14941  1.03774607
  8909.  1.0355587
  8909.84961  1.03405726
  8910.69922  1.03196657
  8911.5498  1.02989829
  8912.39941  1.02904844
  8913.25  1.0290103
  8914.09961  1.03838301
  8914.94922  1.0479126
  8915.7998  1.04228926
  8916.64941  1.037889
  8917.5  1.04020309
  8918.34961  1.0275259
  8919.19922  1.01156008
  8920.0498  1.01809001
  8920.89941  1.03470898
  8921.75  1.03968036
  8922.59961  1.02909255
  8923.44922  1.02191567
  8924.2998  1.02289402
  8925.14941  1.01870346
  8926.  1.01376605
  8926.84961  1.0138973
  8927.69922  1.01548493
  8928.5498  1.01129389
  8929.39941  1.00527954
  8930.25  1.00413764
  8931.09961  1.00730669
  8931.94922  1.01584196
  8932.7998  1.02312374
  8933.64941  1.02997518
  8934.5  1.04581952
  8935.34961  1.06158018
  8936.19922  1.06787157
  8937.0498  1.07096684
  8937.89941  1.07413685
  8938.75  1.06361759
  8939.59961  1.03578329
  8940.44922  1.01285696
  8941.2998  0.999350131
  8942.14941  0.984903634
  8943.  0.981857181
  8943.84961  0.99418354
  8944.69922  0.992961049
  8945.5498  0.972187281
  8946.39941  0.963099182
  8947.25  0.973910093
  8948.09961  0.993310928
  8948.94922  1.01455879
  8949.7998  1.02585757
  8950.64941  1.02936339
  8951.5  1.03241873
  8952.34961  1.03477228
  8953.19922  1.02810168
  8954.0498  1.00327373
  8954.89941  0.983364046
  8955.75  0.991304755
  8956.59961  1.01330328
  8957.44922  1.0297581
  8958.2998  1.03584301
  8959.14941  1.0399034
  8960.  1.04260397
  8960.84961  1.03030932
  8961.69922  0.998932898
  8962.5498  0.967154384
  8963.39941  0.960503459
  8964.25  0.965136111
  8965.09961  0.950403214
  8965.94922  0.933965266
  8966.7998  0.943008661
  8967.64941  0.971376956
  8968.5  0.9990502
  8969.34961  1.01267743
  8970.19922  1.00090635
  8971.0498  0.973428786
  8971.89941  0.955218196
  8972.75  0.954105496
  8973.59961  0.959307432
  8974.44922  0.953800678
  8975.2998  0.949546516
  8976.14941  0.966576338
  8977.  0.999898076
  8977.84961  1.02657211
  8978.69922  1.03687346
  8979.5498  1.0172447
  8980.39941  0.98269105
  8981.25  0.984390438
  8982.09961  1.0116446
  8982.94922  1.03032196
  8983.7998  1.03903759
  8984.64941  1.03246474
  8985.5  1.00647211
  8986.34961  0.964427173
  8987.19922  0.914505839
  8988.0498  0.887236953
  8988.89941  0.900760174
  8989.75  0.924356639
  8990.59961  0.900937617
  8991.44922  0.855857193
  8992.2998  0.86668855
  8993.14941  0.9348526
  8994.  1.00280154
  8994.84961  1.04114771
  8995.69922  1.06222343
  8996.5498  1.07239032
  8997.39941  1.06358099
  8998.25  1.02248394
  8999.09961  0.954068065
  8999.94922  0.900084436
  9000.7998  0.897841215
  9001.64941  0.941726983
  9002.5  0.978186131
  9003.34961  0.978444159
  9004.19922  0.974567592
  9005.0498  0.988281846
  9005.89941  1.00280356
  9006.75  0.985809386
  9007.59961  0.946291089
  9008.44922  0.922719419
  9009.2998  0.925922811
  9010.14941  0.944620013
  9011.  0.944113433
  9011.84961  0.924322009
  9012.69922  0.923329175
  9013.5498  0.944427729
  9014.39941  0.974750757
  9015.25  0.972999036
  9016.09961  0.926141977
  9016.94922  0.893328607
  9017.7998  0.912048459
  9018.64941  0.961087227
  9019.5  1.00831282
