  8348.84961  1.07167339
  8349.69922  1.06675684
  8350.5498  1.06731904
  8351.39941  1.07329857
  8352.25  1.07905507
  8353.09961  1.06939554
  8353.94922  1.05658066
  8354.7998  1.05990231
  8355.64941  1.06339836
  8356.5  1.06358111
  8357.34961  1.0700537
  8358.19922  1.06789303
  8359.0498  1.06572807
  8359.89941  1.06638193
  8360.75  1.07229495
  8361.59961  1.07094181
  8362.44922  1.06225669
  8363.2998  1.05385089
  8364.14941  1.05666053
  8365.  1.06268156
  8365.84961  1.06062043
  8366.69922  1.06504035
  8367.5498  1.07071483
  8368.39941  1.07177436
  8369.25  1.08007741
  8370.09961  1.08299077
  8370.94922  1.07780206
  8371.7998  1.07225919
  8372.64941  1.06768584
  8373.5  1.06377232
  8374.34961  1.06318057
  8375.19922  1.06311846
  8376.0498  1.05693769
  8376.89941  1.04678583
  8377.75  1.04828477
  8378.59961  1.06244147
  8379.44922  1.06259882
  8380.2998  1.05632126
  8381.14941  1.0560354
  8382.  1.04852164
  8382.84961  1.04394782
  8383.69922  1.05096912
  8384.5498  1.06200421
  8385.39941  1.05794561
  8386.25  1.02920389
  8387.09961  0.992058694
  8387.94922  0.985793948
  8388.7998  1.02515066
  8389.64941  1.05096185
  8390.5  1.05394292
  8391.34961  1.06238592
  8392.19922  1.0566597
  8393.0498  1.05057395
  8393.89941  1.05115497
  8394.75  1.05526972
  8395.59961  1.05556047
  8396.44922  1.05006802
  8397.2998  1.04966533
  8398.14941  1.0537262
  8399.  1.05744576
  8399.84961  1.06045878
  8400.69922  1.06634271
  8401.5498  1.06281066
  8402.39941  1.05957043
  8403.25  1.06133509
  8404.09961  1.06171882
  8404.94922  1.05726933
  8405.7998  1.05436802
  8406.64941  1.06118321
  8407.5  1.06366014
  8408.34961  1.06048751
  8409.19922  1.06212747
  8410.0498  1.05773818
  8410.89941  1.05141115
  8411.75  1.04962814
  8412.59961  1.04845834
  8413.44922  1.05196953
  8414.2998  1.05930293
  8415.14941  1.0648948
  8416.  1.05924749
  8416.84961  1.04732502
  8417.69922  1.04692125
  8418.5498  1.05103278
  8419.39941  1.04529905
  8420.25  1.04902732
  8421.09961  1.060938
  8421.94922  1.05661833
  8422.7998  1.05329275
  8423.64941  1.05762029
  8424.5  1.05710065
  8425.34961  1.04410565
  8426.19922  1.03330326
  8427.0498  1.03426647
  8427.89941  1.04580927
  8428.75  1.05726683
  8429.59961  1.06090438
  8430.44922  1.05584598
  8431.2998  1.04781294
  8432.14941  1.04692984
  8433.  1.04570556
  8433.84961  1.02745128
  8434.69922  1.00327206
  8435.5498  0.99745065
  8436.39941  1.02608073
  8437.25  1.04059768
  8438.09961  1.03851318
  8438.94922  1.03621101
  8439.7998  1.03801095
  8440.64941  1.0444473
  8441.5  1.04945719
  8442.34961  1.05085456
  8443.19922  1.04916334
  8444.0498  1.0538913
  8444.89941  1.05417359
  8445.75  1.05102491
  8446.59961  1.04426348
  8447.44922  1.03957105
  8448.2998  1.04208422
  8449.14941  1.03934133
  8450.  1.03303814
  8450.84961  1.03526247
  8451.69922  1.03691316
  8452.5498  1.0389328
  8453.39941  1.04482627
  8454.25  1.0517906
  8455.09961  1.04745293
  8455.94922  1.03894484
  8456.7998  1.03734255
  8457.64941  1.04299676
  8458.5  1.04567695
  8459.34961  1.04364228
  8460.19922  1.04315412
  8461.0498  1.04435802
  8461.89941  1.03510618
  8462.75  1.03150582
  8463.59961  1.03942287
  8464.44922  1.03881598
  8465.2998  1.03680873
  8466.14941  1.03533494
  8467.  1.02653873
  8467.84961  0.998187006
  8468.69922  1.00035548
  8469.5498  1.02404165
  8470.39941  1.04056644
  8471.25  1.0462867
  8472.09961  1.04494774
  8472.94922  1.04239929
  8473.7998  1.04617119
  8474.64941  1.04714835
  8475.5  1.04125702
  8476.34961  1.04484224
  8477.19922  1.04025376
  8478.0498  1.03755403
  8478.89941  1.04435933
  8479.75  1.04478812
  8480.59961  1.04480803
  8481.44922  1.04040945
  8482.2998  1.03881431
  8483.14941  1.04501855
  8484.  1.04417443
  8484.84961  1.0493027
  8485.69922  1.04912078
  8486.5498  1.04562497
  8487.39941  1.04014623
  8488.25  1.03904223
  8489.09961  1.04232848
  8489.94922  1.04234946
  8490.7998  1.04119515
  8491.64941  1.04179263
  8492.5  1.03567612
  8493.34961  1.03109324
  8494.19922  1.03438306
  8495.0498  1.01845288
  8495.89941  0.965940297
  8496.75  0.866679728
  8497.59961  0.770323038
  8498.44922  0.787012041
  8499.2998  0.900462806
  8500.14941  0.98741591
  8501.  1.01744604
  8501.84961  1.02072537
  8502.69922  1.02352595
  8503.5498  1.03540957
  8504.39941  1.04433465
  8505.25  1.04743505
  8506.09961  1.04514635
  8506.94922  1.04364407
  8507.7998  1.05165005
  8508.64941  1.05311716
  8509.5  1.04332006
  8510.34961  1.03802109
  8511.19922  1.04073215
  8512.0498  1.04297698
  8512.89941  1.02938044
  8513.75  0.99828124
  8514.59961  0.990647435
  8515.44922  1.01458883
  8516.2998  1.03368509
  8517.14941  1.03552127
  8518.  1.03096271
  8518.84961  1.03227234
  8519.69922  1.03458226
  8520.5498  1.03838694
  8521.39941  1.03586423
  8522.25  1.0387677
  8523.09961  1.04209661
  8523.94922  1.03380215
  8524.7998  1.03516722
  8525.64941  1.03803778
  8526.5  1.0338012
  8527.34961  1.03310025
  8528.19922  1.03786731
  8529.0498  1.03790808
  8529.89941  1.02915859
  8530.75  1.02512026
  8531.59961  1.02749646
  8532.44922  1.02577138
  8533.2998  1.02932119
  8534.14941  1.02780282
  8535.  1.00880623
  8535.84961  0.995598376
  8536.69922  0.987553477
  8537.5498  0.971057177
  8538.39941  0.938335836
  8539.25  0.883963287
  8540.09961  0.786701381
  8540.94922  0.659411371
  8541.7998  0.567872703
  8542.64941  0.602582395
  8543.5  0.72717303
  8544.34961  0.844448209
  8545.19922  0.920130193
  8546.0498  0.965026796
  8546.89941  0.987603784
  8547.75  1.00252891
  8548.59961  1.00982666
  8549.44922  1.01132822
  8550.2998  1.01799428
  8551.14941  1.02713788
  8552.  1.02617025
  8552.84961  1.02214301
  8553.69922  1.02527428
  8554.5498  1.02559137
  8555.39941  1.02296281
  8556.25  1.02353919
  8557.09961  1.02648664
  8557.94922  1.0323776
  8558.7998  1.03371644
  8559.64941  1.03420174
  8560.5  1.03538966
  8561.34961  1.03798079
  8562.19922  1.04111993
  8563.0498  1.03648818
  8563.89941  1.03140426
  8564.75  1.03165781
  8565.59961  1.03623199
  8566.44922  1.04446828
  8567.2998  1.03961194
  8568.14941  1.03537512
  8569.  1.0388937
  8569.84961  1.03959882
  8570.69922  1.04334724
  8571.5498  1.04363596
  8572.39941  1.03634155
  8573.25  1.02894425
  8574.09961  1.03201687
  8574.94922  1.03766024
  8575.7998  1.0357033
  8576.64941  1.04078758
  8577.5  1.04440188
  8578.34961  1.04174542
  8579.19922  1.03640938
  8580.0498  1.03138947
  8580.89941  1.02887022
  8581.75  1.0264641
  8582.59961  1.02049112
  8583.44922  1.02679586
  8584.2998  1.03152382
  8585.14941  1.03395247
  8586.  1.03017354
  8586.84961  1.02943015
  8587.69922  1.03371954
  8588.5498  1.03769648
  8589.39941  1.03833163
  8590.25  1.03287256
  8591.09961  1.02655149
  8591.94922  1.02437043
  8592.7998  1.03074586
  8593.64941  1.02987838
  8594.5  1.03632724
  8595.34961  1.03226757
  8596.19922  1.03458977
  8597.0498  1.03516364
  8597.89941  1.0362947
  8598.75  1.03165436
  8599.59961  1.03153956
  8600.44922  1.03116775
  8601.2998  1.02666676
  8602.14941  1.02640033
  8603.  1.0314734
  8603.84961  1.03062582
  8604.69922  1.02959788
  8605.5498  1.02865148
  8606.39941  1.03506076
  8607.25  1.03370404
  8608.09961  1.03232777
  8608.94922  1.02406502
  8609.7998  1.0173974
  8610.64941  1.01187122
  8611.5  1.00000477
  8612.34961  1.0079447
  8613.19922  1.02769876
  8614.0498  1.03681743
  8614.89941  1.03242731
  8615.75  1.0299865
  8616.59961  1.03660619
  8617.44922  1.03514338
  8618.2998  1.02727497
  8619.14941  1.02806294
  8620.  1.03337729
  8620.84961  1.02516603
  8621.69922  1.01998174
  8622.5498  1.02589345
  8623.39941  1.02605236
  8624.25  1.02807546
  8625.09961  1.03466451
  8625.94922  1.02932823
  8626.7998  1.0209924
  8627.64941  1.02601719
  8628.5  1.03026593
  8629.34961  1.02982402
  8630.19922  1.03255045
  8631.0498  1.03293967
  8631.89941  1.03547692
  8632.75  1.03430724
  8633.59961  1.02251458
  8634.44922  1.01759827
  8635.2998  1.02296555
  8636.14941  1.02431798
  8637.  1.02494121
  8637.84961  1.02309775
  8638.69922  1.0183121
  8639.5498  1.0192697
  8640.39941  1.02098644
  8641.25  1.01823294
  8642.09961  1.01906359
  8642.94922  1.02709985
  8643.7998  1.02700317
  8644.64941  1.02196574
  8645.5  1.02047729
  8646.34961  1.01546168
  8647.19922  1.0120436
  8648.0498  1.00609541
  8648.89941  1.00719309
  8649.75  1.01097822
  8650.59961  1.01448321
  8651.44922  1.01501107
  8652.2998  1.01113677
  8653.14941  1.00992501
  8654.  1.01529741
  8654.84961  1.00891078
  8655.69922  0.999093235
  8656.5498  0.989522934
  8657.39941  0.980508626
  8658.25  0.960204601
  8659.09961  0.926512599
  8659.94922  0.865900159
  8660.7998  0.747253299
  8661.64941  0.621969104
  8662.5  0.61720711
  8663.34961  0.730436265
  8664.19922  0.849885821
  8665.0498  0.917867541
  8665.89941  0.950604022
  8666.75  0.970139444
  8667.59961  0.983861208
  8668.44922  0.990939498
  8669.2998  0.99392277
  8670.14941  0.996066332
  8671.  1.00523973
  8671.84961  1.0094552
  8672.69922  1.00619674
  8673.5498  0.988786995
  8674.39941  0.97145021
  8675.25  0.98291409
  8676.09961  1.00035882
  8676.94922  1.00250912
  8677.7998  1.00646353
  8678.64941  1.0096885
  8679.5  1.01347065
  8680.34961  1.00899351
  8681.19922  1.00755286
  8682.0498  1.00546622
  8682.89941  1.00641239
  8683.75  1.0108701
  8684.59961  1.01426733
  8685.44922  1.00612307
  8686.2998  0.996480644
  8687.14941  0.972169638
  8688.  0.920120597
  8688.84961  0.90907073
  8689.69922  0.947893798
  8690.5498  0.985949576
  8691.39941  1.00399721
  8692.25  1.00905359
  8693.09961  1.00017416
  8693.94922  0.997554719
  8694.7998  1.00331521
  8695.64941  1.00827193
  8696.5  1.00731218
  8697.34961  1.00445473
  8698.19922  1.00376451
  8699.0498  1.00711572
  8699.89941  1.00216937
  8700.75  1.00510526
  8701.59961  1.00579119
  8702.44922  1.00268602
  8703.2998  1.00368714
  8704.14941  1.01002538
  8705.  1.00158858
  8705.84961  0.992515147
  8706.69922  0.999156177
  8707.5498  1.00519598
  8708.39941  1.0015887
  8709.25  0.992947638
  8710.09961  0.986686349
  8710.94922  0.987126231
  8711.7998  0.992539704
  8712.64941  0.997703552
  8713.5  1.00048637
  8714.34961  0.997961164
  8715.19922  0.999827802
  8716.0498  0.998230398
  8716.89941  0.999120951
  8717.75  0.995340049
  8718.59961  0.997429192
  8719.44922  0.994418442
  8720.2998  0.987114012
  8721.14941  0.992771029
  8722.  0.991782486
  8722.84961  0.988279402
  8723.69922  0.991379023
  8724.5498  0.995396435
  8725.39941  0.992242694
  8726.25  0.994722962
  8727.09961  1.00021684
  8727.94922  0.994496882
  8728.7998  0.990430772
  8729.64941  0.986250281
  8730.5  0.983574271
  8731.34961  0.98997587
  8732.19922  0.993975222
  8733.0498  0.998325586
  8733.89941  1.00089681
  8734.75  0.995060503
  8735.59961  0.986017287
  8736.44922  0.980722547
  8737.2998  0.988591552
  8738.14941  0.989750981
  8739.  0.989216089
  8739.84961  0.993888974
  8740.69922  0.99737066
  8741.5498  0.995084822
  8742.39941  0.988924265
  8743.25  0.991584182
  8744.09961  0.994221568
  8744.94922  0.997773707
  8745.7998  1.00595701
  8746.64941  1.00264978
  8747.5  0.996182084
  8748.34961  0.997000098
  8749.19922  0.997369826
  8750.0498  0.994722128
  8750.89941  0.990974069
  8751.75  0.992118776
  8752.59961  0.994179487
  8753.44922  0.992059052
  8754.2998  0.994291246
  8755.14941  0.997954249
  8756.  0.993017972
  8756.84961  0.979658902
  8757.69922  0.981506824
  8758.5498  0.995833457
  8759.39941  1.00659001
  8760.25  1.0058769
  8761.09961  1.00379527
  8761.94922  1.00635648
  8762.7998  0.99890554
  8763.64941  0.994197845
  8764.5  0.999521136
  8765.34961  1.00135028
  8766.19922  0.995603502
  8767.0498  0.997742653
  8767.89941  1.00450766
  8768.75  1.00196934
  8769.59961  0.998972714
  8770.44922  1.00184
  8771.2998  0.999108315
  8772.14941  0.991771102
  8773.  0.983462512
  8773.84961  0.982099533
  8774.69922  0.991989613
  8775.5498  0.993206799
  8776.39941  0.991473019
  8777.25  0.994596839
  8778.09961  0.99379319
  8778.94922  0.992498636
  8779.7998  0.996904194
  8780.64941  0.996352136
  8781.5  0.9968943
  8782.34961  1.00106871
  8783.19922  0.992708921
  8784.0498  0.984226882
  8784.89941  0.988262832
  8785.75  0.990903139
  8786.59961  0.990377545
  8787.44922  0.988608003
  8788.2998  0.988625646
  8789.14941  0.991931677
  8790.  0.990224004
  8790.84961  0.990338624
  8791.69922  0.99492538
  8792.5498  0.992278814
  8793.39941  0.987010002
  8794.25  0.98871088
  8795.09961  0.986626983
  8795.94922  0.990296721
  8796.7998  0.999054849
  8797.64941  1.00183105
  8798.5  0.996723473
  8799.34961  0.99187696
  8800.19922  0.999347508
  8801.0498  0.994353175
  8801.89941  0.986674726
  8802.75  0.988707602
  8803.59961  0.986540437
  8804.44922  0.975941539
  8805.2998  0.934882998
  8806.14941  0.859123886
  8807.  0.837168038
  8807.84961  0.900535285
  8808.69922  0.962003767
  8809.5498  0.984199166
  8810.39941  0.987091064
  8811.25  0.98415488
  8812.09961  0.981286049
  8812.94922  0.98466289
  8813.7998  0.98138845
  8814.64941  0.98068887
  8815.5  0.986528218
  8816.34961  0.990174592
  8817.19922  0.985925794
  8818.0498  0.983198941
  8818.89941  0.984137535
  8819.75  0.98374027
  8820.59961  0.972485721
  8821.44922  0.970466375
  8822.2998  0.966484785
  8823.14941  0.932521105
  8824.  0.904781103
  8824.84961  0.919875622
  8825.69922  0.954598188
  8826.5498  0.972825646
  8827.39941  0.978484333
  8828.25  0.980515659
  8829.09961  0.983913064
  8829.94922  0.985523343
  8830.7998  0.984641254
  8831.64941  0.976501107
  8832.5  0.974476039
  8833.34961  0.983734727
  8834.19922  0.986516833
  8835.0498  0.984984696
  8835.89941  0.987011611
  8836.75  0.98565805
  8837.59961  0.97330749
  8838.44922  0.962311149
  8839.2998  0.96975553
  8840.14941  0.978443265
  8841.  0.987830877
  8841.84961  0.989107966
  8842.69922  0.989185512
  8843.5498  0.996195614
  8844.39941  1.00216985
  8845.25  0.998659015
  8846.09961  0.989517331
  8846.94922  0.985558987
  8847.7998  0.985899448
  8848.64941  0.983735025
  8849.5  0.980959415
  8850.34961  0.984393001
  8851.19922  0.99254638
  8852.0498  0.986395776
  8852.89941  0.979464471
  8853.75  0.985848129
  8854.59961  0.987956822
  8855.44922  0.990073204
  8856.2998  0.994988263
  8857.14941  0.990777314
  8858.  0.988129973
  8858.84961  0.995811045
  8859.69922  1.00281453
  8860.5498  1.00335634
  8861.39941  1.00138235
  8862.25  0.99924618
  8863.09961  0.990037143
  8863.94922  0.989763439
  8864.7998  0.995506704
  8865.64941  0.988824606
  8866.5  0.9716295
  8867.34961  0.963301778
  8868.19922  0.967990339
  8869.0498  0.978555501
  8869.89941  0.987558722
  8870.75  0.991544127
  8871.59961  0.990532994
  8872.44922  0.995559394
  8873.2998  0.99429673
  8874.14941  0.987986326
  8875.  0.991046846
  8875.84961  0.991367042
  8876.69922  0.984999061
  8877.5498  0.986189306
  8878.39941  0.989296257
  8879.25  0.989895642
  8880.09961  0.98134768
  8880.94922  0.982068956
  8881.7998  0.99309057
  8882.64941  0.99480468
  8883.5  0.99369359
  8884.34961  0.990535617
  8885.19922  0.985928059
  8886.0498  0.983600378
  8886.89941  0.97842443
  8887.75  0.981607437
  8888.59961  0.983661532
  8889.44922  0.987152934
  8890.2998  0.990298927
  8891.14941  0.984703362
  8892.  0.986388981
  8892.84961  0.98402226
  8893.69922  0.99152565
  8894.5498  0.9951756
  8895.39941  0.985221088
  8896.25  0.981425166
  8897.09961  0.980694592
  8897.94922  0.986451745
  8898.7998  0.989476442
  8899.64941  0.987869978
  8900.5  0.987688482
  8901.34961  0.990080833
  8902.19922  0.992556155
  8903.0498  0.997329354
  8903.89941  1.00019348
  8904.75  0.988813043
  8905.59961  0.97940886
  8906.44922  0.980929196
  8907.2998  0.985887229
  8908.14941  0.98826164
  8909.  0.992485046
  8909.84961  0.990529478
  8910.69922  0.989365697
  8911.5498  0.982515514
  8912.39941  0.982776463
  8913.25  0.991588593
  8914.09961  0.998404801
  8914.94922  0.996326864
  8915.7998  1.00323987
  8916.64941  1.00018549
  8917.5  0.998231769
  8918.34961  0.996812284
  8919.19922  0.985407829
  8920.0498  0.985202432
  8920.89941  0.994613886
  8921.75  0.990889609
  8922.59961  0.987410247
  8923.44922  0.986282408
  8924.2998  0.985248506
  8925.14941  0.984023154
  8926.  0.983241498
  8926.84961  0.978666365
  8927.69922  0.978847444
  8928.5498  0.974221289
  8929.39941  0.959252298
  8930.25  0.952205122
  8931.09961  0.967723072
  8931.94922  0.976858258
  8932.7998  0.976717234
  8933.64941  0.9730317
  8934.5  0.969660461
  8935.34961  0.973703325
  8936.19922  0.978588283
  8937.0498  0.980237722
  8937.89941  0.992128909
  8938.75  0.994558275
  8939.59961  0.986435592
  8940.44922  0.98033303
  8941.2998  0.973641574
  8942.14941  0.964192986
  8943.  0.961956084
  8943.84961  0.967905462
  8944.69922  0.966837645
  8945.5498  0.960711956
  8946.39941  0.951237082
  8947.25  0.94602859
  8948.09961  0.951393187
  8948.94922  0.956598043
  8949.7998  0.971721172
  8950.64941  0.979291856
  8951.5  0.964258015
  8952.34961  0.953113914
  8953.19922  0.95639658
  8954.0498  0.934806466
  8954.89941  0.90594542
  8955.75  0.911556184
  8956.59961  0.935275733
  8957.44922  0.9526003
  8958.2998  0.962527394
  8959.14941  0.968296468
  8960.  0.976087868
  8960.84961  0.984480023
  8961.69922  0.960739195
  8962.5498  0.90266633
  8963.39941  0.869211257
  8964.25  0.886492372
  8965.09961  0.887578249
  8965.94922  0.8732692
  8966.7998  0.887005329
  8967.64941  0.919844866
  8968.5  0.94246453
  8969.34961  0.952600777
  8970.19922  0.945667744
  8971.0498  0.904492319
  8971.89941  0.863407016
  8972.75  0.871228755
  8973.59961  0.887250423
  8974.44922  0.883086979
  8975.2998  0.882792652
  8976.14941  0.909745276
  8977.  0.940787315
  8977.84961  0.967464149
  8978.69922  0.981029689
  8979.5498  0.960283756
  8980.39941  0.901589394
  8981.25  0.87905997
  8982.09961  0.908146799
  8982.94922  0.942220926
  8983.7998  0.973836601
  8984.64941  0.981151521
  8985.5  0.957838714
  8986.34961  0.902700067
  8987.19922  0.822157741
  8988.0498  0.785347879
  8988.89941  0.790403485
  8989.75  0.816657543
  8990.59961  0.816803873
  8991.44922  0.765991986
  8992.2998  0.759825885
  8993.14941  0.823752224
  8994.  0.888848245
  8994.84961  0.937983274
  8995.69922  0.963465273
  8996.5498  0.974597156
  8997.39941  0.979358077
  8998.25  0.968127072
  8999.09961  0.920593083
  8999.94922  0.846069753
  9000.7998  0.811886072
  9001.64941  0.841792762
  9002.5  0.880667448
  9003.34961  0.872469306
  9004.19922  0.861404836
  9005.0498  0.883291483
  9005.89941  0.910444081
  9006.75  0.902855277
  9007.59961  0.880306959
  9008.44922  0.884290755
  9009.2998  0.906243563
  9010.14941  0.935060143
  9011.  0.927238882
  9011.84961  0.892010391
  9012.69922  0.889861703
  9013.5498  0.915747344
  9014.39941  0.938881695
  9015.25  0.950722158
  9016.09961  0.893646061
  9016.94922  0.820787728
  9017.7998  0.833049715
  9018.64941  0.885792792
  9019.5  0.930261552
