  8348.84961  1.07419348
  8349.69922  1.08911836
  8350.5498  1.1214658
  8351.39941  1.12981808
  8352.25  1.11276472
  8353.09961  1.08624113
  8353.94922  1.08723211
  8354.7998  1.10444427
  8355.64941  1.09764135
  8356.5  1.08148897
  8357.34961  1.08948314
  8358.19922  1.10473323
  8359.0498  1.10490537
  8359.89941  1.09879291
  8360.75  1.08734083
  8361.59961  1.0807786
  8362.44922  1.09695935
  8363.2998  1.11720121
  8364.14941  1.12357056
  8365.  1.11431074
  8365.84961  1.09640861
  8366.69922  1.10242176
  8367.5498  1.11909759
  8368.39941  1.1240288
  8369.25  1.12514174
  8370.09961  1.12257147
  8370.94922  1.1192472
  8371.7998  1.11086631
  8372.64941  1.09557533
  8373.5  1.09515274
  8374.34961  1.10702574
  8375.19922  1.10229588
  8376.0498  1.087345
  8376.89941  1.08351636
  8377.75  1.09613359
  8378.59961  1.11395919
  8379.44922  1.12395465
  8380.2998  1.12028444
  8381.14941  1.10577297
  8382.  1.09242666
  8382.84961  1.08257174
  8383.69922  1.08379328
  8384.5498  1.0879432
  8385.39941  1.08145308
  8386.25  1.07226455
  8387.09961  1.04836464
  8387.94922  1.04883778
  8388.7998  1.0992099
  8389.64941  1.12742484
  8390.5  1.1200974
  8391.34961  1.11229169
  8392.19922  1.11241198
  8393.0498  1.11508679
  8393.89941  1.11611688
  8394.75  1.10646951
  8395.59961  1.08988512
  8396.44922  1.08492029
  8397.2998  1.10135412
  8398.14941  1.10056496
  8399.  1.10558569
  8399.84961  1.10549867
  8400.69922  1.09457123
  8401.5498  1.09749007
  8402.39941  1.10176432
  8403.25  1.09311688
  8404.09961  1.08904684
  8404.94922  1.09179509
  8405.7998  1.10753083
  8406.64941  1.12349057
  8407.5  1.11033928
  8408.34961  1.08631301
  8409.19922  1.08440685
  8410.0498  1.09184766
  8410.89941  1.0920738
  8411.75  1.09397089
  8412.59961  1.08828163
  8413.44922  1.0723213
  8414.2998  1.07106256
  8415.14941  1.07895505
  8416.  1.07667959
  8416.84961  1.0660888
  8417.69922  1.0634284
  8418.5498  1.07566094
  8419.39941  1.0966146
  8420.25  1.10563815
  8421.09961  1.0942167
  8421.94922  1.0768553
  8422.7998  1.0666343
  8423.64941  1.06635427
  8424.5  1.07419217
  8425.34961  1.09010172
  8426.19922  1.09240496
  8427.0498  1.08786702
  8427.89941  1.09664965
  8428.75  1.09216237
  8429.59961  1.08076835
  8430.44922  1.07645559
  8431.2998  1.08687389
  8432.14941  1.106812
  8433.  1.10305512
  8433.84961  1.07007396
  8434.69922  1.04096246
  8435.5498  1.04009783
  8436.39941  1.06456029
  8437.25  1.08242702
  8438.09961  1.07405341
  8438.94922  1.05787921
  8439.7998  1.05477309
  8440.64941  1.07747495
  8441.5  1.08506095
  8442.34961  1.07974863
  8443.19922  1.07696152
  8444.0498  1.07758558
  8444.89941  1.07372224
  8445.75  1.04274619
  8446.59961  1.01846325
  8447.44922  1.05032516
  8448.2998  1.08914399
  8449.14941  1.09250724
  8450.  1.08363962
  8450.84961  1.08005762
  8451.69922  1.08121717
  8452.5498  1.0876056
  8453.39941  1.08299732
  8454.25  1.07448339
  8455.09961  1.07671404
  8455.94922  1.08431113
  8456.7998  1.09451914
  8457.64941  1.09660792
  8458.5  1.09228075
  8459.34961  1.08636355
  8460.19922  1.08555746
  8461.0498  1.09049916
  8461.89941  1.08170867
  8462.75  1.0689559
  8463.59961  1.07194161
  8464.44922  1.07739246
  8465.2998  1.07390857
  8466.14941  1.06576455
  8467.  1.04931724
  8467.84961  1.02669728
  8468.69922  1.02932584
  8469.5498  1.06647611
  8470.39941  1.09481275
  8471.25  1.09144974
  8472.09961  1.08145559
  8472.94922  1.08212078
  8473.7998  1.08535552
  8474.64941  1.0872277
  8475.5  1.09259641
  8476.34961  1.09431803
  8477.19922  1.08685672
  8478.0498  1.0826031
  8478.89941  1.0905273
  8479.75  1.09281766
  8480.59961  1.07721663
  8481.44922  1.06859291
  8482.2998  1.0737946
  8483.14941  1.08821404
  8484.  1.09870493
  8484.84961  1.08958435
  8485.69922  1.07107449
  8486.5498  1.07199156
  8487.39941  1.08571172
  8488.25  1.08982575
  8489.09961  1.07673585
  8489.94922  1.06932473
  8490.7998  1.06934118
  8491.64941  1.06637681
  8492.5  1.05870247
  8493.34961  1.06359792
  8494.19922  1.0720439
  8495.0498  1.04157078
  8495.89941  0.971393526
  8496.75  0.86705631
  8497.59961  0.760396838
  8498.44922  0.760682344
  8499.2998  0.872830391
  8500.14941  0.969418347
  8501.  1.00267458
  8501.84961  0.992501259
  8502.69922  0.998759806
  8503.5498  1.03476703
  8504.39941  1.06333995
  8505.25  1.07151592
  8506.09961  1.07626438
  8506.94922  1.08063233
  8507.7998  1.08347273
  8508.64941  1.0850569
  8509.5  1.08149683
  8510.34961  1.07215428
  8511.19922  1.06193733
  8512.0498  1.04711652
  8512.89941  1.0305922
  8513.75  1.0118295
  8514.59961  1.00261307
  8515.44922  1.01918328
  8516.2998  1.04511487
  8517.14941  1.05524361
  8518.  1.04898906
  8518.84961  1.03957987
  8519.69922  1.03941107
  8520.5498  1.05980599
  8521.39941  1.0826993
  8522.25  1.07762015
  8523.09961  1.06004059
  8523.94922  1.05945849
  8524.7998  1.06676805
  8525.64941  1.05911207
  8526.5  1.04616439
  8527.34961  1.0482589
  8528.19922  1.05610704
  8529.0498  1.05763733
  8529.89941  1.06212473
  8530.75  1.06762218
  8531.59961  1.06373632
  8532.44922  1.0606091
  8533.2998  1.06049228
  8534.14941  1.05211151
  8535.  1.0220356
  8535.84961  0.990813673
  8536.69922  0.978070021
  8537.5498  0.959132075
  8538.39941  0.916945517
  8539.25  0.856275201
  8540.09961  0.771138012
  8540.94922  0.658555686
  8541.7998  0.56314671
  8542.64941  0.575509131
  8543.5  0.701089144
  8544.34961  0.81961602
  8545.19922  0.888378441
  8546.0498  0.926732123
  8546.89941  0.954722226
  8547.75  0.969042182
  8548.59961  0.981889188
  8549.44922  1.00603926
  8550.2998  1.01732135
  8551.14941  1.0281893
  8552.  1.0449177
  8552.84961  1.04907072
  8553.69922  1.04446197
  8554.5498  1.03528941
  8555.39941  1.0279057
  8556.25  1.00748146
  8557.09961  1.0033859
  8557.94922  1.03211939
  8558.7998  1.05460596
  8559.64941  1.0553565
  8560.5  1.05151474
  8561.34961  1.04530811
  8562.19922  1.0390811
  8563.0498  1.05023575
  8563.89941  1.06173646
  8564.75  1.06196237
  8565.59961  1.07120073
  8566.44922  1.07521403
  8567.2998  1.0656873
  8568.14941  1.05860889
  8569.  1.06179142
  8569.84961  1.06135511
  8570.69922  1.04732895
  8571.5498  1.03336728
  8572.39941  1.02998376
  8573.25  1.03450036
  8574.09961  1.04212534
  8574.94922  1.0458591
  8575.7998  1.04294968
  8576.64941  1.04170012
  8577.5  1.04761565
  8578.34961  1.04824758
  8579.19922  1.04519558
  8580.0498  1.04815876
  8580.89941  1.04697609
  8581.75  1.03129137
  8582.59961  1.01682019
  8583.44922  1.02446818
  8584.2998  1.04233754
  8585.14941  1.043504
  8586.  1.03341234
  8586.84961  1.03584564
  8587.69922  1.04766524
  8588.5498  1.05650997
  8589.39941  1.05975699
  8590.25  1.053455
  8591.09961  1.03488183
  8591.94922  1.0189743
  8592.7998  1.01978338
  8593.64941  1.03166401
  8594.5  1.04618728
  8595.34961  1.04179847
  8596.19922  1.02441919
  8597.0498  1.01309252
  8597.89941  0.997987092
  8598.75  0.987717807
  8599.59961  1.00012302
  8600.44922  1.02244985
  8601.2998  1.03293705
  8602.14941  1.02995205
  8603.  1.02798283
  8603.84961  1.0309242
  8604.69922  1.02823257
  8605.5498  1.02554464
  8606.39941  1.02640927
  8607.25  1.02870774
  8608.09961  1.02695262
  8608.94922  1.02769792
  8609.7998  1.0214256
  8610.64941  1.00869536
  8611.5  0.994036078
  8612.34961  0.993398666
  8613.19922  1.00861692
  8614.0498  1.02822387
  8614.89941  1.04106605
  8615.75  1.03789735
  8616.59961  1.03520703
  8617.44922  1.03399992
  8618.2998  1.03893352
  8619.14941  1.04168487
  8620.  1.02769625
  8620.84961  1.01668441
  8621.69922  1.02246749
  8622.5498  1.03808975
  8623.39941  1.05508029
  8624.25  1.05958712
  8625.09961  1.0497185
  8625.94922  1.03530729
  8626.7998  1.03162169
  8627.64941  1.04578221
  8628.5  1.05457139
  8629.34961  1.0522455
  8630.19922  1.05536389
  8631.0498  1.0474478
  8631.89941  1.03233814
  8632.75  1.02803791
  8633.59961  1.03633237
  8634.44922  1.0392884
  8635.2998  1.03782833
  8636.14941  1.03800952
  8637.  1.04241443
  8637.84961  1.04475725
  8638.69922  1.04339337
  8639.5498  1.03968751
  8640.39941  1.0297792
  8641.25  1.02205217
  8642.09961  1.01975965
  8642.94922  1.017856
  8643.7998  1.01550961
  8644.64941  1.01639771
  8645.5  1.01986337
  8646.34961  1.02255189
  8647.19922  1.01350296
  8648.0498  0.983393192
  8648.89941  0.977443397
  8649.75  0.998049617
  8650.59961  1.01576948
  8651.44922  1.028157
  8652.2998  1.0218854
  8653.14941  1.00788641
  8654.  0.997958302
  8654.84961  0.994712889
  8655.69922  0.998889208
  8656.5498  0.994294107
  8657.39941  0.973850012
  8658.25  0.943900883
  8659.09961  0.902039707
  8659.94922  0.82996875
  8660.7998  0.710407436
  8661.64941  0.597650111
  8662.5  0.589550853
  8663.34961  0.69283253
  8664.19922  0.813346386
  8665.0498  0.882220507
  8665.89941  0.915510476
  8666.75  0.94043684
  8667.59961  0.961088061
  8668.44922  0.970190287
  8669.2998  0.970053434
  8670.14941  0.975354016
  8671.  0.987060249
  8671.84961  0.991995156
  8672.69922  0.994269669
  8673.5498  0.986036599
  8674.39941  0.966249347
  8675.25  0.966235042
  8676.09961  0.993870735
  8676.94922  1.01812339
  8677.7998  1.02170491
  8678.64941  1.01149178
  8679.5  0.993796647
  8680.34961  0.982672811
  8681.19922  0.987185776
  8682.0498  0.992542505
  8682.89941  0.992191553
  8683.75  1.0001241
  8684.59961  1.00514448
  8685.44922  1.00028121
  8686.2998  0.995722473
  8687.14941  0.974399447
  8688.  0.937320888
  8688.84961  0.933050156
  8689.69922  0.966204584
  8690.5498  0.99581039
  8691.39941  1.01178217
  8692.25  1.02289808
  8693.09961  1.02016354
  8693.94922  1.00497031
  8694.7998  1.00117862
  8695.64941  1.01329756
  8696.5  1.02774024
  8697.34961  1.03027284
  8698.19922  1.01799774
  8699.0498  0.998952568
  8699.89941  0.991512835
  8700.75  1.00080574
  8701.59961  1.00877702
  8702.44922  1.01066291
  8703.2998  1.01517236
  8704.14941  1.02210855
  8705.  1.02250183
  8705.84961  1.01328242
  8706.69922  0.99786365
  8707.5498  0.987815797
  8708.39941  0.992926061
  8709.25  0.997741997
  8710.09961  0.98837781
  8710.94922  0.978619754
  8711.7998  0.96430409
  8712.64941  0.947133422
  8713.5  0.953174889
  8714.34961  0.980135798
  8715.19922  1.00206983
  8716.0498  1.00410795
  8716.89941  0.988610804
  8717.75  0.971201062
  8718.59961  0.978004873
  8719.44922  1.00686598
  8720.2998  1.01647663
  8721.14941  1.0104425
  8722.  1.00874031
  8722.84961  1.00222254
  8723.69922  0.998821497
  8724.5498  1.00001192
  8725.39941  0.997042418
  8726.25  0.9949283
  8727.09961  0.984808564
  8727.94922  0.970529437
  8728.7998  0.965249896
  8729.64941  0.972645521
  8730.5  0.991639912
  8731.34961  1.00223064
  8732.19922  1.00356829
  8733.0498  1.00546658
  8733.89941  0.992190361
  8734.75  0.963665545
  8735.59961  0.934607625
  8736.44922  0.93411696
  8737.2998  0.95645678
  8738.14941  0.977750659
  8739.  0.99421376
  8739.84961  0.99162662
  8740.69922  0.978477359
  8741.5498  0.963325858
  8742.39941  0.956323802
  8743.25  0.968745768
  8744.09961  0.984432101
  8744.94922  0.986113846
  8745.7998  0.988523662
  8746.64941  0.982195437
  8747.5  0.967105329
  8748.34961  0.96107465
  8749.19922  0.967064321
  8750.0498  0.961818695
  8750.89941  0.942102194
  8751.75  0.929700077
  8752.59961  0.937265337
  8753.44922  0.95339483
  8754.2998  0.955772042
  8755.14941  0.960729063
  8756.  0.961121678
  8756.84961  0.947774053
  8757.69922  0.950933814
  8758.5498  0.973116696
  8759.39941  0.981845498
  8760.25  0.978653729
  8761.09961  0.98383069
  8761.94922  0.989909828
  8762.7998  0.98499012
  8763.64941  0.968858302
  8764.5  0.966411591
  8765.34961  0.969913423
  8766.19922  0.979302406
  8767.0498  0.996187627
  8767.89941  1.00862586
  8768.75  1.01130688
  8769.59961  1.00445092
  8770.44922  0.995634258
  8771.2998  0.981431723
  8772.14941  0.961041868
  8773.  0.950470984
  8773.84961  0.954977512
  8774.69922  0.964084744
  8775.5498  0.976253867
  8776.39941  0.99229449
  8777.25  1.0011071
  8778.09961  0.996288955
  8778.94922  0.990259349
  8779.7998  0.991684556
  8780.64941  0.995723903
  8781.5  1.0005244
  8782.34961  1.0045799
  8783.19922  1.00307822
  8784.0498  0.995550752
  8784.89941  0.997329354
  8785.75  0.995556355
  8786.59961  0.985171258
  8787.44922  0.982539117
  8788.2998  0.982950568
  8789.14941  0.965802789
  8790.  0.942289114
  8790.84961  0.945767522
  8791.69922  0.965045393
  8792.5498  0.961215556
  8793.39941  0.946117997
  8794.25  0.964218557
  8795.09961  0.985141575
  8795.94922  0.989530563
  8796.7998  0.994363487
  8797.64941  1.00151157
  8798.5  1.00491989
  8799.34961  1.00671911
  8800.19922  1.00749111
  8801.0498  1.00030196
  8801.89941  0.993707061
  8802.75  0.994113564
  8803.59961  0.989465356
  8804.44922  0.971222103
  8805.2998  0.93045181
  8806.14941  0.871518731
  8807.  0.853479266
  8807.84961  0.89392364
  8808.69922  0.93900156
  8809.5498  0.968666911
  8810.39941  0.982269645
  8811.25  0.978618145
  8812.09961  0.969335198
  8812.94922  0.965990126
  8813.7998  0.970557928
  8814.64941  0.98562032
  8815.5  0.991961241
  8816.34961  0.983412027
  8817.19922  0.977287769
  8818.0498  0.977230012
  8818.89941  0.9754619
  8819.75  0.978774905
  8820.59961  0.969764829
  8821.44922  0.956863463
  8822.2998  0.949655712
  8823.14941  0.931687713
  8824.  0.914246917
  8824.84961  0.91787076
  8825.69922  0.94335252
  8826.5498  0.969118774
  8827.39941  0.976831019
  8828.25  0.968540192
  8829.09961  0.966176987
  8829.94922  0.976017773
  8830.7998  0.981697917
  8831.64941  0.979252636
  8832.5  0.982091784
  8833.34961  0.983759403
  8834.19922  0.973474324
  8835.0498  0.96850425
  8835.89941  0.970321059
  8836.75  0.966552794
  8837.59961  0.94859302
  8838.44922  0.940613627
  8839.2998  0.954270184
  8840.14941  0.973244131
  8841.  0.979319215
  8841.84961  0.970295608
  8842.69922  0.964230955
  8843.5498  0.967050314
  8844.39941  0.965652049
  8845.25  0.955758989
  8846.09961  0.952860832
  8846.94922  0.957348049
  8847.7998  0.966736078
  8848.64941  0.972466528
  8849.5  0.967647851
  8850.34961  0.959127963
  8851.19922  0.963783503
  8852.0498  0.974047661
  8852.89941  0.978127122
  8853.75  0.973160505
  8854.59961  0.968214393
  8855.44922  0.967527747
  8856.2998  0.964874744
  8857.14941  0.962823749
  8858.  0.953290045
  8858.84961  0.94259125
  8859.69922  0.94261384
  8860.5498  0.93929553
  8861.39941  0.9231475
  8862.25  0.905988038
  8863.09961  0.906696558
  8863.94922  0.921412528
  8864.7998  0.92557013
  8865.64941  0.917227387
  8866.5  0.907807291
  8867.34961  0.904329658
  8868.19922  0.904514372
  8869.0498  0.912688494
  8869.89941  0.935528696
  8870.75  0.950980723
  8871.59961  0.956806839
  8872.44922  0.964228809
  8873.2998  0.967021167
  8874.14941  0.958956659
  8875.  0.952509046
  8875.84961  0.957589269
  8876.69922  0.965777218
  8877.5498  0.966091752
  8878.39941  0.95205009
  8879.25  0.94659543
  8880.09961  0.958966732
  8880.94922  0.964945078
  8881.7998  0.960051239
  8882.64941  0.958042562
  8883.5  0.962680817
  8884.34961  0.967339218
  8885.19922  0.975467682
  8886.0498  0.981643379
  8886.89941  0.979181886
  8887.75  0.972886622
  8888.59961  0.963410556
  8889.44922  0.958271146
  8890.2998  0.958695054
  8891.14941  0.953646719
  8892.  0.944213927
  8892.84961  0.935877204
  8893.69922  0.938631892
  8894.5498  0.953861356
  8895.39941  0.962118447
  8896.25  0.963309288
  8897.09961  0.970757842
  8897.94922  0.971443057
  8898.7998  0.96341598
  8899.64941  0.967116654
  8900.5  0.979941785
  8901.34961  0.984629095
  8902.19922  0.975910187
  8903.0498  0.968167007
  8903.89941  0.970256567
  8904.75  0.972978652
  8905.59961  0.970437467
  8906.44922  0.974248111
  8907.2998  0.978057742
  8908.14941  0.97171551
  8909.  0.96508348
  8909.84961  0.964111745
  8910.69922  0.95953542
  8911.5498  0.942933142
  8912.39941  0.938961208
  8913.25  0.953974843
  8914.09961  0.966456592
  8914.94922  0.963089645
  8915.7998  0.957235754
  8916.64941  0.955572665
  8917.5  0.95180732
  8918.34961  0.945010245
  8919.19922  0.937862754
  8920.0498  0.944180548
  8920.89941  0.957581043
  8921.75  0.959430337
  8922.59961  0.945313275
  8923.44922  0.942187846
  8924.2998  0.945086837
  8925.14941  0.942956328
  8926.  0.923909843
  8926.84961  0.887591004
  8927.69922  0.857306242
  8928.5498  0.857738376
  8929.39941  0.878954947
  8930.25  0.906680703
  8931.09961  0.924071014
  8931.94922  0.928178906
  8932.7998  0.92546916
  8933.64941  0.927501798
  8934.5  0.942178965
  8935.34961  0.956202745
  8936.19922  0.965046048
  8937.0498  0.958985269
  8937.89941  0.948777735
  8938.75  0.944313824
  8939.59961  0.942645967
  8940.44922  0.93605274
  8941.2998  0.915075541
  8942.14941  0.899790823
  8943.  0.905187607
  8943.84961  0.904781401
  8944.69922  0.894426763
  8945.5498  0.879574776
  8946.39941  0.873530805
  8947.25  0.891779423
  8948.09961  0.902731061
  8948.94922  0.905870855
  8949.7998  0.89061147
  8950.64941  0.86691767
  8951.5  0.866100907
  8952.34961  0.870231748
  8953.19922  0.847066343
  8954.0498  0.817065299
  8954.89941  0.834797084
  8955.75  0.891736865
  8956.59961  0.932492018
  8957.44922  0.928834915
  8958.2998  0.918942273
  8959.14941  0.926495969
  8960.  0.913686752
  8960.84961  0.869009435
  8961.69922  0.790253818
  8962.5498  0.750752866
  8963.39941  0.772822082
  8964.25  0.782976687
  8965.09961  0.777146399
  8965.94922  0.796175718
  8966.7998  0.835586488
  8967.64941  0.881141007
  8968.5  0.901443422
  8969.34961  0.875106573
  8970.19922  0.806451261
  8971.0498  0.750082433
  8971.89941  0.763559401
  8972.75  0.794292152
  8973.59961  0.796825647
  8974.44922  0.795055866
  8975.2998  0.829174995
  8976.14941  0.883757114
  8977.  0.92868495
  8977.84961  0.930707991
  8978.69922  0.883915544
  8979.5498  0.804718375
  8980.39941  0.778480709
  8981.25  0.826789975
  8982.09961  0.886198282
  8982.94922  0.92432344
  8983.7998  0.923542321
  8984.64941  0.872700393
  8985.5  0.769564331
  8986.34961  0.65450561
  8987.19922  0.603642225
  8988.0498  0.638120115
  8988.89941  0.685141504
  8989.75  0.66461885
  8990.59961  0.613675892
  8991.44922  0.626159132
  8992.2998  0.718726397
  8993.14941  0.825520635
  8994.  0.890384078
  8994.84961  0.924045444
  8995.69922  0.939102769
  8996.5498  0.929034889
  8997.39941  0.90775615
  8998.25  0.851979375
  8999.09961  0.739763379
  8999.94922  0.673101842
  9000.7998  0.720162809
  9001.64941  0.778016925
  9002.5  0.765895963
  9003.34961  0.742319942
  9004.19922  0.788034976
  9005.0498  0.837888002
  9005.89941  0.808401167
  9006.75  0.751183152
  9007.59961  0.746855974
  9008.44922  0.783915699
  9009.2998  0.818287194
  9010.14941  0.80618304
  9011.  0.760580182
  9011.84961  0.745761096
  9012.69922  0.787078798
  9013.5498  0.834217966
  9014.39941  0.812078416
  9015.25  0.716618598
  9016.09961  0.646769106
  9016.94922  0.673537612
  9017.7998  0.754182875
  9018.64941  0.840888619
  9019.5  0.891705394
