  8348.84961  1.09558797
  8349.69922  1.11996555
  8350.5498  1.12860548
  8351.39941  1.09509265
  8352.25  1.08305192
  8353.09961  1.09846652
  8353.94922  1.09012854
  8354.7998  1.09710312
  8355.64941  1.1077944
  8356.5  1.11650932
  8357.34961  1.11319315
  8358.19922  1.1033994
  8359.0498  1.11382294
  8359.89941  1.10525525
  8360.75  1.09402478
  8361.59961  1.1126399
  8362.44922  1.13041985
  8363.2998  1.11687005
  8364.14941  1.08222651
  8365.  1.08292532
  8365.84961  1.10668635
  8366.69922  1.11383879
  8367.5498  1.11398506
  8368.39941  1.10579836
  8369.25  1.10052323
  8370.09961  1.09774554
  8370.94922  1.09719872
  8371.7998  1.11426187
  8372.64941  1.10071278
  8373.5  1.08783376
  8374.34961  1.09837925
  8375.19922  1.09098041
  8376.0498  1.09649074
  8376.89941  1.08655035
  8377.75  1.09695256
  8378.59961  1.11149597
  8379.44922  1.10615599
  8380.2998  1.08845496
  8381.14941  1.09046638
  8382.  1.07645166
  8382.84961  1.08254087
  8383.69922  1.06040812
  8384.5498  1.04979157
  8385.39941  1.0667305
  8386.25  1.06883883
  8387.09961  1.07966137
  8387.94922  1.06402183
  8388.7998  1.0831337
  8389.64941  1.07565486
  8390.5  1.08840084
  8391.34961  1.11658967
  8392.19922  1.10995531
  8393.0498  1.09163857
  8393.89941  1.10394955
  8394.75  1.09385443
  8395.59961  1.09114146
  8396.44922  1.08228302
  8397.2998  1.09185767
  8398.14941  1.10781491
  8399.  1.09542286
  8399.84961  1.08873272
  8400.69922  1.09887743
  8401.5498  1.09081006
  8402.39941  1.0925808
  8403.25  1.1055007
  8404.09961  1.10259187
  8404.94922  1.09466851
  8405.7998  1.07949233
  8406.64941  1.0907203
  8407.5  1.1048274
  8408.34961  1.09508979
  8409.19922  1.11280322
  8410.0498  1.1100632
  8410.89941  1.09528053
  8411.75  1.09318519
  8412.59961  1.10507596
  8413.44922  1.10418642
  8414.2998  1.08758879
  8415.14941  1.08863997
  8416.  1.10855329
  8416.84961  1.10598755
  8417.69922  1.07646406
  8418.5498  1.08473659
  8419.39941  1.08636987
  8420.25  1.07231843
  8421.09961  1.07156324
  8421.94922  1.0661267
  8422.7998  1.05996513
  8423.64941  1.05866468
  8424.5  1.09505653
  8425.34961  1.09196997
  8426.19922  1.0889709
  8427.0498  1.07044137
  8427.89941  1.06572747
  8428.75  1.06927609
  8429.59961  1.09618688
  8430.44922  1.07673991
  8431.2998  1.0751735
  8432.14941  1.08008909
  8433.  1.07578576
  8433.84961  1.04871905
  8434.69922  1.03873909
  8435.5498  1.05063593
  8436.39941  1.06467056
  8437.25  1.07216859
  8438.09961  1.06336808
  8438.94922  1.05376399
  8439.7998  1.06710374
  8440.64941  1.08432794
  8441.5  1.08036113
  8442.34961  1.07154584
  8443.19922  1.05863762
  8444.0498  1.05006838
  8444.89941  1.03560829
  8445.75  1.02339566
  8446.59961  1.02781761
  8447.44922  1.03858924
  8448.2998  1.0578233
  8449.14941  1.06456804
  8450.  1.06405258
  8450.84961  1.04990268
  8451.69922  1.05371737
  8452.5498  1.06688035
  8453.39941  1.05729902
  8454.25  1.06290066
  8455.09961  1.06680298
  8455.94922  1.0775317
  8456.7998  1.06719697
  8457.64941  1.05999732
  8458.5  1.07184863
  8459.34961  1.04826939
  8460.19922  1.04607618
  8461.0498  1.04726171
  8461.89941  1.06065631
  8462.75  1.06638515
  8463.59961  1.04740536
  8464.44922  1.06194758
  8465.2998  1.06053019
  8466.14941  1.01858103
  8467.  1.03924704
  8467.84961  1.02551877
  8468.69922  1.0431776
  8469.5498  1.06367981
  8470.39941  1.08590209
  8471.25  1.07523251
  8472.09961  1.0609802
  8472.94922  1.05209804
  8473.7998  1.07664025
  8474.64941  1.07908022
  8475.5  1.0924176
  8476.34961  1.06570244
  8477.19922  1.05902207
  8478.0498  1.04956198
  8478.89941  1.0579108
  8479.75  1.08507824
  8480.59961  1.09304321
  8481.44922  1.08027792
  8482.2998  1.07617307
  8483.14941  1.07464111
  8484.  1.06597888
  8484.84961  1.06449044
  8485.69922  1.07375169
  8486.5498  1.05856335
  8487.39941  1.06362307
  8488.25  1.07753754
  8489.09961  1.05531561
  8489.94922  1.02347434
  8490.7998  1.02377915
  8491.64941  1.03744221
  8492.5  1.04024589
  8493.34961  1.04189277
  8494.19922  1.03024578
  8495.0498  1.02954674
  8495.89941  0.992990673
  8496.75  0.895862401
  8497.59961  0.840710223
  8498.44922  0.863155901
  8499.2998  0.939715922
  8500.14941  1.00442314
  8501.  1.02984977
  8501.84961  1.03492343
  8502.69922  1.03871548
  8503.5498  1.03775644
  8504.39941  1.05314469
  8505.25  1.04841435
  8506.09961  1.05185235
  8506.94922  1.05396473
  8507.7998  1.05898154
  8508.64941  1.03833151
  8509.5  1.03152156
  8510.34961  1.02944148
  8511.19922  1.03697491
  8512.0498  1.04928708
  8512.89941  1.04326737
  8513.75  1.00881684
  8514.59961  1.01431692
  8515.44922  1.02442849
  8516.2998  1.0315603
  8517.14941  1.05643284
  8518.  1.03001702
  8518.84961  1.03513932
  8519.69922  1.05575049
  8520.5498  1.06491077
  8521.39941  1.03066933
  8522.25  1.06183505
  8523.09961  1.06618011
  8523.94922  1.06387997
  8524.7998  1.08096898
  8525.64941  1.06471097
  8526.5  1.0304426
  8527.34961  1.04757845
  8528.19922  1.04183328
  8529.0498  1.04076469
  8529.89941  1.02476883
  8530.75  1.04552734
  8531.59961  1.02739048
  8532.44922  1.02708137
  8533.2998  1.03553379
  8534.14941  1.03204465
  8535.  0.993621707
  8535.84961  0.977809191
  8536.69922  0.987185597
  8537.5498  0.965327322
  8538.39941  0.950142264
  8539.25  0.920088589
  8540.09961  0.824872017
  8540.94922  0.718326688
  8541.7998  0.664598525
  8542.64941  0.693820536
  8543.5  0.796800017
  8544.34961  0.889627934
  8545.19922  0.932656646
  8546.0498  0.971254587
  8546.89941  1.00226831
  8547.75  1.00568807
  8548.59961  1.00233591
  8549.44922  1.01069605
  8550.2998  1.02280819
  8551.14941  1.01891589
  8552.  1.02452588
  8552.84961  1.04954553
  8553.69922  1.06731451
  8554.5498  1.07147789
  8555.39941  1.03186536
  8556.25  1.00240684
  8557.09961  1.02572072
  8557.94922  1.03912079
  8558.7998  1.02936006
  8559.64941  1.01303852
  8560.5  1.02061784
  8561.34961  1.03368306
  8562.19922  1.03660142
  8563.0498  1.02575862
  8563.89941  1.03435981
  8564.75  1.05244851
  8565.59961  1.05498278
  8566.44922  1.06795156
  8567.2998  1.06128871
  8568.14941  1.04560256
  8569.  1.03983092
  8569.84961  1.02246845
  8570.69922  1.01565242
  8571.5498  1.04487109
  8572.39941  1.05822289
  8573.25  1.03029227
  8574.09961  1.0500536
  8574.94922  1.03164089
  8575.7998  1.03335488
  8576.64941  1.03193903
  8577.5  1.04912293
  8578.34961  1.07339919
  8579.19922  1.04604053
  8580.0498  1.05102301
  8580.89941  1.06225681
  8581.75  1.0258832
  8582.59961  1.03085113
  8583.44922  1.03962851
  8584.2998  1.06052279
  8585.14941  1.04917908
  8586.  1.07286048
  8586.84961  1.02895868
  8587.69922  1.04181838
  8588.5498  1.05251944
  8589.39941  1.0431422
  8590.25  1.05389643
  8591.09961  1.04483831
  8591.94922  1.03165817
  8592.7998  1.0356003
  8593.64941  1.04204905
  8594.5  1.02313542
  8595.34961  1.00452936
  8596.19922  0.990192115
  8597.0498  1.00599027
  8597.89941  0.990378976
  8598.75  0.99157542
  8599.59961  1.01867044
  8600.44922  1.03481102
  8601.2998  1.0230794
  8602.14941  1.01340413
  8603.  1.02549994
  8603.84961  1.01327181
  8604.69922  1.00217211
  8605.5498  1.01828814
  8606.39941  1.02355325
  8607.25  1.04003263
  8608.09961  1.01969147
  8608.94922  1.00509727
  8609.7998  1.03615904
  8610.64941  1.03446436
  8611.5  1.02928174
  8612.34961  1.02748466
  8613.19922  1.0441339
  8614.0498  1.04662454
  8614.89941  1.02409863
  8615.75  1.01895821
  8616.59961  1.01237321
  8617.44922  1.03138995
  8618.2998  1.04122937
  8619.14941  1.02343357
  8620.  1.02859509
  8620.84961  1.02644765
  8621.69922  1.01432908
  8622.5498  1.03078055
  8623.39941  1.02951872
  8624.25  1.02473652
  8625.09961  1.03431153
  8625.94922  1.02930093
  8626.7998  1.01884139
  8627.64941  1.012115
  8628.5  0.998138666
  8629.34961  0.998251081
  8630.19922  1.0178473
  8631.0498  1.00725901
  8631.89941  1.00761473
  8632.75  1.01117015
  8633.59961  1.01616812
  8634.44922  0.996678889
  8635.2998  0.999280691
  8636.14941  1.01853204
  8637.  1.00384736
  8637.84961  1.00514925
  8638.69922  1.01220465
  8639.5498  1.00791073
  8640.39941  1.00001931
  8641.25  1.02744842
  8642.09961  1.0418601
  8642.94922  1.02859175
  8643.7998  1.01095498
  8644.64941  0.989736497
  8645.5  0.986982942
  8646.34961  0.968941808
  8647.19922  0.9766469
  8648.0498  0.985180855
  8648.89941  0.964355588
  8649.75  0.976250291
  8650.59961  0.99854809
  8651.44922  1.00850439
  8652.2998  1.00732398
  8653.14941  1.03024268
  8654.  1.00419009
  8654.84961  1.00601089
  8655.69922  0.999064863
  8656.5498  0.969566703
  8657.39941  0.956150115
  8658.25  0.940892816
  8659.09961  0.921507716
  8659.94922  0.882025898
  8660.7998  0.781533659
  8661.64941  0.680633485
  8662.5  0.67747885
  8663.34961  0.768893301
  8664.19922  0.861748993
  8665.0498  0.911625981
  8665.89941  0.947395921
  8666.75  0.950126469
  8667.59961  0.961334527
  8668.44922  0.955421209
  8669.2998  0.966084719
  8670.14941  0.973170578
  8671.  0.965275109
  8671.84961  0.980450094
  8672.69922  0.998067439
  8673.5498  1.00403321
  8674.39941  0.993115306
  8675.25  0.967717409
  8676.09961  0.998514593
  8676.94922  1.0173353
  8677.7998  1.00992966
  8678.64941  1.00311935
  8679.5  0.972638667
  8680.34961  0.992470443
  8681.19922  1.0008707
  8682.0498  0.997446656
  8682.89941  0.992717981
  8683.75  0.990310788
  8684.59961  0.985588074
  8685.44922  0.996548653
  8686.2998  1.02701306
  8687.14941  1.00175476
  8688.  0.95650661
  8688.84961  0.940209031
  8689.69922  0.975871563
  8690.5498  1.0126543
  8691.39941  1.0401839
  8692.25  1.01941609
  8693.09961  1.02860034
  8693.94922  1.0240432
  8694.7998  0.995064735
  8695.64941  1.00151968
  8696.5  1.03719354
  8697.34961  1.03251505
  8698.19922  1.02336419
  8699.0498  1.00460684
  8699.89941  0.999367595
  8700.75  1.00539052
  8701.59961  0.998565972
  8702.44922  0.98178339
  8703.2998  0.994598985
  8704.14941  1.0025847
  8705.  0.984285235
  8705.84961  0.995131731
  8706.69922  0.99961549
  8707.5498  0.986695409
  8708.39941  0.985856593
  8709.25  0.963204145
  8710.09961  0.962928534
  8710.94922  0.985081196
  8711.7998  0.993517339
  8712.64941  0.99153173
  8713.5  0.9823277
  8714.34961  1.00043416
  8715.19922  0.994687974
  8716.0498  1.00211322
  8716.89941  0.98916328
  8717.75  0.984654963
  8718.59961  0.969269156
  8719.44922  0.983740866
  8720.2998  0.983138025
  8721.14941  0.996513844
  8722.  1.01414239
  8722.84961  1.02686274
  8723.69922  1.01666355
  8724.5498  1.00887275
  8725.39941  0.99583143
  8726.25  1.02118218
  8727.09961  1.00752139
  8727.94922  0.972351491
  8728.7998  0.984011352
  8729.64941  0.988975406
  8730.5  1.01979458
  8731.34961  1.03532708
  8732.19922  1.00579
  8733.0498  0.986880898
  8733.89941  0.992766261
  8734.75  0.996321857
  8735.59961  0.96352464
  8736.44922  0.956221104
  8737.2998  0.976445794
  8738.14941  0.976296246
  8739.  0.97011894
  8739.84961  0.981918037
  8740.69922  0.989148021
  8741.5498  0.962820828
  8742.39941  0.937113643
  8743.25  0.980008006
  8744.09961  0.979281843
  8744.94922  0.966304719
  8745.7998  0.972454607
  8746.64941  0.964414418
  8747.5  0.970084369
  8748.34961  0.982498944
  8749.19922  0.960141242
  8750.0498  0.922480404
  8750.89941  0.911807716
  8751.75  0.915222347
  8752.59961  0.922878623
  8753.44922  0.953357637
  8754.2998  0.978209257
  8755.14941  0.990373135
  8756.  0.969663024
  8756.84961  0.944428265
  8757.69922  0.97413075
  8758.5498  0.989767194
  8759.39941  0.982730627
  8760.25  0.993667662
  8761.09961  1.01370597
  8761.94922  1.00463116
  8762.7998  0.996584952
  8763.64941  0.979013443
  8764.5  0.958525538
  8765.34961  0.985434532
  8766.19922  0.993292987
  8767.0498  0.977700293
  8767.89941  0.988869429
  8768.75  0.979926109
  8769.59961  0.977233887
  8770.44922  1.00919235
  8771.2998  1.00067425
  8772.14941  0.970373333
  8773.  0.959086597
  8773.84961  0.947583973
  8774.69922  0.953028798
  8775.5498  0.972864807
  8776.39941  0.971570551
  8777.25  0.984811306
  8778.09961  0.990408838
  8778.94922  0.982730985
  8779.7998  0.983763158
  8780.64941  0.97435683
  8781.5  0.982950985
  8782.34961  0.993232965
  8783.19922  0.985831738
  8784.0498  0.985056758
  8784.89941  0.990565836
  8785.75  0.995192349
  8786.59961  0.995573401
  8787.44922  0.985569358
  8788.2998  0.99316746
  8789.14941  0.972335994
  8790.  0.929468215
  8790.84961  0.936009228
  8791.69922  0.969068408
  8792.5498  0.977951705
  8793.39941  0.975934505
  8794.25  0.987571537
  8795.09961  1.0108397
  8795.94922  1.00377905
  8796.7998  0.978055656
  8797.64941  0.992325485
  8798.5  0.997454166
  8799.34961  0.994081795
  8800.19922  1.00637352
  8801.0498  1.02127099
  8801.89941  0.994776428
  8802.75  0.995289326
  8803.59961  1.00542331
  8804.44922  0.973844349
  8805.2998  0.966017604
  8806.14941  0.912679493
  8807.  0.897535324
  8807.84961  0.955133319
  8808.69922  0.967585504
  8809.5498  0.973980188
  8810.39941  1.00190556
  8811.25  0.984162033
  8812.09961  0.945921898
  8812.94922  0.973187387
  8813.7998  1.00533962
  8814.64941  0.987260342
  8815.5  0.974801958
  8816.34961  0.981864452
  8817.19922  0.973394096
  8818.0498  0.964423418
  8818.89941  0.967477739
  8819.75  0.968181252
  8820.59961  0.95369947
  8821.44922  0.96127671
  8822.2998  0.98412478
  8823.14941  0.956465483
  8824.  0.9001773
  8824.84961  0.8988958
  8825.69922  0.960532725
  8826.5498  0.979829133
  8827.39941  0.941073537
  8828.25  0.937213898
  8829.09961  0.964269221
  8829.94922  0.962874115
  8830.7998  0.969118357
  8831.64941  0.974612713
  8832.5  0.977925062
  8833.34961  0.966623545
  8834.19922  0.970026016
  8835.0498  0.982859313
  8835.89941  0.96588248
  8836.75  0.966369629
  8837.59961  0.975296617
  8838.44922  0.954626441
  8839.2998  0.937371492
  8840.14941  0.965360343
  8841.  0.986313939
  8841.84961  0.979929388
  8842.69922  0.981930673
  8843.5498  0.976369739
  8844.39941  0.960766971
  8845.25  0.957540929
  8846.09961  0.971886158
  8846.94922  1.00611234
  8847.7998  1.01178885
  8848.64941  0.989525676
  8849.5  0.966340959
  8850.34961  0.970022678
  8851.19922  0.982852995
  8852.0498  0.972874999
  8852.89941  0.960501432
  8853.75  0.948402047
  8854.59961  0.947512686
  8855.44922  0.950597823
  8856.2998  0.939085484
  8857.14941  0.942165136
  8858.  0.960795522
  8858.84961  0.958545804
  8859.69922  0.936849058
  8860.5498  0.932480097
  8861.39941  0.931650043
  8862.25  0.907296956
  8863.09961  0.883841872
  8863.94922  0.91078496
  8864.7998  0.925795138
  8865.64941  0.909165859
  8866.5  0.888036013
  8867.34961  0.894635856
  8868.19922  0.915416837
  8869.0498  0.924427629
  8869.89941  0.94545871
  8870.75  0.95527786
  8871.59961  0.955150902
  8872.44922  0.954188168
  8873.2998  0.957409918
  8874.14941  0.970848083
  8875.  0.965572536
  8875.84961  0.970707178
  8876.69922  0.971235037
  8877.5498  0.960164964
  8878.39941  0.98179388
  8879.25  0.999807715
  8880.09961  0.982676804
  8880.94922  0.9696275
  8881.7998  0.979428828
  8882.64941  0.972415268
  8883.5  0.967154324
  8884.34961  0.969812453
  8885.19922  0.997864366
  8886.0498  1.00107026
  8886.89941  0.95862782
  8887.75  0.973095715
  8888.59961  0.981201589
  8889.44922  0.990998566
  8890.2998  0.994565248
  8891.14941  0.963037431
  8892.  0.951169074
  8892.84961  0.978081226
  8893.69922  0.974775851
  8894.5498  0.961214006
  8895.39941  0.972298801
  8896.25  0.961950839
  8897.09961  0.976385653
  8897.94922  0.976283967
  8898.7998  0.98337549
  8899.64941  0.978704274
  8900.5  0.988956749
  8901.34961  0.991505146
  8902.19922  0.972590148
  8903.0498  0.986617148
  8903.89941  0.999444902
  8904.75  0.987823665
  8905.59961  0.979097068
  8906.44922  0.963325322
  8907.2998  0.948638797
  8908.14941  0.961114883
  8909.  0.998119891
  8909.84961  0.992568493
  8910.69922  0.975864053
  8911.5498  0.934921324
  8912.39941  0.937485337
  8913.25  0.942264497
  8914.09961  0.968989372
  8914.94922  0.964716971
  8915.7998  0.963580191
  8916.64941  0.969801009
  8917.5  0.980089247
  8918.34961  0.970805764
  8919.19922  0.947757959
  8920.0498  0.969298542
  8920.89941  0.960603237
  8921.75  0.970524192
  8922.59961  0.960415483
  8923.44922  0.94284606
  8924.2998  0.93942672
  8925.14941  0.966691971
  8926.  0.951385498
  8926.84961  0.874966383
  8927.69922  0.853964686
  8928.5498  0.910552979
  8929.39941  0.94460243
  8930.25  0.978326619
  8931.09961  0.971122503
  8931.94922  0.939243078
  8932.7998  0.966970026
  8933.64941  0.991510689
  8934.5  0.97922492
  8935.34961  0.953423679
  8936.19922  0.961237729
  8937.0498  0.989542186
  8937.89941  0.964991212
  8938.75  0.956640899
  8939.59961  0.94392997
  8940.44922  0.963572204
  8941.2998  0.937562525
  8942.14941  0.948310256
  8943.  0.944865346
  8943.84961  0.918854415
  8944.69922  0.90043509
  8945.5498  0.908997715
  8946.39941  0.919894636
  8947.25  0.939471543
  8948.09961  0.939841986
  8948.94922  0.912771702
  8949.7998  0.866181552
  8950.64941  0.90439105
  8951.5  0.918131828
  8952.34961  0.822800577
  8953.19922  0.872944415
  8954.0498  0.940829098
  8954.89941  0.941113472
  8955.75  0.931661785
  8956.59961  0.921034157
  8957.44922  0.90993315
  8958.2998  0.970564544
  8959.14941  0.933513403
  8960.  0.822506607
  8960.84961  0.794198573
  8961.69922  0.872050464
  8962.5498  0.865584075
  8963.39941  0.814900577
  8964.25  0.846415937
  8965.09961  0.907060266
  8965.94922  0.929837286
  8966.7998  0.920589089
  8967.64941  0.914189219
  8968.5  0.835736156
  8969.34961  0.759780407
  8970.19922  0.814390063
  8971.0498  0.862946928
  8971.89941  0.853106022
  8972.75  0.844432831
  8973.59961  0.874784231
  8974.44922  0.915408731
  8975.2998  0.925917923
  8976.14941  0.921757221
  8977.  0.925254047
  8977.84961  0.855760098
  8978.69922  0.800192177
  8979.5498  0.870162368
  8980.39941  0.941554308
  8981.25  0.957573354
  8982.09961  0.951333404
  8982.94922  0.956072688
  8983.7998  0.870830476
  8984.64941  0.710179806
  8985.5  0.680264294
  8986.34961  0.735267162
  8987.19922  0.790634632
  8988.0498  0.798133194
  8988.89941  0.675740778
  8989.75  0.660334468
  8990.59961  0.800048649
  8991.44922  0.904611528
  8992.2998  0.925328076
  8993.14941  0.930045068
  8994.  0.945889652
  8994.84961  0.941508591
  8995.69922  0.919736564
  8996.5498  0.927245855
  8997.39941  0.809774756
  8998.25  0.697995007
  8999.09961  0.750367403
  8999.94922  0.850826442
  9000.7998  0.811935782
  9001.64941  0.756489635
  9002.5  0.819265068
  9003.34961  0.898866475
  9004.19922  0.882443249
  9005.0498  0.810661018
  9005.89941  0.82525295
  9006.75  0.853012085
  9007.59961  0.86658442
  9008.44922  0.869274795
  9009.2998  0.784543514
  9010.14941  0.788190484
  9011.  0.862195432
  9011.84961  0.883299172
  9012.69922  0.876311123
  9013.5498  0.799150765
  9014.39941  0.625860631
  9015.25  0.681066573
  9016.09961  0.827618659
  9016.94922  0.868608832
  9017.7998  0.897785962
  9018.64941  0.907219231
  9019.5  0.85678196
