  8348.84961  1.04589593
  8349.69922  1.10383463
  8350.5498  1.12213504
  8351.39941  1.09249449
  8352.25  1.05712545
  8353.09961  1.053527
  8353.94922  1.07683516
  8354.7998  1.09160578
  8355.64941  1.04399717
  8356.5  1.02914083
  8357.34961  1.07326996
  8358.19922  1.0890522
  8359.0498  1.09138858
  8359.89941  1.07315075
  8360.75  1.01619077
  8361.59961  1.03275418
  8362.44922  1.08982205
  8363.2998  1.10291684
  8364.14941  1.08864987
  8365.  1.05967414
  8365.84961  1.03800428
  8366.69922  1.06749594
  8367.5498  1.1023736
  8368.39941  1.10770929
  8369.25  1.09931505
  8370.09961  1.09980917
  8370.94922  1.10020256
  8371.7998  1.07425451
  8372.64941  1.04247677
  8373.5  1.04828453
  8374.34961  1.05559814
  8375.19922  1.03795075
  8376.0498  1.04094195
  8376.89941  1.06672156
  8377.75  1.08063769
  8378.59961  1.08832347
  8379.44922  1.10003853
  8380.2998  1.10215533
  8381.14941  1.0933826
  8382.  1.07344568
  8382.84961  1.05185413
  8383.69922  1.04773951
  8384.5498  1.05153918
  8385.39941  1.06523871
  8386.25  1.06355214
  8387.09961  1.0201
  8387.94922  1.00219011
  8388.7998  1.05996609
  8389.64941  1.10150909
  8390.5  1.10776162
  8391.34961  1.10033453
  8392.19922  1.09002674
  8393.0498  1.07481575
  8393.89941  1.07847846
  8394.75  1.07337368
  8395.59961  1.06196058
  8396.44922  1.05787027
  8397.2998  1.07905936
  8398.14941  1.09687686
  8399.  1.09602988
  8399.84961  1.09511411
  8400.69922  1.0858438
  8401.5498  1.07586324
  8402.39941  1.08372855
  8403.25  1.07796419
  8404.09961  1.06100607
  8404.94922  1.07408106
  8405.7998  1.09196675
  8406.64941  1.07853317
  8407.5  1.04651535
  8408.34961  1.05088401
  8409.19922  1.07516408
  8410.0498  1.08761156
  8410.89941  1.09114015
  8411.75  1.0810914
  8412.59961  1.07322073
  8413.44922  1.06715953
  8414.2998  1.05703568
  8415.14941  1.06454742
  8416.  1.06671464
  8416.84961  1.0514133
  8417.69922  1.05797589
  8418.5498  1.07363594
  8419.39941  1.07038009
  8420.25  1.07564461
  8421.09961  1.08622384
  8421.94922  1.07424676
  8422.7998  1.0614233
  8423.64941  1.06581712
  8424.5  1.07396841
  8425.34961  1.06280792
  8426.19922  1.04307246
  8427.0498  1.0536288
  8427.89941  1.07984817
  8428.75  1.08485091
  8429.59961  1.07890618
  8430.44922  1.08356774
  8431.2998  1.08885825
  8432.14941  1.08942699
  8433.  1.08366132
  8433.84961  1.0520798
  8434.69922  1.00509298
  8435.5498  0.999890327
  8436.39941  1.04412186
  8437.25  1.06686032
  8438.09961  1.06666005
  8438.94922  1.04490721
  8439.7998  1.03126895
  8440.64941  1.05349267
  8441.5  1.07384717
  8442.34961  1.08206582
  8443.19922  1.07324624
  8444.0498  1.06200182
  8444.89941  1.06681263
  8445.75  1.03820324
  8446.59961  1.01944768
  8447.44922  1.05901563
  8448.2998  1.08260632
  8449.14941  1.08288741
  8450.  1.07553542
  8450.84961  1.07644963
  8451.69922  1.0843966
  8452.5498  1.08601534
  8453.39941  1.08049405
  8454.25  1.08233118
  8455.09961  1.07992613
  8455.94922  1.07349646
  8456.7998  1.07579124
  8457.64941  1.08130991
  8458.5  1.074489
  8459.34961  1.0696137
  8460.19922  1.07415116
  8461.0498  1.07683575
  8461.89941  1.08230495
  8462.75  1.08798718
  8463.59961  1.081141
  8464.44922  1.07216907
  8465.2998  1.0629245
  8466.14941  1.05904937
  8467.  1.0483532
  8467.84961  1.00619316
  8468.69922  1.01207614
  8469.5498  1.05641186
  8470.39941  1.07218993
  8471.25  1.06025755
  8472.09961  1.05636358
  8472.94922  1.06259453
  8473.7998  1.06667709
  8474.64941  1.07316232
  8475.5  1.07929969
  8476.34961  1.07695472
  8477.19922  1.0733515
  8478.0498  1.07097602
  8478.89941  1.06667423
  8479.75  1.06985152
  8480.59961  1.07162941
  8481.44922  1.06612039
  8482.2998  1.0638355
  8483.14941  1.0728091
  8484.  1.07924902
  8484.84961  1.07673633
  8485.69922  1.07034767
  8486.5498  1.06822252
  8487.39941  1.07110667
  8488.25  1.08080685
  8489.09961  1.08020604
  8489.94922  1.07231796
  8490.7998  1.06363642
  8491.64941  1.05525148
  8492.5  1.04722226
  8493.34961  1.04530239
  8494.19922  1.04065943
  8495.0498  1.01937187
  8495.89941  0.965807498
  8496.75  0.852769315
  8497.59961  0.713074803
  8498.44922  0.735402822
  8499.2998  0.886587083
  8500.14941  0.987646103
  8501.  0.999234617
  8501.84961  0.977324307
  8502.69922  1.01364577
  8503.5498  1.0479337
  8504.39941  1.05405521
  8505.25  1.05596125
  8506.09961  1.05935526
  8506.94922  1.07225049
  8507.7998  1.07780015
  8508.64941  1.07642925
  8509.5  1.07111204
  8510.34961  1.05057085
  8511.19922  1.03974724
  8512.0498  1.04400325
  8512.89941  1.03378749
  8513.75  0.992745817
  8514.59961  0.981285036
  8515.44922  1.02472365
  8516.2998  1.0547241
  8517.14941  1.05571342
  8518.  1.04488254
  8518.84961  1.05017996
  8519.69922  1.06255519
  8520.5498  1.06930184
  8521.39941  1.06282449
  8522.25  1.0525862
  8523.09961  1.04884589
  8523.94922  1.04522312
  8524.7998  1.0399915
  8525.64941  1.02927709
  8526.5  1.01584983
  8527.34961  1.02252746
  8528.19922  1.04053152
  8529.0498  1.04637599
  8529.89941  1.04271472
  8530.75  1.03977442
  8531.59961  1.03517485
  8532.44922  1.02542293
  8533.2998  1.02000928
  8534.14941  1.02027023
  8535.  1.00283241
  8535.84961  0.972629189
  8536.69922  0.954833686
  8537.5498  0.933843195
  8538.39941  0.897408128
  8539.25  0.842394471
  8540.09961  0.755350053
  8540.94922  0.634404242
  8541.7998  0.536951005
  8542.64941  0.570146561
  8543.5  0.699808478
  8544.34961  0.808982551
  8545.19922  0.879899681
  8546.0498  0.932692707
  8546.89941  0.97290355
  8547.75  0.989336014
  8548.59961  0.992763042
  8549.44922  1.00028443
  8550.2998  1.01681638
  8551.14941  1.02675974
  8552.  1.02899027
  8552.84961  1.03127468
  8553.69922  1.03389525
  8554.5498  1.03106236
  8555.39941  1.01688945
  8556.25  0.991405308
  8557.09961  0.994666219
  8557.94922  1.03459096
  8558.7998  1.04868793
  8559.64941  1.04172826
  8560.5  1.04465997
  8561.34961  1.04167521
  8562.19922  1.04345822
  8563.0498  1.05265224
  8563.89941  1.05665195
  8564.75  1.05908692
  8565.59961  1.0599941
  8566.44922  1.060305
  8567.2998  1.05615699
  8568.14941  1.04582846
  8569.  1.03798401
  8569.84961  1.03962648
  8570.69922  1.04096305
  8571.5498  1.03904235
  8572.39941  1.05189645
  8573.25  1.05970132
  8574.09961  1.06478834
  8574.94922  1.05881345
  8575.7998  1.05326569
  8576.64941  1.05950284
  8577.5  1.06608474
  8578.34961  1.05874538
  8579.19922  1.06036508
  8580.0498  1.05876374
  8580.89941  1.03981709
  8581.75  1.01450348
  8582.59961  1.01813161
  8583.44922  1.03808963
  8584.2998  1.05053866
  8585.14941  1.04428315
  8586.  1.03857899
  8586.84961  1.04261434
  8587.69922  1.04369235
  8588.5498  1.04527986
  8589.39941  1.04959416
  8590.25  1.0478127
  8591.09961  1.03666925
  8591.94922  1.02816963
  8592.7998  1.01573467
  8593.64941  1.02238214
  8594.5  1.03626859
  8595.34961  1.02353466
  8596.19922  1.01291859
  8597.0498  1.01550293
  8597.89941  1.02449322
  8598.75  1.02900803
  8599.59961  1.03641999
  8600.44922  1.04724109
  8601.2998  1.04973257
  8602.14941  1.04099751
  8603.  1.0362215
  8603.84961  1.03343403
  8604.69922  1.03733194
  8605.5498  1.04176354
  8606.39941  1.03896213
  8607.25  1.03896308
  8608.09961  1.03399885
  8608.94922  1.03722215
  8609.7998  1.04045951
  8610.64941  1.02847123
  8611.5  1.0063895
  8612.34961  1.01017559
  8613.19922  1.03063977
  8614.0498  1.03879774
  8614.89941  1.04355121
  8615.75  1.03690684
  8616.59961  1.02973235
  8617.44922  1.03718162
  8618.2998  1.04602027
  8619.14941  1.05285358
  8620.  1.05230784
  8620.84961  1.02554846
  8621.69922  1.00927389
  8622.5498  1.02658319
  8623.39941  1.03527915
  8624.25  1.03715897
  8625.09961  1.04292905
  8625.94922  1.04502082
  8626.7998  1.04500544
  8627.64941  1.04314208
  8628.5  1.03900313
  8629.34961  1.03845119
  8630.19922  1.04548407
  8631.0498  1.04248953
  8631.89941  1.02587831
  8632.75  1.01977301
  8633.59961  1.02691579
  8634.44922  1.03674722
  8635.2998  1.03885329
  8636.14941  1.03459632
  8637.  1.03251338
  8637.84961  1.03462994
  8638.69922  1.03801823
  8639.5498  1.04313588
  8640.39941  1.04820168
  8641.25  1.04540217
  8642.09961  1.03797662
  8642.94922  1.02995563
  8643.7998  1.02471948
  8644.64941  1.0348804
  8645.5  1.03218699
  8646.34961  1.01779544
  8647.19922  1.0006212
  8648.0498  0.971326113
  8648.89941  0.974112809
  8649.75  1.00765193
  8650.59961  1.02696669
  8651.44922  1.02451622
  8652.2998  1.02131641
  8653.14941  1.01996434
  8654.  1.02006304
  8654.84961  1.00933254
  8655.69922  1.00340152
  8656.5498  0.990862072
  8657.39941  0.967188537
  8658.25  0.944697082
  8659.09961  0.908381641
  8659.94922  0.835275888
  8660.7998  0.70946008
  8661.64941  0.570183218
  8662.5  0.563338757
  8663.34961  0.69105792
  8664.19922  0.811588943
  8665.0498  0.889644086
  8665.89941  0.937807679
  8666.75  0.959377825
  8667.59961  0.971227169
  8668.44922  0.978127241
  8669.2998  0.990308464
  8670.14941  0.991361082
  8671.  0.994138181
  8671.84961  0.998793602
  8672.69922  1.00572705
  8673.5498  0.996433318
  8674.39941  0.956050217
  8675.25  0.965158463
  8676.09961  1.00195074
  8676.94922  1.02500749
  8677.7998  1.02796793
  8678.64941  1.0088712
  8679.5  0.978745341
  8680.34961  0.974352598
  8681.19922  1.00323355
  8682.0498  1.0236342
  8682.89941  1.02160478
  8683.75  1.02146626
  8684.59961  1.01888955
  8685.44922  1.00695026
  8686.2998  0.994686186
  8687.14941  0.979810357
  8688.  0.924320459
  8688.84961  0.9113276
  8689.69922  0.961130977
  8690.5498  1.0103302
  8691.39941  1.02543104
  8692.25  1.0177331
  8693.09961  1.01253664
  8693.94922  1.0029695
  8694.7998  0.999035001
  8695.64941  1.0074147
  8696.5  1.01734853
  8697.34961  1.0182128
  8698.19922  1.01093459
  8699.0498  0.984049022
  8699.89941  0.989367664
  8700.75  1.00922477
  8701.59961  1.00746667
  8702.44922  1.0055989
  8703.2998  1.00249064
  8704.14941  1.00361681
  8705.  1.01107192
  8705.84961  1.00847423
  8706.69922  1.00145113
  8707.5498  1.00233853
  8708.39941  1.00708377
  8709.25  0.990314782
  8710.09961  0.962495387
  8710.94922  0.970867157
  8711.7998  0.973516405
  8712.64941  0.952161908
  8713.5  0.969391227
  8714.34961  0.999125302
  8715.19922  1.01275373
  8716.0498  1.01295006
  8716.89941  0.991546392
  8717.75  0.970064461
  8718.59961  0.979817152
  8719.44922  1.00598919
  8720.2998  1.01764011
  8721.14941  1.0123347
  8722.  1.00567293
  8722.84961  1.00532389
  8723.69922  1.00888824
  8724.5498  1.0042274
  8725.39941  1.00501752
  8726.25  1.00365674
  8727.09961  0.976023734
  8727.94922  0.94404459
  8728.7998  0.954984248
  8729.64941  0.990431368
  8730.5  1.0067991
  8731.34961  1.00095332
  8732.19922  0.995864928
  8733.0498  0.998933911
  8733.89941  0.993842721
  8734.75  0.97053194
  8735.59961  0.925654531
  8736.44922  0.929039419
  8737.2998  0.975431442
  8738.14941  0.998202384
  8739.  1.00387001
  8739.84961  1.00314546
  8740.69922  0.995025694
  8741.5498  0.976416051
  8742.39941  0.961454749
  8743.25  0.97679168
  8744.09961  0.992671371
  8744.94922  0.993948102
  8745.7998  0.993938982
  8746.64941  0.98742342
  8747.5  0.975816846
  8748.34961  0.972012877
  8749.19922  0.981296241
  8750.0498  0.981592298
  8750.89941  0.953055978
  8751.75  0.923579156
  8752.59961  0.94381398
  8753.44922  0.985040665
  8754.2998  0.999158144
  8755.14941  0.995411217
  8756.  0.981248617
  8756.84961  0.95366317
  8757.69922  0.961710095
  8758.5498  0.992621839
  8759.39941  1.00710297
  8760.25  1.00885463
  8761.09961  1.00891399
  8761.94922  1.00628948
  8762.7998  0.991088152
  8763.64941  0.962704241
  8764.5  0.970182061
  8765.34961  0.993070006
  8766.19922  1.00251341
  8767.0498  1.01179039
  8767.89941  1.01432955
  8768.75  1.01333952
  8769.59961  1.00544751
  8770.44922  0.993482947
  8771.2998  0.988835871
  8772.14941  0.965227902
  8773.  0.939155757
  8773.84961  0.941645563
  8774.69922  0.970762253
  8775.5498  0.999110758
  8776.39941  1.00763905
  8777.25  1.00646687
  8778.09961  1.00089741
  8778.94922  0.991516888
  8779.7998  0.981411755
  8780.64941  0.97965008
  8781.5  0.995767951
  8782.34961  1.00841761
  8783.19922  1.00390041
  8784.0498  0.993496239
  8784.89941  0.992988884
  8785.75  1.00060427
  8786.59961  1.00692785
  8787.44922  1.01164663
  8788.2998  1.01373744
  8789.14941  0.999049962
  8790.  0.958817363
  8790.84961  0.954758346
  8791.69922  0.979576826
  8792.5498  0.961380184
  8793.39941  0.948639572
  8794.25  0.975034714
  8795.09961  0.988715887
  8795.94922  0.980127573
  8796.7998  0.978758156
  8797.64941  0.987995803
  8798.5  0.994538128
  8799.34961  0.994785607
  8800.19922  0.998381257
  8801.0498  1.00415599
  8801.89941  1.00221395
  8802.75  0.99821341
  8803.59961  0.97907269
  8804.44922  0.959761441
  8805.2998  0.928545713
  8806.14941  0.837561369
  8807.  0.818474472
  8807.84961  0.893656731
  8808.69922  0.956864357
  8809.5498  0.982676327
  8810.39941  0.995551348
  8811.25  1.0020014
  8812.09961  0.999865592
  8812.94922  0.995785952
  8813.7998  0.997504711
  8814.64941  0.9976843
  8815.5  0.990744054
  8816.34961  0.982249796
  8817.19922  0.980786622
  8818.0498  0.975973964
  8818.89941  0.974282742
  8819.75  0.977515519
  8820.59961  0.976314902
  8821.44922  0.974853516
  8822.2998  0.968795717
  8823.14941  0.94144702
  8824.  0.901060224
  8824.84961  0.921625614
  8825.69922  0.965280592
  8826.5498  0.979889095
  8827.39941  0.973418653
  8828.25  0.965812683
  8829.09961  0.966464043
  8829.94922  0.972609401
  8830.7998  0.976526082
  8831.64941  0.973491251
  8832.5  0.967930436
  8833.34961  0.965907514
  8834.19922  0.965397358
  8835.0498  0.969781518
  8835.89941  0.973981023
  8836.75  0.968284667
  8837.59961  0.947806656
  8838.44922  0.937026799
  8839.2998  0.957857192
  8840.14941  0.981062055
  8841.  0.98562175
  8841.84961  0.979761899
  8842.69922  0.98013109
  8843.5498  0.980543375
  8844.39941  0.976593554
  8845.25  0.976288557
  8846.09961  0.967752695
  8846.94922  0.967143953
  8847.7998  0.974646449
  8848.64941  0.980634987
  8849.5  0.986631155
  8850.34961  0.982680678
  8851.19922  0.969296038
  8852.0498  0.969476581
  8852.89941  0.978129566
  8853.75  0.984822392
  8854.59961  0.98783803
  8855.44922  0.980452299
  8856.2998  0.959698737
  8857.14941  0.951412439
  8858.  0.95281148
  8858.84961  0.965416908
  8859.69922  0.975484252
  8860.5498  0.970010757
  8861.39941  0.944249213
  8862.25  0.917072654
  8863.09961  0.924610317
  8863.94922  0.945637763
  8864.7998  0.949962974
  8865.64941  0.944227755
  8866.5  0.91811204
  8867.34961  0.920234263
  8868.19922  0.940790892
  8869.0498  0.964217842
  8869.89941  0.97993499
  8870.75  0.987611175
  8871.59961  0.984160781
  8872.44922  0.979418993
  8873.2998  0.973670781
  8874.14941  0.96924299
  8875.  0.970118344
  8875.84961  0.96018523
  8876.69922  0.956164062
  8877.5498  0.941357791
  8878.39941  0.926410913
  8879.25  0.951287806
  8880.09961  0.970512688
  8880.94922  0.967578948
  8881.7998  0.97674191
  8882.64941  0.981086552
  8883.5  0.972425997
  8884.34961  0.974259317
  8885.19922  0.979795516
  8886.0498  0.979611039
  8886.89941  0.983025372
  8887.75  0.990970314
  8888.59961  0.991970956
  8889.44922  0.988469303
  8890.2998  0.986680269
  8891.14941  0.974616468
  8892.  0.960450292
  8892.84961  0.94356972
  8893.69922  0.959378183
  8894.5498  0.971715689
  8895.39941  0.970605195
  8896.25  0.974223673
  8897.09961  0.976748049
  8897.94922  0.96731323
  8898.7998  0.949658811
  8899.64941  0.948907077
  8900.5  0.976695776
  8901.34961  0.986288011
  8902.19922  0.977567673
  8903.0498  0.975468576
  8903.89941  0.974230051
  8904.75  0.974149644
  8905.59961  0.960792184
  8906.44922  0.951322258
  8907.2998  0.961944938
  8908.14941  0.980066538
  8909.  0.982749641
  8909.84961  0.971655726
  8910.69922  0.951798081
  8911.5498  0.925503731
  8912.39941  0.928971529
  8913.25  0.962782204
  8914.09961  0.974573493
  8914.94922  0.969002247
  8915.7998  0.962322056
  8916.64941  0.949261725
  8917.5  0.957333326
  8918.34961  0.964138806
  8919.19922  0.958067358
  8920.0498  0.95944953
  8920.89941  0.975046813
  8921.75  0.984265924
  8922.59961  0.968853951
  8923.44922  0.958269775
  8924.2998  0.964906991
  8925.14941  0.961480737
  8926.  0.941159785
  8926.84961  0.901214182
  8927.69922  0.851944745
  8928.5498  0.840077698
  8929.39941  0.874103606
  8930.25  0.93561691
  8931.09961  0.959100842
  8931.94922  0.943260193
  8932.7998  0.912637234
  8933.64941  0.91249156
  8934.5  0.949375153
  8935.34961  0.971230209
  8936.19922  0.983809948
  8937.0498  0.993848801
  8937.89941  0.983494937
  8938.75  0.934769988
  8939.59961  0.901057959
  8940.44922  0.915272236
  8941.2998  0.926902592
  8942.14941  0.933720648
  8943.  0.938050926
  8943.84961  0.93686831
  8944.69922  0.879768372
  8945.5498  0.814947069
  8946.39941  0.839296758
  8947.25  0.873634279
  8948.09961  0.886018276
  8948.94922  0.907380939
  8949.7998  0.897570133
  8950.64941  0.848763585
  8951.5  0.853680253
  8952.34961  0.863512218
  8953.19922  0.767740965
  8954.0498  0.740415692
  8954.89941  0.849065363
  8955.75  0.927805603
  8956.59961  0.909268081
  8957.44922  0.882129908
  8958.2998  0.914061427
  8959.14941  0.945042491
  8960.  0.906698644
  8960.84961  0.759604335
  8961.69922  0.655595243
  8962.5498  0.714128435
  8963.39941  0.791496098
  8964.25  0.726905048
  8965.09961  0.681489587
  8965.94922  0.786480725
  8966.7998  0.890495241
  8967.64941  0.906052768
  8968.5  0.900329351
  8969.34961  0.817376316
  8970.19922  0.648845732
  8971.0498  0.668070316
  8971.89941  0.777948201
  8972.75  0.774526477
  8973.59961  0.727221549
  8974.44922  0.787504256
  8975.2998  0.8357265
  8976.14941  0.891949356
  8977.  0.933220088
  8977.84961  0.912179649
  8978.69922  0.789352357
  8979.5498  0.658420801
  8980.39941  0.742860556
  8981.25  0.892612815
  8982.09961  0.948531389
  8982.94922  0.952230096
  8983.7998  0.929668903
  8984.64941  0.825115323
  8985.5  0.603447556
  8986.34961  0.451060146
  8987.19922  0.504285216
  8988.0498  0.582713723
  8988.89941  0.627191186
  8989.75  0.514968932
  8990.59961  0.434050649
  8991.44922  0.597445071
  8992.2998  0.795509815
  8993.14941  0.906648219
  8994.  0.935017407
  8994.84961  0.934403896
  8995.69922  0.945382953
  8996.5498  0.948228121
  8997.39941  0.915728033
  8998.25  0.785014749
  8999.09961  0.573912323
  8999.94922  0.596420944
  9000.7998  0.793848932
  9001.64941  0.803910851
  9002.5  0.650762141
  9003.34961  0.674668908
  9004.19922  0.818425536
  9005.0498  0.817539573
  9005.89941  0.680810988
  9006.75  0.634205341
  9007.59961  0.734196901
  9008.44922  0.800759614
  9009.2998  0.819225311
  9010.14941  0.727226794
  9011.  0.649266839
  9011.84961  0.743290961
  9012.69922  0.840747118
  9013.5498  0.862698078
  9014.39941  0.768460095
  9015.25  0.582641304
  9016.09961  0.52749002
  9016.94922  0.688616931
  9017.7998  0.840159237
  9018.64941  0.904299021
  9019.5  0.913125217
