  8348.84961  1.0058521
  8349.69922  1.06331158
  8350.5498  1.09664762
  8351.39941  1.09897721
  8352.25  1.08187568
  8353.09961  1.07084024
  8353.94922  1.06157362
  8354.7998  1.05824828
  8355.64941  1.01933348
  8356.5  1.03514588
  8357.34961  1.05587184
  8358.19922  1.05839872
  8359.0498  1.07947838
  8359.89941  1.06470788
  8360.75  1.04635811
  8361.59961  1.07148218
  8362.44922  1.07609475
  8363.2998  1.03426909
  8364.14941  1.04056919
  8365.  1.0279057
  8365.84961  1.01962614
  8366.69922  1.07641637
  8367.5498  1.12518871
  8368.39941  1.1358223
  8369.25  1.09062278
  8370.09961  1.0590781
  8370.94922  1.05282748
  8371.7998  1.0386858
  8372.64941  1.03089845
  8373.5  1.07145357
  8374.34961  1.08450305
  8375.19922  1.07177031
  8376.0498  1.05311859
  8376.89941  1.03079009
  8377.75  1.03067625
  8378.59961  1.09236073
  8379.44922  1.12754071
  8380.2998  1.13077867
  8381.14941  1.09009266
  8382.  0.98780781
  8382.84961  0.950858235
  8383.69922  1.00556314
  8384.5498  1.0665518
  8385.39941  1.08379364
  8386.25  1.05092764
  8387.09961  0.984519243
  8387.94922  0.963856578
  8388.7998  1.02680421
  8389.64941  1.04418576
  8390.5  1.05966449
  8391.34961  1.09475267
  8392.19922  1.10031927
  8393.0498  1.10690033
  8393.89941  1.09111321
  8394.75  1.0917393
  8395.59961  1.07623267
  8396.44922  1.04854643
  8397.2998  1.04622495
  8398.14941  1.06794119
  8399.  1.10139346
  8399.84961  1.10456038
  8400.69922  1.0532552
  8401.5498  1.02212477
  8402.39941  1.0703907
  8403.25  1.10273874
  8404.09961  1.07475483
  8404.94922  1.05841303
  8405.7998  1.09581912
  8406.64941  1.11291099
  8407.5  1.07058692
  8408.34961  1.05218852
  8409.19922  1.09708953
  8410.0498  1.10007441
  8410.89941  1.05156982
  8411.75  1.018659
  8412.59961  1.04060388
  8413.44922  1.03829277
  8414.2998  1.06823838
  8415.14941  1.09264529
  8416.  1.07601464
  8416.84961  1.04784501
  8417.69922  1.05585825
  8418.5498  1.05897486
  8419.39941  1.03559709
  8420.25  1.05636191
  8421.09961  1.07430017
  8421.94922  1.06237566
  8422.7998  1.05273116
  8423.64941  1.05150497
  8424.5  1.05390346
  8425.34961  1.01119351
  8426.19922  0.962646961
  8427.0498  1.00961041
  8427.89941  1.09302688
  8428.75  1.11303163
  8429.59961  1.09974384
  8430.44922  1.09190619
  8431.2998  1.09905183
  8432.14941  1.10042965
  8433.  1.08762419
  8433.84961  1.01984143
  8434.69922  0.911585152
  8435.5498  0.922299385
  8436.39941  1.02495015
  8437.25  1.06172979
  8438.09961  1.05608189
  8438.94922  0.986310124
  8439.7998  0.972536087
  8440.64941  1.02839077
  8441.5  1.08769464
  8442.34961  1.10859072
  8443.19922  1.07634127
  8444.0498  1.06822479
  8444.89941  1.0806824
  8445.75  1.03830016
  8446.59961  0.996583223
  8447.44922  1.048244
  8448.2998  1.09531569
  8449.14941  1.05125892
  8450.  1.00524342
  8450.84961  1.0612464
  8451.69922  1.09828198
  8452.5498  1.11221182
  8453.39941  1.10783815
  8454.25  1.09505904
  8455.09961  1.06057358
  8455.94922  1.03173077
  8456.7998  1.02999163
  8457.64941  1.06996334
  8458.5  1.08011329
  8459.34961  1.06550407
  8460.19922  1.07809293
  8461.0498  1.09806061
  8461.89941  1.11266828
  8462.75  1.09694147
  8463.59961  1.07278836
  8464.44922  1.04624176
  8465.2998  1.01887167
  8466.14941  1.01162982
  8467.  1.01153135
  8467.84961  0.954589367
  8468.69922  0.960387945
  8469.5498  1.04753411
  8470.39941  1.05895197
  8471.25  1.02337527
  8472.09961  1.02364433
  8472.94922  1.07408392
  8473.7998  1.11379504
  8474.64941  1.1281774
  8475.5  1.11620688
  8476.34961  1.06640017
  8477.19922  1.05945528
  8478.0498  1.0748626
  8478.89941  1.09362471
  8479.75  1.05977094
  8480.59961  1.0264045
  8481.44922  1.01886857
  8482.2998  1.04146779
  8483.14941  1.07599759
  8484.  1.11064053
  8484.84961  1.09063411
  8485.69922  1.08000016
  8486.5498  1.08386493
  8487.39941  1.03033626
  8488.25  1.01213324
  8489.09961  1.07766473
  8489.94922  1.09892166
  8490.7998  1.08203709
  8491.64941  1.05574632
  8492.5  1.06110823
  8493.34961  1.057675
  8494.19922  1.07229614
  8495.0498  1.05058086
  8495.89941  0.928391457
  8496.75  0.76348567
  8497.59961  0.581308305
  8498.44922  0.617374718
  8499.2998  0.824320793
  8500.14941  0.972276568
  8501.  0.989022791
  8501.84961  0.942883134
  8502.69922  0.949505627
  8503.5498  0.991965592
  8504.39941  1.02015829
  8505.25  1.04650259
  8506.09961  1.07707012
  8506.94922  1.09908867
  8507.7998  1.11822557
  8508.64941  1.11124098
  8509.5  1.08321929
  8510.34961  1.03443098
  8511.19922  1.03085971
  8512.0498  1.06210434
  8512.89941  1.02558613
  8513.75  0.939875841
  8514.59961  0.911151111
  8515.44922  0.970947981
  8516.2998  1.02394533
  8517.14941  1.01945949
  8518.  0.992542684
  8518.84961  1.01147592
  8519.69922  1.04942906
  8520.5498  1.0357424
  8521.39941  1.02664149
  8522.25  1.04182267
  8523.09961  1.03230059
  8523.94922  1.03470314
  8524.7998  1.02939153
  8525.64941  0.985514402
  8526.5  0.975374937
  8527.34961  1.00504029
  8528.19922  1.04075015
  8529.0498  1.05914152
  8529.89941  1.03072524
  8530.75  1.02808559
  8531.59961  1.02677882
  8532.44922  1.02713323
  8533.2998  1.05245328
  8534.14941  1.0294075
  8535.  0.995425999
  8535.84961  0.964571059
  8536.69922  0.925719142
  8537.5498  0.889144063
  8538.39941  0.83199501
  8539.25  0.79163295
  8540.09961  0.702462316
  8540.94922  0.556417644
  8541.7998  0.396978289
  8542.64941  0.429057002
  8543.5  0.623326898
  8544.34961  0.768069446
  8545.19922  0.85633105
  8546.0498  0.891637564
  8546.89941  0.932956457
  8547.75  0.924601018
  8548.59961  0.942272365
  8549.44922  0.983520448
  8550.2998  1.00086963
  8551.14941  1.00102592
  8552.  1.043769
  8552.84961  1.08874404
  8553.69922  1.05557513
  8554.5498  1.00937593
  8555.39941  0.972925723
  8556.25  0.975527167
  8557.09961  1.00689065
  8557.94922  1.04857767
  8558.7998  1.07758152
  8559.64941  1.06356633
  8560.5  1.0339396
  8561.34961  1.01574099
  8562.19922  1.016101
  8563.0498  1.03802764
  8563.89941  1.0510689
  8564.75  1.06279624
  8565.59961  1.07079077
  8566.44922  1.06229591
  8567.2998  1.0403347
  8568.14941  1.05181766
  8569.  1.02810585
  8569.84961  1.03963101
  8570.69922  1.05088007
  8571.5498  1.03441536
  8572.39941  1.03351915
  8573.25  1.0237776
  8574.09961  1.01917708
  8574.94922  1.02998364
  8575.7998  1.04508305
  8576.64941  1.06487215
  8577.5  1.06542456
  8578.34961  1.06172848
  8579.19922  1.06329715
  8580.0498  1.07724416
  8580.89941  1.06030595
  8581.75  0.992419839
  8582.59961  0.966758847
  8583.44922  1.01417089
  8584.2998  1.04666746
  8585.14941  1.03609133
  8586.  1.01671004
  8586.84961  1.02350736
  8587.69922  1.04433715
  8588.5498  1.03683794
  8589.39941  1.03411555
  8590.25  1.0563972
  8591.09961  1.05095828
  8591.94922  1.0224756
  8592.7998  1.01553035
  8593.64941  1.02970994
  8594.5  1.07026279
  8595.34961  1.05620062
  8596.19922  1.02221215
  8597.0498  1.01443505
  8597.89941  1.01381552
  8598.75  1.01130903
  8599.59961  1.02195811
  8600.44922  1.06666601
  8601.2998  1.07591677
  8602.14941  1.06832004
  8603.  1.04694927
  8603.84961  1.03069723
  8604.69922  1.02430451
  8605.5498  1.03656137
  8606.39941  1.03063238
  8607.25  1.03005075
  8608.09961  1.02624142
  8608.94922  1.03211415
  8609.7998  1.01818943
  8610.64941  0.993012488
  8611.5  0.97647506
  8612.34961  0.983349979
  8613.19922  1.05693614
  8614.0498  1.04422796
  8614.89941  1.06529319
  8615.75  1.06859469
  8616.59961  1.05329907
  8617.44922  1.05771923
  8618.2998  1.07299125
  8619.14941  1.05489326
  8620.  1.06264818
  8620.84961  1.03787673
  8621.69922  0.98093468
  8622.5498  1.00701344
  8623.39941  1.02882254
  8624.25  1.05643678
  8625.09961  1.08684671
  8625.94922  1.05345011
  8626.7998  1.02916861
  8627.64941  1.05301893
  8628.5  1.04976726
  8629.34961  1.03313565
  8630.19922  1.04914069
  8631.0498  1.05718446
  8631.89941  1.03252625
  8632.75  1.03256786
  8633.59961  1.03238153
  8634.44922  1.01451373
  8635.2998  1.05329466
  8636.14941  1.05563223
  8637.  1.04029214
  8637.84961  1.04329348
  8638.69922  1.05273175
  8639.5498  1.05423212
  8640.39941  1.05648327
  8641.25  1.03473079
  8642.09961  0.990221381
  8642.94922  1.00712287
  8643.7998  1.03110266
  8644.64941  1.04547
  8645.5  1.0393064
  8646.34961  1.0224359
  8647.19922  1.01824379
  8648.0498  0.974246204
  8648.89941  0.940536082
  8649.75  0.966033697
  8650.59961  1.00286603
  8651.44922  1.02493227
  8652.2998  1.01761901
  8653.14941  1.01090372
  8654.  0.996975601
  8654.84961  0.984071016
  8655.69922  1.00259149
  8656.5498  0.972605884
  8657.39941  0.941302598
  8658.25  0.920596719
  8659.09961  0.885102987
  8659.94922  0.810384512
  8660.7998  0.667759061
  8661.64941  0.487203032
  8662.5  0.448726773
  8663.34961  0.60753721
  8664.19922  0.75752753
  8665.0498  0.828834713
  8665.89941  0.901092708
  8666.75  0.952233255
  8667.59961  0.943155885
  8668.44922  0.947385371
  8669.2998  0.968870401
  8670.14941  0.987565458
  8671.  0.987209022
  8671.84961  0.971481383
  8672.69922  0.973819256
  8673.5498  0.971645951
  8674.39941  0.905352354
  8675.25  0.882670641
  8676.09961  0.977252662
  8676.94922  1.03474247
  8677.7998  1.02245462
  8678.64941  0.99493432
  8679.5  0.954833865
  8680.34961  0.951648712
  8681.19922  0.99306035
  8682.0498  0.995222509
  8682.89941  0.972584188
  8683.75  0.989569902
  8684.59961  1.02686083
  8685.44922  1.0337038
  8686.2998  1.00077641
  8687.14941  0.978607714
  8688.  0.914471984
  8688.84961  0.851464748
  8689.69922  0.918310404
  8690.5498  0.997631133
  8691.39941  1.04603958
  8692.25  1.04693294
  8693.09961  1.04550529
  8693.94922  1.03890479
  8694.7998  1.03337634
  8695.64941  1.05425704
  8696.5  1.0466156
  8697.34961  1.04302597
  8698.19922  1.03083038
  8699.0498  0.987827063
  8699.89941  1.0028342
  8700.75  1.01557183
  8701.59961  1.01161075
  8702.44922  0.990177095
  8703.2998  0.974186063
  8704.14941  1.01639485
  8705.  1.03230381
  8705.84961  1.03210664
  8706.69922  1.03262615
  8707.5498  1.03386486
  8708.39941  1.03796315
  8709.25  1.00584996
  8710.09961  0.952177465
  8710.94922  0.954968154
  8711.7998  0.987466514
  8712.64941  0.956525803
  8713.5  0.951202512
  8714.34961  1.01695824
  8715.19922  1.04850447
  8716.0498  1.02431142
  8716.89941  1.01003289
  8717.75  1.00305665
  8718.59961  1.01277328
  8719.44922  1.03339255
  8720.2998  1.0525254
  8721.14941  1.05673492
  8722.  1.05847728
  8722.84961  1.0627625
  8723.69922  1.0496136
  8724.5498  1.00620639
  8725.39941  1.02340865
  8726.25  1.04219353
  8727.09961  1.0359894
  8727.94922  0.980881333
  8728.7998  0.951864004
  8729.64941  0.9787848
  8730.5  1.0012362
  8731.34961  1.02443767
  8732.19922  1.05971038
  8733.0498  1.02815342
  8733.89941  1.0265373
  8734.75  1.0231266
  8735.59961  0.98139751
  8736.44922  0.937157691
  8737.2998  1.00866866
  8738.14941  1.02744401
  8739.  1.0403378
  8739.84961  1.06619358
  8740.69922  1.02514899
  8741.5498  0.960382462
  8742.39941  0.970891833
  8743.25  0.993138492
  8744.09961  1.02854061
  8744.94922  1.02925491
  8745.7998  1.014907
  8746.64941  1.00904894
  8747.5  0.983839989
  8748.34961  1.00859523
  8749.19922  1.04033148
  8750.0498  1.02425516
  8750.89941  0.992300272
  8751.75  0.917535365
  8752.59961  0.942659378
  8753.44922  1.01764512
  8754.2998  1.03916085
  8755.14941  1.03895855
  8756.  1.00964606
  8756.84961  0.973707497
  8757.69922  0.935832322
  8758.5498  1.04363286
  8759.39941  1.05473888
  8760.25  1.02733421
  8761.09961  1.05121648
  8761.94922  1.06149733
  8762.7998  1.00895488
  8763.64941  0.966949582
  8764.5  0.947074533
  8765.34961  1.0226593
  8766.19922  1.01795769
  8767.0498  0.979040742
  8767.89941  1.02924109
  8768.75  1.05211055
  8769.59961  1.0298394
  8770.44922  1.00302184
  8771.2998  0.988397241
  8772.14941  1.01844919
  8773.  0.94731313
  8773.84961  0.948281884
  8774.69922  0.975985229
  8775.5498  1.02502453
  8776.39941  1.05396485
  8777.25  1.04646277
  8778.09961  1.0258168
  8778.94922  0.987045765
  8779.7998  1.02362049
  8780.64941  1.03371978
  8781.5  1.02816534
  8782.34961  1.03016484
  8783.19922  1.04863167
  8784.0498  1.02478635
  8784.89941  1.00244224
  8785.75  1.03523588
  8786.59961  1.03146219
  8787.44922  1.04813039
  8788.2998  1.02348518
  8789.14941  1.04253411
  8790.  0.966125607
  8790.84961  0.951447248
  8791.69922  1.04476213
  8792.5498  0.996975183
  8793.39941  0.900730729
  8794.25  0.994306743
  8795.09961  1.04325414
  8795.94922  1.01835287
  8796.7998  0.98170495
  8797.64941  1.02557743
  8798.5  1.02332067
  8799.34961  1.05317402
  8800.19922  1.06204617
  8801.0498  1.06541634
  8801.89941  1.06122506
  8802.75  1.04682553
  8803.59961  1.01158595
  8804.44922  0.973190725
  8805.2998  0.959582865
  8806.14941  0.880529523
  8807.  0.737180173
  8807.84961  0.903880596
  8808.69922  0.979803205
  8809.5498  0.999985635
  8810.39941  1.06077576
  8811.25  1.07808483
  8812.09961  1.06136024
  8812.94922  1.02138638
  8813.7998  1.01181912
  8814.64941  1.0342716
  8815.5  1.05096614
  8816.34961  1.04549229
  8817.19922  1.05168736
  8818.0498  1.05552316
  8818.89941  1.0359596
  8819.75  1.0213815
  8820.59961  1.01052094
  8821.44922  1.00908279
  8822.2998  1.02640319
  8823.14941  0.996168673
  8824.  0.901790261
  8824.84961  0.887293637
  8825.69922  1.00874782
  8826.5498  1.03535008
  8827.39941  1.00828993
  8828.25  0.998144507
  8829.09961  1.03575003
  8829.94922  1.04944372
  8830.7998  1.03064346
  8831.64941  1.02011704
  8832.5  1.02100813
  8833.34961  1.01398087
  8834.19922  1.00418174
  8835.0498  1.03248703
  8835.89941  1.00214815
  8836.75  0.998377621
  8837.59961  0.984455824
  8838.44922  0.928801775
  8839.2998  0.9797526
  8840.14941  1.03646433
  8841.  1.01677477
  8841.84961  1.00364017
  8842.69922  0.999258816
  8843.5498  1.01292396
  8844.39941  1.00937045
  8845.25  1.02792728
  8846.09961  1.01133966
  8846.94922  0.981505156
  8847.7998  1.01181138
  8848.64941  1.03164613
  8849.5  1.02699268
  8850.34961  1.03925061
  8851.19922  1.01838982
  8852.0498  1.02411699
  8852.89941  1.05373693
  8853.75  1.03722858
  8854.59961  1.02131498
  8855.44922  1.02648675
  8856.2998  1.01900458
  8857.14941  1.00584793
  8858.  1.01129854
  8858.84961  1.02776158
  8859.69922  1.03323078
  8860.5498  1.02370596
  8861.39941  0.996284902
  8862.25  0.935708165
  8863.09961  0.908268034
  8863.94922  0.956508756
  8864.7998  1.01925325
  8865.64941  1.01254106
  8866.5  0.948545277
  8867.34961  0.879345
  8868.19922  0.94831419
  8869.0498  0.972605228
  8869.89941  1.05093789
  8870.75  1.03862202
  8871.59961  1.03307176
  8872.44922  1.05295706
  8873.2998  1.05802417
  8874.14941  1.02396739
  8875.  1.02326202
  8875.84961  1.01902628
  8876.69922  0.983591616
  8877.5498  1.03815401
  8878.39941  0.985273004
  8879.25  0.968175888
  8880.09961  1.0520041
  8880.94922  1.07382059
  8881.7998  1.04924142
  8882.64941  1.02134407
  8883.5  0.993361413
  8884.34961  1.01278615
  8885.19922  1.03714931
  8886.0498  1.06615078
  8886.89941  1.05150902
  8887.75  1.04872477
  8888.59961  1.06433785
  8889.44922  1.05567884
  8890.2998  1.03465974
  8891.14941  1.02442515
  8892.  0.99826616
  8892.84961  0.999459624
  8893.69922  1.02696896
  8894.5498  1.0605253
  8895.39941  1.05513847
  8896.25  1.03784275
  8897.09961  1.04762101
  8897.94922  1.02738428
  8898.7998  1.0164063
  8899.64941  1.00808132
  8900.5  1.05061567
  8901.34961  1.08697677
  8902.19922  1.07883656
  8903.0498  1.03296602
  8903.89941  1.03876948
  8904.75  1.02974939
  8905.59961  1.03457999
  8906.44922  1.01419377
  8907.2998  1.05015838
  8908.14941  1.07336736
  8909.  1.05088675
  8909.84961  1.03925252
  8910.69922  1.06580997
  8911.5498  1.05473959
  8912.39941  1.00365424
  8913.25  1.00731349
  8914.09961  1.0597316
  8914.94922  1.0398463
  8915.7998  1.04442477
  8916.64941  1.02765799
  8917.5  1.00003016
  8918.34961  1.01933229
  8919.19922  0.995247483
  8920.0498  0.970615983
  8920.89941  0.998729467
  8921.75  1.06032443
  8922.59961  1.03412223
  8923.44922  0.996193826
  8924.2998  1.00492322
  8925.14941  1.01153433
  8926.  0.985584617
  8926.84961  0.973370254
  8927.69922  0.944171369
  8928.5498  0.927533329
  8929.39941  0.929036498
  8930.25  0.96984005
  8931.09961  1.02428579
  8931.94922  0.997541189
  8932.7998  0.991583526
  8933.64941  0.990574837
  8934.5  0.993172705
  8935.34961  1.02843451
  8936.19922  1.04359984
  8937.0498  1.03367209
  8937.89941  1.0350877
  8938.75  1.02321565
  8939.59961  0.980198622
  8940.44922  0.963539183
  8941.2998  0.982130945
  8942.14941  0.998460829
  8943.  0.969684839
  8943.84961  0.955723286
  8944.69922  0.97056973
  8945.5498  0.887827218
  8946.39941  0.840313196
  8947.25  0.890455484
  8948.09961  0.928688943
  8948.94922  0.959675133
  8949.7998  0.976755857
  8950.64941  0.957766712
  8951.5  0.932910979
  8952.34961  0.973929584
  8953.19922  0.956889093
  8954.0498  0.819541097
  8954.89941  0.857331216
  8955.75  0.992746115
  8956.59961  1.02867544
  8957.44922  0.974183381
  8958.2998  0.967734039
  8959.14941  1.00694537
  8960.  1.00519669
  8960.84961  0.95813179
  8961.69922  0.810459793
  8962.5498  0.791283071
  8963.39941  0.881861389
  8964.25  0.893670797
  8965.09961  0.781152606
  8965.94922  0.785189331
  8966.7998  0.905213058
  8967.64941  0.953570604
  8968.5  0.940347731
  8969.34961  0.948908567
  8970.19922  0.849740684
  8971.0498  0.719268739
  8971.89941  0.864650965
  8972.75  0.912214041
  8973.59961  0.866645396
  8974.44922  0.855556309
  8975.2998  0.891142845
  8976.14941  0.88123101
  8977.  0.965035975
  8977.84961  0.993594289
  8978.69922  0.955838919
  8979.5498  0.809844792
  8980.39941  0.750938296
  8981.25  0.958844304
  8982.09961  1.02733648
  8982.94922  1.0299077
  8983.7998  1.0069921
  8984.64941  0.962585986
  8985.5  0.842067719
  8986.34961  0.620230854
  8987.19922  0.587800443
  8988.0498  0.72152698
  8988.89941  0.774720013
  8989.75  0.799592495
  8990.59961  0.574664593
  8991.44922  0.564372301
  8992.2998  0.815329611
  8993.14941  0.938240647
  8994.  0.987060249
  8994.84961  0.991722524
  8995.69922  0.98955369
  8996.5498  1.00020671
  8997.39941  0.990386367
  8998.25  0.967716873
  8999.09961  0.819304883
  8999.94922  0.595025718
  9000.7998  0.768989921
  9001.64941  0.980043769
  9002.5  0.870194077
  9003.34961  0.730140805
  9004.19922  0.867849052
  9005.0498  1.00796664
  9005.89941  0.916135252
  9006.75  0.791211545
  9007.59961  0.773557961
  9008.44922  0.881370366
  9009.2998  0.878333867
  9010.14941  0.872836828
  9011.  0.731951118
  9011.84961  0.710205555
  9012.69922  0.88703537
  9013.5498  0.931333959
  9014.39941  0.918949187
  9015.25  0.819746375
  9016.09961  0.635421872
  9016.94922  0.638912082
  9017.7998  0.876064062
  9018.64941  0.954651475
  9019.5  0.970398545
