  8348.84961  1.09634185
  8349.69922  1.116009
  8350.5498  1.12841058
  8351.39941  1.12225628
  8352.25  1.11758864
  8353.09961  1.11431503
  8353.94922  1.11841762
  8354.7998  1.1214081
  8355.64941  1.10031998
  8356.5  1.09711695
  8357.34961  1.11963606
  8358.19922  1.11713707
  8359.0498  1.10251069
  8359.89941  1.08812892
  8360.75  1.08276308
  8361.59961  1.09860384
  8362.44922  1.11227405
  8363.2998  1.10846186
  8364.14941  1.09739864
  8365.  1.08817482
  8365.84961  1.08515298
  8366.69922  1.10068989
  8367.5498  1.11726034
  8368.39941  1.11924446
  8369.25  1.10949743
  8370.09961  1.1066792
  8370.94922  1.10118556
  8371.7998  1.08675766
  8372.64941  1.0809077
  8373.5  1.08980536
  8374.34961  1.08985639
  8375.19922  1.08653367
  8376.0498  1.09697008
  8376.89941  1.10325158
  8377.75  1.0902642
  8378.59961  1.08946478
  8379.44922  1.11750054
  8380.2998  1.12707758
  8381.14941  1.10077465
  8382.  1.07364392
  8382.84961  1.06945801
  8383.69922  1.08517873
  8384.5498  1.1008873
  8385.39941  1.08678913
  8386.25  1.03921533
  8387.09961  1.00776517
  8387.94922  1.02310419
  8388.7998  1.06276977
  8389.64941  1.10293961
  8390.5  1.1103245
  8391.34961  1.09161603
  8392.19922  1.09441686
  8393.0498  1.09679222
  8393.89941  1.08921707
  8394.75  1.09464371
  8395.59961  1.09122849
  8396.44922  1.09118545
  8397.2998  1.10248113
  8398.14941  1.11292458
  8399.  1.10800409
  8399.84961  1.09376574
  8400.69922  1.08024931
  8401.5498  1.08586812
  8402.39941  1.10403299
  8403.25  1.10826671
  8404.09961  1.10266221
  8404.94922  1.10159636
  8405.7998  1.10892272
  8406.64941  1.11059701
  8407.5  1.09826958
  8408.34961  1.10095
  8409.19922  1.10232043
  8410.0498  1.10336995
  8410.89941  1.09741342
  8411.75  1.07479739
  8412.59961  1.0718013
  8413.44922  1.08692634
  8414.2998  1.08891439
  8415.14941  1.08132887
  8416.  1.07421005
  8416.84961  1.07794952
  8417.69922  1.0902977
  8418.5498  1.09156549
  8419.39941  1.08557928
  8420.25  1.08944547
  8421.09961  1.09853196
  8421.94922  1.08942652
  8422.7998  1.06002164
  8423.64941  1.05087399
  8424.5  1.07391214
  8425.34961  1.07991827
  8426.19922  1.06875539
  8427.0498  1.08119357
  8427.89941  1.09464681
  8428.75  1.09231782
  8429.59961  1.08610833
  8430.44922  1.08168817
  8431.2998  1.08720887
  8432.14941  1.0922029
  8433.  1.0754981
  8433.84961  1.04260528
  8434.69922  1.01582193
  8435.5498  1.02182591
  8436.39941  1.04512966
  8437.25  1.06386101
  8438.09961  1.05272686
  8438.94922  1.02036476
  8439.7998  1.01894796
  8440.64941  1.05899262
  8441.5  1.09023607
  8442.34961  1.09267831
  8443.19922  1.07976413
  8444.0498  1.06499684
  8444.89941  1.05134523
  8445.75  1.02749395
  8446.59961  1.0157913
  8447.44922  1.03795373
  8448.2998  1.06855059
  8449.14941  1.07290792
  8450.  1.06832314
  8450.84961  1.07138491
  8451.69922  1.07578158
  8452.5498  1.07388377
  8453.39941  1.06753194
  8454.25  1.07712173
  8455.09961  1.0853399
  8455.94922  1.08553946
  8456.7998  1.08684635
  8457.64941  1.07840407
  8458.5  1.07099497
  8459.34961  1.08257663
  8460.19922  1.08891666
  8461.0498  1.08301687
  8461.89941  1.08737719
  8462.75  1.09160137
  8463.59961  1.08342314
  8464.44922  1.06989002
  8465.2998  1.06111038
  8466.14941  1.05355787
  8467.  1.03693223
  8467.84961  1.01440322
  8468.69922  1.01206028
  8469.5498  1.04335761
  8470.39941  1.06955349
  8471.25  1.07006979
  8472.09961  1.07876825
  8472.94922  1.0909375
  8473.7998  1.08708608
  8474.64941  1.07833457
  8475.5  1.06680179
  8476.34961  1.06330144
  8477.19922  1.07334197
  8478.0498  1.07472122
  8478.89941  1.07092631
  8479.75  1.07058704
  8480.59961  1.06744039
  8481.44922  1.06799102
  8482.2998  1.07053566
  8483.14941  1.07402551
  8484.  1.06681848
  8484.84961  1.06836486
  8485.69922  1.0800494
  8486.5498  1.06841016
  8487.39941  1.06433165
  8488.25  1.06857491
  8489.09961  1.05493939
  8489.94922  1.05609679
  8490.7998  1.06514418
  8491.64941  1.06660926
  8492.5  1.05491507
  8493.34961  1.03391266
  8494.19922  1.01773489
  8495.0498  1.003281
  8495.89941  0.936670721
  8496.75  0.811994731
  8497.59961  0.718764603
  8498.44922  0.74671638
  8499.2998  0.860343695
  8500.14941  0.945434988
  8501.  0.977070808
  8501.84961  0.987180889
  8502.69922  1.00137234
  8503.5498  1.03215313
  8504.39941  1.0620786
  8505.25  1.07908487
  8506.09961  1.0853138
  8506.94922  1.07831311
  8507.7998  1.06705248
  8508.64941  1.06334138
  8509.5  1.0586735
  8510.34961  1.05014217
  8511.19922  1.05486274
  8512.0498  1.05168772
  8512.89941  1.02035213
  8513.75  0.985111117
  8514.59961  0.988205254
  8515.44922  1.02214742
  8516.2998  1.04124951
  8517.14941  1.03482521
  8518.  1.0310744
  8518.84961  1.02992082
  8519.69922  1.03432727
  8520.5498  1.05298221
  8521.39941  1.07175469
  8522.25  1.0754261
  8523.09961  1.06518698
  8523.94922  1.0582521
  8524.7998  1.05009222
  8525.64941  1.03446376
  8526.5  1.02656186
  8527.34961  1.03258526
  8528.19922  1.04586637
  8529.0498  1.05270386
  8529.89941  1.05455077
  8530.75  1.05364931
  8531.59961  1.0530839
  8532.44922  1.04524148
  8533.2998  1.02909076
  8534.14941  1.01539695
  8535.  0.990089059
  8535.84961  0.959598422
  8536.69922  0.954692841
  8537.5498  0.9365592
  8538.39941  0.871966422
  8539.25  0.797984838
  8540.09961  0.716268241
  8540.94922  0.619358897
  8541.7998  0.550548017
  8542.64941  0.581298888
  8543.5  0.691156387
  8544.34961  0.795554042
  8545.19922  0.875871241
  8546.0498  0.936954141
  8546.89941  0.97520113
  8547.75  0.994041622
  8548.59961  1.00947785
  8549.44922  1.0262531
  8550.2998  1.02986181
  8551.14941  1.0271225
  8552.  1.03372633
  8552.84961  1.03952432
  8553.69922  1.03849685
  8554.5498  1.03510964
  8555.39941  1.01934755
  8556.25  0.983569205
  8557.09961  0.988665462
  8557.94922  1.0267117
  8558.7998  1.03355968
  8559.64941  1.03867924
  8560.5  1.05480826
  8561.34961  1.04622972
  8562.19922  1.01965773
  8563.0498  1.03267634
  8563.89941  1.05875206
  8564.75  1.061854
  8565.59961  1.0646286
  8566.44922  1.07219505
  8567.2998  1.07357502
  8568.14941  1.06000972
  8569.  1.04510427
  8569.84961  1.0474534
  8570.69922  1.04983807
  8571.5498  1.0354495
  8572.39941  1.02328444
  8573.25  1.0293628
  8574.09961  1.04079366
  8574.94922  1.05775225
  8575.7998  1.07695425
  8576.64941  1.07535696
  8577.5  1.06323445
  8578.34961  1.0584054
  8579.19922  1.05916452
  8580.0498  1.06066263
  8580.89941  1.05016315
  8581.75  1.02495587
  8582.59961  1.01527274
  8583.44922  1.03840268
  8584.2998  1.06544673
  8585.14941  1.0676142
  8586.  1.05422425
  8586.84961  1.04509282
  8587.69922  1.03929508
  8588.5498  1.03630877
  8589.39941  1.04430068
  8590.25  1.05803084
  8591.09961  1.05607712
  8591.94922  1.04406202
  8592.7998  1.03233206
  8593.64941  1.03207386
  8594.5  1.039487
  8595.34961  1.01889706
  8596.19922  0.999769628
  8597.0498  1.00641775
  8597.89941  1.01065087
  8598.75  1.00993097
  8599.59961  1.02131295
  8600.44922  1.0460608
  8601.2998  1.04888046
  8602.14941  1.04355168
  8603.  1.04503739
  8603.84961  1.0413388
  8604.69922  1.03997254
  8605.5498  1.03060782
  8606.39941  1.02458656
  8607.25  1.03636611
  8608.09961  1.04014277
  8608.94922  1.04094136
  8609.7998  1.03871965
  8610.64941  1.01149929
  8611.5  0.995767355
  8612.34961  1.01985395
  8613.19922  1.04478121
  8614.0498  1.05038619
  8614.89941  1.04795635
  8615.75  1.04757869
  8616.59961  1.05478585
  8617.44922  1.05960262
  8618.2998  1.06071126
  8619.14941  1.0568614
  8620.  1.04194677
  8620.84961  1.02114141
  8621.69922  1.0156461
  8622.5498  1.03226018
  8623.39941  1.04112303
  8624.25  1.04497993
  8625.09961  1.05717325
  8625.94922  1.06612277
  8626.7998  1.06676912
  8627.64941  1.05083597
  8628.5  1.03437698
  8629.34961  1.0353334
  8630.19922  1.04238284
  8631.0498  1.03978229
  8631.89941  1.0367974
  8632.75  1.03136158
  8633.59961  1.01884711
  8634.44922  1.02183175
  8635.2998  1.03534102
  8636.14941  1.04318178
  8637.  1.04448545
  8637.84961  1.03507817
  8638.69922  1.03521717
  8639.5498  1.04013669
  8640.39941  1.03077459
  8641.25  1.02647364
  8642.09961  1.02111173
  8642.94922  1.01405561
  8643.7998  1.02886939
  8644.64941  1.04851758
  8645.5  1.04294646
  8646.34961  1.01681006
  8647.19922  0.999051154
  8648.0498  0.977874577
  8648.89941  0.972257793
  8649.75  1.00687706
  8650.59961  1.0237447
  8651.44922  1.00935853
  8652.2998  1.00550413
  8653.14941  1.01074207
  8654.  0.997191489
  8654.84961  0.979390264
  8655.69922  0.976285994
  8656.5498  0.981339753
  8657.39941  0.968084395
  8658.25  0.937276721
  8659.09961  0.902313471
  8659.94922  0.828627586
  8660.7998  0.698974133
  8661.64941  0.581632257
  8662.5  0.579037905
  8663.34961  0.683907866
  8664.19922  0.801529109
  8665.0498  0.887773871
  8665.89941  0.939948201
  8666.75  0.963930964
  8667.59961  0.976136625
  8668.44922  0.979002297
  8669.2998  0.975930572
  8670.14941  0.973503888
  8671.  0.965810537
  8671.84961  0.965256095
  8672.69922  0.983325958
  8673.5498  0.980520427
  8674.39941  0.950002789
  8675.25  0.948863387
  8676.09961  0.982700169
  8676.94922  0.999629676
  8677.7998  0.988054693
  8678.64941  0.988167286
  8679.5  1.00035083
  8680.34961  0.992616713
  8681.19922  0.991761863
  8682.0498  1.00682235
  8682.89941  1.01343083
  8683.75  1.02390325
  8684.59961  1.02888632
  8685.44922  1.00869
  8686.2998  0.993672252
  8687.14941  0.973755836
  8688.  0.92450875
  8688.84961  0.90998441
  8689.69922  0.960275829
  8690.5498  1.00061047
  8691.39941  1.00454962
  8692.25  1.01204133
  8693.09961  1.01839972
  8693.94922  1.01154244
  8694.7998  1.0162096
  8695.64941  1.03338885
  8696.5  1.04310012
  8697.34961  1.03634155
  8698.19922  1.00154269
  8699.0498  0.968563139
  8699.89941  0.981345177
  8700.75  1.00669789
  8701.59961  1.01081681
  8702.44922  0.994993985
  8703.2998  0.994072139
  8704.14941  1.0168792
  8705.  1.01990843
  8705.84961  1.01401722
  8706.69922  1.01847959
  8707.5498  1.02097332
  8708.39941  1.02024007
  8709.25  0.993891001
  8710.09961  0.959292173
  8710.94922  0.964953125
  8711.7998  0.974330962
  8712.64941  0.956246495
  8713.5  0.968712151
  8714.34961  1.00618196
  8715.19922  1.01452315
  8716.0498  1.00603497
  8716.89941  0.991386235
  8717.75  0.968253493
  8718.59961  0.967071891
  8719.44922  0.98392576
  8720.2998  1.00420177
  8721.14941  1.02916801
  8722.  1.03647268
  8722.84961  1.02821171
  8723.69922  1.02136219
  8724.5498  1.01385462
  8725.39941  1.011361
  8726.25  1.01128745
  8727.09961  0.992446244
  8727.94922  0.966011286
  8728.7998  0.972485483
  8729.64941  0.994443893
  8730.5  1.01334286
  8731.34961  1.03732181
  8732.19922  1.03796768
  8733.0498  1.01176834
  8733.89941  0.992737114
  8734.75  0.966526628
  8735.59961  0.933714032
  8736.44922  0.940192461
  8737.2998  0.975447834
  8738.14941  0.992145598
  8739.  0.992804885
  8739.84961  0.99326092
  8740.69922  0.984043717
  8741.5498  0.953555822
  8742.39941  0.938458502
  8743.25  0.962420166
  8744.09961  0.988643825
  8744.94922  1.00469804
  8745.7998  1.00872779
  8746.64941  0.989957869
  8747.5  0.967669129
  8748.34961  0.973400235
  8749.19922  0.986271739
  8750.0498  0.988990963
  8750.89941  0.970204532
  8751.75  0.931423187
  8752.59961  0.93549782
  8753.44922  0.984348118
  8754.2998  1.0055784
  8755.14941  1.01167476
  8756.  1.0113734
  8756.84961  0.962162137
  8757.69922  0.953416646
  8758.5498  0.983730376
  8759.39941  0.992441356
  8760.25  0.999507248
  8761.09961  1.00943708
  8761.94922  1.00715613
  8762.7998  0.984016001
  8763.64941  0.962506831
  8764.5  0.966441631
  8765.34961  0.990789056
  8766.19922  1.00669777
  8767.0498  1.00603342
  8767.89941  1.00649893
  8768.75  1.01672578
  8769.59961  1.01873231
  8770.44922  1.00934803
  8771.2998  0.997793078
  8772.14941  0.970700145
  8773.  0.941099346
  8773.84961  0.939020693
  8774.69922  0.970104575
  8775.5498  0.993022501
  8776.39941  0.984611392
  8777.25  0.993542969
  8778.09961  1.01454914
  8778.94922  1.01295328
  8779.7998  1.00197756
  8780.64941  0.989545047
  8781.5  0.9934147
  8782.34961  1.00439501
  8783.19922  1.00581884
  8784.0498  1.00388992
  8784.89941  1.00370097
  8785.75  0.999591827
  8786.59961  0.990495622
  8787.44922  0.999706686
  8788.2998  1.00771153
  8789.14941  0.991458893
  8790.  0.948988914
  8790.84961  0.938902497
  8791.69922  0.964357018
  8792.5498  0.950173974
  8793.39941  0.933080137
  8794.25  0.961640596
  8795.09961  0.996489465
  8795.94922  1.00062823
  8796.7998  0.99357897
  8797.64941  1.00358534
  8798.5  1.01226926
  8799.34961  1.0089649
  8800.19922  1.01147366
  8801.0498  1.02208054
  8801.89941  1.03298557
  8802.75  1.03870714
  8803.59961  1.01432097
  8804.44922  0.986998558
  8805.2998  0.939533591
  8806.14941  0.831566215
  8807.  0.784121513
  8807.84961  0.86114949
  8808.69922  0.9460814
  8809.5498  0.979973137
  8810.39941  0.995476842
  8811.25  1.00315654
  8812.09961  0.99881202
  8812.94922  0.999062836
  8813.7998  1.00104213
  8814.64941  0.991436601
  8815.5  0.983485997
  8816.34961  0.99374938
  8817.19922  1.00042367
  8818.0498  0.994003654
  8818.89941  0.992503285
  8819.75  0.989907384
  8820.59961  0.991916776
  8821.44922  1.00656974
  8822.2998  1.00787139
  8823.14941  0.963670075
  8824.  0.916703284
  8824.84961  0.9465276
  8825.69922  0.991312742
  8826.5498  0.995983183
  8827.39941  0.982998133
  8828.25  0.964731216
  8829.09961  0.974635303
  8829.94922  0.999663532
  8830.7998  1.00417697
  8831.64941  0.999693274
  8832.5  1.00344157
  8833.34961  1.00285065
  8834.19922  0.997276127
  8835.0498  0.997790754
  8835.89941  0.989071608
  8836.75  0.977566004
  8837.59961  0.96744597
  8838.44922  0.965439975
  8839.2998  0.98374337
  8840.14941  1.00388384
  8841.  1.01394761
  8841.84961  1.00810945
  8842.69922  0.995124578
  8843.5498  0.991138518
  8844.39941  0.988809288
  8845.25  0.982212365
  8846.09961  0.975012064
  8846.94922  0.974374712
  8847.7998  0.983597755
  8848.64941  0.994820297
  8849.5  0.988689542
  8850.34961  0.963380456
  8851.19922  0.976971507
  8852.0498  1.00831234
  8852.89941  0.993958592
  8853.75  0.975031912
  8854.59961  0.989205122
  8855.44922  0.997958541
  8856.2998  0.984904587
  8857.14941  0.979458988
  8858.  0.978932619
  8858.84961  0.974469066
  8859.69922  0.976626933
  8860.5498  0.988618433
  8861.39941  0.969461441
  8862.25  0.933598638
  8863.09961  0.93757993
  8863.94922  0.949545801
  8864.7998  0.955155969
  8865.64941  0.948492765
  8866.5  0.910191655
  8867.34961  0.895421624
  8868.19922  0.928467155
  8869.0498  0.962342501
  8869.89941  0.979147375
  8870.75  0.970417261
  8871.59961  0.965770781
  8872.44922  0.986169755
  8873.2998  0.982917368
  8874.14941  0.978504598
  8875.  0.981271744
  8875.84961  0.96814388
  8876.69922  0.96627605
  8877.5498  0.961332619
  8878.39941  0.949850976
  8879.25  0.960043788
  8880.09961  0.977878273
  8880.94922  0.991427839
  8881.7998  1.0101372
  8882.64941  1.00663662
  8883.5  0.974960327
  8884.34961  0.966017187
  8885.19922  0.98634243
  8886.0498  0.978704214
  8886.89941  0.970168233
  8887.75  0.987534106
  8888.59961  1.00522232
  8889.44922  1.01630664
  8890.2998  1.0015254
  8891.14941  0.973194599
  8892.  0.950317621
  8892.84961  0.946155727
  8893.69922  0.976864517
  8894.5498  1.0078733
  8895.39941  1.01489723
  8896.25  1.00853443
  8897.09961  0.994949222
  8897.94922  0.98543781
  8898.7998  0.975207806
  8899.64941  0.972408593
  8900.5  0.987811863
  8901.34961  1.00230682
  8902.19922  1.0016669
  8903.0498  0.990209997
  8903.89941  0.98253119
  8904.75  0.981955349
  8905.59961  0.980823755
  8906.44922  0.98933053
  8907.2998  1.00083852
  8908.14941  0.994868934
  8909.  0.995006502
  8909.84961  0.998191774
  8910.69922  0.979551196
  8911.5498  0.953534603
  8912.39941  0.951772213
  8913.25  0.981885076
  8914.09961  1.00914371
  8914.94922  1.00576293
  8915.7998  0.986173868
  8916.64941  0.989474714
  8917.5  1.01485741
  8918.34961  1.01348686
  8919.19922  0.984457552
  8920.0498  0.97378397
  8920.89941  0.994970202
  8921.75  1.00542521
  8922.59961  0.987749517
  8923.44922  0.973461151
  8924.2998  0.96158731
  8925.14941  0.949678302
  8926.  0.962381244
  8926.84961  0.946892142
  8927.69922  0.910010517
  8928.5498  0.922195613
  8929.39941  0.956610501
  8930.25  0.974106252
  8931.09961  0.975526094
  8931.94922  0.968543053
  8932.7998  0.966306806
  8933.64941  0.988509536
  8934.5  1.0149442
  8935.34961  1.00744534
  8936.19922  0.983817041
  8937.0498  0.978742957
  8937.89941  0.98742944
  8938.75  0.980533957
  8939.59961  0.965950787
  8940.44922  0.962377012
  8941.2998  0.96764636
  8942.14941  0.962351024
  8943.  0.941702724
  8943.84961  0.922681808
  8944.69922  0.910301089
  8945.5498  0.915493011
  8946.39941  0.931898415
  8947.25  0.950148821
  8948.09961  0.965826392
  8948.94922  0.964546561
  8949.7998  0.952460289
  8950.64941  0.942662835
  8951.5  0.950968564
  8952.34961  0.944772482
  8953.19922  0.914778173
  8954.0498  0.92577213
  8954.89941  0.970323622
  8955.75  0.980277181
  8956.59961  0.953865111
  8957.44922  0.95192802
  8958.2998  0.980612099
  8959.14941  0.996041358
  8960.  0.958368719
  8960.84961  0.885016561
  8961.69922  0.869596541
  8962.5498  0.921785355
  8963.39941  0.935907662
  8964.25  0.891617715
  8965.09961  0.875792623
  8965.94922  0.911312163
  8966.7998  0.942162693
  8967.64941  0.935308158
  8968.5  0.914852619
  8969.34961  0.865001857
  8970.19922  0.833062589
  8971.0498  0.878639817
  8971.89941  0.920188427
  8972.75  0.913751721
  8973.59961  0.913696706
  8974.44922  0.90795362
  8975.2998  0.895849943
  8976.14941  0.918258727
  8977.  0.942870498
  8977.84961  0.934181094
  8978.69922  0.881836414
  8979.5498  0.873685002
  8980.39941  0.950949788
  8981.25  0.998506606
  8982.09961  0.990809619
  8982.94922  0.963910878
  8983.7998  0.938322246
  8984.64941  0.889660895
  8985.5  0.785988927
  8986.34961  0.752590775
  8987.19922  0.820095301
  8988.0498  0.871959925
  8988.89941  0.848096848
  8989.75  0.75196892
  8990.59961  0.736508071
  8991.44922  0.840440869
  8992.2998  0.918298423
  8993.14941  0.9426319
  8994.  0.948563218
  8994.84961  0.945362151
  8995.69922  0.947692633
  8996.5498  0.950504243
  8997.39941  0.928442717
  8998.25  0.831253827
  8999.09961  0.726082981
  8999.94922  0.774741232
  9000.7998  0.880544245
  9001.64941  0.878531337
  9002.5  0.85155648
  9003.34961  0.888939202
  9004.19922  0.931710422
  9005.0498  0.913859308
  9005.89941  0.866944194
  9006.75  0.861051798
  9007.59961  0.885150909
  9008.44922  0.887256503
  9009.2998  0.857298672
  9010.14941  0.813777864
  9011.  0.818572044
  9011.84961  0.866675258
  9012.69922  0.89533639
  9013.5498  0.904023468
  9014.39941  0.846220255
  9015.25  0.742428839
  9016.09961  0.751078188
  9016.94922  0.848739147
  9017.7998  0.909761488
  9018.64941  0.942600906
  9019.5  0.951590359
