  8348.84961  1.01957309
  8349.69922  1.07285035
  8350.5498  1.10515404
  8351.39941  1.09031427
  8352.25  1.05517519
  8353.09961  1.02572691
  8353.94922  1.04465115
  8354.7998  1.07806754
  8355.64941  1.05005765
  8356.5  0.997269928
  8357.34961  1.02502501
  8358.19922  1.07213426
  8359.0498  1.08424175
  8359.89941  1.09172988
  8360.75  1.06151557
  8361.59961  1.01146209
  8362.44922  1.04490376
  8363.2998  1.1054492
  8364.14941  1.11059868
  8365.  1.0991956
  8365.84961  1.06660461
  8366.69922  1.03950155
  8367.5498  1.06684995
  8368.39941  1.10357761
  8369.25  1.1054846
  8370.09961  1.10428262
  8370.94922  1.10812187
  8371.7998  1.10134351
  8372.64941  1.06170082
  8373.5  1.04190123
  8374.34961  1.06878233
  8375.19922  1.05756354
  8376.0498  1.03574288
  8376.89941  1.07208347
  8377.75  1.10211957
  8378.59961  1.11724508
  8379.44922  1.11533022
  8380.2998  1.11203814
  8381.14941  1.10531235
  8382.  1.10588408
  8382.84961  1.08644676
  8383.69922  1.0653739
  8384.5498  1.05290031
  8385.39941  1.05195928
  8386.25  1.06969678
  8387.09961  1.07700348
  8387.94922  1.09143257
  8388.7998  1.09102535
  8389.64941  1.09970164
  8390.5  1.09633565
  8391.34961  1.08730125
  8392.19922  1.08109272
  8393.0498  1.07101953
  8393.89941  1.0633117
  8394.75  1.06861687
  8395.59961  1.07337272
  8396.44922  1.05870664
  8397.2998  1.06062436
  8398.14941  1.07785511
  8399.  1.0870049
  8399.84961  1.09222722
  8400.69922  1.09714055
  8401.5498  1.0970484
  8402.39941  1.08812094
  8403.25  1.08439672
  8404.09961  1.0753262
  8404.94922  1.06150925
  8405.7998  1.07202268
  8406.64941  1.07464421
  8407.5  1.04469883
  8408.34961  1.03134954
  8409.19922  1.04765618
  8410.0498  1.06310081
  8410.89941  1.07078159
  8411.75  1.07582259
  8412.59961  1.07459331
  8413.44922  1.06034195
  8414.2998  1.03996992
  8415.14941  1.04136193
  8416.  1.05378675
  8416.84961  1.04102361
  8417.69922  1.03224516
  8418.5498  1.04297101
  8419.39941  1.0654397
  8420.25  1.07106638
  8421.09961  1.06946075
  8421.94922  1.07072628
  8422.7998  1.06813347
  8423.64941  1.07190359
  8424.5  1.07786131
  8425.34961  1.06204474
  8426.19922  1.05790865
  8427.0498  1.05200005
  8427.89941  1.05685508
  8428.75  1.0666374
  8429.59961  1.05042922
  8430.44922  1.03698921
  8431.2998  1.0577848
  8432.14941  1.05553091
  8433.  1.04456472
  8433.84961  1.03638542
  8434.69922  1.03954673
  8435.5498  1.02361393
  8436.39941  1.01931381
  8437.25  1.03497148
  8438.09961  1.04947376
  8438.94922  1.0559026
  8439.7998  1.06010759
  8440.64941  1.06101215
  8441.5  1.06410801
  8442.34961  1.06428444
  8443.19922  1.04444659
  8444.0498  1.01038778
  8444.89941  0.973168314
  8445.75  0.972322524
  8446.59961  0.997186124
  8447.44922  1.0331167
  8448.2998  1.06456161
  8449.14941  1.06665754
  8450.  1.05714154
  8450.84961  1.05504715
  8451.69922  1.05261838
  8452.5498  1.05487239
  8453.39941  1.05907035
  8454.25  1.06976902
  8455.09961  1.07349312
  8455.94922  1.05897415
  8456.7998  1.05353093
  8457.64941  1.05738509
  8458.5  1.04684615
  8459.34961  1.02911043
  8460.19922  1.03286958
  8461.0498  1.05019891
  8461.89941  1.04954994
  8462.75  1.04877281
  8463.59961  1.04943895
  8464.44922  1.04891992
  8465.2998  1.04536474
  8466.14941  1.03698254
  8467.  1.02375948
  8467.84961  1.01389349
  8468.69922  1.01939762
  8469.5498  1.03163338
  8470.39941  1.04693782
  8471.25  1.04941654
  8472.09961  1.04641855
  8472.94922  1.04136431
  8473.7998  1.05240941
  8474.64941  1.06841099
  8475.5  1.06338727
  8476.34961  1.06311452
  8477.19922  1.05692649
  8478.0498  1.0568347
  8478.89941  1.04775858
  8479.75  1.04477763
  8480.59961  1.06938124
  8481.44922  1.08159876
  8482.2998  1.08309484
  8483.14941  1.0832895
  8484.  1.07823384
  8484.84961  1.07390201
  8485.69922  1.06916285
  8486.5498  1.05481768
  8487.39941  1.05288517
  8488.25  1.05518317
  8489.09961  1.05517006
  8489.94922  1.05289829
  8490.7998  1.05551612
  8491.64941  1.05617058
  8492.5  1.05294561
  8493.34961  1.04912901
  8494.19922  1.05614507
  8495.0498  1.03854394
  8495.89941  1.0130924
  8496.75  0.995248675
  8497.59961  0.98997283
  8498.44922  0.986205697
  8499.2998  1.00045776
  8500.14941  1.00687039
  8501.  1.00854099
  8501.84961  1.00001168
  8502.69922  0.989609003
  8503.5498  0.994679213
  8504.39941  1.0043745
  8505.25  1.01041269
  8506.09961  1.0178858
  8506.94922  1.02424979
  8507.7998  1.0331136
  8508.64941  1.03934419
  8509.5  1.03633511
  8510.34961  1.02783751
  8511.19922  1.01699579
  8512.0498  1.0264622
  8512.89941  1.04676664
  8513.75  1.05631995
  8514.59961  1.06047797
  8515.44922  1.05994248
  8516.2998  1.06002259
  8517.14941  1.05538368
  8518.  1.04546428
  8518.84961  1.04132223
  8519.69922  1.04891849
  8520.5498  1.0710237
  8521.39941  1.07830632
  8522.25  1.07104647
  8523.09961  1.06385326
  8523.94922  1.06074524
  8524.7998  1.0609535
  8525.64941  1.06586075
  8526.5  1.07225859
  8527.34961  1.07013869
  8528.19922  1.05818903
  8529.0498  1.04960394
  8529.89941  1.05407465
  8530.75  1.05090785
  8531.59961  1.04401135
  8532.44922  1.04529834
  8533.2998  1.03288651
  8534.14941  1.0172267
  8535.  1.01799738
  8535.84961  1.01305771
  8536.69922  1.00871754
  8537.5498  1.01017761
  8538.39941  1.00202012
  8539.25  0.972648501
  8540.09961  0.925014436
  8540.94922  0.892814577
  8541.7998  0.888339102
  8542.64941  0.89897573
  8543.5  0.923409939
  8544.34961  0.945795953
  8545.19922  0.949663401
  8546.0498  0.952206194
  8546.89941  0.962325037
  8547.75  0.976669192
  8548.59961  0.98430711
  8549.44922  0.997486711
  8550.2998  1.00902295
  8551.14941  1.00917041
  8552.  1.01760364
  8552.84961  1.01721263
  8553.69922  1.0193696
  8554.5498  1.02655339
  8555.39941  1.02549791
  8556.25  1.02688015
  8557.09961  1.02992666
  8557.94922  1.03086162
  8558.7998  1.04765296
  8559.64941  1.05673242
  8560.5  1.05032098
  8561.34961  1.05297649
  8562.19922  1.05954099
  8563.0498  1.06447756
  8563.89941  1.06726217
  8564.75  1.07028615
  8565.59961  1.07798207
  8566.44922  1.08089209
  8567.2998  1.07892871
  8568.14941  1.08012426
  8569.  1.08133638
  8569.84961  1.08473003
  8570.69922  1.06921053
  8571.5498  1.06163049
  8572.39941  1.06049311
  8573.25  1.05887604
  8574.09961  1.05648541
  8574.94922  1.04610538
  8575.7998  1.04362237
  8576.64941  1.04793584
  8577.5  1.04373777
  8578.34961  1.04159117
  8579.19922  1.04326642
  8580.0498  1.03219056
  8580.89941  1.02576435
  8581.75  1.02953935
  8582.59961  1.03206384
  8583.44922  1.02854693
  8584.2998  1.02070987
  8585.14941  1.00805748
  8586.  0.997235119
  8586.84961  0.995848298
  8587.69922  0.996460795
  8588.5498  0.994033992
  8589.39941  0.984846413
  8590.25  0.97449708
  8591.09961  0.965260744
  8591.94922  0.950124681
  8592.7998  0.935141623
  8593.64941  0.935919642
  8594.5  0.93036598
  8595.34961  0.907771587
  8596.19922  0.896916449
  8597.0498  0.898364663
  8597.89941  0.894089282
  8598.75  0.89154768
  8599.59961  0.895911038
  8600.44922  0.9096241
  8601.2998  0.922287047
  8602.14941  0.936384261
  8603.  0.95221287
  8603.84961  0.961754203
  8604.69922  0.965866923
  8605.5498  0.975778759
  8606.39941  0.987158179
  8607.25  0.993276179
  8608.09961  1.0002135
  8608.94922  1.01336849
  8609.7998  1.01627707
  8610.64941  1.0197655
  8611.5  1.02258265
  8612.34961  1.02769172
  8613.19922  1.03490543
  8614.0498  1.04249918
  8614.89941  1.03973901
  8615.75  1.04194808
  8616.59961  1.05281305
  8617.44922  1.06020606
  8618.2998  1.06867921
  8619.14941  1.07581973
  8620.  1.07638967
  8620.84961  1.07219267
  8621.69922  1.074422
  8622.5498  1.0785259
  8623.39941  1.07735252
  8624.25  1.07642746
  8625.09961  1.08303297
  8625.94922  1.08633411
  8626.7998  1.07900012
  8627.64941  1.06950569
  8628.5  1.06771815
  8629.34961  1.08145726
  8630.19922  1.09131587
  8631.0498  1.08740222
  8631.89941  1.08057153
  8632.75  1.0742929
  8633.59961  1.07786226
  8634.44922  1.0754019
  8635.2998  1.07046509
  8636.14941  1.07116663
  8637.  1.07362556
  8637.84961  1.06473064
  8638.69922  1.05132854
  8639.5498  1.036901
  8640.39941  1.0299859
  8641.25  1.02735877
  8642.09961  1.02495706
  8642.94922  1.02699602
  8643.7998  1.0253278
  8644.64941  1.01722348
  8645.5  1.00960088
  8646.34961  1.00689435
  8647.19922  0.997683585
  8648.0498  0.995356441
  8648.89941  0.990721643
  8649.75  0.989355028
  8650.59961  0.985959232
  8651.44922  0.980005741
  8652.2998  0.978726327
  8653.14941  0.971942544
  8654.  0.959497809
  8654.84961  0.94534111
  8655.69922  0.930241883
  8656.5498  0.924548388
  8657.39941  0.923419893
  8658.25  0.910272419
  8659.09961  0.887745559
  8659.94922  0.845962703
  8660.7998  0.813401222
  8661.64941  0.804785907
  8662.5  0.793911457
  8663.34961  0.795717239
  8664.19922  0.807057202
  8665.0498  0.812711954
  8665.89941  0.825957894
  8666.75  0.842855871
  8667.59961  0.856187582
  8668.44922  0.864298642
  8669.2998  0.875562012
  8670.14941  0.885430694
  8671.  0.890612781
  8671.84961  0.903447688
  8672.69922  0.918941021
  8673.5498  0.935247481
  8674.39941  0.946520567
  8675.25  0.948350549
  8676.09961  0.950314283
  8676.94922  0.959189951
  8677.7998  0.959875524
  8678.64941  0.954543889
  8679.5  0.958310068
  8680.34961  0.966415942
  8681.19922  0.970471561
  8682.0498  0.973258257
  8682.89941  0.984420598
  8683.75  0.999590933
  8684.59961  1.00714064
  8685.44922  1.01147211
  8686.2998  1.01084578
  8687.14941  1.01715076
  8688.  1.02226341
  8688.84961  1.02117586
  8689.69922  1.0210588
  8690.5498  1.02037227
  8691.39941  1.02475715
  8692.25  1.03408766
  8693.09961  1.0420289
  8693.94922  1.04526877
  8694.7998  1.04228675
  8695.64941  1.04424155
  8696.5  1.05472457
  8697.34961  1.06323242
  8698.19922  1.06934643
  8699.0498  1.07333279
  8699.89941  1.07318401
  8700.75  1.070665
  8701.59961  1.06570065
  8702.44922  1.06154776
  8703.2998  1.0647248
  8704.14941  1.07080626
  8705.  1.07246649
  8705.84961  1.0697875
  8706.69922  1.06686807
  8707.5498  1.06710112
  8708.39941  1.06632936
  8709.25  1.05751514
  8710.09961  1.04742277
  8710.94922  1.04213047
  8711.7998  1.04441273
  8712.64941  1.05294013
  8713.5  1.05720973
  8714.34961  1.05295444
  8715.19922  1.04316294
  8716.0498  1.03822851
  8716.89941  1.03779554
  8717.75  1.03462899
  8718.59961  1.02746451
  8719.44922  1.02647841
  8720.2998  1.03287113
  8721.14941  1.02956736
  8722.  1.0247606
  8722.84961  1.02127898
  8723.69922  1.01429725
  8724.5498  1.01127219
  8725.39941  1.01080954
  8726.25  1.01025987
  8727.09961  1.01234424
  8727.94922  1.00796592
  8728.7998  0.995969653
  8729.64941  0.992241085
  8730.5  0.992761612
  8731.34961  0.990297258
  8732.19922  0.982011378
  8733.0498  0.974754214
  8733.89941  0.961109221
  8734.75  0.950836778
  8735.59961  0.944608867
  8736.44922  0.932274342
  8737.2998  0.922251105
  8738.14941  0.915994823
  8739.  0.909905314
  8739.84961  0.900997758
  8740.69922  0.885221183
  8741.5498  0.869846761
  8742.39941  0.855142176
  8743.25  0.84005928
  8744.09961  0.829291642
  8744.94922  0.818606436
  8745.7998  0.810814142
  8746.64941  0.802700043
  8747.5  0.779896677
  8748.34961  0.762774229
  8749.19922  0.753134549
  8750.0498  0.749420285
  8750.89941  0.747764885
  8751.75  0.760739863
  8752.59961  0.777148604
  8753.44922  0.789491177
  8754.2998  0.809004903
  8755.14941  0.826484263
  8756.  0.83492893
  8756.84961  0.846763432
  8757.69922  0.861870408
  8758.5498  0.870197058
  8759.39941  0.884786785
  8760.25  0.906254053
  8761.09961  0.921664894
  8761.94922  0.925207138
  8762.7998  0.924052715
  8763.64941  0.924794674
  8764.5  0.939545691
  8765.34961  0.956592083
  8766.19922  0.962762535
  8767.0498  0.969642341
  8767.89941  0.972917438
  8768.75  0.983246446
  8769.59961  0.986469388
  8770.44922  0.982893884
  8771.2998  0.984901905
  8772.14941  0.995863974
  8773.  1.00349784
  8773.84961  1.00796914
  8774.69922  1.0182631
  8775.5498  1.02551627
  8776.39941  1.02716959
  8777.25  1.03108227
  8778.09961  1.02657509
  8778.94922  1.0207665
  8779.7998  1.0229522
  8780.64941  1.0292536
  8781.5  1.02617967
  8782.34961  1.02542412
  8783.19922  1.032902
  8784.0498  1.03651786
  8784.89941  1.03896511
  8785.75  1.03527415
  8786.59961  1.03757155
  8787.44922  1.0367552
  8788.2998  1.03066599
  8789.14941  1.03262031
  8790.  1.03955817
  8790.84961  1.04234648
  8791.69922  1.04411364
  8792.5498  1.04607737
  8793.39941  1.05225348
  8794.25  1.06074321
  8795.09961  1.05863523
  8795.94922  1.05904543
  8796.7998  1.05328214
  8797.64941  1.05259073
  8798.5  1.050964
  8799.34961  1.04018879
  8800.19922  1.04805028
  8801.0498  1.05500162
  8801.89941  1.05525446
  8802.75  1.0511266
  8803.59961  1.04384923
  8804.44922  1.03210449
  8805.2998  1.02167988
  8806.14941  1.02236676
  8807.  1.01557124
  8807.84961  1.02123415
  8808.69922  1.03936756
  8809.5498  1.04564738
  8810.39941  1.04154587
  8811.25  1.0435369
  8812.09961  1.04238963
  8812.94922  1.03954792
  8813.7998  1.03644013
  8814.64941  1.04154527
  8815.5  1.04380369
  8816.34961  1.04274631
  8817.19922  1.03948629
  8818.0498  1.0314132
  8818.89941  1.01476443
  8819.75  1.00689423
  8820.59961  1.01937914
  8821.44922  1.02528393
  8822.2998  1.02825689
  8823.14941  1.03094089
  8824.  1.01699209
  8824.84961  1.00914156
  8825.69922  1.00789988
  8826.5498  1.0136826
  8827.39941  1.01561844
  8828.25  1.01088285
  8829.09961  1.00692272
  8829.94922  0.999580026
  8830.7998  0.993439198
  8831.64941  0.995027483
  8832.5  1.00055087
  8833.34961  0.997740626
  8834.19922  0.986003757
  8835.0498  0.977205396
  8835.89941  0.971279383
  8836.75  0.972057223
  8837.59961  0.968054831
  8838.44922  0.96335274
  8839.2998  0.964307904
  8840.14941  0.963171959
  8841.  0.958220363
  8841.84961  0.952326894
  8842.69922  0.942629099
  8843.5498  0.935286045
  8844.39941  0.93018043
  8845.25  0.925727248
  8846.09961  0.913932562
  8846.94922  0.906455636
  8847.7998  0.912858605
  8848.64941  0.904224455
  8849.5  0.889578581
  8850.34961  0.875912547
  8851.19922  0.862485588
  8852.0498  0.853081346
  8852.89941  0.833805978
  8853.75  0.82019484
  8854.59961  0.812952876
  8855.44922  0.794889331
  8856.2998  0.770292521
  8857.14941  0.751223862
  8858.  0.737218499
  8858.84961  0.728269935
  8859.69922  0.719851315
  8860.5498  0.707480788
  8861.39941  0.70113796
  8862.25  0.696760714
  8863.09961  0.699747086
  8863.94922  0.707213104
  8864.7998  0.712563157
  8865.64941  0.725171208
  8866.5  0.753530443
  8867.34961  0.778534889
  8868.19922  0.78844142
  8869.0498  0.800397635
  8869.89941  0.817074597
  8870.75  0.82647562
  8871.59961  0.83089
  8872.44922  0.842911422
  8873.2998  0.860233307
  8874.14941  0.871067524
  8875.  0.874496222
  8875.84961  0.88103801
  8876.69922  0.8909747
  8877.5498  0.887786031
  8878.39941  0.873470604
  8879.25  0.886528671
  8880.09961  0.913250446
  8880.94922  0.919783533
  8881.7998  0.931770742
  8882.64941  0.949003875
  8883.5  0.955099404
  8884.34961  0.954660535
  8885.19922  0.958772123
  8886.0498  0.966970861
  8886.89941  0.969163239
  8887.75  0.969649851
  8888.59961  0.97719413
  8889.44922  0.98632133
  8890.2998  0.990140617
  8891.14941  0.992116451
  8892.  0.987078846
  8892.84961  0.983028948
  8893.69922  0.988019347
  8894.5498  0.990180075
  8895.39941  0.987490237
  8896.25  0.987328231
  8897.09961  0.995692134
  8897.94922  1.00389326
  8898.7998  1.00640857
  8899.64941  1.00490296
  8900.5  1.01346207
  8901.34961  1.02902341
  8902.19922  1.0375458
  8903.0498  1.03600454
  8903.89941  1.03479791
  8904.75  1.03157091
  8905.59961  1.02898812
  8906.44922  1.0176518
  8907.2998  1.01789761
  8908.14941  1.02589393
  8909.  1.02796543
  8909.84961  1.01929617
  8910.69922  1.00910366
  8911.5498  1.01153994
  8912.39941  1.01108742
  8913.25  1.01678967
  8914.09961  1.02826798
  8914.94922  1.02817118
  8915.7998  1.01449955
  8916.64941  1.00341964
  8917.5  1.00751138
  8918.34961  1.02825415
  8919.19922  1.02670646
  8920.0498  1.03536355
  8920.89941  1.04041934
  8921.75  1.03506339
  8922.59961  1.03220737
  8923.44922  1.03615963
  8924.2998  1.02247679
  8925.14941  1.00268555
  8926.  0.984353185
  8926.84961  0.973214149
  8927.69922  0.939475834
  8928.5498  0.893853545
  8929.39941  0.916940808
  8930.25  0.944445074
  8931.09961  0.992271364
  8931.94922  0.997405767
  8932.7998  0.959798872
  8933.64941  0.920589447
  8934.5  0.976995587
  8935.34961  1.00894904
  8936.19922  1.02149141
  8937.0498  1.03616846
  8937.89941  1.04678488
  8938.75  1.01217425
  8939.59961  0.959600091
  8940.44922  0.946462274
  8941.2998  0.954513192
  8942.14941  0.950973511
  8943.  0.9943856
  8943.84961  0.992248118
  8944.69922  0.967634618
  8945.5498  0.893382132
  8946.39941  0.856174648
  8947.25  0.925624013
  8948.09961  0.934985936
  8948.94922  0.963103652
  8949.7998  0.974090159
  8950.64941  0.901488781
  8951.5  0.843438387
  8952.34961  0.877360284
  8953.19922  0.844691873
  8954.0498  0.722342789
  8954.89941  0.779234469
  8955.75  0.938245773
  8956.59961  0.947286725
  8957.44922  0.903757274
  8958.2998  0.91039145
  8959.14941  0.987973213
  8960.  0.989764154
  8960.84961  0.883002996
  8961.69922  0.698974252
  8962.5498  0.624493122
  8963.39941  0.748129964
  8964.25  0.785209596
  8965.09961  0.701746285
  8965.94922  0.744402409
  8966.7998  0.876619816
  8967.64941  0.954176307
  8968.5  0.952092648
  8969.34961  0.891482294
  8970.19922  0.733842134
  8971.0498  0.613004446
  8971.89941  0.703994155
  8972.75  0.790022612
  8973.59961  0.733816445
  8974.44922  0.72007221
  8975.2998  0.818943679
  8976.14941  0.882103145
  8977.  0.924257338
  8977.84961  0.934480667
  8978.69922  0.85295105
  8979.5498  0.68086338
  8980.39941  0.644035757
  8981.25  0.80765599
  8982.09961  0.927905023
  8982.94922  0.944250524
  8983.7998  0.925289929
  8984.64941  0.866365612
  8985.5  0.700675607
  8986.34961  0.483485818
  8987.19922  0.401865184
  8988.0498  0.493559659
  8988.89941  0.564756453
  8989.75  0.524596393
  8990.59961  0.422401279
  8991.44922  0.432409614
  8992.2998  0.628471553
  8993.14941  0.80265069
  8994.  0.864704907
  8994.84961  0.878679037
  8995.69922  0.882270157
  8996.5498  0.873238683
  8997.39941  0.85152632
  8998.25  0.778165162
  8999.09961  0.601047218
  8999.94922  0.455199271
  9000.7998  0.588224709
  9001.64941  0.709123194
  9002.5  0.616335571
  9003.34961  0.495525181
  9004.19922  0.619229794
  9005.0498  0.696075082
  9005.89941  0.605163693
  9006.75  0.470483989
  9007.59961  0.508304775
  9008.44922  0.602036536
  9009.2998  0.651012242
  9010.14941  0.612337649
  9011.  0.500063002
  9011.84961  0.478190243
  9012.69922  0.558549106
  9013.5498  0.580049515
  9014.39941  0.554783821
  9015.25  0.458247125
  9016.09961  0.341156542
  9016.94922  0.414456308
  9017.7998  0.556144655
  9018.64941  0.65263176
  9019.5  0.695230126
