  8348.84961  1.05254281
  8349.69922  1.04022408
  8350.5498  1.01781797
  8351.39941  0.981146812
  8352.25  1.02706492
  8353.09961  1.06257832
  8353.94922  1.06334257
  8354.7998  1.03001893
  8355.64941  0.998330712
  8356.5  1.02114129
  8357.34961  1.04158771
  8358.19922  1.02142644
  8359.0498  0.963421464
  8359.89941  1.00299394
  8360.75  1.04762995
  8361.59961  1.05423117
  8362.44922  1.06450009
  8363.2998  1.03217006
  8364.14941  0.963604271
  8365.  0.990790069
  8365.84961  1.04317558
  8366.69922  1.07064438
  8367.5498  1.07475626
  8368.39941  1.05029392
  8369.25  1.02001286
  8370.09961  1.04627907
  8370.94922  1.07155716
  8371.7998  1.07016087
  8372.64941  1.06249309
  8373.5  1.0643425
  8374.34961  1.05986094
  8375.19922  1.02366841
  8376.0498  1.01121938
  8376.89941  1.02662778
  8377.75  1.00553811
  8378.59961  0.991792083
  8379.44922  1.02519274
  8380.2998  1.05803883
  8381.14941  1.06467056
  8382.  1.040712
  8382.84961  1.01883459
  8383.69922  1.03184915
  8384.5498  1.04748058
  8385.39941  1.03816664
  8386.25  1.00794339
  8387.09961  0.946363628
  8387.94922  0.919116378
  8388.7998  0.992401898
  8389.64941  1.03903484
  8390.5  1.0493772
  8391.34961  1.05455327
  8392.19922  1.04866576
  8393.0498  1.0578264
  8393.89941  1.06799924
  8394.75  1.06400311
  8395.59961  1.03621852
  8396.44922  1.01289904
  8397.2998  1.02987826
  8398.14941  1.04425657
  8399.  1.04103959
  8399.84961  1.04385662
  8400.69922  1.05265546
  8401.5498  1.04177153
  8402.39941  1.04229891
  8403.25  1.04983675
  8404.09961  1.0560106
  8404.94922  1.05760622
  8405.7998  1.05306947
  8406.64941  1.04319417
  8407.5  1.02502668
  8408.34961  1.04761696
  8409.19922  1.061957
  8410.0498  1.04344225
  8410.89941  1.01117229
  8411.75  0.99741441
  8412.59961  1.01348817
  8413.44922  1.04578745
  8414.2998  1.05899918
  8415.14941  1.05576181
  8416.  1.04741275
  8416.84961  1.02850175
  8417.69922  1.02555478
  8418.5498  1.03068626
  8419.39941  1.02501035
  8420.25  1.01436055
  8421.09961  1.02332985
  8421.94922  1.03125012
  8422.7998  1.03847325
  8423.64941  1.04812336
  8424.5  1.05520034
  8425.34961  1.04039538
  8426.19922  1.00861084
  8427.0498  1.00781798
  8427.89941  1.03372324
  8428.75  1.0430851
  8429.59961  1.03909183
  8430.44922  1.04560697
  8431.2998  1.05132103
  8432.14941  1.03982282
  8433.  1.02987874
  8433.84961  1.01258886
  8434.69922  0.970209479
  8435.5498  0.957928479
  8436.39941  1.00541186
  8437.25  1.03741729
  8438.09961  1.02483904
  8438.94922  1.00849462
  8439.7998  1.01942551
  8440.64941  1.04343724
  8441.5  1.0541805
  8442.34961  1.04864943
  8443.19922  1.04125798
  8444.0498  1.0480963
  8444.89941  1.04923236
  8445.75  1.05082476
  8446.59961  1.04205549
  8447.44922  1.0457952
  8448.2998  1.04998064
  8449.14941  1.05386972
  8450.  1.05634391
  8450.84961  1.04644179
  8451.69922  1.04734242
  8452.5498  1.04565942
  8453.39941  1.04419827
  8454.25  1.0406841
  8455.09961  1.04307151
  8455.94922  1.0461694
  8456.7998  1.0483253
  8457.64941  1.05004704
  8458.5  1.04005527
  8459.34961  1.05109251
  8460.19922  1.06036222
  8461.0498  1.0618639
  8461.89941  1.04271185
  8462.75  1.04687226
  8463.59961  1.05157971
  8464.44922  1.04767513
  8465.2998  1.04859412
  8466.14941  1.04944837
  8467.  1.0280267
  8467.84961  0.965683222
  8468.69922  0.969383001
  8469.5498  1.01885211
  8470.39941  1.04522276
  8471.25  1.05208004
  8472.09961  1.04076838
  8472.94922  1.04096746
  8473.7998  1.04722047
  8474.64941  1.0455898
  8475.5  1.04184592
  8476.34961  1.04575467
  8477.19922  1.05837965
  8478.0498  1.0636425
  8478.89941  1.05354214
  8479.75  1.04521191
  8480.59961  1.04043007
  8481.44922  1.0340066
  8482.2998  1.03968072
  8483.14941  1.05497432
  8484.  1.06335187
  8484.84961  1.05783749
  8485.69922  1.04925752
  8486.5498  1.04725611
  8487.39941  1.04007947
  8488.25  1.0278393
  8489.09961  1.02607679
  8489.94922  1.04195893
  8490.7998  1.04694688
  8491.64941  1.04546618
  8492.5  1.04369462
  8493.34961  1.03255093
  8494.19922  1.02286756
  8495.0498  1.01703322
  8495.89941  0.988462329
  8496.75  0.878162503
  8497.59961  0.697482109
  8498.44922  0.68653518
  8499.2998  0.877722323
  8500.14941  0.998184443
  8501.  1.02240264
  8501.84961  1.01538646
  8502.69922  1.01585221
  8503.5498  1.02860093
  8504.39941  1.04145074
  8505.25  1.04735446
  8506.09961  1.06267011
  8506.94922  1.05841076
  8507.7998  1.04220533
  8508.64941  1.04794669
  8509.5  1.04847336
  8510.34961  1.03913248
  8511.19922  1.03136015
  8512.0498  1.03614569
  8512.89941  1.02079701
  8513.75  0.940158665
  8514.59961  0.927000046
  8515.44922  0.989442945
  8516.2998  1.04172373
  8517.14941  1.04055274
  8518.  1.03479052
  8518.84961  1.04136837
  8519.69922  1.04696131
  8520.5498  1.04018545
  8521.39941  1.03065872
  8522.25  1.04050291
  8523.09961  1.03836334
  8523.94922  1.03802717
  8524.7998  1.03534353
  8525.64941  1.02809548
  8526.5  1.02028537
  8527.34961  1.02655256
  8528.19922  1.03205979
  8529.0498  1.03503621
  8529.89941  1.03405094
  8530.75  1.03745234
  8531.59961  1.04122627
  8532.44922  1.03896391
  8533.2998  1.02601385
  8534.14941  1.01852572
  8535.  1.01557004
  8535.84961  0.998262525
  8536.69922  0.978021145
  8537.5498  0.964687407
  8538.39941  0.939227164
  8539.25  0.888954401
  8540.09961  0.801947415
  8540.94922  0.633841038
  8541.7998  0.458991319
  8542.64941  0.491082788
  8543.5  0.686021984
  8544.34961  0.834961414
  8545.19922  0.91008085
  8546.0498  0.953935385
  8546.89941  0.982648253
  8547.75  0.994086742
  8548.59961  0.999754488
  8549.44922  1.00611508
  8550.2998  1.00910151
  8551.14941  1.01630366
  8552.  1.01887035
  8552.84961  1.01804638
  8553.69922  1.01933146
  8554.5498  1.02263761
  8555.39941  1.02135813
  8556.25  1.01154649
  8557.09961  1.00531459
  8557.94922  1.01562893
  8558.7998  1.02864051
  8559.64941  1.03169119
  8560.5  1.0297761
  8561.34961  1.03549027
  8562.19922  1.04346061
  8563.0498  1.04643631
  8563.89941  1.04042256
  8564.75  1.03429413
  8565.59961  1.03756738
  8566.44922  1.04458356
  8567.2998  1.05095482
  8568.14941  1.0513159
  8569.  1.04313314
  8569.84961  1.03974485
  8570.69922  1.04287839
  8571.5498  1.04056621
  8572.39941  1.03428495
  8573.25  1.02476513
  8574.09961  1.0268656
  8574.94922  1.03257775
  8575.7998  1.04308593
  8576.64941  1.03566682
  8577.5  1.03610253
  8578.34961  1.04209375
  8579.19922  1.04036438
  8580.0498  1.03541577
  8580.89941  1.02636886
  8581.75  1.00507641
  8582.59961  1.00688601
  8583.44922  1.02302063
  8584.2998  1.02543724
  8585.14941  1.01609492
  8586.  1.02029216
  8586.84961  1.02571785
  8587.69922  1.02992094
  8588.5498  1.02689314
  8589.39941  1.03449905
  8590.25  1.03460479
  8591.09961  1.02247107
  8591.94922  1.02767944
  8592.7998  1.03919542
  8593.64941  1.02656615
  8594.5  1.02586329
  8595.34961  1.02693617
  8596.19922  1.02382553
  8597.0498  1.01781619
  8597.89941  1.01342332
  8598.75  1.02486455
  8599.59961  1.03598058
  8600.44922  1.04059958
  8601.2998  1.03653276
  8602.14941  1.02833903
  8603.  1.02793574
  8603.84961  1.02825475
  8604.69922  1.03331649
  8605.5498  1.0388993
  8606.39941  1.03728414
  8607.25  1.0329721
  8608.09961  1.03060436
  8608.94922  1.03376114
  8609.7998  1.02894986
  8610.64941  1.00902367
  8611.5  0.977487683
  8612.34961  0.991664886
  8613.19922  1.02168286
  8614.0498  1.03304493
  8614.89941  1.02882802
  8615.75  1.02741528
  8616.59961  1.02868295
  8617.44922  1.03480065
  8618.2998  1.04179645
  8619.14941  1.03951406
  8620.  1.03262043
  8620.84961  1.00752032
  8621.69922  1.00181639
  8622.5498  1.01635122
  8623.39941  1.02216554
  8624.25  1.02913046
  8625.09961  1.0337652
  8625.94922  1.03320277
  8626.7998  1.03151262
  8627.64941  1.03557277
  8628.5  1.03530991
  8629.34961  1.03105259
  8630.19922  1.03339517
  8631.0498  1.03252375
  8631.89941  1.03100157
  8632.75  1.03490424
  8633.59961  1.03594065
  8634.44922  1.03657115
  8635.2998  1.0313592
  8636.14941  1.02269018
  8637.  1.02622604
  8637.84961  1.03391647
  8638.69922  1.03496647
  8639.5498  1.02353811
  8640.39941  1.02104568
  8641.25  1.02303255
  8642.09961  1.02274287
  8642.94922  1.02266443
  8643.7998  1.01633966
  8644.64941  1.01355743
  8645.5  1.01952899
  8646.34961  1.01962924
  8647.19922  1.01775265
  8648.0498  1.01209188
  8648.89941  1.01698983
  8649.75  1.02350795
  8650.59961  1.01430571
  8651.44922  1.01181424
  8652.2998  1.01410758
  8653.14941  1.01611733
  8654.  1.01320875
  8654.84961  1.00406349
  8655.69922  0.999928117
  8656.5498  1.00205147
  8657.39941  0.997055352
  8658.25  0.978139043
  8659.09961  0.942386925
  8659.94922  0.8771227
  8660.7998  0.719540417
  8661.64941  0.520025969
  8662.5  0.514105678
  8663.34961  0.717827499
  8664.19922  0.871400356
  8665.0498  0.933540463
  8665.89941  0.960003257
  8666.75  0.970970809
  8667.59961  0.991312504
  8668.44922  0.999973714
  8669.2998  0.995691121
  8670.14941  0.997598946
  8671.  1.0073849
  8671.84961  1.0069021
  8672.69922  1.00583673
  8673.5498  0.995558977
  8674.39941  0.948604941
  8675.25  0.953821421
  8676.09961  0.989618421
  8676.94922  1.00077486
  8677.7998  0.996649623
  8678.64941  1.00573611
  8679.5  1.00226021
  8680.34961  1.01253211
  8681.19922  1.02072191
  8682.0498  1.02351022
  8682.89941  1.0010066
  8683.75  1.00650179
  8684.59961  1.01354921
  8685.44922  1.01333594
  8686.2998  1.00898075
  8687.14941  0.993657887
  8688.  0.932860255
  8688.84961  0.916079044
  8689.69922  0.979110897
  8690.5498  1.01315522
  8691.39941  1.01233864
  8692.25  1.01467097
  8693.09961  1.01938236
  8693.94922  1.02195358
  8694.7998  1.01122177
  8695.64941  1.00825465
  8696.5  1.01529443
  8697.34961  1.01032233
  8698.19922  1.00189829
  8699.0498  0.997144043
  8699.89941  1.00901425
  8700.75  1.01123512
  8701.59961  1.00527656
  8702.44922  1.00219154
  8703.2998  1.01099288
  8704.14941  1.00682902
  8705.  1.01040912
  8705.84961  1.00855696
  8706.69922  1.00748765
  8707.5498  1.0244503
  8708.39941  1.01784658
  8709.25  1.00306296
  8710.09961  0.987772942
  8710.94922  0.990443349
  8711.7998  0.985656261
  8712.64941  0.974757671
  8713.5  0.978031397
  8714.34961  0.988514781
  8715.19922  0.998955071
  8716.0498  1.0015192
  8716.89941  1.00139952
  8717.75  0.997413397
  8718.59961  0.996652663
  8719.44922  1.00866199
  8720.2998  1.00186217
  8721.14941  0.99845463
  8722.  1.00655937
  8722.84961  1.01164627
  8723.69922  1.00658584
  8724.5498  0.997974992
  8725.39941  0.989942551
  8726.25  0.997067094
  8727.09961  1.00191998
  8727.94922  1.00079906
  8728.7998  0.992074907
  8729.64941  0.990701079
  8730.5  0.995706022
  8731.34961  1.01247621
  8732.19922  1.01719725
  8733.0498  1.02136934
  8733.89941  1.01348746
  8734.75  0.995975137
  8735.59961  0.973707139
  8736.44922  0.973536134
  8737.2998  0.995610654
  8738.14941  0.993075907
  8739.  0.9947806
  8739.84961  1.00358784
  8740.69922  1.00956893
  8741.5498  0.999530852
  8742.39941  0.99250263
  8743.25  0.995898366
  8744.09961  0.995450675
  8744.94922  1.00091898
  8745.7998  1.01471579
  8746.64941  1.01585042
  8747.5  1.00182128
  8748.34961  0.995785594
  8749.19922  0.994976163
  8750.0498  0.981374741
  8750.89941  0.980167627
  8751.75  0.977829278
  8752.59961  0.989553571
  8753.44922  1.00733483
  8754.2998  1.01484275
  8755.14941  1.00912654
  8756.  0.991932034
  8756.84961  0.957724512
  8757.69922  0.979512334
  8758.5498  1.00673795
  8759.39941  1.01591432
  8760.25  1.01988113
  8761.09961  1.01502049
  8761.94922  1.01050723
  8762.7998  1.00132203
  8763.64941  0.98408705
  8764.5  0.987781763
  8765.34961  1.0027976
  8766.19922  1.00182903
  8767.0498  1.00043297
  8767.89941  1.01303625
  8768.75  1.01244509
  8769.59961  1.0086025
  8770.44922  1.0059253
  8771.2998  1.00121784
  8772.14941  0.997186124
  8773.  0.999621749
  8773.84961  1.00622416
  8774.69922  1.00992179
  8775.5498  1.02078462
  8776.39941  1.02048862
  8777.25  1.02042449
  8778.09961  1.01664174
  8778.94922  1.00937402
  8779.7998  0.998407245
  8780.64941  0.988191485
  8781.5  0.992541611
  8782.34961  1.00035059
  8783.19922  0.999676168
  8784.0498  0.993589938
  8784.89941  0.997365236
  8785.75  1.00000107
  8786.59961  1.00159574
  8787.44922  1.00361836
  8788.2998  1.0058893
  8789.14941  1.00277627
  8790.  0.993198335
  8790.84961  0.990743995
  8791.69922  0.994311571
  8792.5498  0.988173187
  8793.39941  0.990670562
  8794.25  1.00234079
  8795.09961  1.0100522
  8795.94922  1.01282024
  8796.7998  1.0054729
  8797.64941  1.00040269
  8798.5  0.998664975
  8799.34961  0.996588826
  8800.19922  0.995833337
  8801.0498  0.996601582
  8801.89941  0.989658296
  8802.75  0.985166192
  8803.59961  0.972450078
  8804.44922  0.959911704
  8805.2998  0.945096731
  8806.14941  0.868415236
  8807.  0.887969255
  8807.84961  0.961871564
  8808.69922  1.00477529
  8809.5498  1.00605977
  8810.39941  1.00001061
  8811.25  1.001266
  8812.09961  0.996597409
  8812.94922  0.984505177
  8813.7998  0.987558246
  8814.64941  1.00441658
  8815.5  1.00959063
  8816.34961  1.00181961
  8817.19922  0.99684757
  8818.0498  0.985517681
  8818.89941  0.98183316
  8819.75  0.983745337
  8820.59961  0.979207814
  8821.44922  0.97254771
  8822.2998  0.976143956
  8823.14941  0.946446478
  8824.  0.886029959
  8824.84961  0.924768507
  8825.69922  0.97019583
  8826.5498  0.97612673
  8827.39941  0.976949692
  8828.25  0.985696554
  8829.09961  0.987097859
  8829.94922  0.974066913
  8830.7998  0.977474511
  8831.64941  0.977485716
  8832.5  0.972408056
  8833.34961  0.975303054
  8834.19922  0.980333745
  8835.0498  0.98677963
  8835.89941  0.985912144
  8836.75  0.972532988
  8837.59961  0.93870908
  8838.44922  0.928328633
  8839.2998  0.967148364
  8840.14941  0.984297752
  8841.  0.988672316
  8841.84961  0.989259779
  8842.69922  0.982067168
  8843.5498  0.977716327
  8844.39941  0.98700583
  8845.25  0.983885765
  8846.09961  0.978687048
  8846.94922  0.984956741
  8847.7998  0.978809297
  8848.64941  0.976714432
  8849.5  0.993342221
  8850.34961  0.998244584
  8851.19922  0.990687668
  8852.0498  0.986712158
  8852.89941  0.990015149
  8853.75  0.996088266
  8854.59961  0.988712728
  8855.44922  0.988779724
  8856.2998  0.994373798
  8857.14941  0.989485204
  8858.  0.981736839
  8858.84961  0.969448268
  8859.69922  0.960642397
  8860.5498  0.954475582
  8861.39941  0.961972594
  8862.25  0.968075156
  8863.09961  0.981951296
  8863.94922  0.988787413
  8864.7998  1.00189662
  8865.64941  0.991100013
  8866.5  0.962430358
  8867.34961  0.964453101
  8868.19922  0.959606588
  8869.0498  0.992246687
  8869.89941  0.995017231
  8870.75  0.986423969
  8871.59961  0.986071527
  8872.44922  0.994647384
  8873.2998  0.999302149
  8874.14941  0.992192924
  8875.  0.985261977
  8875.84961  0.972960174
  8876.69922  0.974776864
  8877.5498  0.981260836
  8878.39941  0.98891145
  8879.25  0.989623308
  8880.09961  0.978802681
  8880.94922  0.959857404
  8881.7998  0.959977984
  8882.64941  0.977357924
  8883.5  0.976590633
  8884.34961  0.984021306
  8885.19922  0.993608654
  8886.0498  0.988096416
  8886.89941  0.993746698
  8887.75  1.01026475
  8888.59961  1.00864708
  8889.44922  0.999045432
  8890.2998  0.990798235
  8891.14941  0.989709139
  8892.  0.995912433
  8892.84961  0.991184473
  8893.69922  0.985765398
  8894.5498  0.987664521
  8895.39941  0.986721098
  8896.25  0.982136846
  8897.09961  0.994853437
  8897.94922  0.99710691
  8898.7998  0.986978054
  8899.64941  0.989189088
  8900.5  0.986843526
  8901.34961  0.977495134
  8902.19922  0.97077781
  8903.0498  0.98096019
  8903.89941  0.989859104
  8904.75  0.99175787
  8905.59961  1.00066745
  8906.44922  0.998763859
  8907.2998  0.993039727
  8908.14941  0.992889524
  8909.  0.985825539
  8909.84961  0.97298497
  8910.69922  0.973078966
  8911.5498  0.973505497
  8912.39941  0.969861209
  8913.25  0.965146184
  8914.09961  0.980662704
  8914.94922  0.993540287
  8915.7998  0.991155744
  8916.64941  0.993815422
  8917.5  0.994062901
  8918.34961  0.976783991
  8919.19922  0.959857225
  8920.0498  0.973593414
  8920.89941  0.993411005
  8921.75  0.991809309
  8922.59961  0.984340131
  8923.44922  0.986301661
  8924.2998  0.996474862
  8925.14941  0.998927236
  8926.  0.991854906
  8926.84961  0.972406566
  8927.69922  0.961518526
  8928.5498  0.966700256
  8929.39941  0.980039537
  8930.25  0.945703924
  8931.09961  0.882938862
  8931.94922  0.879513443
  8932.7998  0.91889888
  8933.64941  0.961419702
  8934.5  0.975995481
  8935.34961  0.934247077
  8936.19922  0.903258443
  8937.0498  0.931931555
  8937.89941  0.956537664
  8938.75  0.979124188
  8939.59961  0.99754405
  8940.44922  1.00049484
  8941.2998  0.963686764
  8942.14941  0.917546272
  8943.  0.916619778
  8943.84961  0.906655014
  8944.69922  0.908027649
  8945.5498  0.922082722
  8946.39941  0.942748547
  8947.25  0.934121847
  8948.09961  0.859156251
  8948.94922  0.857927918
  8949.7998  0.898742437
  8950.64941  0.906244874
  8951.5  0.939056039
  8952.34961  0.939110279
  8953.19922  0.872205853
  8954.0498  0.834180117
  8954.89941  0.868336082
  8955.75  0.807655513
  8956.59961  0.704482019
  8957.44922  0.798496902
  8958.2998  0.917299151
  8959.14941  0.937164783
  8960.  0.884818196
  8960.84961  0.898669779
  8961.69922  0.939052224
  8962.5498  0.935946763
  8963.39941  0.847391248
  8964.25  0.657408893
  8965.09961  0.627183974
  8965.94922  0.748414397
  8966.7998  0.756976008
  8967.64941  0.705589354
  8968.5  0.761341572
  8969.34961  0.886138022
  8970.19922  0.936532319
  8971.0498  0.937402964
  8971.89941  0.894728661
  8972.75  0.712572455
  8973.59961  0.612811387
  8974.44922  0.722973585
  8975.2998  0.783805549
  8976.14941  0.708359063
  8977.  0.751800835
  8977.84961  0.844240189
  8978.69922  0.885630548
  8979.5498  0.932736635
  8980.39941  0.954829037
  8981.25  0.875477552
  8982.09961  0.680671573
  8982.94922  0.68505919
  8983.7998  0.862559199
  8984.64941  0.966805458
  8985.5  0.98667109
  8986.34961  0.991767526
  8987.19922  0.958857656
  8988.0498  0.782805622
  8988.89941  0.521655858
  8989.75  0.439981252
  8990.59961  0.561504364
  8991.44922  0.613519251
  8992.2998  0.579158247
  8993.14941  0.454434484
  8994.  0.485237658
  8994.84961  0.722297788
  8995.69922  0.890230656
  8996.5498  0.948757946
  8997.39941  0.946385801
  8998.25  0.921947062
  8999.09961  0.892387271
  8999.94922  0.903297186
  9000.7998  0.862991035
  9001.64941  0.664152324
  9002.5  0.536047935
  9003.34961  0.717588723
  9004.19922  0.841271639
  9005.0498  0.714893401
  9005.89941  0.613139451
  9006.75  0.769261837
  9007.59961  0.85311538
  9008.44922  0.736732006
  9009.2998  0.609220862
  9010.14941  0.665050507
  9011.  0.78802222
  9011.84961  0.867276132
  9012.69922  0.832268834
  9013.5498  0.710475385
  9014.39941  0.724069595
  9015.25  0.859705925
  9016.09961  0.92874223
  9016.94922  0.893054724
  9017.7998  0.696007133
  9018.64941  0.54459852
  9019.5  0.646407545
