  8348.84961  0.992396832
  8349.69922  1.04322696
  8350.5498  1.07809699
  8351.39941  1.08001733
  8352.25  1.04905248
  8353.09961  1.02332306
  8353.94922  1.02720761
  8354.7998  1.01834488
  8355.64941  0.995069385
  8356.5  0.997060955
  8357.34961  1.01027
  8358.19922  1.01919675
  8359.0498  1.04630899
  8359.89941  1.04912472
  8360.75  1.03433204
  8361.59961  1.03298366
  8362.44922  1.01695466
  8363.2998  0.985790372
  8364.14941  0.996188879
  8365.  1.01731861
  8365.84961  1.02124536
  8366.69922  1.06254733
  8367.5498  1.10117543
  8368.39941  1.09422767
  8369.25  1.05958247
  8370.09961  1.04450357
  8370.94922  1.03164852
  8371.7998  1.02026081
  8372.64941  1.0140413
  8373.5  1.03483737
  8374.34961  1.069695
  8375.19922  1.05916846
  8376.0498  1.01469707
  8376.89941  0.983679056
  8377.75  0.996052444
  8378.59961  1.05907774
  8379.44922  1.11520207
  8380.2998  1.13176894
  8381.14941  1.07849574
  8382.  0.961090922
  8382.84961  0.91826582
  8383.69922  0.976041257
  8384.5498  1.03086686
  8385.39941  1.04133928
  8386.25  0.991911888
  8387.09961  0.923078656
  8387.94922  0.925352514
  8388.7998  0.981039762
  8389.64941  1.00354493
  8390.5  1.02848029
  8391.34961  1.0688262
  8392.19922  1.10481369
  8393.0498  1.10271573
  8393.89941  1.06568789
  8394.75  1.06551838
  8395.59961  1.05417788
  8396.44922  1.01039088
  8397.2998  1.01115549
  8398.14941  1.05391991
  8399.  1.08673632
  8399.84961  1.09941018
  8400.69922  1.07261693
  8401.5498  1.03299034
  8402.39941  1.04920495
  8403.25  1.07118189
  8404.09961  1.06120682
  8404.94922  1.05090249
  8405.7998  1.06927729
  8406.64941  1.07243478
  8407.5  1.04295063
  8408.34961  1.05016625
  8409.19922  1.08309138
  8410.0498  1.07093906
  8410.89941  1.02526844
  8411.75  0.987589419
  8412.59961  0.987728834
  8413.44922  1.01703703
  8414.2998  1.05019176
  8415.14941  1.07643318
  8416.  1.06391478
  8416.84961  1.02435517
  8417.69922  1.02846467
  8418.5498  1.03864312
  8419.39941  1.02483356
  8420.25  1.03589761
  8421.09961  1.05403972
  8421.94922  1.03919089
  8422.7998  1.02047455
  8423.64941  1.03083241
  8424.5  1.03132629
  8425.34961  0.977957308
  8426.19922  0.925564349
  8427.0498  0.974173009
  8427.89941  1.06391346
  8428.75  1.08615351
  8429.59961  1.07760501
  8430.44922  1.08626866
  8431.2998  1.09737313
  8432.14941  1.08697712
  8433.  1.05108893
  8433.84961  0.98652935
  8434.69922  0.894773662
  8435.5498  0.901695967
  8436.39941  1.001068
  8437.25  1.041134
  8438.09961  1.01269639
  8438.94922  0.951875687
  8439.7998  0.950814605
  8440.64941  0.983050168
  8441.5  1.02111769
  8442.34961  1.06019664
  8443.19922  1.06252182
  8444.0498  1.06112981
  8444.89941  1.05466378
  8445.75  1.01366425
  8446.59961  0.989344418
  8447.44922  1.02485025
  8448.2998  1.05767941
  8449.14941  1.03926432
  8450.  0.99983263
  8450.84961  1.02548218
  8451.69922  1.08414316
  8452.5498  1.10634148
  8453.39941  1.09464753
  8454.25  1.06631136
  8455.09961  1.02685416
  8455.94922  1.00471056
  8456.7998  1.01120424
  8457.64941  1.04159892
  8458.5  1.05964351
  8459.34961  1.04335141
  8460.19922  1.0451504
  8461.0498  1.07624447
  8461.89941  1.0893259
  8462.75  1.0823288
  8463.59961  1.07117796
  8464.44922  1.03588045
  8465.2998  0.987837195
  8466.14941  0.9888587
  8467.  1.00612044
  8467.84961  0.967084408
  8468.69922  0.958972514
  8469.5498  1.02561879
  8470.39941  1.05807185
  8471.25  1.0281527
  8472.09961  1.02143013
  8472.94922  1.06270647
  8473.7998  1.10313034
  8474.64941  1.11652076
  8475.5  1.0907737
  8476.34961  1.06173491
  8477.19922  1.06085598
  8478.0498  1.07178402
  8478.89941  1.07181489
  8479.75  1.04354906
  8480.59961  1.01725435
  8481.44922  1.01064408
  8482.2998  1.01621425
  8483.14941  1.06179476
  8484.  1.08245718
  8484.84961  1.07971191
  8485.69922  1.08896947
  8486.5498  1.06903219
  8487.39941  1.02227962
  8488.25  1.00933456
  8489.09961  1.05701566
  8489.94922  1.08299339
  8490.7998  1.07669401
  8491.64941  1.04813743
  8492.5  1.03548861
  8493.34961  1.03765941
  8494.19922  1.03682959
  8495.0498  1.01158166
  8495.89941  0.927706718
  8496.75  0.772838295
  8497.59961  0.622931182
  8498.44922  0.646989346
  8499.2998  0.8048805
  8500.14941  0.922289133
  8501.  0.961100996
  8501.84961  0.954410434
  8502.69922  0.957472265
  8503.5498  0.981938243
  8504.39941  1.00004601
  8505.25  1.02271152
  8506.09961  1.07209516
  8506.94922  1.0991888
  8507.7998  1.08971632
  8508.64941  1.0809654
  8509.5  1.06291878
  8510.34961  1.03753996
  8511.19922  1.02770138
  8512.0498  1.02411747
  8512.89941  0.987046838
  8513.75  0.919678509
  8514.59961  0.899618864
  8515.44922  0.949981511
  8516.2998  0.99987191
  8517.14941  0.986882269
  8518.  0.960758209
  8518.84961  1.00187314
  8519.69922  1.04912984
  8520.5498  1.03261817
  8521.39941  1.01663041
  8522.25  1.02731395
  8523.09961  1.02910888
  8523.94922  1.03281999
  8524.7998  1.02255285
  8525.64941  0.990087926
  8526.5  0.976726651
  8527.34961  0.995795786
  8528.19922  1.02644324
  8529.0498  1.03890014
  8529.89941  1.03091598
  8530.75  1.02197599
  8531.59961  1.02919436
  8532.44922  1.03546405
  8533.2998  1.02975464
  8534.14941  1.02638125
  8535.  1.00779355
  8535.84961  0.950512171
  8536.69922  0.923322856
  8537.5498  0.900547981
  8538.39941  0.853186429
  8539.25  0.807378411
  8540.09961  0.719695747
  8540.94922  0.574685574
  8541.7998  0.428566396
  8542.64941  0.469403654
  8543.5  0.653490245
  8544.34961  0.796134472
  8545.19922  0.882944345
  8546.0498  0.919185638
  8546.89941  0.930012643
  8547.75  0.919598758
  8548.59961  0.927842319
  8549.44922  0.964007795
  8550.2998  0.98209995
  8551.14941  1.00121212
  8552.  1.04731774
  8552.84961  1.07087994
  8553.69922  1.04874003
  8554.5498  0.99625057
  8555.39941  0.974082649
  8556.25  0.974624574
  8557.09961  1.00037825
  8557.94922  1.05047798
  8558.7998  1.04417241
  8559.64941  1.02767789
  8560.5  1.0264647
  8561.34961  1.02775037
  8562.19922  1.03779471
  8563.0498  1.04044056
  8563.89941  1.03003228
  8564.75  1.02082849
  8565.59961  1.02646828
  8566.44922  1.04551125
  8567.2998  1.04084694
  8568.14941  1.02524018
  8569.  1.02155828
  8569.84961  1.03499603
  8570.69922  1.03975165
  8571.5498  1.03435981
  8572.39941  1.03446388
  8573.25  1.02226651
  8574.09961  1.00578904
  8574.94922  1.00169623
  8575.7998  1.0154953
  8576.64941  1.04431033
  8577.5  1.06582892
  8578.34961  1.07257211
  8579.19922  1.06954324
  8580.0498  1.06515574
  8580.89941  1.04734874
  8581.75  0.989558399
  8582.59961  0.95118165
  8583.44922  0.98802489
  8584.2998  1.02877998
  8585.14941  1.02991283
  8586.  1.02583122
  8586.84961  1.03659046
  8587.69922  1.03700483
  8588.5498  1.01938903
  8589.39941  1.01756442
  8590.25  1.02504194
  8591.09961  1.0187031
  8591.94922  1.01330519
  8592.7998  1.01771283
  8593.64941  1.05185139
  8594.5  1.07248616
  8595.34961  1.05516839
  8596.19922  1.03441322
  8597.0498  1.01629782
  8597.89941  1.01510382
  8598.75  1.02956212
  8599.59961  1.06126487
  8600.44922  1.08782303
  8601.2998  1.07961917
  8602.14941  1.05574787
  8603.  1.02802134
  8603.84961  1.02972937
  8604.69922  1.02490795
  8605.5498  1.02748883
  8606.39941  1.04358101
  8607.25  1.04738581
  8608.09961  1.04545701
  8608.94922  1.03405941
  8609.7998  1.00764108
  8610.64941  1.00062025
  8611.5  0.970259964
  8612.34961  0.988078594
  8613.19922  1.04005051
  8614.0498  1.04280734
  8614.89941  1.05727637
  8615.75  1.05746758
  8616.59961  1.05371261
  8617.44922  1.07366312
  8618.2998  1.06628954
  8619.14941  1.05845118
  8620.  1.06934309
  8620.84961  1.03944719
  8621.69922  1.00173032
  8622.5498  1.00931227
  8623.39941  1.04027367
  8624.25  1.08171368
  8625.09961  1.09196639
  8625.94922  1.06414616
  8626.7998  1.05678082
  8627.64941  1.06758416
  8628.5  1.05255747
  8629.34961  1.04184735
  8630.19922  1.05398238
  8631.0498  1.0464493
  8631.89941  1.02534842
  8632.75  1.02666521
  8633.59961  1.02483404
  8634.44922  1.02833569
  8635.2998  1.06586587
  8636.14941  1.05996478
  8637.  1.03350687
  8637.84961  1.03734016
  8638.69922  1.04892957
  8639.5498  1.05453789
  8640.39941  1.03838241
  8641.25  1.01438665
  8642.09961  0.999809682
  8642.94922  1.00388455
  8643.7998  1.02421331
  8644.64941  1.05155277
  8645.5  1.05538976
  8646.34961  1.04320943
  8647.19922  1.02642
  8648.0498  0.9854002
  8648.89941  0.951551616
  8649.75  0.978602231
  8650.59961  1.02140689
  8651.44922  1.03160191
  8652.2998  1.02883577
  8653.14941  1.02333188
  8654.  1.00251997
  8654.84961  0.997777283
  8655.69922  1.01650596
  8656.5498  1.01098597
  8657.39941  0.974938273
  8658.25  0.94306314
  8659.09961  0.904708266
  8659.94922  0.825676978
  8660.7998  0.681783199
  8661.64941  0.517502069
  8662.5  0.484989405
  8663.34961  0.622583568
  8664.19922  0.775598466
  8665.0498  0.87365365
  8665.89941  0.93545264
  8666.75  0.967173576
  8667.59961  0.970689893
  8668.44922  0.967051566
  8669.2998  0.985848904
  8670.14941  1.00537527
  8671.  0.998009384
  8671.84961  0.984550238
  8672.69922  0.984413207
  8673.5498  0.963115036
  8674.39941  0.913348496
  8675.25  0.91719979
  8676.09961  0.998401999
  8676.94922  1.04836333
  8677.7998  1.03773701
  8678.64941  1.01450706
  8679.5  0.984589279
  8680.34961  0.977488577
  8681.19922  0.995933414
  8682.0498  0.993838012
  8682.89941  0.974076211
  8683.75  0.993935227
  8684.59961  1.04828882
  8685.44922  1.06535399
  8686.2998  1.02789855
  8687.14941  0.968853474
  8688.  0.888118029
  8688.84961  0.829797506
  8689.69922  0.894990385
  8690.5498  0.996872246
  8691.39941  1.02531469
  8692.25  1.01459575
  8693.09961  1.02708554
  8693.94922  1.05404353
  8694.7998  1.04655731
  8695.64941  1.05241823
  8696.5  1.04925287
  8697.34961  1.02775621
  8698.19922  0.999219775
  8699.0498  0.974995494
  8699.89941  0.992961824
  8700.75  1.02342808
  8701.59961  1.01489937
  8702.44922  0.990748823
  8703.2998  0.980102181
  8704.14941  0.990908325
  8705.  1.009462
  8705.84961  1.02822208
  8706.69922  1.02730715
  8707.5498  1.03104353
  8708.39941  1.04258072
  8709.25  1.00442517
  8710.09961  0.957967281
  8710.94922  0.983406126
  8711.7998  0.993845463
  8712.64941  0.946105361
  8713.5  0.938800633
  8714.34961  0.999840498
  8715.19922  1.05523336
  8716.0498  1.04954278
  8716.89941  1.03253472
  8717.75  1.00153649
  8718.59961  0.991049767
  8719.44922  1.02065206
  8720.2998  1.02246594
  8721.14941  1.02121544
  8722.  1.02915955
  8722.84961  1.03850782
  8723.69922  1.0187571
  8724.5498  1.01444376
  8725.39941  1.03496885
  8726.25  1.04311371
  8727.09961  1.03868032
  8727.94922  0.983120978
  8728.7998  0.954271853
  8729.64941  0.965822279
  8730.5  0.974568903
  8731.34961  0.996190071
  8732.19922  1.036201
  8733.0498  1.05066168
  8733.89941  1.03102756
  8734.75  0.996173084
  8735.59961  0.952790558
  8736.44922  0.947671235
  8737.2998  0.985327005
  8738.14941  1.00098407
  8739.  1.02366269
  8739.84961  1.04317319
  8740.69922  1.00880635
  8741.5498  0.985435903
  8742.39941  1.02289915
  8743.25  1.03281629
  8744.09961  1.04438674
  8744.94922  1.04240906
  8745.7998  1.02434409
  8746.64941  1.02099478
  8747.5  1.00844789
  8748.34961  1.01775551
  8749.19922  1.03436363
  8750.0498  1.02805126
  8750.89941  0.997972965
  8751.75  0.939992607
  8752.59961  0.952778518
  8753.44922  1.01938844
  8754.2998  1.03726482
  8755.14941  1.02968299
  8756.  1.01267946
  8756.84961  0.949202299
  8757.69922  0.951119602
  8758.5498  1.02599573
  8759.39941  1.03407264
  8760.25  1.04796231
  8761.09961  1.05325449
  8761.94922  1.03826773
  8762.7998  1.02053225
  8763.64941  0.985165298
  8764.5  0.981386423
  8765.34961  1.01960456
  8766.19922  1.00008571
  8767.0498  0.986695707
  8767.89941  1.0251739
  8768.75  1.05212665
  8769.59961  1.04610395
  8770.44922  1.01775312
  8771.2998  1.00672233
  8772.14941  1.00957847
  8773.  0.978611887
  8773.84961  0.954218447
  8774.69922  0.975043952
  8775.5498  1.02138984
  8776.39941  1.0458771
  8777.25  1.05762017
  8778.09961  1.03357577
  8778.94922  1.01365662
  8779.7998  1.02492452
  8780.64941  1.04162574
  8781.5  1.05338144
  8782.34961  1.07206881
  8783.19922  1.04584527
  8784.0498  1.01052904
  8784.89941  1.01077652
  8785.75  1.04118824
  8786.59961  1.06357229
  8787.44922  1.07190228
  8788.2998  1.06977057
  8789.14941  1.03979337
  8790.  0.980291009
  8790.84961  0.98819679
  8791.69922  1.04639637
  8792.5498  1.00329244
  8793.39941  0.955107272
  8794.25  1.00222242
  8795.09961  1.04741335
  8795.94922  1.01283169
  8796.7998  0.998927414
  8797.64941  1.03206718
  8798.5  1.03964078
  8799.34961  1.03907144
  8800.19922  1.05266666
  8801.0498  1.06290495
  8801.89941  1.06598616
  8802.75  1.065148
  8803.59961  1.02918911
  8804.44922  0.968619347
  8805.2998  0.932484925
  8806.14941  0.850181341
  8807.  0.768489301
  8807.84961  0.852620959
  8808.69922  0.955838919
  8809.5498  0.99965775
  8810.39941  1.04328549
  8811.25  1.08799613
  8812.09961  1.07304871
  8812.94922  1.02167165
  8813.7998  1.0119257
  8814.64941  1.03150129
  8815.5  1.03608358
  8816.34961  1.0442735
  8817.19922  1.05544388
  8818.0498  1.05520964
  8818.89941  1.01571023
  8819.75  0.990946054
  8820.59961  1.01145363
  8821.44922  1.03329718
  8822.2998  1.02944028
  8823.14941  1.00012124
  8824.  0.9023211
  8824.84961  0.879263759
  8825.69922  0.995731115
  8826.5498  1.03219163
  8827.39941  1.03972471
  8828.25  1.03599012
  8829.09961  1.0283637
  8829.94922  1.04845476
  8830.7998  1.05079937
  8831.64941  1.03634858
  8832.5  1.02457452
  8833.34961  1.01672924
  8834.19922  1.02582049
  8835.0498  1.02392793
  8835.89941  1.00835598
  8836.75  0.994610608
  8837.59961  0.994312465
  8838.44922  0.967762113
  8839.2998  0.9807266
  8840.14941  1.02843463
  8841.  1.01802695
  8841.84961  0.998369932
  8842.69922  1.01165426
  8843.5498  1.03160751
  8844.39941  1.03926706
  8845.25  1.02302694
  8846.09961  1.01666987
  8846.94922  1.01540029
  8847.7998  1.01997244
  8848.64941  1.02989936
  8849.5  1.03087938
  8850.34961  1.04624414
  8851.19922  1.05070508
  8852.0498  1.04253471
  8852.89941  1.02544248
  8853.75  1.01682878
  8854.59961  1.01872146
  8855.44922  1.02276492
  8856.2998  1.02370739
  8857.14941  1.01812363
  8858.  1.01789987
  8858.84961  1.02703106
  8859.69922  1.01691306
  8860.5498  1.03428721
  8861.39941  1.01994181
  8862.25  0.959936976
  8863.09961  0.952003539
  8863.94922  0.991778076
  8864.7998  1.02762854
  8865.64941  1.02069807
  8866.5  0.960844874
  8867.34961  0.927331567
  8868.19922  0.948952079
  8869.0498  0.992561162
  8869.89941  1.05837142
  8870.75  1.06200218
  8871.59961  1.04799831
  8872.44922  1.05518568
  8873.2998  1.06043255
  8874.14941  1.05258167
  8875.  1.04971635
  8875.84961  1.01545477
  8876.69922  1.00623512
  8877.5498  1.02614903
  8878.39941  0.99537015
  8879.25  0.98218143
  8880.09961  1.03856409
  8880.94922  1.04279912
  8881.7998  1.02343547
  8882.64941  1.03046227
  8883.5  1.02392781
  8884.34961  1.0131948
  8885.19922  1.04246402
  8886.0498  1.07111597
  8886.89941  1.06285179
  8887.75  1.0559957
  8888.59961  1.06451559
  8889.44922  1.05740619
  8890.2998  1.06417358
  8891.14941  1.04963553
  8892.  1.00891709
  8892.84961  1.01153374
  8893.69922  1.04388762
  8894.5498  1.07210279
  8895.39941  1.0585357
  8896.25  1.03514528
  8897.09961  1.0297153
  8897.94922  1.04567361
  8898.7998  1.05301833
  8899.64941  1.0517056
  8900.5  1.05050242
  8901.34961  1.07230258
  8902.19922  1.06018829
  8903.0498  1.03354549
  8903.89941  1.03289533
  8904.75  1.04658866
  8905.59961  1.05810046
  8906.44922  1.04992247
  8907.2998  1.05164135
  8908.14941  1.05310488
  8909.  1.03567529
  8909.84961  1.03388965
  8910.69922  1.05658317
  8911.5498  1.04538095
  8912.39941  1.02374744
  8913.25  1.02922058
  8914.09961  1.05285895
  8914.94922  1.06548345
  8915.7998  1.06619024
  8916.64941  1.03502941
  8917.5  1.01499057
  8918.34961  1.02570999
  8919.19922  1.00146973
  8920.0498  0.960147023
  8920.89941  1.00094163
  8921.75  1.05162024
  8922.59961  1.02427638
  8923.44922  0.989374161
  8924.2998  0.989967585
  8925.14941  0.993615866
  8926.  0.976067662
  8926.84961  0.976359069
  8927.69922  0.977037609
  8928.5498  0.961146593
  8929.39941  0.951795638
  8930.25  0.956909895
  8931.09961  0.974112213
  8931.94922  0.986971557
  8932.7998  0.985580862
  8933.64941  0.962837577
  8934.5  0.972224832
  8935.34961  1.02522361
  8936.19922  1.0402081
  8937.0498  1.02342033
  8937.89941  1.02880001
  8938.75  1.02520144
  8939.59961  0.986882329
  8940.44922  0.962191582
  8941.2998  0.966108859
  8942.14941  0.964718819
  8943.  0.956684828
  8943.84961  0.97211647
  8944.69922  0.97168988
  8945.5498  0.907683492
  8946.39941  0.861549854
  8947.25  0.894811153
  8948.09961  0.937282801
  8948.94922  0.955616772
  8949.7998  0.974624038
  8950.64941  0.97761333
  8951.5  0.962902308
  8952.34961  0.966067493
  8953.19922  0.944471717
  8954.0498  0.851460576
  8954.89941  0.823501885
  8955.75  0.920471191
  8956.59961  0.993455887
  8957.44922  0.996977031
  8958.2998  0.990066111
  8959.14941  0.990646303
  8960.  0.994309664
  8960.84961  0.967409432
  8961.69922  0.841945946
  8962.5498  0.74605608
  8963.39941  0.834107101
  8964.25  0.900996387
  8965.09961  0.820070982
  8965.94922  0.773783624
  8966.7998  0.853412211
  8967.64941  0.923534691
  8968.5  0.933861852
  8969.34961  0.934360564
  8970.19922  0.867009878
  8971.0498  0.748129368
  8971.89941  0.766209662
  8972.75  0.885599434
  8973.59961  0.872718811
  8974.44922  0.817026615
  8975.2998  0.831585705
  8976.14941  0.883413076
  8977.  0.95144552
  8977.84961  0.994944334
  8978.69922  0.985518694
  8979.5498  0.869149983
  8980.39941  0.765356302
  8981.25  0.864490271
  8982.09961  0.994657218
  8982.94922  1.02787125
  8983.7998  1.00829756
  8984.64941  0.946213126
  8985.5  0.863727748
  8986.34961  0.722397923
  8987.19922  0.591956794
  8988.0498  0.640119195
  8988.89941  0.752945006
  8989.75  0.748755455
  8990.59961  0.656075835
  8991.44922  0.547345757
  8992.2998  0.685568452
  8993.14941  0.903939366
  8994.  0.97541368
  8994.84961  0.987899959
  8995.69922  0.994428635
  8996.5498  0.996759474
  8997.39941  0.974343181
  8998.25  0.967359126
  8999.09961  0.841143727
  8999.94922  0.625185192
  9000.7998  0.673412323
  9001.64941  0.902504265
  9002.5  0.898278117
  9003.34961  0.751075983
  9004.19922  0.772620618
  9005.0498  0.942273915
  9005.89941  0.929299116
  9006.75  0.809623182
  9007.59961  0.761229873
  9008.44922  0.838202596
  9009.2998  0.899421811
  9010.14941  0.874722302
  9011.  0.775472224
  9011.84961  0.716629803
  9012.69922  0.809265673
  9013.5498  0.930337965
  9014.39941  0.937024415
  9015.25  0.862113893
  9016.09961  0.690918684
  9016.94922  0.614742875
  9017.7998  0.785116255
  9018.64941  0.956894815
  9019.5  0.993334711
