  8348.84961  1.05114543
  8349.69922  1.06180751
  8350.5498  1.05252314
  8351.39941  1.04839528
  8352.25  1.05679011
  8353.09961  1.04800427
  8353.94922  1.02960885
  8354.7998  1.03081703
  8355.64941  1.0484128
  8356.5  1.0613904
  8357.34961  1.04911697
  8358.19922  1.03603673
  8359.0498  1.04360712
  8359.89941  1.04621041
  8360.75  1.03090096
  8361.59961  1.03585947
  8362.44922  1.05198765
  8363.2998  1.05670524
  8364.14941  1.04684258
  8365.  1.03419745
  8365.84961  1.040869
  8366.69922  1.04650259
  8367.5498  1.04592824
  8368.39941  1.04793608
  8369.25  1.05931973
  8370.09961  1.04928386
  8370.94922  1.04677296
  8371.7998  1.05352497
  8372.64941  1.06078112
  8373.5  1.04323161
  8374.34961  1.04442656
  8375.19922  1.03966188
  8376.0498  1.04069877
  8376.89941  1.05155087
  8377.75  1.04330897
  8378.59961  1.04662573
  8379.44922  1.0409621
  8380.2998  1.02756917
  8381.14941  1.01178551
  8382.  1.01557648
  8382.84961  1.01965654
  8383.69922  1.04018164
  8384.5498  1.05751026
  8385.39941  1.04652607
  8386.25  1.03264344
  8387.09961  1.01534271
  8387.94922  1.00915408
  8388.7998  1.02486289
  8389.64941  1.02805138
  8390.5  1.03105748
  8391.34961  1.03744495
  8392.19922  1.03491628
  8393.0498  1.04116094
  8393.89941  1.04850674
  8394.75  1.04220784
  8395.59961  1.04140615
  8396.44922  1.05553305
  8397.2998  1.0571779
  8398.14941  1.03460312
  8399.  1.03595102
  8399.84961  1.05256498
  8400.69922  1.05213213
  8401.5498  1.05552077
  8402.39941  1.0642097
  8403.25  1.0492835
  8404.09961  1.03371751
  8404.94922  1.03967059
  8405.7998  1.02959883
  8406.64941  1.01945353
  8407.5  1.03829908
  8408.34961  1.05568123
  8409.19922  1.04912627
  8410.0498  1.02526784
  8410.89941  1.0187465
  8411.75  1.03218675
  8412.59961  1.04806054
  8413.44922  1.04756379
  8414.2998  1.03425479
  8415.14941  1.02509308
  8416.  1.01730204
  8416.84961  1.02648962
  8417.69922  1.04000258
  8418.5498  1.0340898
  8419.39941  1.0322175
  8420.25  1.02595615
  8421.09961  1.03444898
  8421.94922  1.04298067
  8422.7998  1.0398227
  8423.64941  1.03103876
  8424.5  1.03010166
  8425.34961  1.03663325
  8426.19922  1.0446316
  8427.0498  1.05037236
  8427.89941  1.04578948
  8428.75  1.04010952
  8429.59961  1.04678416
  8430.44922  1.0392977
  8431.2998  1.03384328
  8432.14941  1.03612268
  8433.  1.03525484
  8433.84961  1.0357976
  8434.69922  1.02374339
  8435.5498  1.01534534
  8436.39941  1.02068841
  8437.25  1.02002931
  8438.09961  1.02515686
  8438.94922  1.04466832
  8439.7998  1.04922974
  8440.64941  1.02945793
  8441.5  1.03058517
  8442.34961  1.03622317
  8443.19922  1.03753543
  8444.0498  1.03960061
  8444.89941  1.02880967
  8445.75  1.02558076
  8446.59961  1.03906512
  8447.44922  1.03787601
  8448.2998  1.03906226
  8449.14941  1.03271329
  8450.  1.02614331
  8450.84961  1.01466656
  8451.69922  1.01343751
  8452.5498  1.01238072
  8453.39941  1.00751793
  8454.25  1.01034009
  8455.09961  1.0218116
  8455.94922  1.03160799
  8456.7998  1.03215992
  8457.64941  1.02104688
  8458.5  1.01405144
  8459.34961  1.01259685
  8460.19922  1.02847207
  8461.0498  1.03933513
  8461.89941  1.0354203
  8462.75  1.03563118
  8463.59961  1.03584492
  8464.44922  1.03820777
  8465.2998  1.01590848
  8466.14941  1.00307882
  8467.  1.01803803
  8467.84961  1.02927613
  8468.69922  1.02471435
  8469.5498  1.01766205
  8470.39941  1.0326649
  8471.25  1.05483079
  8472.09961  1.05631089
  8472.94922  1.04052901
  8473.7998  1.03946137
  8474.64941  1.04831624
  8475.5  1.04578054
  8476.34961  1.04506326
  8477.19922  1.03751624
  8478.0498  1.02282846
  8478.89941  1.02832246
  8479.75  1.03894043
  8480.59961  1.04127157
  8481.44922  1.04060221
  8482.2998  1.04391038
  8483.14941  1.0395304
  8484.  1.02391315
  8484.84961  1.02645493
  8485.69922  1.040079
  8486.5498  1.02961576
  8487.39941  1.01742136
  8488.25  1.01913786
  8489.09961  1.02851808
  8489.94922  1.04901099
  8490.7998  1.05350375
  8491.64941  1.03532195
  8492.5  1.03777349
  8493.34961  1.04966307
  8494.19922  1.03253031
  8495.0498  1.02611184
  8495.89941  1.01013124
  8496.75  0.929769695
  8497.59961  0.827937543
  8498.44922  0.860618889
  8499.2998  0.970483661
  8500.14941  1.0111326
  8501.  1.011204
  8501.84961  1.01517451
  8502.69922  1.02898586
  8503.5498  1.02858222
  8504.39941  1.02864826
  8505.25  1.03698647
  8506.09961  1.04201782
  8506.94922  1.04891407
  8507.7998  1.04041505
  8508.64941  1.02417707
  8509.5  1.02810657
  8510.34961  1.04248273
  8511.19922  1.05212033
  8512.0498  1.04558671
  8512.89941  1.03917623
  8513.75  1.02853072
  8514.59961  1.02606273
  8515.44922  1.03040123
  8516.2998  1.03989363
  8517.14941  1.02786183
  8518.  1.04019511
  8518.84961  1.05052662
  8519.69922  1.03475571
  8520.5498  1.03046846
  8521.39941  1.02929187
  8522.25  1.04072046
  8523.09961  1.03766537
  8523.94922  1.01830018
  8524.7998  1.01905739
  8525.64941  1.03311729
  8526.5  1.03561139
  8527.34961  1.03160083
  8528.19922  1.03833163
  8529.0498  1.039469
  8529.89941  1.02799428
  8530.75  1.03928828
  8531.59961  1.05320573
  8532.44922  1.03755033
  8533.2998  1.023278
  8534.14941  1.0165019
  8535.  1.01298332
  8535.84961  1.02270854
  8536.69922  1.01492763
  8537.5498  1.00024402
  8538.39941  1.00093746
  8539.25  0.996151686
  8540.09961  0.934436202
  8540.94922  0.785220027
  8541.7998  0.66794765
  8542.64941  0.740259826
  8543.5  0.895889342
  8544.34961  0.989943266
  8545.19922  1.01635361
  8546.0498  1.01755476
  8546.89941  1.03046477
  8547.75  1.04286087
  8548.59961  1.02433121
  8549.44922  1.02132833
  8550.2998  1.0238229
  8551.14941  1.01276112
  8552.  1.01361275
  8552.84961  1.02098227
  8553.69922  1.02059007
  8554.5498  1.01653612
  8555.39941  1.01191902
  8556.25  1.0047189
  8557.09961  1.01836884
  8557.94922  1.03249931
  8558.7998  1.02086627
  8559.64941  1.01757443
  8560.5  1.01690376
  8561.34961  1.01200163
  8562.19922  1.02719164
  8563.0498  1.03884268
  8563.89941  1.03665817
  8564.75  1.02863669
  8565.59961  1.00563872
  8566.44922  0.999090075
  8567.2998  1.02006018
  8568.14941  1.03383601
  8569.  1.02931511
  8569.84961  1.02613366
  8570.69922  1.03208816
  8571.5498  1.02743042
  8572.39941  1.04464376
  8573.25  1.05456734
  8574.09961  1.04375005
  8574.94922  1.04688501
  8575.7998  1.03836381
  8576.64941  1.02542961
  8577.5  1.03020275
  8578.34961  1.0444833
  8579.19922  1.04125965
  8580.0498  1.02272606
  8580.89941  1.01475239
  8581.75  1.02922511
  8582.59961  1.04032028
  8583.44922  1.03016233
  8584.2998  1.01370406
  8585.14941  1.01056302
  8586.  1.02915752
  8586.84961  1.03265274
  8587.69922  0.99373734
  8588.5498  0.987490714
  8589.39941  1.01155365
  8590.25  1.01674128
  8591.09961  1.02611339
  8591.94922  1.03905201
  8592.7998  1.03782511
  8593.64941  1.03478038
  8594.5  1.02694654
  8595.34961  1.01972401
  8596.19922  1.01730955
  8597.0498  1.00147259
  8597.89941  0.988016546
  8598.75  0.99827081
  8599.59961  1.01685858
  8600.44922  1.02630448
  8601.2998  1.02784848
  8602.14941  1.02992237
  8603.  1.0227772
  8603.84961  1.01671112
  8604.69922  1.01896107
  8605.5498  1.02867305
  8606.39941  1.03253436
  8607.25  1.02762341
  8608.09961  1.0197432
  8608.94922  1.01516199
  8609.7998  1.02254164
  8610.64941  1.02483201
  8611.5  1.01057506
  8612.34961  1.00607479
  8613.19922  1.01462078
  8614.0498  1.00947082
  8614.89941  1.01051259
  8615.75  1.01673949
  8616.59961  1.02371442
  8617.44922  1.0388459
  8618.2998  1.02746451
  8619.14941  1.0155493
  8620.  1.02206647
  8620.84961  1.0227654
  8621.69922  1.03133726
  8622.5498  1.02201068
  8623.39941  1.00780296
  8624.25  1.01201153
  8625.09961  1.01576459
  8625.94922  1.01335013
  8626.7998  1.0112021
  8627.64941  1.01498425
  8628.5  1.01853168
  8629.34961  1.0126574
  8630.19922  1.00937498
  8631.0498  1.00939572
  8631.89941  1.01574659
  8632.75  1.02273655
  8633.59961  1.02790904
  8634.44922  1.02057302
  8635.2998  1.01229596
  8636.14941  1.02117062
  8637.  1.01132786
  8637.84961  0.999020219
  8638.69922  1.00332785
  8639.5498  1.01161516
  8640.39941  1.01584899
  8641.25  1.01092327
  8642.09961  0.999783695
  8642.94922  0.9949705
  8643.7998  0.9864555
  8644.64941  0.999989688
  8645.5  1.02727962
  8646.34961  1.01625741
  8647.19922  1.00128007
  8648.0498  1.00139523
  8648.89941  1.00319159
  8649.75  0.991007268
  8650.59961  0.993294299
  8651.44922  1.01142192
  8652.2998  1.00311852
  8653.14941  1.00502026
  8654.  1.00766921
  8654.84961  1.00615609
  8655.69922  1.01623499
  8656.5498  1.0210377
  8657.39941  1.01505661
  8658.25  0.995751977
  8659.09961  0.977308631
  8659.94922  0.971357286
  8660.7998  0.888617277
  8661.64941  0.742150784
  8662.5  0.72888124
  8663.34961  0.843502522
  8664.19922  0.940707445
  8665.0498  0.972667873
  8665.89941  0.981013536
  8666.75  0.999328136
  8667.59961  1.02352512
  8668.44922  1.02743375
  8669.2998  1.00647056
  8670.14941  0.99477011
  8671.  0.991699874
  8671.84961  0.991413295
  8672.69922  1.00142908
  8673.5498  1.00167751
  8674.39941  0.981387913
  8675.25  0.968838871
  8676.09961  0.98410213
  8676.94922  0.993876159
  8677.7998  0.998452067
  8678.64941  1.00449026
  8679.5  0.989265263
  8680.34961  0.979572058
  8681.19922  0.992254853
  8682.0498  1.0090754
  8682.89941  1.00324595
  8683.75  0.988491952
  8684.59961  0.982470036
  8685.44922  0.984903157
  8686.2998  0.989719093
  8687.14941  0.984788656
  8688.  0.963263094
  8688.84961  0.954077363
  8689.69922  0.972572029
  8690.5498  0.993936062
  8691.39941  1.00087833
  8692.25  0.999367416
  8693.09961  0.986123264
  8693.94922  0.980127871
  8694.7998  0.997788906
  8695.64941  1.00760376
  8696.5  1.00442231
  8697.34961  1.00602663
  8698.19922  0.999263167
  8699.0498  0.990216434
  8699.89941  0.989100158
  8700.75  0.992881417
  8701.59961  0.995168209
  8702.44922  0.991599321
  8703.2998  0.985673785
  8704.14941  0.973304689
  8705.  0.974185348
  8705.84961  0.994844615
  8706.69922  0.994555533
  8707.5498  0.983817995
  8708.39941  0.986227036
  8709.25  0.984284103
  8710.09961  0.987956822
  8710.94922  1.0035336
  8711.7998  1.006055
  8712.64941  0.997026324
  8713.5  0.995114863
  8714.34961  0.996706247
  8715.19922  0.999059975
  8716.0498  0.998579264
  8716.89941  0.983153641
  8717.75  0.980897307
  8718.59961  0.989373326
  8719.44922  0.988408327
  8720.2998  0.977991998
  8721.14941  0.978901386
  8722.  0.994083881
  8722.84961  0.99926281
  8723.69922  0.998499215
  8724.5498  0.99361515
  8725.39941  0.989669323
  8726.25  0.982337892
  8727.09961  0.981210589
  8727.94922  0.980822802
  8728.7998  0.969116807
  8729.64941  0.962975681
  8730.5  0.966092467
  8731.34961  0.98043102
  8732.19922  0.979465902
  8733.0498  0.976560771
  8733.89941  0.983330011
  8734.75  0.995654523
  8735.59961  0.983651638
  8736.44922  0.964322686
  8737.2998  0.968261361
  8738.14941  0.979563832
  8739.  0.979719579
  8739.84961  0.971681356
  8740.69922  0.971853495
  8741.5498  0.965941489
  8742.39941  0.970103621
  8743.25  0.976988673
  8744.09961  0.975613356
  8744.94922  0.980184793
  8745.7998  0.978763759
  8746.64941  0.979701281
  8747.5  0.977287769
  8748.34961  0.978252947
  8749.19922  0.973938823
  8750.0498  0.97872448
  8750.89941  0.985779226
  8751.75  0.979425371
  8752.59961  0.973004699
  8753.44922  0.977959931
  8754.2998  0.976183653
  8755.14941  0.980749369
  8756.  0.998065233
  8756.84961  0.987124443
  8757.69922  0.976694942
  8758.5498  0.997123659
  8759.39941  1.00716162
  8760.25  0.988949955
  8761.09961  0.99134177
  8761.94922  1.00006711
  8762.7998  0.986543596
  8763.64941  0.989225566
  8764.5  1.00377715
  8765.34961  0.997472823
  8766.19922  0.970737338
  8767.0498  0.957229793
  8767.89941  0.960145652
  8768.75  0.97755748
  8769.59961  0.99394381
  8770.44922  0.989008188
  8771.2998  0.975719571
  8772.14941  0.977009416
  8773.  0.984167755
  8773.84961  0.977567911
  8774.69922  0.974321723
  8775.5498  0.975052595
  8776.39941  0.988596916
  8777.25  0.995784879
  8778.09961  0.986575305
  8778.94922  0.983876467
  8779.7998  0.996133924
  8780.64941  1.00339246
  8781.5  0.99832505
  8782.34961  0.98682344
  8783.19922  0.970882535
  8784.0498  0.968328893
  8784.89941  0.976422369
  8785.75  0.98212105
  8786.59961  0.984826505
  8787.44922  0.973572373
  8788.2998  0.957839191
  8789.14941  0.965262651
  8790.  0.966213346
  8790.84961  0.967832208
  8791.69922  0.976846576
  8792.5498  0.984490931
  8793.39941  0.978975475
  8794.25  0.982618988
  8795.09961  0.98180896
  8795.94922  0.987852275
  8796.7998  0.988988101
  8797.64941  0.964573205
  8798.5  0.972037077
  8799.34961  0.9785285
  8800.19922  0.976210177
  8801.0498  0.983285189
  8801.89941  0.972441673
  8802.75  0.969493389
  8803.59961  0.992398083
  8804.44922  1.01573026
  8805.2998  0.993083239
  8806.14941  0.943921626
  8807.  0.939354539
  8807.84961  0.951249123
  8808.69922  0.961108088
  8809.5498  0.977041662
  8810.39941  0.973102093
  8811.25  0.98575002
  8812.09961  0.991764784
  8812.94922  0.982752979
  8813.7998  0.986210346
  8814.64941  0.983897865
  8815.5  0.975217938
  8816.34961  0.967388153
  8817.19922  0.962043703
  8818.0498  0.9678967
  8818.89941  0.962805569
  8819.75  0.966901362
  8820.59961  0.976237476
  8821.44922  0.964566529
  8822.2998  0.959015608
  8823.14941  0.960018277
  8824.  0.935674071
  8824.84961  0.934895873
  8825.69922  0.962063074
  8826.5498  0.979671478
  8827.39941  0.990872085
  8828.25  1.00358355
  8829.09961  0.979730844
  8829.94922  0.951041043
  8830.7998  0.96695888
  8831.64941  0.976391077
  8832.5  0.97090137
  8833.34961  0.96332705
  8834.19922  0.973075211
  8835.0498  0.990592659
  8835.89941  0.969568729
  8836.75  0.956237555
  8837.59961  0.970584691
  8838.44922  0.971389472
  8839.2998  0.974895418
  8840.14941  0.98088038
  8841.  0.98688972
  8841.84961  0.986327648
  8842.69922  0.973158121
  8843.5498  0.978738487
  8844.39941  0.987637162
  8845.25  0.982757866
  8846.09961  0.981580019
  8846.94922  0.990051985
  8847.7998  0.991843998
  8848.64941  0.992314517
  8849.5  0.992313802
  8850.34961  1.00502813
  8851.19922  1.00433266
  8852.0498  0.981568813
  8852.89941  0.969567239
  8853.75  0.964930952
  8854.59961  0.976731062
  8855.44922  0.98753649
  8856.2998  0.984206915
  8857.14941  0.977924049
  8858.  0.976272941
  8858.84961  0.983593941
  8859.69922  0.975446224
  8860.5498  0.96140635
  8861.39941  0.959197283
  8862.25  0.94521147
  8863.09961  0.946863294
  8863.94922  0.959148526
  8864.7998  0.957160175
  8865.64941  0.976149261
  8866.5  0.976363957
  8867.34961  0.963289559
  8868.19922  0.970141053
  8869.0498  0.973749578
  8869.89941  0.978094816
  8870.75  0.977111161
  8871.59961  0.966874242
  8872.44922  0.965138972
  8873.2998  0.962887526
  8874.14941  0.964624643
  8875.  0.964515626
  8875.84961  0.954024971
  8876.69922  0.967081785
  8877.5498  0.987932324
  8878.39941  0.987279534
  8879.25  0.976551175
  8880.09961  0.966420949
  8880.94922  0.962528408
  8881.7998  0.961036026
  8882.64941  0.967252195
  8883.5  0.974709809
  8884.34961  0.983858228
  8885.19922  0.982350945
  8886.0498  0.973431468
  8886.89941  0.964276671
  8887.75  0.97733295
  8888.59961  0.990562558
  8889.44922  0.980706036
  8890.2998  0.974139571
  8891.14941  0.978616655
  8892.  0.984210134
  8892.84961  0.970195591
  8893.69922  0.967413008
  8894.5498  0.977026343
  8895.39941  0.982685804
  8896.25  0.986497819
  8897.09961  0.97600472
  8897.94922  0.971083164
  8898.7998  0.972179949
  8899.64941  0.970782459
  8900.5  0.965040207
  8901.34961  0.964053571
  8902.19922  0.983325958
  8903.0498  1.01057422
  8903.89941  1.00271702
  8904.75  0.984946191
  8905.59961  0.980682433
  8906.44922  0.985666573
  8907.2998  1.00031316
  8908.14941  0.994064271
  8909.  0.981503725
  8909.84961  0.991309941
  8910.69922  0.998080492
  8911.5498  0.986432493
  8912.39941  0.977451026
  8913.25  0.992121458
  8914.09961  1.00012994
  8914.94922  0.992636085
  8915.7998  0.990230322
  8916.64941  0.987027168
  8917.5  0.977718651
  8918.34961  0.960808277
  8919.19922  0.957004666
  8920.0498  0.979740083
  8920.89941  1.00544655
  8921.75  1.00407636
  8922.59961  0.982918382
  8923.44922  0.982340336
  8924.2998  0.988064826
  8925.14941  0.975874543
  8926.  0.966340125
  8926.84961  0.957635701
  8927.69922  0.93988812
  8928.5498  0.947241902
  8929.39941  0.957977831
  8930.25  0.944034278
  8931.09961  0.940476954
  8931.94922  0.946263969
  8932.7998  0.948165894
  8933.64941  0.95937103
  8934.5  0.954836667
  8935.34961  0.946794629
  8936.19922  0.970138013
  8937.0498  0.987764657
  8937.89941  0.974621356
  8938.75  0.973025143
  8939.59961  0.983079076
  8940.44922  0.979663908
  8941.2998  0.978721559
  8942.14941  0.978866756
  8943.  0.965326726
  8943.84961  0.955237627
  8944.69922  0.951907575
  8945.5498  0.949015737
  8946.39941  0.953339398
  8947.25  0.96006453
  8948.09961  0.960733831
  8948.94922  0.960732698
  8949.7998  0.964780986
  8950.64941  0.99876976
  8951.5  1.00486374
  8952.34961  0.963322997
  8953.19922  0.942618728
  8954.0498  0.955482662
  8954.89941  0.940620124
  8955.75  0.890946627
  8956.59961  0.896457136
  8957.44922  0.943708122
  8958.2998  0.960224628
  8959.14941  0.955747783
  8960.  0.954897583
  8960.84961  0.96596396
  8961.69922  0.9783234
  8962.5498  0.947017133
  8963.39941  0.883189082
  8964.25  0.849387169
  8965.09961  0.880059421
  8965.94922  0.896730423
  8966.7998  0.864883602
  8967.64941  0.876514435
  8968.5  0.920276761
  8969.34961  0.947059572
  8970.19922  0.945960999
  8971.0498  0.93671006
  8971.89941  0.872259498
  8972.75  0.830528915
  8973.59961  0.876670182
  8974.44922  0.905432522
  8975.2998  0.898837388
  8976.14941  0.905719578
  8977.  0.922794163
  8977.84961  0.932796597
  8978.69922  0.964692354
  8979.5498  0.979824722
  8980.39941  0.956889987
  8981.25  0.87833792
  8982.09961  0.838699102
  8982.94922  0.930330634
  8983.7998  0.967649102
  8984.64941  0.945897698
  8985.5  0.964950025
  8986.34961  0.985828042
  8987.19922  0.905023992
  8988.0498  0.777510285
  8988.89941  0.740542412
  8989.75  0.786028445
  8990.59961  0.838397264
  8991.44922  0.811284304
  8992.2998  0.736089885
  8993.14941  0.728511751
  8994.  0.837034285
  8994.84961  0.922397435
  8995.69922  0.931269825
  8996.5498  0.942104936
  8997.39941  0.950801909
  8998.25  0.952455938
  8999.09961  0.945417762
  8999.94922  0.929960132
  9000.7998  0.866455376
  9001.64941  0.781035185
  9002.5  0.826408505
  9003.34961  0.916496575
  9004.19922  0.874348998
  9005.0498  0.799748123
  9005.89941  0.840352535
  9006.75  0.925283551
  9007.59961  0.917539656
  9008.44922  0.863243937
  9009.2998  0.883148849
  9010.14941  0.941462874
  9011.  0.961820483
  9011.84961  0.940265656
  9012.69922  0.871495426
  9013.5498  0.852275133
  9014.39941  0.897520781
  9015.25  0.939358592
  9016.09961  0.968721151
  9016.94922  0.905208588
  9017.7998  0.768981397
  9018.64941  0.781654894
  9019.5  0.912301064
