  8348.84961  0.949877501
  8349.69922  0.959079802
  8350.5498  0.988623023
  8351.39941  1.00034201
  8352.25  0.977276206
  8353.09961  0.943916738
  8353.94922  0.946774423
  8354.7998  0.982916772
  8355.64941  1.01144516
  8356.5  1.01710558
  8357.34961  1.01609719
  8358.19922  1.02962744
  8359.0498  1.05165505
  8359.89941  1.05800438
  8360.75  1.04849207
  8361.59961  1.04197133
  8362.44922  1.02699959
  8363.2998  0.994516969
  8364.14941  0.986561775
  8365.  1.01625538
  8365.84961  1.04737628
  8366.69922  1.06448925
  8367.5498  1.07490957
  8368.39941  1.1047231
  8369.25  1.11565268
  8370.09961  1.09124565
  8370.94922  1.08380401
  8371.7998  1.07969785
  8372.64941  1.02228725
  8373.5  0.937176883
  8374.34961  0.920082152
  8375.19922  0.978106856
  8376.0498  1.01798546
  8376.89941  0.979795575
  8377.75  0.9522596
  8378.59961  0.983508885
  8379.44922  1.02830184
  8380.2998  1.06431341
  8381.14941  1.03067696
  8382.  0.956954002
  8382.84961  0.939052582
  8383.69922  0.989312172
  8384.5498  1.02102888
  8385.39941  0.983479679
  8386.25  0.901125073
  8387.09961  0.825878918
  8387.94922  0.810983002
  8388.7998  0.84935838
  8389.64941  0.903102696
  8390.5  0.935664713
  8391.34961  0.941099405
  8392.19922  0.953392386
  8393.0498  0.974672079
  8393.89941  0.979691327
  8394.75  0.966994166
  8395.59961  0.952721298
  8396.44922  0.930422843
  8397.2998  0.911269426
  8398.14941  0.927926123
  8399.  0.974818587
  8399.84961  1.00580728
  8400.69922  1.00428057
  8401.5498  1.00608146
  8402.39941  1.02080882
  8403.25  1.03628421
  8404.09961  1.03831923
  8404.94922  1.03265405
  8405.7998  1.03987956
  8406.64941  1.04828572
  8407.5  1.05623293
  8408.34961  1.05761468
  8409.19922  1.04179645
  8410.0498  1.02340722
  8410.89941  1.02609622
  8411.75  1.02648866
  8412.59961  1.03664196
  8413.44922  1.07260847
  8414.2998  1.12305629
  8415.14941  1.15196383
  8416.  1.12829435
  8416.84961  1.10217595
  8417.69922  1.07680261
  8418.5498  1.02423823
  8419.39941  0.943884552
  8420.25  0.902171195
  8421.09961  0.923320949
  8421.94922  0.955519497
  8422.7998  0.984734833
  8423.64941  0.997806549
  8424.5  0.999042749
  8425.34961  1.00911713
  8426.19922  0.994072258
  8427.0498  0.972310483
  8427.89941  0.981227279
  8428.75  0.987442374
  8429.59961  0.991508067
  8430.44922  0.992079973
  8431.2998  1.00056791
  8432.14941  0.959751427
  8433.  0.814624846
  8433.84961  0.642627776
  8434.69922  0.565340638
  8435.5498  0.593432963
  8436.39941  0.660610139
  8437.25  0.716227651
  8438.09961  0.742758334
  8438.94922  0.76378727
  8439.7998  0.793721139
  8440.64941  0.806892812
  8441.5  0.756486356
  8442.34961  0.642768919
  8443.19922  0.557753921
  8444.0498  0.549424171
  8444.89941  0.566897273
  8445.75  0.580701768
  8446.59961  0.593113184
  8447.44922  0.604998946
  8448.2998  0.616996825
  8449.14941  0.627076924
  8450.  0.62997061
  8450.84961  0.615539849
  8451.69922  0.565542161
  8452.5498  0.508508563
  8453.39941  0.49335283
  8454.25  0.506394446
  8455.09961  0.516624629
  8455.94922  0.531019211
  8456.7998  0.546504736
  8457.64941  0.547822475
  8458.5  0.553409874
  8459.34961  0.570530057
  8460.19922  0.570553243
  8461.0498  0.562057376
  8461.89941  0.565985501
  8462.75  0.561439872
  8463.59961  0.543576002
  8464.44922  0.535618007
  8465.2998  0.536516845
  8466.14941  0.538119853
  8467.  0.540146351
  8467.84961  0.538412213
  8468.69922  0.544320703
  8469.5498  0.552307427
  8470.39941  0.557608128
  8471.25  0.561081707
  8472.09961  0.555119812
  8472.94922  0.549016118
  8473.7998  0.554562271
  8474.64941  0.569573462
  8475.5  0.579322755
  8476.34961  0.581530452
  8477.19922  0.589173734
  8478.0498  0.604043841
  8478.89941  0.607263565
  8479.75  0.601281703
  8480.59961  0.604333103
  8481.44922  0.616518617
  8482.2998  0.622139454
  8483.14941  0.619929969
  8484.  0.627126694
  8484.84961  0.637200177
  8485.69922  0.640691698
  8486.5498  0.638807535
  8487.39941  0.630555272
  8488.25  0.628312707
  8489.09961  0.64038831
  8489.94922  0.652169645
  8490.7998  0.652983487
  8491.64941  0.650877833
  8492.5  0.654784799
  8493.34961  0.661548615
  8494.19922  0.667025924
  8495.0498  0.65851146
  8495.89941  0.625182509
  8496.75  0.594951987
  8497.59961  0.58455056
  8498.44922  0.593439758
  8499.2998  0.622805536
  8500.14941  0.651226163
  8501.  0.665185571
  8501.84961  0.677873135
  8502.69922  0.687551856
  8503.5498  0.692954183
  8504.39941  0.670038581
  8505.25  0.623365283
  8506.09961  0.600931346
  8506.94922  0.610383987
  8507.7998  0.629109859
  8508.64941  0.634540975
  8509.5  0.641094565
  8510.34961  0.647316277
  8511.19922  0.656950057
  8512.0498  0.666205347
  8512.89941  0.674442053
  8513.75  0.674960136
  8514.59961  0.653944433
  8515.44922  0.634498239
  8516.2998  0.613187909
  8517.14941  0.609013498
  8518.  0.615593314
  8518.84961  0.623499513
  8519.69922  0.634113371
  8520.5498  0.63952446
  8521.39941  0.646274507
  8522.25  0.651530147
  8523.09961  0.65784508
  8523.94922  0.665836632
  8524.7998  0.67853874
  8525.64941  0.685521007
  8526.5  0.67814678
  8527.34961  0.677772999
  8528.19922  0.671983242
  8529.0498  0.670327902
  8529.89941  0.680623233
  8530.75  0.685465515
  8531.59961  0.687512279
  8532.44922  0.688018918
  8533.2998  0.688438833
  8534.14941  0.691463292
  8535.  0.696219742
  8535.84961  0.694999039
  8536.69922  0.695526659
  8537.5498  0.681832194
  8538.39941  0.6614182
  8539.25  0.66752857
  8540.09961  0.685213208
  8540.94922  0.67173183
  8541.7998  0.620337963
  8542.64941  0.601664364
  8543.5  0.658164859
  8544.34961  0.704560339
  8545.19922  0.715084374
  8546.0498  0.736477613
  8546.89941  0.745876074
  8547.75  0.738364875
  8548.59961  0.748882294
  8549.44922  0.758230388
  8550.2998  0.755390286
  8551.14941  0.759304166
  8552.  0.760051489
  8552.84961  0.762224197
  8553.69922  0.768491685
  8554.5498  0.762443423
  8555.39941  0.772336602
  8556.25  0.792554259
  8557.09961  0.785125375
  8557.94922  0.76235956
  8558.7998  0.743168354
  8559.64941  0.731153667
  8560.5  0.732552052
  8561.34961  0.740985215
  8562.19922  0.745625675
  8563.0498  0.758754611
  8563.89941  0.785256743
  8564.75  0.804535687
  8565.59961  0.804558277
  8566.44922  0.807105601
  8567.2998  0.823642433
  8568.14941  0.826483548
  8569.  0.81648612
  8569.84961  0.788178563
  8570.69922  0.754925549
  8571.5498  0.760009229
  8572.39941  0.758643985
  8573.25  0.745741606
  8574.09961  0.755532444
  8574.94922  0.758400857
  8575.7998  0.752454877
  8576.64941  0.766839266
  8577.5  0.783603847
  8578.34961  0.791807175
  8579.19922  0.818058968
  8580.0498  0.808668494
  8580.89941  0.781332612
  8581.75  0.775627613
  8582.59961  0.776489019
  8583.44922  0.791782916
  8584.2998  0.814213455
  8585.14941  0.817026436
  8586.  0.815117776
  8586.84961  0.826362908
  8587.69922  0.832375169
  8588.5498  0.819669604
  8589.39941  0.825583875
  8590.25  0.839745224
  8591.09961  0.81299293
  8591.94922  0.791094959
  8592.7998  0.796491385
  8593.64941  0.800072193
  8594.5  0.808392584
  8595.34961  0.816781044
  8596.19922  0.824889421
  8597.0498  0.827201188
  8597.89941  0.814896882
  8598.75  0.79447484
  8599.59961  0.791265428
  8600.44922  0.80827868
  8601.2998  0.825085819
  8602.14941  0.84169364
  8603.  0.848252594
  8603.84961  0.833811402
  8604.69922  0.816322267
  8605.5498  0.826066792
  8606.39941  0.850890398
  8607.25  0.868551493
  8608.09961  0.878426731
  8608.94922  0.871851742
  8609.7998  0.874538183
  8610.64941  0.896497369
  8611.5  0.898847938
  8612.34961  0.894560754
  8613.19922  0.912450612
  8614.0498  0.923881471
  8614.89941  0.921770215
  8615.75  0.932505786
  8616.59961  0.943805456
  8617.44922  0.93707341
  8618.2998  0.939212322
  8619.14941  0.94803077
  8620.  0.952246606
  8620.84961  0.960152507
  8621.69922  0.965377808
  8622.5498  0.970416367
  8623.39941  0.974573016
  8624.25  0.93960458
  8625.09961  0.865588009
  8625.94922  0.839196503
  8626.7998  0.87131536
  8627.64941  0.891441703
  8628.5  0.903265834
  8629.34961  0.928664565
  8630.19922  0.938608587
  8631.0498  0.944260001
  8631.89941  0.962396801
  8632.75  0.975257158
  8633.59961  0.983411789
  8634.44922  0.990968704
  8635.2998  0.990452707
  8636.14941  0.96420753
  8637.  0.934176385
  8637.84961  0.936365366
  8638.69922  0.944212973
  8639.5498  0.940537453
  8640.39941  0.942169726
  8641.25  0.945827842
  8642.09961  0.947369933
  8642.94922  0.946682572
  8643.7998  0.963220179
  8644.64941  0.977690279
  8645.5  0.956529856
  8646.34961  0.944714785
  8647.19922  0.94551003
  8648.0498  0.94245398
  8648.89941  0.926950634
  8649.75  0.929429412
  8650.59961  0.942054033
  8651.44922  0.959815919
  8652.2998  0.976712227
  8653.14941  0.98913759
  8654.  1.00371408
  8654.84961  1.01048529
  8655.69922  1.00864422
  8656.5498  1.00699329
  8657.39941  1.01137793
  8658.25  0.995593369
  8659.09961  0.98330003
  8659.94922  0.97800684
  8660.7998  0.962471247
  8661.64941  0.903600395
  8662.5  0.845786691
  8663.34961  0.903876722
  8664.19922  0.993420959
  8665.0498  1.01868355
  8665.89941  1.00434148
  8666.75  0.982822061
  8667.59961  0.95703274
  8668.44922  0.957713306
  8669.2998  0.964414656
  8670.14941  0.952118039
  8671.  0.952704489
  8671.84961  0.959931791
  8672.69922  0.965449393
  8673.5498  0.976021588
  8674.39941  0.975906312
  8675.25  0.968438983
  8676.09961  0.978537738
  8676.94922  1.00224102
  8677.7998  1.02279866
  8678.64941  1.02470803
  8679.5  1.01772773
  8680.34961  1.02376616
  8681.19922  1.02863526
  8682.0498  1.02639556
  8682.89941  1.00828183
  8683.75  1.00652564
  8684.59961  1.02988327
  8685.44922  1.03170455
  8686.2998  1.0225023
  8687.14941  1.01509154
  8688.  0.986659765
  8688.84961  0.953369379
  8689.69922  0.983957767
  8690.5498  1.04761159
  8691.39941  1.06690335
  8692.25  1.05752277
  8693.09961  1.07682419
  8693.94922  1.08268416
  8694.7998  1.07078862
  8695.64941  1.08522594
  8696.5  1.08942294
  8697.34961  1.0852108
  8698.19922  1.10646713
  8699.0498  1.12857163
  8699.89941  1.11576426
  8700.75  1.08478498
  8701.59961  1.09201217
  8702.44922  1.11742151
  8703.2998  1.1051625
  8704.14941  1.10944152
  8705.  1.12752938
  8705.84961  1.13501966
  8706.69922  1.14531684
  8707.5498  1.14372802
  8708.39941  1.15042973
  8709.25  1.15913558
  8710.09961  1.16298902
  8710.94922  1.16485631
  8711.7998  1.18771982
  8712.64941  1.21218407
  8713.5  1.2174592
  8714.34961  1.20666254
  8715.19922  1.19402301
  8716.0498  1.19563699
  8716.89941  1.18392456
  8717.75  1.17529202
  8718.59961  1.17734396
  8719.44922  1.20438266
  8720.2998  1.2345438
  8721.14941  1.21736252
  8722.  1.2157377
  8722.84961  1.21736932
  8723.69922  1.21210289
  8724.5498  1.22307384
  8725.39941  1.21724749
  8726.25  1.21733952
  8727.09961  1.24093223
  8727.94922  1.25960267
  8728.7998  1.26125169
  8729.64941  1.25828207
  8730.5  1.26302469
  8731.34961  1.29490006
  8732.19922  1.31219482
  8733.0498  1.25494432
  8733.89941  1.18680513
  8734.75  1.16901124
  8735.59961  1.19901216
  8736.44922  1.24670351
  8737.2998  1.26499307
  8738.14941  1.24566376
  8739.  1.23009241
  8739.84961  1.25312865
  8740.69922  1.29008424
  8741.5498  1.28564692
  8742.39941  1.28011227
  8743.25  1.31704259
  8744.09961  1.34484649
  8744.94922  1.35397148
  8745.7998  1.35958707
  8746.64941  1.34886622
  8747.5  1.3287406
  8748.34961  1.32143211
  8749.19922  1.33268178
  8750.0498  1.3460629
  8750.89941  1.37492645
  8751.75  1.40336192
  8752.59961  1.41422987
  8753.44922  1.42588985
  8754.2998  1.42644024
  8755.14941  1.42359293
  8756.  1.42399287
  8756.84961  1.41472483
  8757.69922  1.42143798
  8758.5498  1.41898012
  8759.39941  1.40890062
  8760.25  1.42387271
  8761.09961  1.44746017
  8761.94922  1.41160011
  8762.7998  1.34258687
  8763.64941  1.34820831
  8764.5  1.39649904
  8765.34961  1.40717232
  8766.19922  1.38387668
  8767.0498  1.37339652
  8767.89941  1.41217566
  8768.75  1.46180427
  8769.59961  1.49430406
  8770.44922  1.48586047
  8771.2998  1.4615562
  8772.14941  1.47356641
  8773.  1.46050227
  8773.84961  1.44256079
  8774.69922  1.46068227
  8775.5498  1.49033451
  8776.39941  1.51713967
  8777.25  1.50129402
  8778.09961  1.46580064
  8778.94922  1.45781887
  8779.7998  1.49511862
  8780.64941  1.52678084
  8781.5  1.52267635
  8782.34961  1.53598285
  8783.19922  1.56925368
  8784.0498  1.58516884
  8784.89941  1.57926452
  8785.75  1.57296431
  8786.59961  1.57390535
  8787.44922  1.57047558
  8788.2998  1.5742234
  8789.14941  1.55799973
  8790.  1.57323694
  8790.84961  1.62333608
  8791.69922  1.63593578
  8792.5498  1.62457991
  8793.39941  1.62858367
  8794.25  1.64477348
  8795.09961  1.66087413
  8795.94922  1.67014861
  8796.7998  1.68280804
  8797.64941  1.72316396
  8798.5  1.72550821
  8799.34961  1.68876445
  8800.19922  1.71860397
  8801.0498  1.70658267
  8801.89941  1.68554151
  8802.75  1.74237692
  8803.59961  1.73649299
  8804.44922  1.6550324
  8805.2998  1.62894893
  8806.14941  1.62422526
  8807.  1.59422791
  8807.84961  1.6774292
  8808.69922  1.78196847
  8809.5498  1.7602613
  8810.39941  1.72314215
  8811.25  1.76007283
  8812.09961  1.81497836
  8812.94922  1.80476654
  8813.7998  1.81027579
  8814.64941  1.85132694
  8815.5  1.8251164
  8816.34961  1.7983309
  8817.19922  1.82365429
  8818.0498  1.84530771
  8818.89941  1.81179321
  8819.75  1.77167511
  8820.59961  1.77579415
  8821.44922  1.78704143
  8822.2998  1.72800982
  8823.14941  1.65759456
  8824.  1.59626973
  8824.84961  1.61169481
  8825.69922  1.74590921
  8826.5498  1.83060002
  8827.39941  1.82508469
  8828.25  1.84213483
  8829.09961  1.87864792
  8829.94922  1.88525462
  8830.7998  1.87932396
  8831.64941  1.91422927
  8832.5  1.89752173
  8833.34961  1.85347104
  8834.19922  1.88516605
  8835.0498  1.90408242
  8835.89941  1.89629316
  8836.75  1.9408772
  8837.59961  1.9425838
  8838.44922  1.86615968
  8839.2998  1.83956409
  8840.14941  1.93462849
  8841.  2.05994678
  8841.84961  2.04951096
  8842.69922  1.99880815
  8843.5498  2.01152945
  8844.39941  2.01563454
  8845.25  2.01881647
  8846.09961  2.04816747
  8846.94922  2.05796838
  8847.7998  2.02894497
  8848.64941  2.02631736
  8849.5  2.06292605
  8850.34961  2.10411429
  8851.19922  2.11448193
  8852.0498  2.11434031
  8852.89941  2.09452295
  8853.75  2.0755713
  8854.59961  2.06882977
  8855.44922  2.06311345
  8856.2998  2.06893587
  8857.14941  2.05929589
  8858.  2.05961251
  8858.84961  2.00491333
  8859.69922  1.58299243
  8860.5498  1.06577027
  8861.39941  0.954945207
  8862.25  1.03983212
  8863.09961  1.10447443
  8863.94922  1.16476607
  8864.7998  1.21726727
  8865.64941  1.27379525
  8866.5  1.34014416
  8867.34961  1.3711518
  8868.19922  1.31528211
  8869.0498  1.1541034
  8869.89941  1.01025784
  8870.75  0.971911371
  8871.59961  0.974380076
  8872.44922  0.99639529
  8873.2998  1.01666665
  8874.14941  1.02508616
  8875.  1.03108668
  8875.84961  1.02756488
  8876.69922  1.04881954
  8877.5498  1.07130933
  8878.39941  1.05179274
  8879.25  1.06200564
  8880.09961  1.10879099
  8880.94922  1.12025511
  8881.7998  1.08049679
  8882.64941  1.06721032
  8883.5  1.1240412
  8884.34961  1.17620718
  8885.19922  1.19077229
  8886.0498  1.15660501
  8886.89941  1.1053108
  8887.75  1.09162509
  8888.59961  1.12536013
  8889.44922  1.17675507
  8890.2998  1.20564592
  8891.14941  1.25615847
  8892.  1.26915646
  8892.84961  1.25978279
  8893.69922  1.25325477
  8894.5498  1.20074356
  8895.39941  1.17037976
  8896.25  1.16647542
  8897.09961  1.17087889
  8897.94922  1.17993391
  8898.7998  1.19919503
  8899.64941  1.21845317
  8900.5  1.23759806
  8901.34961  1.27370191
  8902.19922  1.33514965
  8903.0498  1.37808943
  8903.89941  1.34934902
  8904.75  1.32843339
  8905.59961  1.34494019
  8906.44922  1.36266601
  8907.2998  1.36114228
  8908.14941  1.34313762
  8909.  1.35314345
  8909.84961  1.38987446
  8910.69922  1.35559916
  8911.5498  1.33988476
  8912.39941  1.31370127
  8913.25  1.30970049
  8914.09961  1.30866396
  8914.94922  1.34861672
  8915.7998  1.38066888
  8916.64941  1.37566197
  8917.5  1.37568057
  8918.34961  1.38890696
  8919.19922  1.34992278
  8920.0498  1.33498061
  8920.89941  1.36521316
  8921.75  1.42094409
  8922.59961  1.51348913
  8923.44922  1.43241215
  8924.2998  1.45687973
  8925.14941  1.5196979
  8926.  1.47669959
  8926.84961  1.55120289
  8927.69922  1.50641763
  8928.5498  1.52082229
  8929.39941  1.60090363
  8930.25  1.50791812
  8931.09961  1.58686852
  8931.94922  1.59086454
  8932.7998  1.48551488
  8933.64941  1.60372353
  8934.5  1.57473099
  8935.34961  1.59363568
  8936.19922  1.76020777
  8937.0498  1.49666286
  8937.89941  1.21139908
  8938.75  1.19520378
  8939.59961  1.2163434
  8940.44922  1.29682541
  8941.2998  1.34988654
  8942.14941  1.2901727
  8943.  1.33531594
  8943.84961  1.40165174
  8944.69922  1.36367071
  8945.5498  1.41546953
  8946.39941  1.42909408
  8947.25  1.25869584
  8948.09961  1.22382832
  8948.94922  1.25141442
  8949.7998  1.22206473
  8950.64941  1.28879142
  8951.5  1.33016837
  8952.34961  1.2481581
  8953.19922  1.22222865
  8954.0498  1.29113221
  8954.89941  1.24699628
  8955.75  1.16568303
  8956.59961  1.23387158
  8957.44922  1.380193
  8958.2998  1.3961091
  8959.14941  1.34179533
  8960.  1.37717998
  8960.84961  1.39219952
  8961.69922  1.39008904
  8962.5498  1.35690391
  8963.39941  1.21375358
  8964.25  1.1600827
  8965.09961  1.24870551
  8965.94922  1.26181805
  8966.7998  1.18193984
  8967.64941  1.26504838
  8968.5  1.43973064
  8969.34961  1.49023139
  8970.19922  1.42661703
  8971.0498  1.40959156
  8971.89941  1.29932034
  8972.75  1.17051864
  8973.59961  1.26909542
  8974.44922  1.41283476
  8975.2998  1.3991406
  8976.14941  1.34902668
  8977.  1.43780172
  8977.84961  1.53209162
  8978.69922  1.52460372
  8979.5498  1.47184372
  8980.39941  1.47703695
  8981.25  1.34219825
  8982.09961  1.30192244
  8982.94922  1.51449513
  8983.7998  1.69827735
  8984.64941  1.7290293
  8985.5  1.64673305
  8986.34961  1.59495676
  8987.19922  1.4250102
  8988.0498  1.19775581
  8988.89941  1.16808701
  8989.75  1.30824411
  8990.59961  1.40624833
  8991.44922  1.25312698
  8992.2998  1.10973918
  8993.14941  1.29967463
  8994.  1.55219924
  8994.84961  1.56395257
  8995.69922  1.6114589
  8996.5498  1.77787316
  8997.39941  1.77230048
  8998.25  1.66530097
  8999.09961  1.6620903
  8999.94922  1.61407721
  9000.7998  1.38985181
  9001.64941  1.27036023
  9002.5  1.54109585
  9003.34961  1.76160777
  9004.19922  1.56218004
  9005.0498  1.47347605
  9005.89941  1.75398469
  9006.75  1.91235757
  9007.59961  1.7672472
  9008.44922  1.56452811
  9009.2998  1.6642915
  9010.14941  1.82593572
  9011.  1.80687869
  9011.84961  1.68007958
  9012.69922  1.59290278
  9013.5498  1.71717584
  9014.39941  1.8408494
  9015.25  1.73830056
  9016.09961  1.55985379
  9016.94922  1.29156458
  9017.7998  1.11185241
  9018.64941  1.35220468
  9019.5  1.6892792
