  8348.84961  1.00352204
  8349.69922  1.02518415
  8350.5498  1.06368423
  8351.39941  1.08140516
  8352.25  1.07061076
  8353.09961  1.04945838
  8353.94922  1.03731227
  8354.7998  1.04326856
  8355.64941  1.04888725
  8356.5  1.03846538
  8357.34961  1.02011025
  8358.19922  1.02377498
  8359.0498  1.04977655
  8359.89941  1.05835772
  8360.75  1.0514313
  8361.59961  1.04904723
  8362.44922  1.03574526
  8363.2998  1.01331627
  8364.14941  1.00836551
  8365.  1.01659596
  8365.84961  1.03285861
  8366.69922  1.06286061
  8367.5498  1.0818789
  8368.39941  1.08317876
  8369.25  1.0709126
  8370.09961  1.06096423
  8370.94922  1.05720747
  8371.7998  1.05395138
  8372.64941  1.05324113
  8373.5  1.05746865
  8374.34961  1.06590986
  8375.19922  1.07192063
  8376.0498  1.04892254
  8376.89941  1.00905931
  8377.75  1.00037229
  8378.59961  1.04283893
  8379.44922  1.08352256
  8380.2998  1.09195638
  8381.14941  1.05592835
  8382.  0.98647207
  8382.84961  0.958024979
  8383.69922  0.995801449
  8384.5498  1.0343014
  8385.39941  1.04042447
  8386.25  1.0122937
  8387.09961  0.956673324
  8387.94922  0.945628107
  8388.7998  0.994211733
  8389.64941  1.02872348
  8390.5  1.04267597
  8391.34961  1.06242037
  8392.19922  1.08418596
  8393.0498  1.0860002
  8393.89941  1.06885386
  8394.75  1.05779302
  8395.59961  1.04984689
  8396.44922  1.02671969
  8397.2998  1.0258075
  8398.14941  1.04782021
  8399.  1.06957376
  8399.84961  1.07621264
  8400.69922  1.05342603
  8401.5498  1.03258717
  8402.39941  1.04652429
  8403.25  1.06858945
  8404.09961  1.0653106
  8404.94922  1.05315447
  8405.7998  1.05967033
  8406.64941  1.07298648
  8407.5  1.0727272
  8408.34961  1.06419063
  8409.19922  1.06362617
  8410.0498  1.06385779
  8410.89941  1.04279101
  8411.75  1.01199877
  8412.59961  1.01075017
  8413.44922  1.03911579
  8414.2998  1.06116021
  8415.14941  1.06831992
  8416.  1.06019342
  8416.84961  1.04245257
  8417.69922  1.04062593
  8418.5498  1.03825104
  8419.39941  1.02790678
  8420.25  1.03762221
  8421.09961  1.05258977
  8421.94922  1.04474485
  8422.7998  1.02889812
  8423.64941  1.0296942
  8424.5  1.0271008
  8425.34961  0.995143116
  8426.19922  0.960450828
  8427.0498  0.987750888
  8427.89941  1.04976547
  8428.75  1.08094025
  8429.59961  1.07762539
  8430.44922  1.07179058
  8431.2998  1.06970751
  8432.14941  1.07247674
  8433.  1.06730735
  8433.84961  1.00943232
  8434.69922  0.932291389
  8435.5498  0.936665237
  8436.39941  1.00113285
  8437.25  1.03915489
  8438.09961  1.02441251
  8438.94922  0.987227261
  8439.7998  0.985759199
  8440.64941  1.01426065
  8441.5  1.04198599
  8442.34961  1.05937445
  8443.19922  1.05710518
  8444.0498  1.04912829
  8444.89941  1.04700255
  8445.75  1.02445149
  8446.59961  1.01054645
  8447.44922  1.03182089
  8448.2998  1.05270147
  8449.14941  1.040622
  8450.  1.02198279
  8450.84961  1.03706062
  8451.69922  1.06858063
  8452.5498  1.07975423
  8453.39941  1.07251811
  8454.25  1.06256878
  8455.09961  1.04933822
  8455.94922  1.03648555
  8456.7998  1.03569186
  8457.64941  1.04456663
  8458.5  1.05541003
  8459.34961  1.05510175
  8460.19922  1.05400062
  8461.0498  1.06553972
  8461.89941  1.07260168
  8462.75  1.06937838
  8463.59961  1.06119514
  8464.44922  1.04383707
  8465.2998  1.01937473
  8466.14941  1.01376998
  8467.  1.00950503
  8467.84961  0.97374028
  8468.69922  0.9714697
  8469.5498  1.01915967
  8470.39941  1.04304063
  8471.25  1.02998912
  8472.09961  1.03122711
  8472.94922  1.05624473
  8473.7998  1.07582211
  8474.64941  1.08558273
  8475.5  1.08190715
  8476.34961  1.06454468
  8477.19922  1.05491531
  8478.0498  1.06169713
  8478.89941  1.05743229
  8479.75  1.03921938
  8480.59961  1.02684104
  8481.44922  1.01979053
  8482.2998  1.0270586
  8483.14941  1.04372394
  8484.  1.06241369
  8484.84961  1.06636441
  8485.69922  1.06757724
  8486.5498  1.05739045
  8487.39941  1.02974725
  8488.25  1.02637112
  8489.09961  1.05398619
  8489.94922  1.06807935
  8490.7998  1.05363107
  8491.64941  1.04295194
  8492.5  1.04255819
  8493.34961  1.03664029
  8494.19922  1.03404713
  8495.0498  1.01615047
  8495.89941  0.947969377
  8496.75  0.80664295
  8497.59961  0.66365093
  8498.44922  0.693606079
  8499.2998  0.850719392
  8500.14941  0.963653326
  8501.  0.991029382
  8501.84961  0.982610166
  8502.69922  0.991060495
  8503.5498  1.01079214
  8504.39941  1.02151465
  8505.25  1.0393039
  8506.09961  1.06073463
  8506.94922  1.07215679
  8507.7998  1.07711291
  8508.64941  1.07510591
  8509.5  1.06312728
  8510.34961  1.05187178
  8511.19922  1.04891217
  8512.0498  1.04001009
  8512.89941  1.0071348
  8513.75  0.952192724
  8514.59961  0.933032632
  8515.44922  0.977104425
  8516.2998  1.02033091
  8517.14941  1.01470745
  8518.  1.00177372
  8518.84961  1.01946938
  8519.69922  1.03965819
  8520.5498  1.03474784
  8521.39941  1.0301007
  8522.25  1.03617394
  8523.09961  1.03855681
  8523.94922  1.03928709
  8524.7998  1.02925301
  8525.64941  1.00821817
  8526.5  0.994761288
  8527.34961  1.01211154
  8528.19922  1.03564239
  8529.0498  1.04129303
  8529.89941  1.03807771
  8530.75  1.03542316
  8531.59961  1.02935994
  8532.44922  1.03256273
  8533.2998  1.03682697
  8534.14941  1.02358949
  8535.  0.998970747
  8535.84961  0.975420058
  8536.69922  0.950583816
  8537.5498  0.91067642
  8538.39941  0.871956527
  8539.25  0.827421308
  8540.09961  0.739917278
  8540.94922  0.59140408
  8541.7998  0.464568853
  8542.64941  0.507208824
  8543.5  0.662973464
  8544.34961  0.798303843
  8545.19922  0.883970916
  8546.0498  0.930769861
  8546.89941  0.949074209
  8547.75  0.952245116
  8548.59961  0.965687633
  8549.44922  0.991236269
  8550.2998  1.00329018
  8551.14941  1.02124
  8552.  1.04858255
  8552.84961  1.05829632
  8553.69922  1.04876864
  8554.5498  1.02615297
  8555.39941  0.999980688
  8556.25  0.988759935
  8557.09961  1.01156056
  8557.94922  1.04025269
  8558.7998  1.04818642
  8559.64941  1.0415976
  8560.5  1.03286099
  8561.34961  1.02700555
  8562.19922  1.03333354
  8563.0498  1.04745305
  8563.89941  1.0493952
  8564.75  1.04391861
  8565.59961  1.04482222
  8566.44922  1.04717183
  8567.2998  1.04450631
  8568.14941  1.0446806
  8569.  1.04317951
  8569.84961  1.04157257
  8570.69922  1.04424727
  8571.5498  1.04379189
  8572.39941  1.04158986
  8573.25  1.03662837
  8574.09961  1.02831447
  8574.94922  1.02610171
  8575.7998  1.04027998
  8576.64941  1.05184853
  8577.5  1.05747199
  8578.34961  1.06140542
  8579.19922  1.06391764
  8580.0498  1.06392717
  8580.89941  1.04215205
  8581.75  0.993786335
  8582.59961  0.981103778
  8583.44922  1.01281357
  8584.2998  1.0369035
  8585.14941  1.04239202
  8586.  1.04203308
  8586.84961  1.03980029
  8587.69922  1.03891861
  8588.5498  1.03974152
  8589.39941  1.03851366
  8590.25  1.0389725
  8591.09961  1.03019702
  8591.94922  1.02071297
  8592.7998  1.01969624
  8593.64941  1.03700066
  8594.5  1.0477066
  8595.34961  1.03721488
  8596.19922  1.02273691
  8597.0498  1.02014732
  8597.89941  1.01790142
  8598.75  1.01619864
  8599.59961  1.03716898
  8600.44922  1.05720937
  8601.2998  1.05869639
  8602.14941  1.04407406
  8603.  1.03120232
  8603.84961  1.02975786
  8604.69922  1.03538883
  8605.5498  1.03538668
  8606.39941  1.02971876
  8607.25  1.0336113
  8608.09961  1.03852379
  8608.94922  1.03683591
  8609.7998  1.01447833
  8610.64941  0.987535954
  8611.5  0.968910456
  8612.34961  0.990172625
  8613.19922  1.02083206
  8614.0498  1.03326964
  8614.89941  1.04376316
  8615.75  1.0400008
  8616.59961  1.04158032
  8617.44922  1.05030215
  8618.2998  1.05029559
  8619.14941  1.04792547
  8620.  1.04999483
  8620.84961  1.02512801
  8621.69922  0.998346448
  8622.5498  1.00721502
  8623.39941  1.03661788
  8624.25  1.05794668
  8625.09961  1.05770242
  8625.94922  1.04519236
  8626.7998  1.04267752
  8627.64941  1.04499125
  8628.5  1.04727471
  8629.34961  1.04478776
  8630.19922  1.0453794
  8631.0498  1.03932273
  8631.89941  1.02693152
  8632.75  1.02763867
  8633.59961  1.02414668
  8634.44922  1.02810609
  8635.2998  1.04102325
  8636.14941  1.04503226
  8637.  1.04585505
  8637.84961  1.04690492
  8638.69922  1.04654574
  8639.5498  1.05039155
  8640.39941  1.05073142
  8641.25  1.03664148
  8642.09961  1.02394724
  8642.94922  1.02677274
  8643.7998  1.03430498
  8644.64941  1.04219997
  8645.5  1.04188776
  8646.34961  1.03544283
  8647.19922  1.01752579
  8648.0498  0.981937706
  8648.89941  0.975313962
  8649.75  1.00276673
  8650.59961  1.02293563
  8651.44922  1.02494454
  8652.2998  1.02196503
  8653.14941  1.01424873
  8654.  1.00038147
  8654.84961  1.00156474
  8655.69922  1.00920045
  8656.5498  0.998590231
  8657.39941  0.978606284
  8658.25  0.954148889
  8659.09961  0.912251353
  8659.94922  0.832343221
  8660.7998  0.690228879
  8661.64941  0.530785739
  8662.5  0.522530317
  8663.34961  0.663511932
  8664.19922  0.805463552
  8665.0498  0.891541243
  8665.89941  0.939980507
  8666.75  0.96482408
  8667.59961  0.974824905
  8668.44922  0.984710693
  8669.2998  1.00007594
  8670.14941  1.00571585
  8671.  1.00022447
  8671.84961  0.995390296
  8672.69922  0.99884361
  8673.5498  0.979321003
  8674.39941  0.928141475
  8675.25  0.929299116
  8676.09961  0.985723674
  8676.94922  1.02292383
  8677.7998  1.02492285
  8678.64941  1.00564337
  8679.5  0.986649394
  8680.34961  0.990843356
  8681.19922  1.00499415
  8682.0498  0.998374343
  8682.89941  0.991737306
  8683.75  1.01436758
  8684.59961  1.03316104
  8685.44922  1.02762353
  8686.2998  1.00957036
  8687.14941  0.968344867
  8688.  0.880220294
  8688.84961  0.851714671
  8689.69922  0.924732625
  8690.5498  0.99412787
  8691.39941  1.01697767
  8692.25  1.01387274
  8693.09961  1.01798689
  8693.94922  1.02309513
  8694.7998  1.02660584
  8695.64941  1.0307889
  8696.5  1.0333432
  8697.34961  1.02860582
  8698.19922  0.99994874
  8699.0498  0.974011898
  8699.89941  0.985147119
  8700.75  1.00720489
  8701.59961  1.01187885
  8702.44922  1.00133491
  8703.2998  0.996787667
  8704.14941  1.01065266
  8705.  1.02477419
  8705.84961  1.02622366
  8706.69922  1.01633155
  8707.5498  1.01613283
  8708.39941  1.01548934
  8709.25  0.995107412
  8710.09961  0.974593461
  8710.94922  0.985239267
  8711.7998  0.982664287
  8712.64941  0.955193043
  8713.5  0.963640928
  8714.34961  1.00434256
  8715.19922  1.02870893
  8716.0498  1.0273546
  8716.89941  1.00671864
  8717.75  0.989994645
  8718.59961  1.00425529
  8719.44922  1.02682006
  8720.2998  1.03398252
  8721.14941  1.0336076
  8722.  1.03084421
  8722.84961  1.02536619
  8723.69922  1.01449704
  8724.5498  1.00963926
  8725.39941  1.01572526
  8726.25  1.01981556
  8727.09961  1.00690103
  8727.94922  0.979269862
  8728.7998  0.968457282
  8729.64941  0.978377879
  8730.5  0.996028483
  8731.34961  1.0151912
  8732.19922  1.02244353
  8733.0498  1.02651274
  8733.89941  1.02005959
  8734.75  0.991255283
  8735.59961  0.958971798
  8736.44922  0.967371047
  8737.2998  0.999624789
  8738.14941  1.01933837
  8739.  1.02508628
  8739.84961  1.01521039
  8740.69922  0.995270669
  8741.5498  0.983893454
  8742.39941  0.980045497
  8743.25  0.997624815
  8744.09961  1.01159048
  8744.94922  1.01406145
  8745.7998  1.01322675
  8746.64941  1.00381267
  8747.5  0.994300008
  8748.34961  1.0063647
  8749.19922  1.02013588
  8750.0498  1.01201415
  8750.89941  0.979434133
  8751.75  0.954434693
  8752.59961  0.973589361
  8753.44922  1.01287448
  8754.2998  1.03251684
  8755.14941  1.03134382
  8756.  1.00910318
  8756.84961  0.965275526
  8757.69922  0.97711581
  8758.5498  1.01723862
  8759.39941  1.03093624
  8760.25  1.03154469
  8761.09961  1.03490448
  8761.94922  1.03337026
  8762.7998  1.01249087
  8763.64941  0.977387846
  8764.5  0.982245445
  8765.34961  1.0035398
  8766.19922  0.999599278
  8767.0498  0.997745991
  8767.89941  1.01792252
  8768.75  1.03126037
  8769.59961  1.02649152
  8770.44922  1.01586246
  8771.2998  1.01192367
  8772.14941  0.988731325
  8773.  0.95220083
  8773.84961  0.944815516
  8774.69922  0.985879004
  8775.5498  1.02127433
  8776.39941  1.03547776
  8777.25  1.03687024
  8778.09961  1.01563478
  8778.94922  1.00499713
  8779.7998  1.01521337
  8780.64941  1.01710927
  8781.5  1.02306962
  8782.34961  1.0306263
  8783.19922  1.02390635
  8784.0498  1.006441
  8784.89941  1.00998652
  8785.75  1.02568102
  8786.59961  1.03239632
  8787.44922  1.03468299
  8788.2998  1.03045511
  8789.14941  1.01023912
  8790.  0.976375878
  8790.84961  0.983677804
  8791.69922  1.0052737
  8792.5498  0.980193734
  8793.39941  0.963431001
  8794.25  0.999436617
  8795.09961  1.02210188
  8795.94922  1.00646055
  8796.7998  0.99773401
  8797.64941  1.00984347
  8798.5  1.02480078
  8799.34961  1.03122962
  8800.19922  1.03057361
  8801.0498  1.02632642
  8801.89941  1.02531397
  8802.75  1.02139795
  8803.59961  0.994910955
  8804.44922  0.957815588
  8805.2998  0.922147155
  8806.14941  0.825122893
  8807.  0.791036725
  8807.84961  0.875616789
  8808.69922  0.949926853
  8809.5498  0.988999784
  8810.39941  1.01525867
  8811.25  1.02532017
  8812.09961  1.02045131
  8812.94922  1.0131973
  8813.7998  1.01408851
  8814.64941  1.01895583
  8815.5  1.01839912
  8816.34961  1.01620662
  8817.19922  1.01885712
  8818.0498  1.01856804
  8818.89941  1.00595415
  8819.75  1.00018132
  8820.59961  0.999254644
  8821.44922  1.00427783
  8822.2998  0.999412298
  8823.14941  0.953267157
  8824.  0.89047128
  8824.84961  0.91736722
  8825.69922  0.981045187
  8826.5498  1.00449777
  8827.39941  1.00372577
  8828.25  1.00459564
  8829.09961  1.01135111
  8829.94922  1.01637495
  8830.7998  1.01978064
  8831.64941  1.01955259
  8832.5  1.01272511
  8833.34961  1.00708497
  8834.19922  1.01050389
  8835.0498  1.01033866
  8835.89941  0.994885504
  8836.75  0.990441799
  8837.59961  0.969837844
  8838.44922  0.950549543
  8839.2998  0.979771435
  8840.14941  1.011199
  8841.  1.01302063
  8841.84961  1.00844884
  8842.69922  1.01112795
  8843.5498  1.01609409
  8844.39941  1.01897061
  8845.25  1.01769793
  8846.09961  1.00033295
  8846.94922  0.989704549
  8847.7998  1.00819778
  8848.64941  1.02351618
  8849.5  1.02333951
  8850.34961  1.02690887
  8851.19922  1.02292943
  8852.0498  1.01591623
  8852.89941  1.01410913
  8853.75  1.01400316
  8854.59961  1.01503444
  8855.44922  1.01697731
  8856.2998  1.02008557
  8857.14941  1.01792777
  8858.  1.0210613
  8858.84961  1.01573002
  8859.69922  1.00531006
  8860.5498  1.00624979
  8861.39941  0.991861582
  8862.25  0.961763084
  8863.09961  0.965380967
  8863.94922  0.993338346
  8864.7998  1.01065588
  8865.64941  0.999111891
  8866.5  0.951364279
  8867.34961  0.932603836
  8868.19922  0.945930421
  8869.0498  0.978361845
  8869.89941  1.01214755
  8870.75  1.02759063
  8871.59961  1.03391576
  8872.44922  1.0345341
  8873.2998  1.03087068
  8874.14941  1.02304244
  8875.  1.0136342
  8875.84961  0.999870539
  8876.69922  0.996630847
  8877.5498  0.992996752
  8878.39941  0.979865968
  8879.25  0.985211134
  8880.09961  1.00473475
  8880.94922  1.01689458
  8881.7998  1.01906395
  8882.64941  1.01147568
  8883.5  1.0042752
  8884.34961  1.00899577
  8885.19922  1.01745713
  8886.0498  1.02152324
  8886.89941  1.01651323
  8887.75  1.01784623
  8888.59961  1.02347744
  8889.44922  1.02313089
  8890.2998  1.01783419
  8891.14941  1.00447834
  8892.  0.99491024
  8892.84961  0.992590368
  8893.69922  1.00860524
  8894.5498  1.02109981
  8895.39941  1.02014077
  8896.25  1.01861608
  8897.09961  1.01791954
  8897.94922  1.01610565
  8898.7998  1.0079571
  8899.64941  1.01489294
  8900.5  1.02909982
  8901.34961  1.03046095
  8902.19922  1.02169073
  8903.0498  1.01494491
  8903.89941  1.01504099
  8904.75  1.02233636
  8905.59961  1.02173734
  8906.44922  1.02186131
  8907.2998  1.02451205
  8908.14941  1.02072871
  8909.  1.01429105
  8909.84961  1.02055812
  8910.69922  1.02105963
  8911.5498  1.00334859
  8912.39941  0.993230164
  8913.25  1.01071405
  8914.09961  1.02098382
  8914.94922  1.02430618
  8915.7998  1.02054703
  8916.64941  1.01482058
  8917.5  1.01335371
  8918.34961  1.00445116
  8919.19922  0.986414433
  8920.0498  0.975998819
  8920.89941  0.996038973
  8921.75  1.01139963
  8922.59961  0.997636735
  8923.44922  0.979741096
  8924.2998  0.986933231
  8925.14941  0.990368962
  8926.  0.99155432
  8926.84961  0.987170637
  8927.69922  0.979410946
  8928.5498  0.971347094
  8929.39941  0.958697259
  8930.25  0.958141029
  8931.09961  0.962669313
  8931.94922  0.971741736
  8932.7998  0.98890394
  8933.64941  0.989271462
  8934.5  0.987820923
  8935.34961  0.998320341
  8936.19922  1.01485467
  8937.0498  1.02270687
  8937.89941  1.02247441
  8938.75  1.01857543
  8939.59961  1.00159431
  8940.44922  0.979007423
  8941.2998  0.979300976
  8942.14941  0.964769065
  8943.  0.943910956
  8943.84961  0.955070794
  8944.69922  0.95742768
  8945.5498  0.936853111
  8946.39941  0.913440585
  8947.25  0.91417563
  8948.09961  0.938780427
  8948.94922  0.957901299
  8949.7998  0.970368862
  8950.64941  0.982571125
  8951.5  0.980979919
  8952.34961  0.961837828
  8953.19922  0.953957498
  8954.0498  0.939725697
  8954.89941  0.900225401
  8955.75  0.902196646
  8956.59961  0.952248991
  8957.44922  0.984995782
  8958.2998  0.982125223
  8959.14941  0.971097946
  8960.  0.97723186
  8960.84961  0.984460294
  8961.69922  0.958080769
  8962.5498  0.896313429
  8963.39941  0.856629968
  8964.25  0.869633913
  8965.09961  0.877969563
  8965.94922  0.846323073
  8966.7998  0.842673004
  8967.64941  0.894210517
  8968.5  0.951279044
  8969.34961  0.976559043
  8970.19922  0.963614225
  8971.0498  0.909183621
  8971.89941  0.846480727
  8972.75  0.850146174
  8973.59961  0.890848279
  8974.44922  0.886467993
  8975.2998  0.856849194
  8976.14941  0.882489264
  8977.  0.93280232
  8977.84961  0.97026825
  8978.69922  0.986338139
  8979.5498  0.970923424
  8980.39941  0.915414512
  8981.25  0.859067738
  8982.09961  0.899408281
  8982.94922  0.97379452
  8983.7998  0.992337584
  8984.64941  0.972943187
  8985.5  0.947310269
  8986.34961  0.88752526
  8987.19922  0.787184417
  8988.0498  0.719914436
  8988.89941  0.729148924
  8989.75  0.781448364
  8990.59961  0.788354099
  8991.44922  0.728400767
  8992.2998  0.704784095
  8993.14941  0.785768092
  8994.  0.904943049
  8994.84961  0.969577074
  8995.69922  0.991300106
  8996.5498  0.993510127
  8997.39941  0.997989774
  8998.25  0.980206609
  8999.09961  0.892191172
  8999.94922  0.80557853
  9000.7998  0.775149643
  9001.64941  0.805104971
  9002.5  0.891125739
  9003.34961  0.899156094
  9004.19922  0.856507659
  9005.0498  0.859188139
  9005.89941  0.912073374
  9006.75  0.904421329
  9007.59961  0.850111425
  9008.44922  0.823081493
  9009.2998  0.847128153
  9010.14941  0.876208544
  9011.  0.886505306
  9011.84961  0.854479611
  9012.69922  0.836652279
  9013.5498  0.872294784
  9014.39941  0.926471353
  9015.25  0.942925513
  9016.09961  0.885232866
  9016.94922  0.776724577
  9017.7998  0.759983301
  9018.64941  0.855638027
  9019.5  0.945912778
