  8348.84961  1.05515969
  8349.69922  1.08298552
  8350.5498  1.05411863
  8351.39941  1.01777315
  8352.25  1.05268514
  8353.09961  1.08504903
  8353.94922  1.08860373
  8354.7998  1.0877496
  8355.64941  1.04760277
  8356.5  1.02054954
  8357.34961  1.04908431
  8358.19922  1.08640027
  8359.0498  1.10670662
  8359.89941  1.09950554
  8360.75  1.06000602
  8361.59961  1.03937495
  8362.44922  1.07107556
  8363.2998  1.09778273
  8364.14941  1.09736502
  8365.  1.10074484
  8365.84961  1.105057
  8366.69922  1.08551621
  8367.5498  1.05172014
  8368.39941  1.05212367
  8369.25  1.06582928
  8370.09961  1.05109346
  8370.94922  1.04063201
  8371.7998  1.05741119
  8372.64941  1.08218896
  8373.5  1.09877968
  8374.34961  1.09944332
  8375.19922  1.08599293
  8376.0498  1.08185887
  8376.89941  1.08758795
  8377.75  1.0688374
  8378.59961  1.04428136
  8379.44922  1.03972244
  8380.2998  1.05061877
  8381.14941  1.05974042
  8382.  1.05935192
  8382.84961  1.07334983
  8383.69922  1.09470177
  8384.5498  1.09730482
  8385.39941  1.08609915
  8386.25  1.07382798
  8387.09961  1.04551578
  8387.94922  1.02622902
  8388.7998  1.05527854
  8389.64941  1.09345782
  8390.5  1.09509575
  8391.34961  1.07133782
  8392.19922  1.06995273
  8393.0498  1.0886538
  8393.89941  1.08412623
  8394.75  1.0746268
  8395.59961  1.08043325
  8396.44922  1.08830762
  8397.2998  1.08952188
  8398.14941  1.07755554
  8399.  1.0567435
  8399.84961  1.05041087
  8400.69922  1.07205153
  8401.5498  1.08115637
  8402.39941  1.06344879
  8403.25  1.05085778
  8404.09961  1.05248415
  8404.94922  1.06636465
  8405.7998  1.08655739
  8406.64941  1.09386444
  8407.5  1.08283317
  8408.34961  1.07131553
  8409.19922  1.06502926
  8410.0498  1.06340313
  8410.89941  1.0720042
  8411.75  1.0717001
  8412.59961  1.0585773
  8413.44922  1.06472123
  8414.2998  1.07832301
  8415.14941  1.08059275
  8416.  1.07943606
  8416.84961  1.07837713
  8417.69922  1.07770848
  8418.5498  1.07672989
  8419.39941  1.07475889
  8420.25  1.07416916
  8421.09961  1.07933235
  8421.94922  1.07975399
  8422.7998  1.07486594
  8423.64941  1.06711817
  8424.5  1.05731797
  8425.34961  1.05460608
  8426.19922  1.06193721
  8427.0498  1.06823456
  8427.89941  1.06413305
  8428.75  1.05966198
  8429.59961  1.05638802
  8430.44922  1.0464493
  8431.2998  1.03950489
  8432.14941  1.04843736
  8433.  1.06815302
  8433.84961  1.06380761
  8434.69922  1.05358171
  8435.5498  1.06423593
  8436.39941  1.05294406
  8437.25  1.04396439
  8438.09961  1.06053078
  8438.94922  1.06759381
  8439.7998  1.0572511
  8440.64941  1.06217432
  8441.5  1.07864535
  8442.34961  1.07807386
  8443.19922  1.07133663
  8444.0498  1.06458008
  8444.89941  1.0673877
  8445.75  1.05954361
  8446.59961  1.04890275
  8447.44922  1.06346691
  8448.2998  1.07947624
  8449.14941  1.08175051
  8450.  1.07893181
  8450.84961  1.07377529
  8451.69922  1.07191133
  8452.5498  1.07476628
  8453.39941  1.06139851
  8454.25  1.03964698
  8455.09961  1.03967011
  8455.94922  1.05437791
  8456.7998  1.05785787
  8457.64941  1.05620968
  8458.5  1.0670321
  8459.34961  1.07855439
  8460.19922  1.07487643
  8461.0498  1.06543648
  8461.89941  1.06464767
  8462.75  1.07494533
  8463.59961  1.07527924
  8464.44922  1.06390429
  8465.2998  1.05793524
  8466.14941  1.05255854
  8467.  1.03375435
  8467.84961  1.01401711
  8468.69922  1.02481771
  8469.5498  1.04979575
  8470.39941  1.05806637
  8471.25  1.0637598
  8472.09961  1.06967723
  8472.94922  1.07253695
  8473.7998  1.0674566
  8474.64941  1.05990386
  8475.5  1.06426799
  8476.34961  1.0670445
  8477.19922  1.06294823
  8478.0498  1.05632126
  8478.89941  1.05839646
  8479.75  1.06305146
  8480.59961  1.06068158
  8481.44922  1.06678665
  8482.2998  1.06960571
  8483.14941  1.07534122
  8484.  1.0737741
  8484.84961  1.06786144
  8485.69922  1.05946791
  8486.5498  1.0578196
  8487.39941  1.06346345
  8488.25  1.06776249
  8489.09961  1.0723877
  8489.94922  1.06911719
  8490.7998  1.05506647
  8491.64941  1.05300939
  8492.5  1.06027961
  8493.34961  1.0515765
  8494.19922  1.03691733
  8495.0498  1.03932416
  8495.89941  1.02983105
  8496.75  0.953843296
  8497.59961  0.848874032
  8498.44922  0.862757981
  8499.2998  0.961632133
  8500.14941  1.02551913
  8501.  1.04262149
  8501.84961  1.0519855
  8502.69922  1.05037582
  8503.5498  1.0405283
  8504.39941  1.03520811
  8505.25  1.02367496
  8506.09961  1.0140295
  8506.94922  1.02995169
  8507.7998  1.0468744
  8508.64941  1.05617583
  8509.5  1.0574286
  8510.34961  1.05132663
  8511.19922  1.04944074
  8512.0498  1.04936981
  8512.89941  1.0379504
  8513.75  1.02069831
  8514.59961  1.01901782
  8515.44922  1.03675842
  8516.2998  1.04830337
  8517.14941  1.04703951
  8518.  1.04366553
  8518.84961  1.04075432
  8519.69922  1.04250097
  8520.5498  1.04534519
  8521.39941  1.05048478
  8522.25  1.05661023
  8523.09961  1.05607426
  8523.94922  1.0595789
  8524.7998  1.05797839
  8525.64941  1.04486835
  8526.5  1.04456747
  8527.34961  1.04863238
  8528.19922  1.0487169
  8529.0498  1.04019475
  8529.89941  1.03855932
  8530.75  1.04424167
  8531.59961  1.05224144
  8532.44922  1.05617094
  8533.2998  1.04701257
  8534.14941  1.02448201
  8535.  1.00835621
  8535.84961  1.01147306
  8536.69922  1.02768421
  8537.5498  1.02057993
  8538.39941  0.983746111
  8539.25  0.956770241
  8540.09961  0.902630925
  8540.94922  0.762396038
  8541.7998  0.628237247
  8542.64941  0.691029906
  8543.5  0.847564995
  8544.34961  0.941913784
  8545.19922  0.980854571
  8546.0498  1.00929034
  8546.89941  1.02425528
  8547.75  1.03504097
  8548.59961  1.03228378
  8549.44922  1.02547801
  8550.2998  1.03754318
  8551.14941  1.05227959
  8552.  1.04493392
  8552.84961  1.04286861
  8553.69922  1.04757988
  8554.5498  1.04487586
  8555.39941  1.04605079
  8556.25  1.03367519
  8557.09961  1.02723444
  8557.94922  1.04047978
  8558.7998  1.05703926
  8559.64941  1.05281496
  8560.5  1.04984641
  8561.34961  1.04317427
  8562.19922  1.01062191
  8563.0498  0.985753238
  8563.89941  1.01247609
  8564.75  1.04536891
  8565.59961  1.05599844
  8566.44922  1.04576993
  8567.2998  1.03953159
  8568.14941  1.04690731
  8569.  1.04754007
  8569.84961  1.05498993
  8570.69922  1.05327666
  8571.5498  1.04393852
  8572.39941  1.04470658
  8573.25  1.04732203
  8574.09961  1.04215193
  8574.94922  1.03108835
  8575.7998  1.01973593
  8576.64941  1.0209322
  8577.5  1.03289855
  8578.34961  1.04030097
  8579.19922  1.0404222
  8580.0498  1.03734374
  8580.89941  1.03755414
  8581.75  1.03587246
  8582.59961  1.03275156
  8583.44922  1.03617406
  8584.2998  1.04255569
  8585.14941  1.0389601
  8586.  1.03656876
  8586.84961  1.04107738
  8587.69922  1.0443635
  8588.5498  1.04321516
  8589.39941  1.03066671
  8590.25  1.01834345
  8591.09961  1.01725674
  8591.94922  1.01839638
  8592.7998  1.01984513
  8593.64941  1.02713382
  8594.5  1.03031838
  8595.34961  1.02052462
  8596.19922  1.00869012
  8597.0498  0.995846033
  8597.89941  0.990343809
  8598.75  1.00014389
  8599.59961  1.01077318
  8600.44922  1.01489031
  8601.2998  1.01450503
  8602.14941  1.02636886
  8603.  1.02918434
  8603.84961  1.00917852
  8604.69922  1.00710177
  8605.5498  1.0228883
  8606.39941  1.0231992
  8607.25  1.01643646
  8608.09961  1.02394509
  8608.94922  1.03200829
  8609.7998  1.03019583
  8610.64941  1.01720405
  8611.5  1.00673914
  8612.34961  1.01983976
  8613.19922  1.02929699
  8614.0498  1.03725111
  8614.89941  1.0477097
  8615.75  1.03412485
  8616.59961  1.01738119
  8617.44922  1.0189749
  8618.2998  1.02768075
  8619.14941  1.0403173
  8620.  1.03717089
  8620.84961  1.0208565
  8621.69922  1.01130867
  8622.5498  1.01684201
  8623.39941  1.02754939
  8624.25  1.02441597
  8625.09961  1.01951742
  8625.94922  1.02198088
  8626.7998  1.02527213
  8627.64941  1.01253402
  8628.5  1.01640928
  8629.34961  1.0411005
  8630.19922  1.03494692
  8631.0498  1.00985479
  8631.89941  1.01025403
  8632.75  1.02935445
  8633.59961  1.0375458
  8634.44922  1.03140569
  8635.2998  1.02479756
  8636.14941  1.00784314
  8637.  1.01150692
  8637.84961  1.01395202
  8638.69922  1.00546885
  8639.5498  1.00203109
  8640.39941  1.0075326
  8641.25  1.02364564
  8642.09961  1.03707922
  8642.94922  1.03196108
  8643.7998  1.01537132
  8644.64941  1.01373899
  8645.5  1.01522446
  8646.34961  1.01330423
  8647.19922  1.00859535
  8648.0498  0.991591156
  8648.89941  1.00030255
  8649.75  1.01716793
  8650.59961  1.01864338
  8651.44922  1.03361964
  8652.2998  1.0305289
  8653.14941  1.01202464
  8654.  1.00841379
  8654.84961  1.00882697
  8655.69922  1.00226057
  8656.5498  0.994231582
  8657.39941  0.987380981
  8658.25  0.971118331
  8659.09961  0.950914919
  8659.94922  0.919901252
  8660.7998  0.820286989
  8661.64941  0.653780997
  8662.5  0.660620332
  8663.34961  0.801727414
  8664.19922  0.911232889
  8665.0498  0.940069973
  8665.89941  0.960486054
  8666.75  0.974643171
  8667.59961  0.979158878
  8668.44922  0.987018526
  8669.2998  0.993272722
  8670.14941  1.0001626
  8671.  0.991754055
  8671.84961  0.985933959
  8672.69922  0.982738853
  8673.5498  0.98800844
  8674.39941  0.985725164
  8675.25  0.988309681
  8676.09961  0.999405265
  8676.94922  0.997482717
  8677.7998  0.992660105
  8678.64941  0.996317923
  8679.5  0.993590593
  8680.34961  0.989328623
  8681.19922  0.995181501
  8682.0498  0.993692398
  8682.89941  0.991815031
  8683.75  0.998585522
  8684.59961  0.997907162
  8685.44922  0.991710305
  8686.2998  0.993409693
  8687.14941  0.989755034
  8688.  0.959572256
  8688.84961  0.957449138
  8689.69922  0.987866879
  8690.5498  1.00127435
  8691.39941  0.999149144
  8692.25  0.993834138
  8693.09961  0.993532598
  8693.94922  0.997814059
  8694.7998  1.00032949
  8695.64941  0.995263755
  8696.5  0.993867755
  8697.34961  0.996073723
  8698.19922  0.988891304
  8699.0498  0.980510831
  8699.89941  0.984517336
  8700.75  0.987801492
  8701.59961  0.983440042
  8702.44922  0.983841836
  8703.2998  0.987131476
  8704.14941  0.994020104
  8705.  0.994906187
  8705.84961  0.982977808
  8706.69922  0.979236841
  8707.5498  0.987023652
  8708.39941  0.996594489
  8709.25  0.995581806
  8710.09961  0.98354733
  8710.94922  0.990002751
  8711.7998  0.997804642
  8712.64941  0.99398613
  8713.5  0.994776249
  8714.34961  0.986523986
  8715.19922  0.975531757
  8716.0498  0.973623514
  8716.89941  0.97128129
  8717.75  0.962971091
  8718.59961  0.968031287
  8719.44922  0.983179092
  8720.2998  0.984457731
  8721.14941  0.986099958
  8722.  0.992428422
  8722.84961  0.9959324
  8723.69922  0.990242422
  8724.5498  0.979785383
  8725.39941  0.978605449
  8726.25  0.974510252
  8727.09961  0.965415776
  8727.94922  0.967501998
  8728.7998  0.971545756
  8729.64941  0.971401155
  8730.5  0.974925041
  8731.34961  0.980357528
  8732.19922  0.979832351
  8733.0498  0.980126083
  8733.89941  0.9828372
  8734.75  0.978230536
  8735.59961  0.969961345
  8736.44922  0.97267592
  8737.2998  0.984526217
  8738.14941  0.983345985
  8739.  0.979129016
  8739.84961  0.971315801
  8740.69922  0.963315547
  8741.5498  0.965256035
  8742.39941  0.969793439
  8743.25  0.969601989
  8744.09961  0.965335906
  8744.94922  0.975193739
  8745.7998  0.98321861
  8746.64941  0.973988414
  8747.5  0.959491909
  8748.34961  0.944481194
  8749.19922  0.949084818
  8750.0498  0.950390816
  8750.89941  0.934197485
  8751.75  0.930640876
  8752.59961  0.943918645
  8753.44922  0.967871428
  8754.2998  0.984220326
  8755.14941  0.987168372
  8756.  0.979072154
  8756.84961  0.964926481
  8757.69922  0.954906523
  8758.5498  0.951326549
  8759.39941  0.965525508
  8760.25  0.989184499
  8761.09961  0.998279929
  8761.94922  0.986358285
  8762.7998  0.968388498
  8763.64941  0.967525899
  8764.5  0.97880882
  8765.34961  0.986449659
  8766.19922  0.979878366
  8767.0498  0.973369777
  8767.89941  0.975586414
  8768.75  0.978950679
  8769.59961  0.989324868
  8770.44922  0.990371644
  8771.2998  0.983436942
  8772.14941  0.971885979
  8773.  0.957157075
  8773.84961  0.951293766
  8774.69922  0.960239112
  8775.5498  0.971665144
  8776.39941  0.969337702
  8777.25  0.962899745
  8778.09961  0.957943439
  8778.94922  0.960628808
  8779.7998  0.95927465
  8780.64941  0.952553213
  8781.5  0.965621114
  8782.34961  0.985104024
  8783.19922  0.990945935
  8784.0498  0.987766623
  8784.89941  0.980679095
  8785.75  0.970753908
  8786.59961  0.966401339
  8787.44922  0.972086668
  8788.2998  0.975992203
  8789.14941  0.967298031
  8790.  0.949415267
  8790.84961  0.947066963
  8791.69922  0.966446221
  8792.5498  0.97429049
  8793.39941  0.965838671
  8794.25  0.959739089
  8795.09961  0.957734108
  8795.94922  0.959638238
  8796.7998  0.963840723
  8797.64941  0.97107935
  8798.5  0.976867437
  8799.34961  0.97895515
  8800.19922  0.987056017
  8801.0498  0.979981184
  8801.89941  0.971124232
  8802.75  0.974274278
  8803.59961  0.976315022
  8804.44922  0.971402407
  8805.2998  0.945008576
  8806.14941  0.896657586
  8807.  0.880645633
  8807.84961  0.924564481
  8808.69922  0.962144494
  8809.5498  0.97576189
  8810.39941  0.974440098
  8811.25  0.96808207
  8812.09961  0.957558215
  8812.94922  0.944678664
  8813.7998  0.938526273
  8814.64941  0.940897644
  8815.5  0.945444286
  8816.34961  0.937137127
  8817.19922  0.933226466
  8818.0498  0.940040112
  8818.89941  0.942597926
  8819.75  0.949488878
  8820.59961  0.962517321
  8821.44922  0.956629276
  8822.2998  0.934057832
  8823.14941  0.916812539
  8824.  0.898972571
  8824.84961  0.898870528
  8825.69922  0.916811466
  8826.5498  0.929321885
  8827.39941  0.944361866
  8828.25  0.953119516
  8829.09961  0.944429398
  8829.94922  0.93422401
  8830.7998  0.937523186
  8831.64941  0.942598641
  8832.5  0.946115494
  8833.34961  0.946069837
  8834.19922  0.951467216
  8835.0498  0.95812124
  8835.89941  0.953886271
  8836.75  0.939350903
  8837.59961  0.939964652
  8838.44922  0.949788094
  8839.2998  0.945937991
  8840.14941  0.947773218
  8841.  0.964447081
  8841.84961  0.972117305
  8842.69922  0.965145469
  8843.5498  0.958923638
  8844.39941  0.955571651
  8845.25  0.953478396
  8846.09961  0.946018577
  8846.94922  0.93680495
  8847.7998  0.936803043
  8848.64941  0.952368796
  8849.5  0.957523227
  8850.34961  0.948141694
  8851.19922  0.941443503
  8852.0498  0.930306256
  8852.89941  0.932714224
  8853.75  0.956066906
  8854.59961  0.96034807
  8855.44922  0.948212028
  8856.2998  0.946632087
  8857.14941  0.946802616
  8858.  0.944809794
  8858.84961  0.941017568
  8859.69922  0.930451572
  8860.5498  0.923205018
  8861.39941  0.920897543
  8862.25  0.921958983
  8863.09961  0.920167267
  8863.94922  0.92548126
  8864.7998  0.926032424
  8865.64941  0.931553245
  8866.5  0.931064963
  8867.34961  0.929805458
  8868.19922  0.934189916
  8869.0498  0.943392396
  8869.89941  0.948225319
  8870.75  0.946062446
  8871.59961  0.945033789
  8872.44922  0.926195562
  8873.2998  0.907964289
  8874.14941  0.922541916
  8875.  0.950529456
  8875.84961  0.961007714
  8876.69922  0.957069695
  8877.5498  0.949680865
  8878.39941  0.953083336
  8879.25  0.963669002
  8880.09961  0.969842315
  8880.94922  0.971832812
  8881.7998  0.967324793
  8882.64941  0.964419603
  8883.5  0.954273343
  8884.34961  0.957015216
  8885.19922  0.967128992
  8886.0498  0.97429502
  8886.89941  0.969663978
  8887.75  0.955854297
  8888.59961  0.944619119
  8889.44922  0.949874222
  8890.2998  0.94794929
  8891.14941  0.94115299
  8892.  0.93818444
  8892.84961  0.931685686
  8893.69922  0.931250334
  8894.5498  0.931203246
  8895.39941  0.944663048
  8896.25  0.95464009
  8897.09961  0.958139896
  8897.94922  0.946931064
  8898.7998  0.941992879
  8899.64941  0.938339531
  8900.5  0.937427163
  8901.34961  0.943122506
  8902.19922  0.938210964
  8903.0498  0.935372293
  8903.89941  0.936675072
  8904.75  0.946087301
  8905.59961  0.941537857
  8906.44922  0.937716782
  8907.2998  0.930568039
  8908.14941  0.92793256
  8909.  0.933999777
  8909.84961  0.934521496
  8910.69922  0.922487557
  8911.5498  0.896998763
  8912.39941  0.920747519
  8913.25  0.952842176
  8914.09961  0.95152092
  8914.94922  0.941010237
  8915.7998  0.951286793
  8916.64941  0.962151408
  8917.5  0.953293979
  8918.34961  0.96982795
  8919.19922  0.945067108
  8920.0498  0.931441367
  8920.89941  0.935613513
  8921.75  0.934616625
  8922.59961  0.878214836
  8923.44922  0.844770849
  8924.2998  0.8448506
  8925.14941  0.891826451
  8926.  0.907795668
  8926.84961  0.879972756
  8927.69922  0.844335794
  8928.5498  0.874345779
  8929.39941  0.914414704
  8930.25  0.929175258
  8931.09961  0.942527652
  8931.94922  0.945716262
  8932.7998  0.93313092
  8933.64941  0.900385678
  8934.5  0.878513634
  8935.34961  0.88769722
  8936.19922  0.879144669
  8937.0498  0.903483152
  8937.89941  0.915660441
  8938.75  0.903773665
  8939.59961  0.855531752
  8940.44922  0.787098527
  8941.2998  0.805774271
  8942.14941  0.844370425
  8943.  0.853954077
  8943.84961  0.88395381
  8944.69922  0.874458551
  8945.5498  0.826514065
  8946.39941  0.801735163
  8947.25  0.809552968
  8948.09961  0.723465204
  8948.94922  0.679360211
  8949.7998  0.79246062
  8950.64941  0.880464256
  8951.5  0.875092924
  8952.34961  0.855651379
  8953.19922  0.873209834
  8954.0498  0.889818192
  8954.89941  0.873665094
  8955.75  0.737697959
  8956.59961  0.597947061
  8957.44922  0.651949108
  8958.2998  0.743351102
  8959.14941  0.705007315
  8960.  0.673507214
  8960.84961  0.772276342
  8961.69922  0.872710288
  8962.5498  0.889015734
  8963.39941  0.879125357
  8964.25  0.796392262
  8965.09961  0.631342411
  8965.94922  0.617727876
  8966.7998  0.738179982
  8967.64941  0.74737817
  8968.5  0.699009836
  8969.34961  0.742999971
  8970.19922  0.809476674
  8971.0498  0.864503205
  8971.89941  0.896552742
  8972.75  0.872480392
  8973.59961  0.750428319
  8974.44922  0.625049829
  8975.2998  0.687770724
  8976.14941  0.839390218
  8977.  0.921813428
  8977.84961  0.925232828
  8978.69922  0.897976875
  8979.5498  0.81319654
  8980.39941  0.602557659
  8981.25  0.426847428
  8982.09961  0.465483427
  8982.94922  0.539779365
  8983.7998  0.583227932
  8984.64941  0.479477674
  8985.5  0.407549232
  8986.34961  0.580175281
  8987.19922  0.776967585
  8988.0498  0.883002818
  8988.89941  0.908581614
  8989.75  0.910016537
  8990.59961  0.909139037
  8991.44922  0.903694391
  8992.2998  0.874334753
  8993.14941  0.756327689
  8994.  0.540142357
  8994.84961  0.569481015
  8995.69922  0.769175172
  8996.5498  0.783221006
  8997.39941  0.58852458
  8998.25  0.629652679
  8999.09961  0.763493717
  8999.94922  0.765888989
  9000.7998  0.613988161
  9001.64941  0.583228469
  9002.5  0.709890723
  9003.34961  0.809080482
  9004.19922  0.843818724
  9005.0498  0.752943516
  9005.89941  0.655815184
  9006.75  0.760562062
  9007.59961  0.849789441
  9008.44922  0.868332207
  9009.2998  0.787395537
  9010.14941  0.585580468
  9011.  0.505482614
  9011.84961  0.655181706
  9012.69922  0.81172353
  9013.5498  0.858670354
  9014.39941  0.830862999
  9015.25  0.770276666
  9016.09961  0.669857323
  9016.94922  0.654587567
  9017.7998  0.764109671
  9018.64941  0.744527936
  9019.5  0.615014017
