  8348.84961  0.979903698
  8349.69922  1.01029861
  8350.5498  1.0561204
  8351.39941  1.07555366
  8352.25  1.06082702
  8353.09961  1.03143382
  8353.94922  1.01513731
  8354.7998  1.01931334
  8355.64941  1.02769661
  8356.5  1.02007926
  8357.34961  1.01324224
  8358.19922  1.02257836
  8359.0498  1.03771377
  8359.89941  1.05084646
  8360.75  1.05454421
  8361.59961  1.04791749
  8362.44922  1.01653051
  8363.2998  0.973035932
  8364.14941  0.965667486
  8365.  0.984646976
  8365.84961  1.02940071
  8366.69922  1.07139337
  8367.5498  1.10389495
  8368.39941  1.09555507
  8369.25  1.0601995
  8370.09961  1.03827834
  8370.94922  1.0347805
  8371.7998  1.03501177
  8372.64941  1.04340625
  8373.5  1.05424035
  8374.34961  1.07863688
  8375.19922  1.08414757
  8376.0498  1.0365715
  8376.89941  0.986322284
  8377.75  0.975801229
  8378.59961  1.03436029
  8379.44922  1.10154998
  8380.2998  1.12157381
  8381.14941  1.03099298
  8382.  0.913411379
  8382.84961  0.875256896
  8383.69922  0.954847455
  8384.5498  1.03847551
  8385.39941  1.04605258
  8386.25  0.983200192
  8387.09961  0.927113295
  8387.94922  0.925601006
  8388.7998  0.963708222
  8389.64941  0.99763602
  8390.5  1.02470803
  8391.34961  1.06044328
  8392.19922  1.09361064
  8393.0498  1.10087848
  8393.89941  1.08353353
  8394.75  1.06600881
  8395.59961  1.03979123
  8396.44922  1.01587594
  8397.2998  1.02202666
  8398.14941  1.04744196
  8399.  1.07874203
  8399.84961  1.09237456
  8400.69922  1.05190706
  8401.5498  1.0109396
  8402.39941  1.03777194
  8403.25  1.07611239
  8404.09961  1.07666278
  8404.94922  1.05742049
  8405.7998  1.06334424
  8406.64941  1.08890438
  8407.5  1.07158792
  8408.34961  1.0710392
  8409.19922  1.08679366
  8410.0498  1.07763541
  8410.89941  1.0215075
  8411.75  0.977675617
  8412.59961  0.966480732
  8413.44922  1.02147841
  8414.2998  1.07064188
  8415.14941  1.09367549
  8416.  1.06030762
  8416.84961  1.02241063
  8417.69922  1.00989068
  8418.5498  1.03297305
  8419.39941  1.02584767
  8420.25  1.0146966
  8421.09961  1.03248036
  8421.94922  1.03752899
  8422.7998  1.01352334
  8423.64941  1.02250028
  8424.5  1.00910401
  8425.34961  0.955710471
  8426.19922  0.915607631
  8427.0498  0.957924128
  8427.89941  1.05133653
  8428.75  1.11109328
  8429.59961  1.11490262
  8430.44922  1.10592878
  8431.2998  1.10418749
  8432.14941  1.09400702
  8433.  1.0588764
  8433.84961  0.976036429
  8434.69922  0.88071847
  8435.5498  0.89243722
  8436.39941  0.986054838
  8437.25  1.04083967
  8438.09961  1.01472914
  8438.94922  0.957787991
  8439.7998  0.95660907
  8440.64941  1.00201237
  8441.5  1.04502535
  8442.34961  1.06722414
  8443.19922  1.07026374
  8444.0498  1.06271708
  8444.89941  1.04217768
  8445.75  1.00632882
  8446.59961  0.984803915
  8447.44922  1.01883996
  8448.2998  1.05958188
  8449.14941  1.02400148
  8450.  0.989057541
  8450.84961  1.01450193
  8451.69922  1.08372915
  8452.5498  1.1116159
  8453.39941  1.0981214
  8454.25  1.0841136
  8455.09961  1.04125488
  8455.94922  1.01012719
  8456.7998  1.0041436
  8457.64941  1.02421546
  8458.5  1.05037081
  8459.34961  1.06100619
  8460.19922  1.06002462
  8461.0498  1.09317815
  8461.89941  1.10759282
  8462.75  1.09384155
  8463.59961  1.06166768
  8464.44922  1.02231598
  8465.2998  0.980211496
  8466.14941  0.978622556
  8467.  0.978312671
  8467.84961  0.949259877
  8468.69922  0.953656852
  8469.5498  1.01985455
  8470.39941  1.03651583
  8471.25  1.02006066
  8472.09961  1.031896
  8472.94922  1.05928218
  8473.7998  1.1001004
  8474.64941  1.11941862
  8475.5  1.10152113
  8476.34961  1.07235026
  8477.19922  1.05663109
  8478.0498  1.06501043
  8478.89941  1.06328058
  8479.75  1.04827261
  8480.59961  1.02687728
  8481.44922  0.997671068
  8482.2998  1.0014782
  8483.14941  1.03528118
  8484.  1.06071925
  8484.84961  1.08281875
  8485.69922  1.09535956
  8486.5498  1.07248008
  8487.39941  1.01874924
  8488.25  1.0152719
  8489.09961  1.07501471
  8489.94922  1.09905493
  8490.7998  1.074664
  8491.64941  1.04891467
  8492.5  1.03523552
  8493.34961  1.03253174
  8494.19922  1.03099668
  8495.0498  1.0067364
  8495.89941  0.914893568
  8496.75  0.738804638
  8497.59961  0.596809626
  8498.44922  0.631933928
  8499.2998  0.804901063
  8500.14941  0.948702514
  8501.  0.982115507
  8501.84961  0.975062788
  8502.69922  0.986213982
  8503.5498  0.999691725
  8504.39941  1.01550758
  8505.25  1.03361905
  8506.09961  1.07658613
  8506.94922  1.10925364
  8507.7998  1.11996877
  8508.64941  1.12123907
  8509.5  1.08686292
  8510.34961  1.06355906
  8511.19922  1.05255926
  8512.0498  1.05975544
  8512.89941  1.00513983
  8513.75  0.916206837
  8514.59961  0.90010643
  8515.44922  0.965091586
  8516.2998  1.02552497
  8517.14941  1.00155604
  8518.  0.963807046
  8518.84961  1.00305474
  8519.69922  1.04986966
  8520.5498  1.02851021
  8521.39941  1.02526605
  8522.25  1.03757393
  8523.09961  1.05487728
  8523.94922  1.04867578
  8524.7998  1.0259825
  8525.64941  0.986890376
  8526.5  0.978533208
  8527.34961  1.00999844
  8528.19922  1.03854692
  8529.0498  1.04870486
  8529.89941  1.03960371
  8530.75  1.03120136
  8531.59961  1.02780962
  8532.44922  1.0289582
  8533.2998  1.04088545
  8534.14941  1.03336918
  8535.  1.0097419
  8535.84961  0.979184568
  8536.69922  0.933566213
  8537.5498  0.871605992
  8538.39941  0.815057993
  8539.25  0.767554045
  8540.09961  0.675484657
  8540.94922  0.514910579
  8541.7998  0.386009663
  8542.64941  0.433811218
  8543.5  0.600331545
  8544.34961  0.748795211
  8545.19922  0.852347672
  8546.0498  0.912270784
  8546.89941  0.915243268
  8547.75  0.914346159
  8548.59961  0.927730143
  8549.44922  0.958857477
  8550.2998  0.983809054
  8551.14941  1.00433552
  8552.  1.05682361
  8552.84961  1.0921464
  8553.69922  1.07421482
  8554.5498  1.01916385
  8555.39941  0.970706224
  8556.25  0.968714714
  8557.09961  1.01109588
  8557.94922  1.06310844
  8558.7998  1.07086003
  8559.64941  1.0621593
  8560.5  1.03349376
  8561.34961  1.01790094
  8562.19922  1.0475632
  8563.0498  1.06353259
  8563.89941  1.04076636
  8564.75  1.03419757
  8565.59961  1.03424966
  8566.44922  1.06265032
  8567.2998  1.05570447
  8568.14941  1.04626119
  8569.  1.03455865
  8569.84961  1.04503012
  8570.69922  1.05582631
  8571.5498  1.05880189
  8572.39941  1.04099989
  8573.25  1.02592993
  8574.09961  1.0151006
  8574.94922  0.999650657
  8575.7998  1.02283597
  8576.64941  1.05557799
  8577.5  1.06469512
  8578.34961  1.07315838
  8579.19922  1.08005226
  8580.0498  1.08872199
  8580.89941  1.05554402
  8581.75  0.990719497
  8582.59961  0.960463047
  8583.44922  0.994964004
  8584.2998  1.04419661
  8585.14941  1.04731619
  8586.  1.04789305
  8586.84961  1.05438697
  8587.69922  1.04665935
  8588.5498  1.03363287
  8589.39941  1.03867412
  8590.25  1.04386532
  8591.09961  1.03981996
  8591.94922  1.02563572
  8592.7998  1.02759111
  8593.64941  1.05555296
  8594.5  1.08482409
  8595.34961  1.06900895
  8596.19922  1.03946507
  8597.0498  1.0239712
  8597.89941  1.01522183
  8598.75  1.0257324
  8599.59961  1.06327105
  8600.44922  1.0986371
  8601.2998  1.08893061
  8602.14941  1.04964328
  8603.  1.02701867
  8603.84961  1.02464843
  8604.69922  1.02608335
  8605.5498  1.02956998
  8606.39941  1.03629255
  8607.25  1.04423714
  8608.09961  1.04645646
  8608.94922  1.03389311
  8609.7998  1.00878191
  8610.64941  0.971622765
  8611.5  0.948879004
  8612.34961  0.978553891
  8613.19922  1.0111531
  8614.0498  1.0328728
  8614.89941  1.04856718
  8615.75  1.05030942
  8616.59961  1.05178905
  8617.44922  1.05930746
  8618.2998  1.04827332
  8619.14941  1.0499773
  8620.  1.06108093
  8620.84961  1.03284585
  8621.69922  0.984457254
  8622.5498  0.990727961
  8623.39941  1.03104901
  8624.25  1.08009386
  8625.09961  1.08474147
  8625.94922  1.05882013
  8626.7998  1.05097675
  8627.64941  1.05912423
  8628.5  1.05810666
  8629.34961  1.05448651
  8630.19922  1.0498234
  8631.0498  1.03262389
  8631.89941  1.01697111
  8632.75  1.02732289
  8633.59961  1.02470303
  8634.44922  1.02281916
  8635.2998  1.05531096
  8636.14941  1.0626626
  8637.  1.05658746
  8637.84961  1.05704331
  8638.69922  1.06439197
  8639.5498  1.06893921
  8640.39941  1.0660162
  8641.25  1.03183424
  8642.09961  1.00876462
  8642.94922  1.01941693
  8643.7998  1.04112089
  8644.64941  1.05620003
  8645.5  1.06833053
  8646.34961  1.05478978
  8647.19922  1.02417994
  8648.0498  0.965272129
  8648.89941  0.950696349
  8649.75  1.00031281
  8650.59961  1.01837909
  8651.44922  1.02831316
  8652.2998  1.02316785
  8653.14941  1.01168883
  8654.  0.985702574
  8654.84961  0.990660667
  8655.69922  1.01358664
  8656.5498  0.991404951
  8657.39941  0.962839127
  8658.25  0.934529543
  8659.09961  0.887750208
  8659.94922  0.807070494
  8660.7998  0.647618711
  8661.64941  0.455873162
  8662.5  0.442223132
  8663.34961  0.602503002
  8664.19922  0.76472789
  8665.0498  0.861710727
  8665.89941  0.926424861
  8666.75  0.959126353
  8667.59961  0.954081833
  8668.44922  0.969844282
  8669.2998  0.994931877
  8670.14941  1.00653362
  8671.  0.991688609
  8671.84961  0.973029733
  8672.69922  0.973082602
  8673.5498  0.951449871
  8674.39941  0.884800315
  8675.25  0.900160193
  8676.09961  0.984704137
  8676.94922  1.0421114
  8677.7998  1.03362072
  8678.64941  1.00191379
  8679.5  0.980216861
  8680.34961  0.982088327
  8681.19922  1.00681853
  8682.0498  0.986961663
  8682.89941  0.963031769
  8683.75  1.00036907
  8684.59961  1.04833221
  8685.44922  1.04289818
  8686.2998  1.01878357
  8687.14941  0.958432734
  8688.  0.840011299
  8688.84961  0.806036055
  8689.69922  0.901809931
  8690.5498  1.00590086
  8691.39941  1.01530731
  8692.25  1.00337708
  8693.09961  1.02984619
  8693.94922  1.0410018
  8694.7998  1.03541183
  8695.64941  1.04123771
  8696.5  1.04319954
  8697.34961  1.04700327
  8698.19922  1.00124574
  8699.0498  0.956263959
  8699.89941  0.982490957
  8700.75  1.01745594
  8701.59961  1.01451635
  8702.44922  0.986803353
  8703.2998  0.975654662
  8704.14941  0.994325817
  8705.  1.02563477
  8705.84961  1.04587793
  8706.69922  1.02917099
  8707.5498  1.02229071
  8708.39941  1.0299933
  8709.25  0.986268997
  8710.09961  0.948708177
  8710.94922  0.988119602
  8711.7998  0.997351468
  8712.64941  0.941336632
  8713.5  0.941632569
  8714.34961  1.01008964
  8715.19922  1.05911756
  8716.0498  1.061095
  8716.89941  1.02570319
  8717.75  1.00082231
  8718.59961  1.01957905
  8719.44922  1.03457665
  8720.2998  1.02860701
  8721.14941  1.03184271
  8722.  1.05188227
  8722.84961  1.05696273
  8723.69922  1.0326792
  8724.5498  1.01890719
  8725.39941  1.03066373
  8726.25  1.03601408
  8727.09961  1.02256441
  8727.94922  0.989471138
  8728.7998  0.96523571
  8729.64941  0.976512253
  8730.5  0.994603336
  8731.34961  1.01967847
  8732.19922  1.04322481
  8733.0498  1.0521704
  8733.89941  1.02815366
  8734.75  0.983109176
  8735.59961  0.956643045
  8736.44922  0.970289886
  8737.2998  1.0243032
  8738.14941  1.03831089
  8739.  1.03618443
  8739.84961  1.02967882
  8740.69922  0.983451307
  8741.5498  0.976670921
  8742.39941  0.994980752
  8743.25  1.00547743
  8744.09961  1.02591741
  8744.94922  1.02623403
  8745.7998  1.02342677
  8746.64941  1.01540947
  8747.5  0.999067128
  8748.34961  1.02733362
  8749.19922  1.04335594
  8750.0498  1.02901101
  8750.89941  0.974511266
  8751.75  0.936719358
  8752.59961  0.979381323
  8753.44922  1.02662373
  8754.2998  1.05538464
  8755.14941  1.06907964
  8756.  1.03146672
  8756.84961  0.962355673
  8757.69922  0.979893327
  8758.5498  1.04762161
  8759.39941  1.06594551
  8760.25  1.06225932
  8761.09961  1.05411673
  8761.94922  1.05502236
  8762.7998  1.04441273
  8763.64941  0.989430428
  8764.5  0.984917343
  8765.34961  1.01417768
  8766.19922  0.99050647
  8767.0498  0.97467953
  8767.89941  1.02163076
  8768.75  1.06457579
  8769.59961  1.0489831
  8770.44922  1.02448881
  8771.2998  1.01895428
  8772.14941  0.987422884
  8773.  0.934941173
  8773.84961  0.93095845
  8774.69922  0.986870766
  8775.5498  1.03471327
  8776.39941  1.06152141
  8777.25  1.06337297
  8778.09961  1.01892018
  8778.94922  0.988584995
  8779.7998  1.02595115
  8780.64941  1.03787005
  8781.5  1.05822742
  8782.34961  1.06426144
  8783.19922  1.05319095
  8784.0498  1.01017749
  8784.89941  1.00666761
  8785.75  1.04730737
  8786.59961  1.06800711
  8787.44922  1.07640696
  8788.2998  1.06133533
  8789.14941  1.02515495
  8790.  0.967253208
  8790.84961  0.995393038
  8791.69922  1.05055869
  8792.5498  1.00161874
  8793.39941  0.950574934
  8794.25  1.01604331
  8795.09961  1.04842758
  8795.94922  1.0093658
  8796.7998  0.994733691
  8797.64941  1.01861393
  8798.5  1.03156781
  8799.34961  1.04748547
  8800.19922  1.05243587
  8801.0498  1.03819811
  8801.89941  1.03417242
  8802.75  1.03129458
  8803.59961  1.00336874
  8804.44922  0.938753545
  8805.2998  0.898425758
  8806.14941  0.785237968
  8807.  0.733774185
  8807.84961  0.862624764
  8808.69922  0.964221835
  8809.5498  1.00530875
  8810.39941  1.04275537
  8811.25  1.06209791
  8812.09961  1.05258107
  8812.94922  1.01674664
  8813.7998  1.02920628
  8814.64941  1.04894948
  8815.5  1.05077863
  8816.34961  1.0334307
  8817.19922  1.03141868
  8818.0498  1.02832305
  8818.89941  1.00469315
  8819.75  1.00010073
  8820.59961  1.01800036
  8821.44922  1.01763725
  8822.2998  1.00320256
  8823.14941  0.962046504
  8824.  0.86121875
  8824.84961  0.902221143
  8825.69922  0.99650234
  8826.5498  1.03831756
  8827.39941  1.02910602
  8828.25  1.02825975
  8829.09961  1.04580772
  8829.94922  1.05617893
  8830.7998  1.0631789
  8831.64941  1.05553257
  8832.5  1.03150189
  8833.34961  1.00793695
  8834.19922  1.02469444
  8835.0498  1.02768874
  8835.89941  0.994076014
  8836.75  0.986947238
  8837.59961  0.972545445
  8838.44922  0.936581612
  8839.2998  0.989961684
  8840.14941  1.0327971
  8841.  1.02261949
  8841.84961  1.01653683
  8842.69922  1.0276109
  8843.5498  1.04278994
  8844.39941  1.0363977
  8845.25  1.03168571
  8846.09961  1.02562022
  8846.94922  1.02230954
  8847.7998  1.04068029
  8848.64941  1.04435682
  8849.5  1.04824674
  8850.34961  1.05396986
  8851.19922  1.04854894
  8852.0498  1.04985142
  8852.89941  1.05279946
  8853.75  1.0529964
  8854.59961  1.05493438
  8855.44922  1.05822325
  8856.2998  1.06473672
  8857.14941  1.06643212
  8858.  1.06045318
  8858.84961  1.04937816
  8859.69922  1.02931178
  8860.5498  1.03465414
  8861.39941  1.01660192
  8862.25  0.975439966
  8863.09961  0.981301129
  8863.94922  1.01902211
  8864.7998  1.05398285
  8865.64941  1.0332346
  8866.5  0.963363886
  8867.34961  0.925491631
  8868.19922  0.954126537
  8869.0498  1.01164317
  8869.89941  1.05611861
  8870.75  1.08126843
  8871.59961  1.08873355
  8872.44922  1.07849586
  8873.2998  1.07463109
  8874.14941  1.05633938
  8875.  1.03878808
  8875.84961  1.01278067
  8876.69922  1.01655781
  8877.5498  1.02211297
  8878.39941  0.984808147
  8879.25  1.00053346
  8880.09961  1.04422188
  8880.94922  1.05927503
  8881.7998  1.04369152
  8882.64941  1.02912915
  8883.5  1.02398205
  8884.34961  1.0325526
  8885.19922  1.05254209
  8886.0498  1.06330848
  8886.89941  1.04766345
  8887.75  1.05138659
  8888.59961  1.07357442
  8889.44922  1.06904197
  8890.2998  1.04564643
  8891.14941  1.02121902
  8892.  0.998876452
  8892.84961  1.00831831
  8893.69922  1.04605281
  8894.5498  1.06036663
  8895.39941  1.04882967
  8896.25  1.04576135
  8897.09961  1.04375899
  8897.94922  1.03545797
  8898.7998  1.04112792
  8899.64941  1.04892671
  8900.5  1.06578922
  8901.34961  1.06797719
  8902.19922  1.05523276
  8903.0498  1.0394237
  8903.89941  1.03436303
  8904.75  1.04631817
  8905.59961  1.04532933
  8906.44922  1.05617964
  8907.2998  1.08168948
  8908.14941  1.05794477
  8909.  1.02993071
  8909.84961  1.04603601
  8910.69922  1.06010103
  8911.5498  1.04108739
  8912.39941  1.0175724
  8913.25  1.03611791
  8914.09961  1.05374742
  8914.94922  1.06017232
  8915.7998  1.05181587
  8916.64941  1.04207051
  8917.5  1.05468702
  8918.34961  1.04213536
  8919.19922  0.980203748
  8920.0498  0.96526134
  8920.89941  1.01423621
  8921.75  1.05442834
  8922.59961  1.0398916
  8923.44922  1.01089919
  8924.2998  1.01275516
  8925.14941  1.00447035
  8926.  0.997727334
  8926.84961  1.00161505
  8927.69922  1.0179311
  8928.5498  1.01712513
  8929.39941  1.00790131
  8930.25  1.00315869
  8931.09961  0.985213161
  8931.94922  0.985733271
  8932.7998  0.999138236
  8933.64941  1.00082314
  8934.5  1.01067972
  8935.34961  1.03836477
  8936.19922  1.05491781
  8937.0498  1.05101585
  8937.89941  1.05452657
  8938.75  1.05237114
  8939.59961  1.0293113
  8940.44922  0.995089412
  8941.2998  1.00805676
  8942.14941  1.00762308
  8943.  0.958238542
  8943.84961  0.978281796
  8944.69922  0.977201104
  8945.5498  0.949756444
  8946.39941  0.919422448
  8947.25  0.922955573
  8948.09961  0.974533916
  8948.94922  1.00619853
  8949.7998  0.998749137
  8950.64941  1.02825999
  8951.5  1.04588258
  8952.34961  1.0183959
  8953.19922  1.0090158
  8954.0498  1.00915444
  8954.89941  0.957106471
  8955.75  0.906269193
  8956.59961  0.9742167
  8957.44922  1.03593421
  8958.2998  1.05903232
  8959.14941  1.01778793
  8960.  1.00118959
  8960.84961  1.00644481
  8961.69922  1.01783633
  8962.5498  0.987527251
  8963.39941  0.924625099
  8964.25  0.920593858
  8965.09961  0.949678719
  8965.94922  0.897923112
  8966.7998  0.883452833
  8967.64941  0.897791207
  8968.5  0.954443276
  8969.34961  0.979996443
  8970.19922  0.990102768
  8971.0498  1.0012145
  8971.89941  0.927961051
  8972.75  0.889006853
  8973.59961  0.94708997
  8974.44922  0.966486096
  8975.2998  0.879856944
  8976.14941  0.8865574
  8977.  0.94718194
  8977.84961  0.990904808
  8978.69922  1.00224888
  8979.5498  1.01525426
  8980.39941  1.0059092
  8981.25  0.92541647
  8982.09961  0.930906415
  8982.94922  1.00630748
  8983.7998  1.02426398
  8984.64941  0.995469809
  8985.5  0.983173788
  8986.34961  0.965593755
  8987.19922  0.903662682
  8988.0498  0.807687402
  8988.89941  0.756933749
  8989.75  0.806922019
  8990.59961  0.853667021
  8991.44922  0.834034681
  8992.2998  0.762586057
  8993.14941  0.786345661
  8994.  0.915401101
  8994.84961  0.98472625
  8995.69922  1.0235436
  8996.5498  1.03576458
  8997.39941  1.0260278
  8998.25  1.01196671
  8999.09961  0.935030937
  8999.94922  0.876948237
  9000.7998  0.860606015
  9001.64941  0.828915656
  9002.5  0.920614958
  9003.34961  1.00304425
  9004.19922  0.942363083
  9005.0498  0.886986196
  9005.89941  0.944163501
  9006.75  0.982569218
  9007.59961  0.937886715
  9008.44922  0.879481077
  9009.2998  0.87367624
  9010.14941  0.877166092
  9011.  0.918183744
  9011.84961  0.916897118
  9012.69922  0.861406147
  9013.5498  0.870039821
  9014.39941  0.924485743
  9015.25  0.965642512
  9016.09961  0.966445684
  9016.94922  0.842877567
  9017.7998  0.768681526
  9018.64941  0.862032712
  9019.5  0.963613987
