  8348.84961  1.00128436
  8349.69922  1.02154303
  8350.5498  1.05995023
  8351.39941  1.06597674
  8352.25  1.0347513
  8353.09961  1.01116931
  8353.94922  1.01911438
  8354.7998  1.03978348
  8355.64941  1.06027615
  8356.5  1.06023896
  8357.34961  1.05566013
  8358.19922  1.06075227
  8359.0498  1.0702647
  8359.89941  1.07819712
  8360.75  1.06995356
  8361.59961  1.06142116
  8362.44922  1.05099285
  8363.2998  1.00967956
  8364.14941  0.977253675
  8365.  1.00210834
  8365.84961  1.04224288
  8366.69922  1.05877399
  8367.5498  1.05829704
  8368.39941  1.07133198
  8369.25  1.08101308
  8370.09961  1.07474446
  8370.94922  1.07711554
  8371.7998  1.07616985
  8372.64941  1.04752934
  8373.5  1.01742935
  8374.34961  1.01913583
  8375.19922  1.04657161
  8376.0498  1.04580677
  8376.89941  0.985976517
  8377.75  0.935248673
  8378.59961  0.983342052
  8379.44922  1.0415082
  8380.2998  1.05904734
  8381.14941  1.02877533
  8382.  0.916234016
  8382.84961  0.883913994
  8383.69922  0.974621892
  8384.5498  1.03416634
  8385.39941  1.022475
  8386.25  0.960518181
  8387.09961  0.872848034
  8387.94922  0.863169312
  8388.7998  0.92724663
  8389.64941  0.982362688
  8390.5  1.02230501
  8391.34961  1.03531158
  8392.19922  1.0292474
  8393.0498  1.03472447
  8393.89941  1.04373837
  8394.75  1.04479766
  8395.59961  1.02660763
  8396.44922  0.970181823
  8397.2998  0.953380585
  8398.14941  1.00922906
  8399.  1.05931449
  8399.84961  1.0637778
  8400.69922  1.04215252
  8401.5498  1.03431761
  8402.39941  1.04892063
  8403.25  1.06704473
  8404.09961  1.0740056
  8404.94922  1.06304181
  8405.7998  1.05610073
  8406.64941  1.06198871
  8407.5  1.06465948
  8408.34961  1.06231058
  8409.19922  1.05474198
  8410.0498  1.0555321
  8410.89941  1.04960549
  8411.75  0.99093622
  8412.59961  0.950172484
  8413.44922  1.00453067
  8414.2998  1.05975568
  8415.14941  1.06732345
  8416.  1.05096674
  8416.84961  1.04193401
  8417.69922  1.03609824
  8418.5498  1.01889646
  8419.39941  1.01133907
  8420.25  1.02378607
  8421.09961  1.02648616
  8421.94922  1.0182395
  8422.7998  1.00109839
  8423.64941  0.994390845
  8424.5  0.99587518
  8425.34961  0.976486444
  8426.19922  0.914003372
  8427.0498  0.954941213
  8427.89941  1.02746952
  8428.75  1.03970098
  8429.59961  1.03790963
  8430.44922  1.03550899
  8431.2998  1.03717959
  8432.14941  1.03477705
  8433.  0.986361742
  8433.84961  0.885425925
  8434.69922  0.76180166
  8435.5498  0.761945963
  8436.39941  0.890680194
  8437.25  0.985279799
  8438.09961  0.993772686
  8438.94922  0.977143824
  8439.7998  0.992728949
  8440.64941  1.01231647
  8441.5  1.00066888
  8442.34961  0.965328157
  8443.19922  0.951782584
  8444.0498  0.967906237
  8444.89941  0.980832398
  8445.75  0.984758139
  8446.59961  0.986256063
  8447.44922  0.985335469
  8448.2998  0.98649466
  8449.14941  0.994893134
  8450.  0.993030787
  8450.84961  0.978109062
  8451.69922  0.95944798
  8452.5498  0.94424212
  8453.39941  0.941310525
  8454.25  0.941078901
  8455.09961  0.947218537
  8455.94922  0.956041336
  8456.7998  0.94704926
  8457.64941  0.938857973
  8458.5  0.947596908
  8459.34961  0.957666218
  8460.19922  0.962481499
  8461.0498  0.964443266
  8461.89941  0.968276143
  8462.75  0.961652577
  8463.59961  0.951641381
  8464.44922  0.964102149
  8465.2998  0.980117917
  8466.14941  0.964916527
  8467.  0.903404057
  8467.84961  0.850512505
  8468.69922  0.85311389
  8469.5498  0.914481044
  8470.39941  0.960206866
  8471.25  0.964108706
  8472.09961  0.938348532
  8472.94922  0.922361732
  8473.7998  0.939722598
  8474.64941  0.952964067
  8475.5  0.948672652
  8476.34961  0.959898591
  8477.19922  0.97494787
  8478.0498  0.973509192
  8478.89941  0.971944451
  8479.75  0.960973442
  8480.59961  0.956362844
  8481.44922  0.969105601
  8482.2998  0.965396225
  8483.14941  0.965720892
  8484.  0.983152747
  8484.84961  0.996501446
  8485.69922  0.997373223
  8486.5498  0.985354662
  8487.39941  0.975046635
  8488.25  0.973932803
  8489.09961  0.97879374
  8489.94922  0.984153807
  8490.7998  0.989038527
  8491.64941  0.995753348
  8492.5  0.98965615
  8493.34961  0.972630024
  8494.19922  0.957921624
  8495.0498  0.943277955
  8495.89941  0.923598766
  8496.75  0.853717208
  8497.59961  0.770316899
  8498.44922  0.799549878
  8499.2998  0.890742719
  8500.14941  0.946304023
  8501.  0.972485244
  8501.84961  0.979139209
  8502.69922  0.978468299
  8503.5498  0.972085953
  8504.39941  0.957383811
  8505.25  0.939733684
  8506.09961  0.928792775
  8506.94922  0.943263113
  8507.7998  0.964224994
  8508.64941  0.976403475
  8509.5  0.983461201
  8510.34961  0.97443521
  8511.19922  0.962163985
  8512.0498  0.963085532
  8512.89941  0.948259413
  8513.75  0.902238786
  8514.59961  0.869733989
  8515.44922  0.891486228
  8516.2998  0.928810298
  8517.14941  0.917526484
  8518.  0.895050228
  8518.84961  0.920701742
  8519.69922  0.950443387
  8520.5498  0.952813208
  8521.39941  0.958440185
  8522.25  0.966838121
  8523.09961  0.958509743
  8523.94922  0.962377429
  8524.7998  0.977983832
  8525.64941  0.974259079
  8526.5  0.971666753
  8527.34961  0.984852016
  8528.19922  0.992773175
  8529.0498  0.972329974
  8529.89941  0.941054881
  8530.75  0.945373774
  8531.59961  0.961517274
  8532.44922  0.964145541
  8533.2998  0.973626673
  8534.14941  0.980626583
  8535.  0.975644112
  8535.84961  0.978345931
  8536.69922  0.976290882
  8537.5498  0.95036447
  8538.39941  0.926962793
  8539.25  0.903927088
  8540.09961  0.851157963
  8540.94922  0.748183429
  8541.7998  0.645512044
  8542.64941  0.673817217
  8543.5  0.790594339
  8544.34961  0.866965175
  8545.19922  0.921070218
  8546.0498  0.959371746
  8546.89941  0.961799324
  8547.75  0.942549288
  8548.59961  0.944712281
  8549.44922  0.969323874
  8550.2998  0.985439837
  8551.14941  0.998872995
  8552.  0.997681558
  8552.84961  0.994966269
  8553.69922  1.01352942
  8554.5498  1.02406716
  8555.39941  1.02069831
  8556.25  1.0140537
  8557.09961  1.0085628
  8557.94922  0.996745646
  8558.7998  0.974364519
  8559.64941  0.963232994
  8560.5  0.985843956
  8561.34961  1.00794756
  8562.19922  1.00345552
  8563.0498  0.998310804
  8563.89941  1.00278211
  8564.75  0.996667743
  8565.59961  0.994372308
  8566.44922  1.01119304
  8567.2998  1.02513111
  8568.14941  1.03437984
  8569.  1.01929152
  8569.84961  0.981508911
  8570.69922  0.976765871
  8571.5498  0.998180628
  8572.39941  1.00670123
  8573.25  1.01009941
  8574.09961  1.0048039
  8574.94922  0.990214765
  8575.7998  0.989246786
  8576.64941  0.996092439
  8577.5  0.997109532
  8578.34961  0.997530997
  8579.19922  1.00335205
  8580.0498  1.01032686
  8580.89941  1.01223314
  8581.75  0.994639754
  8582.59961  0.980396152
  8583.44922  0.990325093
  8584.2998  1.00643957
  8585.14941  1.01879668
  8586.  1.01160026
  8586.84961  1.0011977
  8587.69922  1.00822294
  8588.5498  1.01196289
  8589.39941  1.01631391
  8590.25  1.02068603
  8591.09961  1.00818801
  8591.94922  0.994183421
  8592.7998  0.98833251
  8593.64941  0.979701877
  8594.5  0.979275405
  8595.34961  1.0019964
  8596.19922  1.01118481
  8597.0498  0.999023438
  8597.89941  1.00212574
  8598.75  1.00429308
  8599.59961  1.00511348
  8600.44922  1.0171206
  8601.2998  1.02565503
  8602.14941  1.0397253
  8603.  1.04757345
  8603.84961  1.03859138
  8604.69922  1.03080869
  8605.5498  1.03147197
  8606.39941  1.03148603
  8607.25  1.03498507
  8608.09961  1.04338741
  8608.94922  1.04639828
  8609.7998  1.04014063
  8610.64941  1.01124573
  8611.5  0.967920542
  8612.34961  0.985239267
  8613.19922  1.03211343
  8614.0498  1.03938067
  8614.89941  1.03676796
  8615.75  1.04505503
  8616.59961  1.0279969
  8617.44922  1.01817572
  8618.2998  1.0247128
  8619.14941  1.03300881
  8620.  1.03101885
  8620.84961  1.010728
  8621.69922  1.00860512
  8622.5498  1.0233463
  8623.39941  1.03414452
  8624.25  1.02517784
  8625.09961  1.01728034
  8625.94922  1.03250504
  8626.7998  1.04725885
  8627.64941  1.04764342
  8628.5  1.03156757
  8629.34961  1.01718664
  8630.19922  1.01640344
  8631.0498  1.01754534
  8631.89941  1.0173322
  8632.75  1.00898051
  8633.59961  0.995431721
  8634.44922  1.00256836
  8635.2998  1.02465093
  8636.14941  1.02863431
  8637.  1.02258873
  8637.84961  1.02254713
  8638.69922  1.02153432
  8639.5498  1.02046216
  8640.39941  1.02471721
  8641.25  1.02732992
  8642.09961  1.0284034
  8642.94922  1.03406799
  8643.7998  1.04059863
  8644.64941  1.04430687
  8645.5  1.03680873
  8646.34961  1.0253402
  8647.19922  1.0167582
  8648.0498  1.01232374
  8648.89941  1.01259673
  8649.75  1.01381528
  8650.59961  1.01502609
  8651.44922  1.01381111
  8652.2998  1.01835299
  8653.14941  1.01995325
  8654.  1.0187633
  8654.84961  1.02580738
  8655.69922  1.02506816
  8656.5498  1.01780474
  8657.39941  1.01385534
  8658.25  1.00342321
  8659.09961  0.974532425
  8659.94922  0.923467278
  8660.7998  0.830586612
  8661.64941  0.692741692
  8662.5  0.682467997
  8663.34961  0.808174551
  8664.19922  0.908876538
  8665.0498  0.963733196
  8665.89941  0.9965446
  8666.75  1.00125396
  8667.59961  1.00772905
  8668.44922  1.01952505
  8669.2998  1.01635873
  8670.14941  1.01074362
  8671.  1.00835276
  8671.84961  1.00877094
  8672.69922  1.0155201
  8673.5498  1.00259602
  8674.39941  0.944512904
  8675.25  0.9169572
  8676.09961  0.965270102
  8676.94922  1.02080798
  8677.7998  1.03363359
  8678.64941  1.03229892
  8679.5  1.04014802
  8680.34961  1.04433095
  8681.19922  1.03200364
  8682.0498  0.995597184
  8682.89941  0.979848504
  8683.75  1.01483047
  8684.59961  1.05318213
  8685.44922  1.05882013
  8686.2998  1.036798
  8687.14941  0.975597441
  8688.  0.869279206
  8688.84961  0.840911984
  8689.69922  0.934328318
  8690.5498  1.00867438
  8691.39941  0.99622333
  8692.25  0.971035004
  8693.09961  0.982230723
  8693.94922  0.992006421
  8694.7998  0.981681764
  8695.64941  0.979810178
  8696.5  0.998731673
  8697.34961  1.0156951
  8698.19922  1.00623202
  8699.0498  0.992513776
  8699.89941  1.00681758
  8700.75  1.02097249
  8701.59961  1.00973678
  8702.44922  1.00496566
  8703.2998  1.01256692
  8704.14941  1.028355
  8705.  1.04826272
  8705.84961  1.04104233
  8706.69922  1.01823652
  8707.5498  1.01250851
  8708.39941  1.02159929
  8709.25  1.01297879
  8710.09961  0.989271462
  8710.94922  0.990600586
  8711.7998  1.01117301
  8712.64941  1.01865208
  8713.5  1.0088197
  8714.34961  1.00972092
  8715.19922  1.01456869
  8716.0498  1.00092018
  8716.89941  0.989358842
  8717.75  0.989956975
  8718.59961  0.991655171
  8719.44922  1.0026654
  8720.2998  1.02336347
  8721.14941  1.02881455
  8722.  1.03234088
  8722.84961  1.03978956
  8723.69922  1.02278805
  8724.5498  1.00616455
  8725.39941  1.01773214
  8726.25  1.02441728
  8727.09961  1.03054774
  8727.94922  1.04175544
  8728.7998  1.03696096
  8729.64941  1.02044058
  8730.5  0.999778032
  8731.34961  0.994923174
  8732.19922  1.01621449
  8733.0498  1.02789903
  8733.89941  1.00921118
  8734.75  0.987541318
  8735.59961  0.997232258
  8736.44922  1.01978528
  8737.2998  1.03135026
  8738.14941  1.03055918
  8739.  1.0364579
  8739.84961  1.04184151
  8740.69922  1.02488768
  8741.5498  1.02667332
  8742.39941  1.05708325
  8743.25  1.07278681
  8744.09961  1.06395113
  8744.94922  1.05471122
  8745.7998  1.04320765
  8746.64941  1.03288019
  8747.5  1.04296601
  8748.34961  1.0460453
  8749.19922  1.02956212
  8750.0498  1.03188539
  8750.89941  1.05040419
  8751.75  1.05836856
  8752.59961  1.05833304
  8753.44922  1.06032681
  8754.2998  1.07561326
  8755.14941  1.06959796
  8756.  1.02514493
  8756.84961  1.00175643
  8757.69922  1.02212512
  8758.5498  1.05137277
  8759.39941  1.07464182
  8760.25  1.08686519
  8761.09961  1.08780682
  8761.94922  1.07791817
  8762.7998  1.05029356
  8763.64941  1.02542412
  8764.5  1.03403211
  8765.34961  1.04486513
  8766.19922  1.03878653
  8767.0498  1.0428642
  8767.89941  1.06342208
  8768.75  1.0764544
  8769.59961  1.06938004
  8770.44922  1.0649296
  8771.2998  1.06799746
  8772.14941  1.04620242
  8773.  1.00298381
  8773.84961  1.00459266
  8774.69922  1.06465304
  8775.5498  1.10014677
  8776.39941  1.10151839
  8777.25  1.08933735
  8778.09961  1.05531561
  8778.94922  1.04548454
  8779.7998  1.0575664
  8780.64941  1.06463099
  8781.5  1.06808639
  8782.34961  1.06868696
  8783.19922  1.0666821
  8784.0498  1.06716859
  8784.89941  1.07242596
  8785.75  1.07306612
  8786.59961  1.07717168
  8787.44922  1.08603406
  8788.2998  1.0822798
  8789.14941  1.07502878
  8790.  1.0758332
  8790.84961  1.07810068
  8791.69922  1.06849015
  8792.5498  1.0421325
  8793.39941  1.03415823
  8794.25  1.06254137
  8795.09961  1.08366001
  8795.94922  1.09357393
  8796.7998  1.1006062
  8797.64941  1.09803998
  8798.5  1.09987068
  8799.34961  1.0901041
  8800.19922  1.0498054
  8801.0498  1.00863242
  8801.89941  1.0040009
  8802.75  1.01897573
  8803.59961  1.02381337
  8804.44922  1.01237977
  8805.2998  0.989911675
  8806.14941  0.937312663
  8807.  0.91847831
  8807.84961  0.995754838
  8808.69922  1.06363249
  8809.5498  1.06515825
  8810.39941  1.04937184
  8811.25  1.05322075
  8812.09961  1.08605063
  8812.94922  1.09183168
  8813.7998  1.0800997
  8814.64941  1.0913409
  8815.5  1.09330785
  8816.34961  1.09218907
  8817.19922  1.10287857
  8818.0498  1.09902859
  8818.89941  1.09316099
  8819.75  1.09086943
  8820.59961  1.07781041
  8821.44922  1.06731701
  8822.2998  1.05295992
  8823.14941  0.996382594
  8824.  0.930308819
  8824.84961  0.96073997
  8825.69922  1.04103506
  8826.5498  1.06727242
  8827.39941  1.0721823
  8828.25  1.07020056
  8829.09961  1.06035686
  8829.94922  1.06707287
  8830.7998  1.0781405
  8831.64941  1.08345044
  8832.5  1.08351147
  8833.34961  1.08287907
  8834.19922  1.0826633
  8835.0498  1.07848501
  8835.89941  1.07718122
  8836.75  1.08315992
  8837.59961  1.07164311
  8838.44922  1.05289078
  8839.2998  1.07616949
  8840.14941  1.10432267
  8841.  1.09548938
  8841.84961  1.09659684
  8842.69922  1.10888457
  8843.5498  1.09700251
  8844.39941  1.08019292
  8845.25  1.07876289
  8846.09961  1.08464551
  8846.94922  1.09051192
  8847.7998  1.08273017
  8848.64941  1.07249725
  8849.5  1.07894671
  8850.34961  1.09765661
  8851.19922  1.12342024
  8852.0498  1.1324141
  8852.89941  1.1171062
  8853.75  1.10730672
  8854.59961  1.09969556
  8855.44922  1.09239221
  8856.2998  1.09787035
  8857.14941  1.10500681
  8858.  1.09780765
  8858.84961  1.06211483
  8859.69922  1.01999843
  8860.5498  1.00736523
  8861.39941  1.01441038
  8862.25  1.02048242
  8863.09961  1.02312016
  8863.94922  1.02676904
  8864.7998  1.04064536
  8865.64941  1.05760455
  8866.5  1.05084944
  8867.34961  1.03531098
  8868.19922  1.03195763
  8869.0498  1.02762878
  8869.89941  1.01929653
  8870.75  1.00233495
  8871.59961  0.995456219
  8872.44922  1.01477313
  8873.2998  1.01871133
  8874.14941  1.01232255
  8875.  1.02569449
  8875.84961  1.04107535
  8876.69922  1.04523027
  8877.5498  1.0430274
  8878.39941  1.04027283
  8879.25  1.04209578
  8880.09961  1.04380119
  8880.94922  1.04624236
  8881.7998  1.05585325
  8882.64941  1.05563045
  8883.5  1.03785968
  8884.34961  1.02939093
  8885.19922  1.03770375
  8886.0498  1.03387403
  8886.89941  1.03322208
  8887.75  1.04790127
  8888.59961  1.06178236
  8889.44922  1.05993247
  8890.2998  1.05105793
  8891.14941  1.05335498
  8892.  1.05920208
  8892.84961  1.05691147
  8893.69922  1.04828942
  8894.5498  1.04575038
  8895.39941  1.03462446
  8896.25  1.02208114
  8897.09961  1.02658498
  8897.94922  1.03868628
  8898.7998  1.05529845
  8899.64941  1.06098318
  8900.5  1.04956484
  8901.34961  1.06494069
  8902.19922  1.08880472
  8903.0498  1.08842897
  8903.89941  1.08233488
  8904.75  1.07788014
  8905.59961  1.07976544
  8906.44922  1.08860719
  8907.2998  1.08416653
  8908.14941  1.06467831
  8909.  1.05159092
  8909.84961  1.06045365
  8910.69922  1.07215858
  8911.5498  1.06788576
  8912.39941  1.06391931
  8913.25  1.07074142
  8914.09961  1.0691551
  8914.94922  1.0595094
  8915.7998  1.05980957
  8916.64941  1.07183874
  8917.5  1.07495427
  8918.34961  1.0653615
  8919.19922  1.05760288
  8920.0498  1.06094837
  8920.89941  1.08013725
  8921.75  1.09820306
  8922.59961  1.09532619
  8923.44922  1.08494055
  8924.2998  1.08554077
  8925.14941  1.07031333
  8926.  1.06455088
  8926.84961  1.08317292
  8927.69922  1.06261432
  8928.5498  1.03003144
  8929.39941  1.01537216
  8930.25  1.0320214
  8931.09961  1.05448174
  8931.94922  1.05538273
  8932.7998  1.06438971
  8933.64941  1.07269299
  8934.5  1.07654405
  8935.34961  1.0976187
  8936.19922  1.08447349
  8937.0498  1.04110754
  8937.89941  1.02795303
  8938.75  1.03986692
  8939.59961  1.04925096
  8940.44922  1.05677509
  8941.2998  1.04447901
  8942.14941  1.03464186
  8943.  1.05095804
  8943.84961  1.07259178
  8944.69922  1.0665189
  8945.5498  1.05192327
  8946.39941  1.03133595
  8947.25  1.02041936
  8948.09961  1.04542804
  8948.94922  1.05713201
  8949.7998  1.06177771
  8950.64941  1.06937051
  8951.5  1.05421948
  8952.34961  1.03515267
  8953.19922  1.04559028
  8954.0498  1.02262759
  8954.89941  0.975157261
  8955.75  0.996508181
  8956.59961  1.04884601
  8957.44922  1.07007551
  8958.2998  1.06819284
  8959.14941  1.07021952
  8960.  1.0693357
  8960.84961  1.0424118
  8961.69922  0.991785705
  8962.5498  0.934307456
  8963.39941  0.924953163
  8964.25  0.963437557
  8965.09961  0.982065439
  8965.94922  0.947676063
  8966.7998  0.956510544
  8967.64941  1.03145659
  8968.5  1.08645856
  8969.34961  1.0970068
  8970.19922  1.06865823
  8971.0498  0.991500735
  8971.89941  0.939873993
  8972.75  0.979257762
  8973.59961  1.00791264
  8974.44922  0.968079686
  8975.2998  0.944207847
  8976.14941  0.990758359
  8977.  1.0578742
  8977.84961  1.10847282
  8978.69922  1.11519897
  8979.5498  1.04898965
  8980.39941  0.937960744
  8981.25  0.912757039
  8982.09961  1.00859392
  8982.94922  1.10134196
  8983.7998  1.1402992
  8984.64941  1.14709413
  8985.5  1.11697888
  8986.34961  1.01235628
  8987.19922  0.880348861
  8988.0498  0.840689659
  8988.89941  0.883343697
  8989.75  0.942292333
  8990.59961  0.930151761
  8991.44922  0.841049254
  8992.2998  0.845368207
  8993.14941  0.963915765
  8994.  1.06759751
  8994.84961  1.10670066
  8995.69922  1.11816299
  8996.5498  1.12463915
  8997.39941  1.11327755
  8998.25  1.08132827
  8999.09961  0.997448981
  8999.94922  0.886726975
  9000.7998  0.862600148
  9001.64941  0.97232151
  9002.5  1.06683898
  9003.34961  1.03339922
  9004.19922  0.994708538
  9005.0498  1.05768847
  9005.89941  1.09536672
  9006.75  1.05430305
  9007.59961  0.988184035
  9008.44922  0.981351197
  9009.2998  0.994879544
  9010.14941  1.00777328
  9011.  1.01725638
  9011.84961  0.970606387
  9012.69922  0.999530435
  9013.5498  1.07505393
  9014.39941  1.0990051
  9015.25  1.08808112
  9016.09961  0.983273983
  9016.94922  0.822223485
  9017.7998  0.885598004
  9018.64941  1.06666553
  9019.5  1.12993085
