  8348.84961  1.04930723
  8349.69922  1.06656146
  8350.5498  1.08674908
  8351.39941  1.074826
  8352.25  1.06755114
  8353.09961  1.07704198
  8353.94922  1.07896137
  8354.7998  1.07483912
  8355.64941  1.05836415
  8356.5  1.05218112
  8357.34961  1.05507636
  8358.19922  1.04335487
  8359.0498  1.03635204
  8359.89941  1.04536939
  8360.75  1.05477881
  8361.59961  1.06777728
  8362.44922  1.06902766
  8363.2998  1.04145241
  8364.14941  1.00730062
  8365.  1.01555908
  8365.84961  1.04510522
  8366.69922  1.09328651
  8367.5498  1.12055016
  8368.39941  1.11013043
  8369.25  1.07612932
  8370.09961  1.06175971
  8370.94922  1.07017064
  8371.7998  1.07337797
  8372.64941  1.07193339
  8373.5  1.0729332
  8374.34961  1.07466292
  8375.19922  1.07672167
  8376.0498  1.062976
  8376.89941  1.03898823
  8377.75  1.01144493
  8378.59961  1.02440345
  8379.44922  1.06896532
  8380.2998  1.08323765
  8381.14941  1.05693698
  8382.  1.00006652
  8382.84961  0.973383963
  8383.69922  1.0099287
  8384.5498  1.05137324
  8385.39941  1.06205165
  8386.25  1.03181243
  8387.09961  0.966405153
  8387.94922  0.944299161
  8388.7998  1.00113142
  8389.64941  1.04775429
  8390.5  1.0587697
  8391.34961  1.07219315
  8392.19922  1.08611166
  8393.0498  1.07853711
  8393.89941  1.06697392
  8394.75  1.05773365
  8395.59961  1.05240643
  8396.44922  1.0267067
  8397.2998  1.01932168
  8398.14941  1.05244374
  8399.  1.06250906
  8399.84961  1.05695021
  8400.69922  1.05281949
  8401.5498  1.03007221
  8402.39941  1.03504634
  8403.25  1.05396307
  8404.09961  1.06520462
  8404.94922  1.05211079
  8405.7998  1.05153978
  8406.64941  1.06039166
  8407.5  1.05972302
  8408.34961  1.06007767
  8409.19922  1.06833088
  8410.0498  1.06499755
  8410.89941  1.03828609
  8411.75  1.01163352
  8412.59961  1.00774169
  8413.44922  1.03386188
  8414.2998  1.06234396
  8415.14941  1.07625866
  8416.  1.06424582
  8416.84961  1.04399407
  8417.69922  1.03683507
  8418.5498  1.03845274
  8419.39941  1.03223562
  8420.25  1.03078973
  8421.09961  1.04484463
  8421.94922  1.04873157
  8422.7998  1.03027856
  8423.64941  1.02031374
  8424.5  1.02989161
  8425.34961  1.01427841
  8426.19922  0.97249198
  8427.0498  0.981878161
  8427.89941  1.03949249
  8428.75  1.06815755
  8429.59961  1.0635277
  8430.44922  1.05809331
  8431.2998  1.05769551
  8432.14941  1.06029022
  8433.  1.05420673
  8433.84961  1.0161165
  8434.69922  0.953409255
  8435.5498  0.944807172
  8436.39941  1.00750291
  8437.25  1.04672134
  8438.09961  1.0371654
  8438.94922  0.999527752
  8439.7998  0.994443357
  8440.64941  1.04102659
  8441.5  1.06756556
  8442.34961  1.07311404
  8443.19922  1.07002699
  8444.0498  1.06142926
  8444.89941  1.05019736
  8445.75  1.03468728
  8446.59961  1.02423799
  8447.44922  1.04707432
  8448.2998  1.06605685
  8449.14941  1.05832851
  8450.  1.03391039
  8450.84961  1.03797853
  8451.69922  1.06011546
  8452.5498  1.06416142
  8453.39941  1.05333412
  8454.25  1.05291283
  8455.09961  1.05316746
  8455.94922  1.04445696
  8456.7998  1.03510523
  8457.64941  1.03874266
  8458.5  1.05482495
  8459.34961  1.05830836
  8460.19922  1.05184484
  8461.0498  1.05780101
  8461.89941  1.06344771
  8462.75  1.0576545
  8463.59961  1.05373633
  8464.44922  1.0429908
  8465.2998  1.02335608
  8466.14941  1.01930523
  8467.  1.01556242
  8467.84961  0.984537959
  8468.69922  0.976294041
  8469.5498  1.01417029
  8470.39941  1.03981447
  8471.25  1.02935362
  8472.09961  1.02437973
  8472.94922  1.0442723
  8473.7998  1.06163812
  8474.64941  1.06812537
  8475.5  1.0664928
  8476.34961  1.05366671
  8477.19922  1.04653716
  8478.0498  1.04778564
  8478.89941  1.05034184
  8479.75  1.04881203
  8480.59961  1.04205954
  8481.44922  1.0308336
  8482.2998  1.02852476
  8483.14941  1.04547393
  8484.  1.0587579
  8484.84961  1.06585479
  8485.69922  1.06546593
  8486.5498  1.05471313
  8487.39941  1.04448009
  8488.25  1.04228723
  8489.09961  1.04569721
  8489.94922  1.05338812
  8490.7998  1.06019056
  8491.64941  1.05152643
  8492.5  1.04855382
  8493.34961  1.03787148
  8494.19922  1.03327405
  8495.0498  1.01738572
  8495.89941  0.963824689
  8496.75  0.830047905
  8497.59961  0.684019566
  8498.44922  0.703570068
  8499.2998  0.86481601
  8500.14941  0.979557276
  8501.  1.00118423
  8501.84961  0.98570925
  8502.69922  0.99826175
  8503.5498  1.02430999
  8504.39941  1.02721858
  8505.25  1.03565824
  8506.09961  1.05751801
  8506.94922  1.06241119
  8507.7998  1.06088102
  8508.64941  1.0624907
  8509.5  1.06184518
  8510.34961  1.06116664
  8511.19922  1.06298542
  8512.0498  1.05286956
  8512.89941  1.02098823
  8513.75  0.961585581
  8514.59961  0.935178876
  8515.44922  0.98410213
  8516.2998  1.03494358
  8517.14941  1.0364939
  8518.  1.02334833
  8518.84961  1.03096724
  8519.69922  1.04872131
  8520.5498  1.05306852
  8521.39941  1.04135263
  8522.25  1.03444469
  8523.09961  1.04466498
  8523.94922  1.05268085
  8524.7998  1.03954518
  8525.64941  1.02072155
  8526.5  1.00850356
  8527.34961  1.01152444
  8528.19922  1.02869654
  8529.0498  1.03876102
  8529.89941  1.04034197
  8530.75  1.03575909
  8531.59961  1.0360949
  8532.44922  1.03911555
  8533.2998  1.0281502
  8534.14941  1.02209139
  8535.  1.01237905
  8535.84961  0.990035594
  8536.69922  0.95794332
  8537.5498  0.924139798
  8538.39941  0.891552269
  8539.25  0.848368227
  8540.09961  0.759807944
  8540.94922  0.62005794
  8541.7998  0.501647413
  8542.64941  0.523367286
  8543.5  0.676186383
  8544.34961  0.806580961
  8545.19922  0.881680071
  8546.0498  0.925437093
  8546.89941  0.948079288
  8547.75  0.955313683
  8548.59961  0.970658481
  8549.44922  0.995760918
  8550.2998  1.00990617
  8551.14941  1.02384079
  8552.  1.03575623
  8552.84961  1.04415464
  8553.69922  1.04017603
  8554.5498  1.02217436
  8555.39941  1.01038623
  8556.25  0.990862787
  8557.09961  0.992470384
  8557.94922  1.02798545
  8558.7998  1.04206538
  8559.64941  1.04605258
  8560.5  1.0342716
  8561.34961  1.02991414
  8562.19922  1.03619409
  8563.0498  1.04150891
  8563.89941  1.04951799
  8564.75  1.04933703
  8565.59961  1.05200851
  8566.44922  1.05093491
  8567.2998  1.04582226
  8568.14941  1.04882383
  8569.  1.05262291
  8569.84961  1.04500222
  8570.69922  1.04364133
  8571.5498  1.04394114
  8572.39941  1.04500401
  8573.25  1.04212272
  8574.09961  1.03638053
  8574.94922  1.02939248
  8575.7998  1.04076183
  8576.64941  1.05415702
  8577.5  1.04604816
  8578.34961  1.04148149
  8579.19922  1.05194342
  8580.0498  1.05516458
  8580.89941  1.03634083
  8581.75  0.995362699
  8582.59961  0.981745899
  8583.44922  1.01406479
  8584.2998  1.03150868
  8585.14941  1.02260375
  8586.  1.02468085
  8586.84961  1.03467166
  8587.69922  1.04268312
  8588.5498  1.04585242
  8589.39941  1.04135156
  8590.25  1.03503942
  8591.09961  1.03763521
  8591.94922  1.03709948
  8592.7998  1.02411592
  8593.64941  1.02701342
  8594.5  1.04181886
  8595.34961  1.03136766
  8596.19922  1.0120703
  8597.0498  1.01140213
  8597.89941  1.01662707
  8598.75  1.01738322
  8599.59961  1.02648187
  8600.44922  1.04103625
  8601.2998  1.04728675
  8602.14941  1.03975606
  8603.  1.02849209
  8603.84961  1.02680373
  8604.69922  1.02626407
  8605.5498  1.02723181
  8606.39941  1.03235877
  8607.25  1.03129244
  8608.09961  1.03279424
  8608.94922  1.03129542
  8609.7998  1.01700687
  8610.64941  0.991254628
  8611.5  0.970443845
  8612.34961  0.979429185
  8613.19922  1.0099268
  8614.0498  1.02108717
  8614.89941  1.02919436
  8615.75  1.02380192
  8616.59961  1.02092934
  8617.44922  1.03574085
  8618.2998  1.04436469
  8619.14941  1.03861499
  8620.  1.03224432
  8620.84961  1.00831878
  8621.69922  0.985308945
  8622.5498  1.00868821
  8623.39941  1.04743898
  8624.25  1.05560744
  8625.09961  1.04959571
  8625.94922  1.04024136
  8626.7998  1.03382695
  8627.64941  1.04520631
  8628.5  1.05393505
  8629.34961  1.04447877
  8630.19922  1.04256999
  8631.0498  1.04206991
  8631.89941  1.03277886
  8632.75  1.02211165
  8633.59961  1.02023935
  8634.44922  1.03220403
  8635.2998  1.04629517
  8636.14941  1.04287636
  8637.  1.03609169
  8637.84961  1.04082072
  8638.69922  1.04207909
  8639.5498  1.03600991
  8640.39941  1.03748155
  8641.25  1.0333209
  8642.09961  1.03174829
  8642.94922  1.03921843
  8643.7998  1.05066586
  8644.64941  1.0523895
  8645.5  1.04144442
  8646.34961  1.03242016
  8647.19922  1.01520288
  8648.0498  0.98904866
  8648.89941  0.987651825
  8649.75  1.01233077
  8650.59961  1.02477586
  8651.44922  1.02722716
  8652.2998  1.01338184
  8653.14941  1.01077807
  8654.  1.0008595
  8654.84961  0.995166004
  8655.69922  0.990437329
  8656.5498  0.981473804
  8657.39941  0.978946626
  8658.25  0.97066921
  8659.09961  0.923624516
  8659.94922  0.839893103
  8660.7998  0.711888969
  8661.64941  0.558974743
  8662.5  0.537407458
  8663.34961  0.667766392
  8664.19922  0.806636512
  8665.0498  0.891525805
  8665.89941  0.939636469
  8666.75  0.962080657
  8667.59961  0.980623603
  8668.44922  0.993251562
  8669.2998  0.99385637
  8670.14941  0.99586153
  8671.  0.996628582
  8671.84961  0.997864008
  8672.69922  1.00017035
  8673.5498  0.985416949
  8674.39941  0.947988272
  8675.25  0.942411602
  8676.09961  0.982771814
  8676.94922  1.01439083
  8677.7998  1.01769984
  8678.64941  1.00443769
  8679.5  0.986347616
  8680.34961  0.989555717
  8681.19922  1.00777996
  8682.0498  1.00545597
  8682.89941  0.992034435
  8683.75  0.998057187
  8684.59961  1.01698852
  8685.44922  1.01799726
  8686.2998  0.997146785
  8687.14941  0.964932859
  8688.  0.90273869
  8688.84961  0.873399854
  8689.69922  0.933411181
  8690.5498  0.990314901
  8691.39941  1.00453222
  8692.25  1.0078094
  8693.09961  1.0147773
  8693.94922  1.02015519
  8694.7998  1.01937342
  8695.64941  1.02133608
  8696.5  1.02422845
  8697.34961  1.02229452
  8698.19922  1.00585282
  8699.0498  0.982306898
  8699.89941  0.985251665
  8700.75  1.00392032
  8701.59961  1.01610661
  8702.44922  1.01644051
  8703.2998  1.01368678
  8704.14941  1.02319229
  8705.  1.0283426
  8705.84961  1.02206206
  8706.69922  1.01073933
  8707.5498  1.01227486
  8708.39941  1.02383292
  8709.25  1.01105714
  8710.09961  0.979632735
  8710.94922  0.970026553
  8711.7998  0.972880721
  8712.64941  0.964394033
  8713.5  0.972844541
  8714.34961  1.00307572
  8715.19922  1.02271628
  8716.0498  1.02010775
  8716.89941  1.00122046
  8717.75  0.985037744
  8718.59961  0.992318809
  8719.44922  1.01415694
  8720.2998  1.02481794
  8721.14941  1.0248301
  8722.  1.02059257
  8722.84961  1.01695108
  8723.69922  1.01482558
  8724.5498  1.01376987
  8725.39941  1.01903903
  8726.25  1.01900053
  8727.09961  0.998909533
  8727.94922  0.977000773
  8728.7998  0.975777984
  8729.64941  0.987307906
  8730.5  0.998563349
  8731.34961  1.01586318
  8732.19922  1.0242126
  8733.0498  1.02140915
  8733.89941  1.01802468
  8734.75  0.997345924
  8735.59961  0.972333312
  8736.44922  0.969688952
  8737.2998  0.990876138
  8738.14941  1.01243782
  8739.  1.02292538
  8739.84961  1.01530445
  8740.69922  1.00098157
  8741.5498  0.98805964
  8742.39941  0.97969079
  8743.25  0.996180058
  8744.09961  1.00545299
  8744.94922  1.00612438
  8745.7998  1.0060395
  8746.64941  1.00323784
  8747.5  0.994446754
  8748.34961  1.00524402
  8749.19922  1.0159899
  8750.0498  1.0069257
  8750.89941  0.981456816
  8751.75  0.960356593
  8752.59961  0.977934778
  8753.44922  1.01122224
  8754.2998  1.02438331
  8755.14941  1.0291431
  8756.  1.00466013
  8756.84961  0.971794307
  8757.69922  0.973273158
  8758.5498  1.00679839
  8759.39941  1.02410471
  8760.25  1.02471375
  8761.09961  1.02853954
  8761.94922  1.02299273
  8762.7998  1.00088298
  8763.64941  0.973693669
  8764.5  0.975188196
  8765.34961  0.999966443
  8766.19922  1.0018332
  8767.0498  1.000633
  8767.89941  1.01332235
  8768.75  1.02512634
  8769.59961  1.02068591
  8770.44922  1.0026983
  8771.2998  0.99881196
  8772.14941  0.980078876
  8773.  0.94776684
  8773.84961  0.949657261
  8774.69922  0.983228385
  8775.5498  1.0081228
  8776.39941  1.0204258
  8777.25  1.03269315
  8778.09961  1.02851379
  8778.94922  1.01387048
  8779.7998  1.01427615
  8780.64941  1.01939833
  8781.5  1.02104151
  8782.34961  1.02389681
  8783.19922  1.021137
  8784.0498  1.00432503
  8784.89941  1.00313032
  8785.75  1.01142502
  8786.59961  1.01620662
  8787.44922  1.01937342
  8788.2998  1.02057481
  8789.14941  1.01235056
  8790.  0.982347727
  8790.84961  0.975456774
  8791.69922  0.999261022
  8792.5498  0.99231565
  8793.39941  0.970939875
  8794.25  0.985673666
  8795.09961  1.0121448
  8795.94922  1.0119766
  8796.7998  1.00556135
  8797.64941  1.01237643
  8798.5  1.02500987
  8799.34961  1.02677715
  8800.19922  1.02559376
  8801.0498  1.02768362
  8801.89941  1.01000094
  8802.75  1.00221074
  8803.59961  0.995860279
  8804.44922  0.962952495
  8805.2998  0.920820892
  8806.14941  0.857988
  8807.  0.823515236
  8807.84961  0.884601951
  8808.69922  0.959315479
  8809.5498  0.990650177
  8810.39941  1.00850379
  8811.25  1.01671505
  8812.09961  1.02128434
  8812.94922  1.03224659
  8813.7998  1.02197158
  8814.64941  1.00688112
  8815.5  1.01210296
  8816.34961  1.01453555
  8817.19922  1.01482987
  8818.0498  1.01014769
  8818.89941  0.997788787
  8819.75  0.998813272
  8820.59961  1.00647366
  8821.44922  1.00663459
  8822.2998  0.995401978
  8823.14941  0.949299395
  8824.  0.897087991
  8824.84961  0.918550193
  8825.69922  0.967942357
  8826.5498  0.995334566
  8827.39941  0.991269827
  8828.25  0.993774354
  8829.09961  0.993697047
  8829.94922  0.992650509
  8830.7998  0.997506142
  8831.64941  0.995776176
  8832.5  0.993915796
  8833.34961  0.993396223
  8834.19922  0.997742295
  8835.0498  1.00300443
  8835.89941  0.985942125
  8836.75  0.970649004
  8837.59961  0.953282177
  8838.44922  0.941985548
  8839.2998  0.971147358
  8840.14941  0.991149306
  8841.  0.995732486
  8841.84961  1.01024091
  8842.69922  1.009027
  8843.5498  1.00590706
  8844.39941  1.01070666
  8845.25  1.01141
  8846.09961  0.993531287
  8846.94922  0.98155725
  8847.7998  0.990631521
  8848.64941  1.00139153
  8849.5  1.0128876
  8850.34961  1.01965702
  8851.19922  1.00980306
  8852.0498  1.00133133
  8852.89941  0.998458564
  8853.75  0.994268537
  8854.59961  1.00125682
  8855.44922  1.00201321
  8856.2998  1.00015247
  8857.14941  1.01083398
  8858.  1.01418674
  8858.84961  1.01660204
  8859.69922  1.00802076
  8860.5498  0.992240429
  8861.39941  0.981420398
  8862.25  0.969090044
  8863.09961  0.975515723
  8863.94922  0.988495469
  8864.7998  1.0033772
  8865.64941  0.995443523
  8866.5  0.958977759
  8867.34961  0.938813508
  8868.19922  0.95795548
  8869.0498  0.990394533
  8869.89941  1.0031929
  8870.75  1.01085186
  8871.59961  1.01455605
  8872.44922  1.01492596
  8873.2998  1.01625931
  8874.14941  1.01706421
  8875.  1.00942922
  8875.84961  0.996918201
  8876.69922  0.994782984
  8877.5498  0.995568037
  8878.39941  0.991176724
  8879.25  0.997805297
  8880.09961  1.01166117
  8880.94922  1.01194298
  8881.7998  0.998715758
  8882.64941  0.998769283
  8883.5  1.00552428
  8884.34961  1.00147676
  8885.19922  1.00938272
  8886.0498  1.00951517
  8886.89941  1.0093236
  8887.75  1.01983345
  8888.59961  1.01499546
  8889.44922  1.01448846
  8890.2998  1.01192665
  8891.14941  0.995164692
  8892.  0.986236691
  8892.84961  0.99322623
  8893.69922  1.01088119
  8894.5498  1.01997077
  8895.39941  1.01653087
  8896.25  1.01881003
  8897.09961  1.01778436
  8897.94922  1.00347149
  8898.7998  1.00064051
  8899.64941  0.999676645
  8900.5  0.99939841
  8901.34961  1.00426817
  8902.19922  1.00566721
  8903.0498  1.00332677
  8903.89941  1.00555158
  8904.75  1.01738298
  8905.59961  1.01901007
  8906.44922  1.01442075
  8907.2998  1.01800168
  8908.14941  1.01347911
  8909.  1.01301789
  8909.84961  1.02446175
  8910.69922  1.02392423
  8911.5498  1.00482929
  8912.39941  0.99517101
  8913.25  1.00242519
  8914.09961  1.01256704
  8914.94922  1.01761115
  8915.7998  1.02098358
  8916.64941  1.01909614
  8917.5  1.01888514
  8918.34961  1.01242411
  8919.19922  0.99359256
  8920.0498  0.984087706
  8920.89941  0.993312955
  8921.75  1.00309145
  8922.59961  1.00076187
  8923.44922  0.99173063
  8924.2998  0.992277801
  8925.14941  0.996220052
  8926.  0.990770102
  8926.84961  0.977530956
  8927.69922  0.974361718
  8928.5498  0.981185317
  8929.39941  0.984241307
  8930.25  0.979249418
  8931.09961  0.966791749
  8931.94922  0.954963565
  8932.7998  0.958299756
  8933.64941  0.972540617
  8934.5  0.985559404
  8935.34961  0.998338461
  8936.19922  0.999803007
  8937.0498  0.992696047
  8937.89941  1.00243199
  8938.75  1.02308202
  8939.59961  1.02039969
  8940.44922  1.02011883
  8941.2998  1.01854217
  8942.14941  0.987107873
  8943.  0.96901089
  8943.84961  0.969163895
  8944.69922  0.951833367
  8945.5498  0.941366673
  8946.39941  0.949936271
  8947.25  0.96354723
  8948.09961  0.962115288
  8948.94922  0.945428669
  8949.7998  0.951634824
  8950.64941  0.977238238
  8951.5  0.989315391
  8952.34961  1.0031929
  8953.19922  1.00293791
  8954.0498  0.973575234
  8954.89941  0.95893544
  8955.75  0.954258978
  8956.59961  0.921697319
  8957.44922  0.903006256
  8958.2998  0.940258861
  8959.14941  0.982121468
  8960.  0.988133848
  8960.84961  0.973647833
  8961.69922  0.980710924
  8962.5498  1.00155234
  8963.39941  0.992783725
  8964.25  0.937990963
  8965.09961  0.856905341
  8965.94922  0.849141955
  8966.7998  0.875975728
  8967.64941  0.862520754
  8968.5  0.860067546
  8969.34961  0.904235005
  8970.19922  0.96598351
  8971.0498  0.992000163
  8971.89941  0.986762464
  8972.75  0.943121135
  8973.59961  0.865518451
  8974.44922  0.821890593
  8975.2998  0.840117633
  8976.14941  0.887066126
  8977.  0.89439708
  8977.84961  0.921134233
  8978.69922  0.953178704
  8979.5498  0.989621222
  8980.39941  1.01986885
  8981.25  1.01751351
  8982.09961  0.954090357
  8982.94922  0.873351693
  8983.7998  0.874180317
  8984.64941  0.932911634
  8985.5  0.986100376
  8986.34961  0.9950822
  8987.19922  0.982232511
  8988.0498  0.944278836
  8988.89941  0.849870741
  8989.75  0.751338363
  8990.59961  0.732129455
  8991.44922  0.787532985
  8992.2998  0.817424297
  8993.14941  0.775194824
  8994.  0.70862025
  8994.84961  0.74663043
  8995.69922  0.87452668
  8996.5498  0.965636969
  8997.39941  0.992171168
  8998.25  0.985154033
  8999.09961  0.956368208
  8999.94922  0.945931137
  9000.7998  0.962997377
  9001.64941  0.926120698
  9002.5  0.831734478
  9003.34961  0.801127493
  9004.19922  0.86934191
  9005.0498  0.905809879
  9005.89941  0.863172352
  9006.75  0.840375304
  9007.59961  0.878055692
  9008.44922  0.88922888
  9009.2998  0.844369173
  9010.14941  0.811682105
  9011.  0.84264493
  9011.84961  0.893741488
  9012.69922  0.9106583
  9013.5498  0.876576364
  9014.39941  0.845123291
  9015.25  0.870027661
  9016.09961  0.925037503
  9016.94922  0.951917171
  9017.7998  0.91612035
  9018.64941  0.825417638
  9019.5  0.778559506
