  8348.84961  0.995841444
  8349.69922  1.02601278
  8350.5498  1.07230115
  8351.39941  1.08585632
  8352.25  1.06520116
  8353.09961  1.03324389
  8353.94922  1.0269357
  8354.7998  1.03794706
  8355.64941  1.03968787
  8356.5  1.03673661
  8357.34961  1.03669453
  8358.19922  1.02884889
  8359.0498  1.04975784
  8359.89941  1.06429863
  8360.75  1.0542537
  8361.59961  1.05896115
  8362.44922  1.03881454
  8363.2998  0.992565811
  8364.14941  0.979388833
  8365.  0.995085239
  8365.84961  1.02051151
  8366.69922  1.07064569
  8367.5498  1.12133884
  8368.39941  1.13172913
  8369.25  1.08699358
  8370.09961  1.05024529
  8370.94922  1.05676603
  8371.7998  1.05514562
  8372.64941  1.05535042
  8373.5  1.05390692
  8374.34961  1.06474292
  8375.19922  1.07987618
  8376.0498  1.05970359
  8376.89941  1.00959897
  8377.75  0.986912251
  8378.59961  1.0288415
  8379.44922  1.08293676
  8380.2998  1.10788703
  8381.14941  1.07070827
  8382.  0.962270677
  8382.84961  0.904172301
  8383.69922  0.967813909
  8384.5498  1.03956556
  8385.39941  1.04307652
  8386.25  1.00675428
  8387.09961  0.955591381
  8387.94922  0.925344348
  8388.7998  0.95317024
  8389.64941  0.999479353
  8390.5  1.02856112
  8391.34961  1.05758238
  8392.19922  1.08376908
  8393.0498  1.08443367
  8393.89941  1.0638994
  8394.75  1.05445099
  8395.59961  1.05155861
  8396.44922  1.02198863
  8397.2998  0.998840094
  8398.14941  1.02509832
  8399.  1.06909537
  8399.84961  1.08789706
  8400.69922  1.05685985
  8401.5498  1.00039387
  8402.39941  1.0015223
  8403.25  1.0525192
  8404.09961  1.05608082
  8404.94922  1.05350482
  8405.7998  1.07779646
  8406.64941  1.09605503
  8407.5  1.08344531
  8408.34961  1.07082319
  8409.19922  1.08288026
  8410.0498  1.07739401
  8410.89941  1.04342544
  8411.75  0.990531504
  8412.59961  0.980748415
  8413.44922  1.0160501
  8414.2998  1.05392361
  8415.14941  1.07735693
  8416.  1.05445373
  8416.84961  1.01351309
  8417.69922  1.00506294
  8418.5498  1.02213871
  8419.39941  1.0237745
  8420.25  1.01917434
  8421.09961  1.04049778
  8421.94922  1.0375694
  8422.7998  1.01418555
  8423.64941  1.01830375
  8424.5  1.01858473
  8425.34961  0.975527883
  8426.19922  0.918172598
  8427.0498  0.941945672
  8427.89941  1.03886807
  8428.75  1.09645474
  8429.59961  1.09038007
  8430.44922  1.07797551
  8431.2998  1.07931447
  8432.14941  1.07830894
  8433.  1.05866003
  8433.84961  0.992052794
  8434.69922  0.910964429
  8435.5498  0.913850248
  8436.39941  0.987834513
  8437.25  1.03543091
  8438.09961  1.01576686
  8438.94922  0.974715173
  8439.7998  0.976561844
  8440.64941  1.01757085
  8441.5  1.06150627
  8442.34961  1.07884908
  8443.19922  1.06749678
  8444.0498  1.0519737
  8444.89941  1.04962075
  8445.75  1.03134024
  8446.59961  1.01005709
  8447.44922  1.0178355
  8448.2998  1.03533411
  8449.14941  1.03075552
  8450.  1.00708711
  8450.84961  1.03535378
  8451.69922  1.07490396
  8452.5498  1.09032178
  8453.39941  1.08937359
  8454.25  1.06719029
  8455.09961  1.03945982
  8455.94922  1.01856136
  8456.7998  1.02803528
  8457.64941  1.0542115
  8458.5  1.06593466
  8459.34961  1.06239998
  8460.19922  1.05980611
  8461.0498  1.07079649
  8461.89941  1.09445643
  8462.75  1.10201752
  8463.59961  1.06567359
  8464.44922  1.02794349
  8465.2998  1.00482523
  8466.14941  0.989448667
  8467.  0.981710374
  8467.84961  0.945655942
  8468.69922  0.939518273
  8469.5498  1.00942242
  8470.39941  1.05813026
  8471.25  1.04215491
  8472.09961  1.03195262
  8472.94922  1.05821395
  8473.7998  1.08049357
  8474.64941  1.09875929
  8475.5  1.10421515
  8476.34961  1.06648469
  8477.19922  1.05061567
  8478.0498  1.06952786
  8478.89941  1.06458235
  8479.75  1.04467654
  8480.59961  1.01977718
  8481.44922  0.999431968
  8482.2998  1.00043082
  8483.14941  1.02615154
  8484.  1.0514251
  8484.84961  1.0584904
  8485.69922  1.06634927
  8486.5498  1.06577003
  8487.39941  1.04774022
  8488.25  1.04735446
  8489.09961  1.06561673
  8489.94922  1.08117461
  8490.7998  1.06243861
  8491.64941  1.03301167
  8492.5  1.03977072
  8493.34961  1.04578578
  8494.19922  1.04784191
  8495.0498  1.01751971
  8495.89941  0.934709191
  8496.75  0.80273658
  8497.59961  0.64920491
  8498.44922  0.650714695
  8499.2998  0.817047596
  8500.14941  0.944234371
  8501.  0.983825684
  8501.84961  0.977356195
  8502.69922  0.98636353
  8503.5498  1.00927973
  8504.39941  1.02456367
  8505.25  1.06435835
  8506.09961  1.08304501
  8506.94922  1.07517266
  8507.7998  1.09131455
  8508.64941  1.10179079
  8509.5  1.08723545
  8510.34961  1.05536962
  8511.19922  1.03776324
  8512.0498  1.02748239
  8512.89941  1.00433636
  8513.75  0.948052406
  8514.59961  0.925739169
  8515.44922  0.970138073
  8516.2998  1.00758791
  8517.14941  1.00267589
  8518.  0.991575181
  8518.84961  1.01462328
  8519.69922  1.04334915
  8520.5498  1.04829693
  8521.39941  1.04971194
  8522.25  1.05729842
  8523.09961  1.05257916
  8523.94922  1.04917789
  8524.7998  1.03819978
  8525.64941  1.00757515
  8526.5  0.986058474
  8527.34961  1.00099123
  8528.19922  1.03554857
  8529.0498  1.04259431
  8529.89941  1.02368033
  8530.75  1.0161165
  8531.59961  1.02239144
  8532.44922  1.02168715
  8533.2998  1.01637614
  8534.14941  1.01313412
  8535.  0.998416781
  8535.84961  0.964541554
  8536.69922  0.93140769
  8537.5498  0.894562542
  8538.39941  0.845374048
  8539.25  0.795611501
  8540.09961  0.700994253
  8540.94922  0.550589979
  8541.7998  0.433497727
  8542.64941  0.455349773
  8543.5  0.603737593
  8544.34961  0.75288558
  8545.19922  0.847847641
  8546.0498  0.907297194
  8546.89941  0.943324387
  8547.75  0.9442783
  8548.59961  0.943566084
  8549.44922  0.975570381
  8550.2998  1.00385928
  8551.14941  1.02385151
  8552.  1.05048454
  8552.84961  1.06037045
  8553.69922  1.05037749
  8554.5498  1.02007794
  8555.39941  0.99660635
  8556.25  0.988378525
  8557.09961  1.00405526
  8557.94922  1.0465467
  8558.7998  1.05149615
  8559.64941  1.03385472
  8560.5  1.03520775
  8561.34961  1.03578162
  8562.19922  1.02731669
  8563.0498  1.04647112
  8563.89941  1.05855334
  8564.75  1.05022871
  8565.59961  1.03282583
  8566.44922  1.02795017
  8567.2998  1.04257095
  8568.14941  1.04354417
  8569.  1.04817009
  8569.84961  1.05125821
  8570.69922  1.04436803
  8571.5498  1.03413987
  8572.39941  1.02629352
  8573.25  1.03535962
  8574.09961  1.02557349
  8574.94922  1.00640452
  8575.7998  1.01024461
  8576.64941  1.03396547
  8577.5  1.04893017
  8578.34961  1.04738986
  8579.19922  1.05741501
  8580.0498  1.07696724
  8580.89941  1.06199527
  8581.75  1.00374126
  8582.59961  0.977238238
  8583.44922  1.00579488
  8584.2998  1.0308075
  8585.14941  1.03480732
  8586.  1.04550338
  8586.84961  1.05787849
  8587.69922  1.057181
  8588.5498  1.0377233
  8589.39941  1.02747464
  8590.25  1.03835845
  8591.09961  1.03533471
  8591.94922  1.01786983
  8592.7998  1.02288532
  8593.64941  1.05658412
  8594.5  1.06866157
  8595.34961  1.04611623
  8596.19922  1.02606332
  8597.0498  1.01525176
  8597.89941  1.00828874
  8598.75  1.0170579
  8599.59961  1.04523706
  8600.44922  1.07651532
  8601.2998  1.07860887
  8602.14941  1.05018759
  8603.  1.03113389
  8603.84961  1.02905107
  8604.69922  1.02842522
  8605.5498  1.03478897
  8606.39941  1.04705441
  8607.25  1.04304075
  8608.09961  1.03393602
  8608.94922  1.03324842
  8609.7998  1.0155921
  8610.64941  0.982213736
  8611.5  0.956449986
  8612.34961  0.965876222
  8613.19922  1.00097406
  8614.0498  1.03624499
  8614.89941  1.05730069
  8615.75  1.05355227
  8616.59961  1.04110253
  8617.44922  1.04261851
  8618.2998  1.04785597
  8619.14941  1.05176818
  8620.  1.04320133
  8620.84961  1.01155305
  8621.69922  0.993621886
  8622.5498  1.01407242
  8623.39941  1.04789555
  8624.25  1.05866671
  8625.09961  1.05536652
  8625.94922  1.04953265
  8626.7998  1.0541532
  8627.64941  1.06915855
  8628.5  1.06993711
  8629.34961  1.05425572
  8630.19922  1.04581666
  8631.0498  1.03851628
  8631.89941  1.02813399
  8632.75  1.02740741
  8633.59961  1.03183615
  8634.44922  1.0350858
  8635.2998  1.02503836
  8636.14941  1.03163278
  8637.  1.05375183
  8637.84961  1.05815113
  8638.69922  1.06421804
  8639.5498  1.06225705
  8640.39941  1.04737484
  8641.25  1.0401845
  8642.09961  1.0225904
  8642.94922  1.01498449
  8643.7998  1.03386521
  8644.64941  1.05989873
  8645.5  1.06852508
  8646.34961  1.05846274
  8647.19922  1.03753984
  8648.0498  1.00521386
  8648.89941  0.994525433
  8649.75  1.00749564
  8650.59961  1.01047873
  8651.44922  1.01385057
  8652.2998  1.02508724
  8653.14941  1.02182162
  8654.  0.993878186
  8654.84961  0.989528298
  8655.69922  1.00259769
  8656.5498  0.984826386
  8657.39941  0.966040075
  8658.25  0.939996064
  8659.09961  0.879773855
  8659.94922  0.799226999
  8660.7998  0.667751968
  8661.64941  0.511036158
  8662.5  0.477296948
  8663.34961  0.608847678
  8664.19922  0.768156886
  8665.0498  0.877022743
  8665.89941  0.92785269
  8666.75  0.953960955
  8667.59961  0.97481823
  8668.44922  0.979582965
  8669.2998  0.987159789
  8670.14941  0.996091783
  8671.  0.992931902
  8671.84961  0.982882738
  8672.69922  0.984417856
  8673.5498  0.96232152
  8674.39941  0.911500335
  8675.25  0.903826892
  8676.09961  0.958190024
  8676.94922  1.01339638
  8677.7998  1.02456212
  8678.64941  0.995687366
  8679.5  0.960175693
  8680.34961  0.971773505
  8681.19922  1.00059772
  8682.0498  0.994382799
  8682.89941  0.997564971
  8683.75  1.02356243
  8684.59961  1.04105496
  8685.44922  1.04090083
  8686.2998  1.03325856
  8687.14941  0.979725063
  8688.  0.897527099
  8688.84961  0.87154752
  8689.69922  0.922222972
  8690.5498  0.987403095
  8691.39941  1.01385641
  8692.25  1.00986195
  8693.09961  1.00636172
  8693.94922  1.01549399
  8694.7998  1.03138053
  8695.64941  1.03369844
  8696.5  1.02517426
  8697.34961  1.02561319
  8698.19922  1.01115382
  8699.0498  0.976855278
  8699.89941  0.967558384
  8700.75  0.990653992
  8701.59961  1.00746477
  8702.44922  0.995249271
  8703.2998  0.986870944
  8704.14941  0.998268485
  8705.  1.01672316
  8705.84961  1.04132819
  8706.69922  1.04608071
  8707.5498  1.02547133
  8708.39941  1.01578057
  8709.25  1.00217795
  8710.09961  0.976371288
  8710.94922  0.966760516
  8711.7998  0.966526091
  8712.64941  0.959793508
  8713.5  0.966195583
  8714.34961  0.997306287
  8715.19922  1.02636719
  8716.0498  1.0396347
  8716.89941  1.02882004
  8717.75  1.00043976
  8718.59961  0.997661114
  8719.44922  1.01880729
  8720.2998  1.0388447
  8721.14941  1.05409873
  8722.  1.05884135
  8722.84961  1.04011738
  8723.69922  1.019117
  8724.5498  1.02014291
  8725.39941  1.03023958
  8726.25  1.03913105
  8727.09961  1.030074
  8727.94922  0.986018836
  8728.7998  0.966828465
  8729.64941  0.994745135
  8730.5  1.01181316
  8731.34961  1.02051866
  8732.19922  1.03774309
  8733.0498  1.03183007
  8733.89941  1.01438129
  8734.75  1.01226842
  8735.59961  1.00049376
  8736.44922  0.997265875
  8737.2998  1.02514255
  8738.14941  1.03685737
  8739.  1.02654517
  8739.84961  1.01238954
  8740.69922  1.00488949
  8741.5498  1.00868154
  8742.39941  1.01416612
  8743.25  1.02053559
  8744.09961  1.02251387
  8744.94922  1.02444065
  8745.7998  1.03424096
  8746.64941  1.02272475
  8747.5  1.00451469
  8748.34961  1.01208043
  8749.19922  1.02456331
  8750.0498  1.01704049
  8750.89941  0.988608897
  8751.75  0.975134492
  8752.59961  0.991580307
  8753.44922  1.02330744
  8754.2998  1.04576826
  8755.14941  1.04450905
  8756.  1.01655924
  8756.84961  0.975022197
  8757.69922  0.969543874
  8758.5498  1.01342881
  8759.39941  1.04794919
  8760.25  1.04950798
  8761.09961  1.04789138
  8761.94922  1.04427242
  8762.7998  1.0230546
  8763.64941  0.994027019
  8764.5  0.993460953
  8765.34961  1.00679922
  8766.19922  0.994228005
  8767.0498  0.99185276
  8767.89941  1.01645601
  8768.75  1.03595507
  8769.59961  1.03756249
  8770.44922  1.0196507
  8771.2998  1.00298584
  8772.14941  0.986362875
  8773.  0.964595854
  8773.84961  0.963044345
  8774.69922  0.986392021
  8775.5498  1.00252402
  8776.39941  1.01436758
  8777.25  1.02757013
  8778.09961  1.01831305
  8778.94922  0.998285294
  8779.7998  1.00067425
  8780.64941  1.01106739
  8781.5  1.01924467
  8782.34961  1.03189766
  8783.19922  1.03225446
  8784.0498  1.00805283
  8784.89941  0.998317122
  8785.75  1.01315081
  8786.59961  1.03331637
  8787.44922  1.05033314
  8788.2998  1.04903209
  8789.14941  1.02735162
  8790.  0.990244389
  8790.84961  0.976954162
  8791.69922  0.99732542
  8792.5498  0.993552148
  8793.39941  0.979074895
  8794.25  0.994627357
  8795.09961  1.01345074
  8795.94922  1.00074852
  8796.7998  0.987434149
  8797.64941  1.01454759
  8798.5  1.0441432
  8799.34961  1.04942954
  8800.19922  1.04837787
  8801.0498  1.05212927
  8801.89941  1.05682671
  8802.75  1.04548943
  8803.59961  1.01438975
  8804.44922  0.972748876
  8805.2998  0.915526032
  8806.14941  0.833051085
  8807.  0.802998245
  8807.84961  0.855339825
  8808.69922  0.925858915
  8809.5498  0.980730474
  8810.39941  1.02449083
  8811.25  1.0442425
  8812.09961  1.03002501
  8812.94922  1.03731656
  8813.7998  1.04402053
  8814.64941  1.03169537
  8815.5  1.02094948
  8816.34961  1.01848221
  8817.19922  1.02210689
  8818.0498  1.01145124
  8818.89941  1.00281549
  8819.75  1.00761461
  8820.59961  1.02114809
  8821.44922  1.02082908
  8822.2998  0.991291702
  8823.14941  0.939748049
  8824.  0.908125341
  8824.84961  0.930697322
  8825.69922  0.986616254
  8826.5498  1.02090287
  8827.39941  1.02392924
  8828.25  1.02182901
  8829.09961  1.03285944
  8829.94922  1.03795433
  8830.7998  1.02562547
  8831.64941  1.03814614
  8832.5  1.05437112
  8833.34961  1.04247904
  8834.19922  1.03417611
  8835.0498  1.02415144
  8835.89941  1.00399375
  8836.75  0.985946298
  8837.59961  0.967227519
  8838.44922  0.962488472
  8839.2998  0.989423871
  8840.14941  1.02037573
  8841.  1.02270913
  8841.84961  1.01159358
  8842.69922  1.01720428
  8843.5498  1.02435935
  8844.39941  1.01739848
  8845.25  1.02517176
  8846.09961  1.02570283
  8846.94922  1.02027822
  8847.7998  1.02424395
  8848.64941  1.0250504
  8849.5  1.03561544
  8850.34961  1.0393647
  8851.19922  1.02850842
  8852.0498  1.02947092
  8852.89941  1.04743719
  8853.75  1.05595243
  8854.59961  1.04474509
  8855.44922  1.03309381
  8856.2998  1.03328168
  8857.14941  1.03880894
  8858.  1.04114413
  8858.84961  1.04649544
  8859.69922  1.06049633
  8860.5498  1.06398737
  8861.39941  1.03753269
  8862.25  1.00096691
  8863.09961  0.982616186
  8863.94922  0.99602598
  8864.7998  1.01880395
  8865.64941  1.01477671
  8866.5  0.982743621
  8867.34961  0.962025464
  8868.19922  0.974566221
  8869.0498  1.00177085
  8869.89941  1.02810073
  8870.75  1.05021286
  8871.59961  1.05497193
  8872.44922  1.0483427
  8873.2998  1.05125308
  8874.14941  1.04624116
  8875.  1.03502154
  8875.84961  1.02419591
  8876.69922  1.01329672
  8877.5498  1.00874603
  8878.39941  1.00500202
  8879.25  1.01252043
  8880.09961  1.02218115
  8880.94922  1.02489531
  8881.7998  1.02618635
  8882.64941  1.02347589
  8883.5  1.02866805
  8884.34961  1.03216803
  8885.19922  1.03278685
  8886.0498  1.0346961
  8886.89941  1.04304588
  8887.75  1.04944217
  8888.59961  1.05022359
  8889.44922  1.04411352
  8890.2998  1.02479076
  8891.14941  1.01165104
  8892.  1.00571227
  8892.84961  1.0004288
  8893.69922  1.01444256
  8894.5498  1.04028642
  8895.39941  1.04915035
  8896.25  1.04625332
  8897.09961  1.03230703
  8897.94922  1.02001452
  8898.7998  1.02706718
  8899.64941  1.03479278
  8900.5  1.03094995
  8901.34961  1.02753961
  8902.19922  1.03305805
  8903.0498  1.03677392
  8903.89941  1.03387201
  8904.75  1.03603089
  8905.59961  1.04537654
  8906.44922  1.04168224
  8907.2998  1.02855599
  8908.14941  1.03464639
  8909.  1.03431737
  8909.84961  1.02358079
  8910.69922  1.03267741
  8911.5498  1.03501308
  8912.39941  1.02394414
  8913.25  1.02880013
  8914.09961  1.04151833
  8914.94922  1.05084682
  8915.7998  1.0509932
  8916.64941  1.04064059
  8917.5  1.03774643
  8918.34961  1.02515399
  8919.19922  1.00054085
  8920.0498  0.991613805
  8920.89941  1.0119468
  8921.75  1.01343322
  8922.59961  1.00417829
  8923.44922  1.01915216
  8924.2998  1.02912962
  8925.14941  1.02415085
  8926.  1.00491393
  8926.84961  0.986400783
  8927.69922  0.984112203
  8928.5498  0.991213858
  8929.39941  0.994997323
  8930.25  0.99882853
  8931.09961  0.999175549
  8931.94922  1.00598538
  8932.7998  1.01429772
  8933.64941  1.01307416
  8934.5  1.02787042
  8935.34961  1.03323734
  8936.19922  1.03541231
  8937.0498  1.05356836
  8937.89941  1.05946767
  8938.75  1.04432559
  8939.59961  1.0427438
  8940.44922  1.0410347
  8941.2998  1.01610553
  8942.14941  0.995814145
  8943.  0.985736191
  8943.84961  0.985788286
  8944.69922  0.983477533
  8945.5498  0.967971623
  8946.39941  0.938178837
  8947.25  0.949644923
  8948.09961  0.969714582
  8948.94922  0.974761724
  8949.7998  1.00349081
  8950.64941  1.03990304
  8951.5  1.05216527
  8952.34961  1.05082047
  8953.19922  1.02587843
  8954.0498  0.996888936
  8954.89941  0.986587703
  8955.75  1.00316727
  8956.59961  1.03292453
  8957.44922  1.04241729
  8958.2998  1.05144036
  8959.14941  1.05676329
  8960.  1.05036628
  8960.84961  1.02202141
  8961.69922  0.986996233
  8962.5498  0.971004784
  8963.39941  0.972658336
  8964.25  0.982599974
  8965.09961  0.967363
  8965.94922  0.945337832
  8966.7998  0.950718701
  8967.64941  0.976162493
  8968.5  1.001647
  8969.34961  1.0097214
  8970.19922  0.988484621
  8971.0498  0.956756473
  8971.89941  0.96410656
  8972.75  0.989397585
  8973.59961  0.985941529
  8974.44922  0.97286433
  8975.2998  0.960266411
  8976.14941  0.965434909
  8977.  1.00447059
  8977.84961  1.03717506
  8978.69922  1.0325613
  8979.5498  1.00535178
  8980.39941  0.973670006
  8981.25  0.970142722
  8982.09961  1.00001204
  8982.94922  1.04362369
  8983.7998  1.05887091
  8984.64941  1.0306493
  8985.5  0.994347095
  8986.34961  0.943644583
  8987.19922  0.904561937
  8988.0498  0.916071236
  8988.89941  0.931036115
  8989.75  0.925445139
  8990.59961  0.898376226
  8991.44922  0.870598376
  8992.2998  0.895216763
  8993.14941  0.955723107
  8994.  1.01795864
  8994.84961  1.05400407
  8995.69922  1.05383539
  8996.5498  1.03206825
  8997.39941  1.02084172
  8998.25  0.989014208
  8999.09961  0.902313352
  8999.94922  0.845481813
  9000.7998  0.890292823
  9001.64941  0.972658038
  9002.5  1.00072515
  9003.34961  0.98267293
  9004.19922  0.974732041
  9005.0498  0.986634374
  9005.89941  0.992204189
  9006.75  0.980718672
  9007.59961  0.96901381
  9008.44922  0.95233649
  9009.2998  0.936405838
  9010.14941  0.926595032
  9011.  0.925862014
  9011.84961  0.919629395
  9012.69922  0.924320579
  9013.5498  0.951319993
  9014.39941  0.979806185
  9015.25  0.976267159
  9016.09961  0.924004555
  9016.94922  0.888571918
  9017.7998  0.925524235
  9018.64941  0.964460492
  9019.5  0.993567646
