  8348.84961  1.00650585
  8349.69922  1.04109001
  8350.5498  1.08520615
  8351.39941  1.09800911
  8352.25  1.08395708
  8353.09961  1.06759167
  8353.94922  1.0698297
  8354.7998  1.0736351
  8355.64941  1.06144047
  8356.5  1.0564363
  8357.34961  1.05622244
  8358.19922  1.05207133
  8359.0498  1.06951523
  8359.89941  1.07156944
  8360.75  1.05705404
  8361.59961  1.06936932
  8362.44922  1.06629312
  8363.2998  1.02123499
  8364.14941  0.99907577
  8365.  1.01547647
  8365.84961  1.02738202
  8366.69922  1.07987678
  8367.5498  1.13327074
  8368.39941  1.13493967
  8369.25  1.0932498
  8370.09961  1.07258642
  8370.94922  1.07260859
  8371.7998  1.05899942
  8372.64941  1.06880438
  8373.5  1.09836292
  8374.34961  1.10650396
  8375.19922  1.10145402
  8376.0498  1.06952679
  8376.89941  1.03172398
  8377.75  1.00931275
  8378.59961  1.06078601
  8379.44922  1.11612856
  8380.2998  1.13609266
  8381.14941  1.08592105
  8382.  0.964895844
  8382.84961  0.914410055
  8383.69922  0.983552516
  8384.5498  1.05230296
  8385.39941  1.08357358
  8386.25  1.05417085
  8387.09961  0.977683723
  8387.94922  0.94146508
  8388.7998  0.992408454
  8389.64941  1.03487146
  8390.5  1.04770494
  8391.34961  1.07542312
  8392.19922  1.10446727
  8393.0498  1.10551226
  8393.89941  1.08083081
  8394.75  1.07130659
  8395.59961  1.06478059
  8396.44922  1.03356004
  8397.2998  1.0379858
  8398.14941  1.07220531
  8399.  1.08802533
  8399.84961  1.09671092
  8400.69922  1.0758605
  8401.5498  1.0405519
  8402.39941  1.05028355
  8403.25  1.09093606
  8404.09961  1.09349239
  8404.94922  1.06547582
  8405.7998  1.06689882
  8406.64941  1.08930147
  8407.5  1.08768928
  8408.34961  1.07951796
  8409.19922  1.09377265
  8410.0498  1.10056901
  8410.89941  1.05750597
  8411.75  0.991015017
  8412.59961  0.987247348
  8413.44922  1.02745318
  8414.2998  1.04682517
  8415.14941  1.08440125
  8416.  1.07827699
  8416.84961  1.04293287
  8417.69922  1.04161203
  8418.5498  1.05327678
  8419.39941  1.02939248
  8420.25  1.04085815
  8421.09961  1.0670017
  8421.94922  1.05060303
  8422.7998  1.01766312
  8423.64941  1.01603687
  8424.5  1.02290642
  8425.34961  0.982273519
  8426.19922  0.923903346
  8427.0498  0.964668453
  8427.89941  1.05070066
  8428.75  1.08811414
  8429.59961  1.08374619
  8430.44922  1.08726168
  8431.2998  1.09591687
  8432.14941  1.09238029
  8433.  1.08968413
  8433.84961  1.02861929
  8434.69922  0.916610718
  8435.5498  0.917342365
  8436.39941  1.0151515
  8437.25  1.06630766
  8438.09961  1.037606
  8438.94922  0.981474161
  8439.7998  0.972212374
  8440.64941  1.00805235
  8441.5  1.04888415
  8442.34961  1.07627177
  8443.19922  1.07119465
  8444.0498  1.04437351
  8444.89941  1.02687669
  8445.75  1.00804436
  8446.59961  0.998785555
  8447.44922  1.02539742
  8448.2998  1.05944967
  8449.14941  1.05256963
  8450.  1.0184834
  8450.84961  1.0327214
  8451.69922  1.07918859
  8452.5498  1.08702731
  8453.39941  1.08275604
  8454.25  1.0927074
  8455.09961  1.07748556
  8455.94922  1.04686546
  8456.7998  1.03941417
  8457.64941  1.05547309
  8458.5  1.06801772
  8459.34961  1.05449247
  8460.19922  1.05734611
  8461.0498  1.08490658
  8461.89941  1.09350824
  8462.75  1.07656074
  8463.59961  1.06506336
  8464.44922  1.04725087
  8465.2998  1.00007868
  8466.14941  0.992606878
  8467.  1.00914693
  8467.84961  0.965890527
  8468.69922  0.950898647
  8469.5498  1.03928149
  8470.39941  1.05893016
  8471.25  1.03212881
  8472.09961  1.04273009
  8472.94922  1.08853912
  8473.7998  1.10341096
  8474.64941  1.10245752
  8475.5  1.09929335
  8476.34961  1.08127284
  8477.19922  1.07117021
  8478.0498  1.08184803
  8478.89941  1.09000456
  8479.75  1.07233512
  8480.59961  1.04232371
  8481.44922  1.02834189
  8482.2998  1.02637696
  8483.14941  1.04780459
  8484.  1.07060111
  8484.84961  1.06764174
  8485.69922  1.07394063
  8486.5498  1.06409633
  8487.39941  1.02593005
  8488.25  1.01754761
  8489.09961  1.05698502
  8489.94922  1.08086598
  8490.7998  1.06622005
  8491.64941  1.05502784
  8492.5  1.04957414
  8493.34961  1.03651416
  8494.19922  1.02861416
  8495.0498  1.01147389
  8495.89941  0.938948691
  8496.75  0.780201674
  8497.59961  0.612461329
  8498.44922  0.628988802
  8499.2998  0.796501398
  8500.14941  0.930960536
  8501.  0.977695942
  8501.84961  0.976520777
  8502.69922  0.990627706
  8503.5498  1.01205492
  8504.39941  1.0168916
  8505.25  1.03527915
  8506.09961  1.07592022
  8506.94922  1.10857129
  8507.7998  1.11145222
  8508.64941  1.09495735
  8509.5  1.07269216
  8510.34961  1.0438503
  8511.19922  1.04173946
  8512.0498  1.05568254
  8512.89941  1.03162372
  8513.75  0.954192817
  8514.59961  0.902652442
  8515.44922  0.963901401
  8516.2998  1.03782248
  8517.14941  1.02914357
  8518.  0.993548393
  8518.84961  1.00904536
  8519.69922  1.0555892
  8520.5498  1.0567596
  8521.39941  1.03988981
  8522.25  1.04322994
  8523.09961  1.0581634
  8523.94922  1.06807435
  8524.7998  1.05270791
  8525.64941  1.02243745
  8526.5  1.00235438
  8527.34961  1.02326262
  8528.19922  1.05597425
  8529.0498  1.06124914
  8529.89941  1.04348981
  8530.75  1.04604602
  8531.59961  1.04872549
  8532.44922  1.0499506
  8533.2998  1.04408455
  8534.14941  1.03298163
  8535.  1.00938928
  8535.84961  0.977855146
  8536.69922  0.947280884
  8537.5498  0.90263474
  8538.39941  0.848433197
  8539.25  0.797145069
  8540.09961  0.713288009
  8540.94922  0.555300295
  8541.7998  0.411615133
  8542.64941  0.461878747
  8543.5  0.645184278
  8544.34961  0.790394247
  8545.19922  0.878176332
  8546.0498  0.932145774
  8546.89941  0.946273386
  8547.75  0.942256093
  8548.59961  0.964694262
  8549.44922  0.992882133
  8550.2998  1.00023186
  8551.14941  1.02178586
  8552.  1.06188107
  8552.84961  1.07752752
  8553.69922  1.06914794
  8554.5498  1.03271449
  8555.39941  0.991798699
  8556.25  0.986879766
  8557.09961  1.01762271
  8557.94922  1.05714869
  8558.7998  1.05947459
  8559.64941  1.04424989
  8560.5  1.03642619
  8561.34961  1.02639127
  8562.19922  1.03016949
  8563.0498  1.04328883
  8563.89941  1.04893303
  8564.75  1.04648125
  8565.59961  1.0456897
  8566.44922  1.0553602
  8567.2998  1.05291235
  8568.14941  1.03880405
  8569.  1.04208934
  8569.84961  1.0558517
  8570.69922  1.05474997
  8571.5498  1.04196668
  8572.39941  1.04285991
  8573.25  1.04387581
  8574.09961  1.02676392
  8574.94922  1.01879966
  8575.7998  1.02971864
  8576.64941  1.04676878
  8577.5  1.05714834
  8578.34961  1.05305767
  8579.19922  1.04733407
  8580.0498  1.06072915
  8580.89941  1.05545247
  8581.75  1.00146437
  8582.59961  0.972428501
  8583.44922  1.01518142
  8584.2998  1.04649138
  8585.14941  1.04519176
  8586.  1.04962182
  8586.84961  1.0520556
  8587.69922  1.04924655
  8588.5498  1.04212081
  8589.39941  1.03368473
  8590.25  1.03236711
  8591.09961  1.02621126
  8591.94922  1.01666403
  8592.7998  1.00839078
  8593.64941  1.02987778
  8594.5  1.06672716
  8595.34961  1.05037141
  8596.19922  1.00683308
  8597.0498  0.996986091
  8597.89941  1.00621867
  8598.75  1.01989985
  8599.59961  1.05052769
  8600.44922  1.07231438
  8601.2998  1.06035089
  8602.14941  1.03077054
  8603.  1.01422
  8603.84961  1.02350652
  8604.69922  1.03399599
  8605.5498  1.02983975
  8606.39941  1.02370965
  8607.25  1.02758408
  8608.09961  1.03722107
  8608.94922  1.04230177
  8609.7998  1.02342391
  8610.64941  0.984125257
  8611.5  0.958157718
  8612.34961  0.98110944
  8613.19922  1.02318585
  8614.0498  1.02726841
  8614.89941  1.03745592
  8615.75  1.03144717
  8616.59961  1.03373063
  8617.44922  1.04894292
  8618.2998  1.0504986
  8619.14941  1.06516099
  8620.  1.07556558
  8620.84961  1.03173077
  8621.69922  0.981606901
  8622.5498  0.99525547
  8623.39941  1.03074348
  8624.25  1.06305385
  8625.09961  1.07496238
  8625.94922  1.06159842
  8626.7998  1.05698025
  8627.64941  1.06156266
  8628.5  1.0536015
  8629.34961  1.04587746
  8630.19922  1.04539597
  8631.0498  1.03265381
  8631.89941  1.0143975
  8632.75  1.01742673
  8633.59961  1.0218699
  8634.44922  1.03503442
  8635.2998  1.05455232
  8636.14941  1.0536902
  8637.  1.04740167
  8637.84961  1.05870223
  8638.69922  1.06241155
  8639.5498  1.05793691
  8640.39941  1.0575434
  8641.25  1.03581607
  8642.09961  1.01534116
  8642.94922  1.02728212
  8643.7998  1.05418527
  8644.64941  1.07093
  8645.5  1.06586611
  8646.34961  1.04938066
  8647.19922  1.02330053
  8648.0498  0.981617451
  8648.89941  0.971549749
  8649.75  1.00032914
  8650.59961  1.02122581
  8651.44922  1.02764821
  8652.2998  1.03002775
  8653.14941  1.01951635
  8654.  0.997856915
  8654.84961  0.997473657
  8655.69922  1.00607252
  8656.5498  0.985132933
  8657.39941  0.954484046
  8658.25  0.925605357
  8659.09961  0.883382678
  8659.94922  0.806923449
  8660.7998  0.64435637
  8661.64941  0.455022395
  8662.5  0.437891871
  8663.34961  0.604771852
  8664.19922  0.779959381
  8665.0498  0.882500529
  8665.89941  0.943620741
  8666.75  0.972059608
  8667.59961  0.974668562
  8668.44922  0.987104416
  8669.2998  1.01161444
  8670.14941  1.01584733
  8671.  0.997989237
  8671.84961  0.993121028
  8672.69922  0.99991858
  8673.5498  0.96867317
  8674.39941  0.906906009
  8675.25  0.912127793
  8676.09961  0.986733556
  8676.94922  1.03233373
  8677.7998  1.02365243
  8678.64941  0.995814264
  8679.5  0.977617323
  8680.34961  0.98500526
  8681.19922  1.00128949
  8682.0498  0.98443222
  8682.89941  0.96544075
  8683.75  0.995838106
  8684.59961  1.03219581
  8685.44922  1.03199434
  8686.2998  1.00824845
  8687.14941  0.952342451
  8688.  0.857647002
  8688.84961  0.831150949
  8689.69922  0.920301676
  8690.5498  1.00055003
  8691.39941  1.01697779
  8692.25  1.01263511
  8693.09961  1.03543603
  8693.94922  1.05734873
  8694.7998  1.05152023
  8695.64941  1.05150747
  8696.5  1.05029225
  8697.34961  1.03574586
  8698.19922  1.00689602
  8699.0498  0.968907297
  8699.89941  0.969219148
  8700.75  0.996872962
  8701.59961  1.00605261
  8702.44922  1.00291204
  8703.2998  0.995172143
  8704.14941  0.994244993
  8705.  1.01475286
  8705.84961  1.02859783
  8706.69922  1.01867032
  8707.5498  1.01476288
  8708.39941  1.01404476
  8709.25  0.991229892
  8710.09961  0.96157223
  8710.94922  0.97747457
  8711.7998  0.993537247
  8712.64941  0.951541662
  8713.5  0.956488252
  8714.34961  1.01434493
  8715.19922  1.04582179
  8716.0498  1.03370476
  8716.89941  0.996586144
  8717.75  0.974721611
  8718.59961  0.983685434
  8719.44922  1.0091517
  8720.2998  1.02160871
  8721.14941  1.02513456
  8722.  1.03244114
  8722.84961  1.02203488
  8723.69922  0.997588634
  8724.5498  0.991829634
  8725.39941  1.01405108
  8726.25  1.02314556
  8727.09961  1.01027882
  8727.94922  0.981273055
  8728.7998  0.961327195
  8729.64941  0.976478457
  8730.5  0.999004543
  8731.34961  1.01952219
  8732.19922  1.03955626
  8733.0498  1.03242648
  8733.89941  1.02067482
  8734.75  1.00118887
  8735.59961  0.963931799
  8736.44922  0.959158599
  8737.2998  1.00219131
  8738.14941  1.02865112
  8739.  1.03430378
  8739.84961  1.022668
  8740.69922  1.00150299
  8741.5498  0.989621222
  8742.39941  1.00016963
  8743.25  1.02311814
  8744.09961  1.02956772
  8744.94922  1.01726985
  8745.7998  1.01022458
  8746.64941  1.00987494
  8747.5  1.01337004
  8748.34961  1.03608656
  8749.19922  1.04597342
  8750.0498  1.02143633
  8750.89941  0.985852718
  8751.75  0.954220533
  8752.59961  0.961830378
  8753.44922  1.00764024
  8754.2998  1.04011393
  8755.14941  1.03518677
  8756.  1.00516963
  8756.84961  0.96360141
  8757.69922  0.970882356
  8758.5498  1.02989924
  8759.39941  1.04917908
  8760.25  1.04480541
  8761.09961  1.04143226
  8761.94922  1.04087019
  8762.7998  1.0213716
  8763.64941  0.978827834
  8764.5  0.970607996
  8765.34961  0.999429286
  8766.19922  0.993266225
  8767.0498  0.990114272
  8767.89941  1.02767026
  8768.75  1.04744244
  8769.59961  1.02471828
  8770.44922  1.00259352
  8771.2998  1.00546086
  8772.14941  0.9858284
  8773.  0.943008542
  8773.84961  0.951759756
  8774.69922  0.998260379
  8775.5498  1.03338635
  8776.39941  1.03942251
  8777.25  1.0313127
  8778.09961  1.00945354
  8778.94922  0.999057412
  8779.7998  1.01178384
  8780.64941  1.01746356
  8781.5  1.03393376
  8782.34961  1.04696727
  8783.19922  1.03481686
  8784.0498  1.00624204
  8784.89941  0.999433398
  8785.75  1.02145076
  8786.59961  1.03516412
  8787.44922  1.04261541
  8788.2998  1.03787076
  8789.14941  1.01182294
  8790.  0.967069626
  8790.84961  0.965539932
  8791.69922  1.00627875
  8792.5498  0.978173256
  8793.39941  0.954939187
  8794.25  1.00234008
  8795.09961  1.01919138
  8795.94922  0.995278656
  8796.7998  0.983201683
  8797.64941  0.999585629
  8798.5  1.01502097
  8799.34961  1.04091442
  8800.19922  1.05358672
  8801.0498  1.04154551
  8801.89941  1.0347904
  8802.75  1.03647017
  8803.59961  1.02390599
  8804.44922  0.973616064
  8805.2998  0.905197561
  8806.14941  0.800724626
  8807.  0.766578853
  8807.84961  0.881343663
  8808.69922  0.962913811
  8809.5498  1.00295806
  8810.39941  1.03732181
  8811.25  1.03613329
  8812.09961  1.02469456
  8812.94922  1.02457058
  8813.7998  1.02865648
  8814.64941  1.03624094
  8815.5  1.03376794
  8816.34961  1.02398944
  8817.19922  1.02711177
  8818.0498  1.0206244
  8818.89941  1.00249112
  8819.75  1.00223541
  8820.59961  1.01259708
  8821.44922  1.01461792
  8822.2998  0.999675035
  8823.14941  0.946341515
  8824.  0.891452253
  8824.84961  0.915982842
  8825.69922  0.994842172
  8826.5498  1.02177012
  8827.39941  1.0121696
  8828.25  1.00598121
  8829.09961  1.01922297
  8829.94922  1.0309875
  8830.7998  1.02669406
  8831.64941  1.03042984
  8832.5  1.02972698
  8833.34961  1.02030623
  8834.19922  1.03141344
  8835.0498  1.02242625
  8835.89941  0.993124008
  8836.75  0.986456215
  8837.59961  0.974615693
  8838.44922  0.952644885
  8839.2998  0.981477439
  8840.14941  1.01611078
  8841.  1.009058
  8841.84961  1.00212455
  8842.69922  1.01420069
  8843.5498  1.03529203
  8844.39941  1.03072333
  8845.25  1.01418447
  8846.09961  1.00811923
  8846.94922  1.01659322
  8847.7998  1.03889728
  8848.64941  1.04493356
  8849.5  1.04740751
  8850.34961  1.04967821
  8851.19922  1.04459023
  8852.0498  1.03759646
  8852.89941  1.03533626
  8853.75  1.03590941
  8854.59961  1.03948712
  8855.44922  1.04667854
  8856.2998  1.04956353
  8857.14941  1.05093801
  8858.  1.05097401
  8858.84961  1.04774523
  8859.69922  1.03857183
  8860.5498  1.02486551
  8861.39941  0.99551636
  8862.25  0.956983566
  8863.09961  0.958414257
  8863.94922  0.996412516
  8864.7998  1.02087104
  8865.64941  1.01332283
  8866.5  0.971009672
  8867.34961  0.936891973
  8868.19922  0.947135329
  8869.0498  0.990360856
  8869.89941  1.03006923
  8870.75  1.03247011
  8871.59961  1.0405637
  8872.44922  1.05278516
  8873.2998  1.04484093
  8874.14941  1.03648925
  8875.  1.034639
  8875.84961  1.01918876
  8876.69922  1.00584197
  8877.5498  0.987523556
  8878.39941  0.971019328
  8879.25  0.995909333
  8880.09961  1.02573073
  8880.94922  1.01966226
  8881.7998  1.00460553
  8882.64941  0.997826815
  8883.5  1.00017464
  8884.34961  1.02337873
  8885.19922  1.05120897
  8886.0498  1.04886079
  8886.89941  1.03027463
  8887.75  1.0295347
  8888.59961  1.04026365
  8889.44922  1.03872156
  8890.2998  1.02425194
  8891.14941  1.00745499
  8892.  0.995043039
  8892.84961  0.996938527
  8893.69922  1.01819885
  8894.5498  1.0365032
  8895.39941  1.04553175
  8896.25  1.04837716
  8897.09961  1.03915834
  8897.94922  1.02531254
  8898.7998  1.01719499
  8899.64941  1.02086747
  8900.5  1.0362252
  8901.34961  1.04401016
  8902.19922  1.03335238
  8903.0498  1.01831722
  8903.89941  1.01287186
  8904.75  1.01035678
  8905.59961  1.0050652
  8906.44922  1.01280892
  8907.2998  1.02637744
  8908.14941  1.02602386
  8909.  1.02633512
  8909.84961  1.04227269
  8910.69922  1.04517138
  8911.5498  1.02705002
  8912.39941  1.01765704
  8913.25  1.02408493
  8914.09961  1.03220749
  8914.94922  1.03586435
  8915.7998  1.03579795
  8916.64941  1.03725362
  8917.5  1.04297698
  8918.34961  1.04075694
  8919.19922  1.01356888
  8920.0498  0.994571269
  8920.89941  1.02138114
  8921.75  1.03948486
  8922.59961  1.02059042
  8923.44922  1.00515628
  8924.2998  1.01416123
  8925.14941  1.01464415
  8926.  1.00164425
  8926.84961  0.989670515
  8927.69922  0.988792956
  8928.5498  0.987076104
  8929.39941  0.986377954
  8930.25  1.00050104
  8931.09961  0.999298453
  8931.94922  0.979509175
  8932.7998  0.969681025
  8933.64941  0.981368184
  8934.5  1.01006174
  8935.34961  1.03575313
  8936.19922  1.04830885
  8937.0498  1.04440725
  8937.89941  1.02995539
  8938.75  1.01484036
  8939.59961  0.991969168
  8940.44922  0.992541075
  8941.2998  1.0144521
  8942.14941  0.995224535
  8943.  0.962498963
  8943.84961  0.980318546
  8944.69922  0.970493913
  8945.5498  0.923389971
  8946.39941  0.913682759
  8947.25  0.941567838
  8948.09961  0.97822386
  8948.94922  1.00118136
  8949.7998  0.991516531
  8950.64941  0.984969974
  8951.5  1.01658928
  8952.34961  1.01535761
  8953.19922  0.977465034
  8954.0498  0.978047669
  8954.89941  1.00294256
  8955.75  1.01160038
  8956.59961  1.00544763
  8957.44922  0.999104798
  8958.2998  1.01983845
  8959.14941  1.02302706
  8960.  0.985554099
  8960.84961  0.919347048
  8961.69922  0.888171613
  8962.5498  0.92120409
  8963.39941  0.950164974
  8964.25  0.945861757
  8965.09961  0.949062347
  8965.94922  0.962373674
  8966.7998  0.96916306
  8967.64941  0.976758957
  8968.5  0.976555049
  8969.34961  0.94414705
  8970.19922  0.90071559
  8971.0498  0.918870568
  8971.89941  0.965710878
  8972.75  0.972136617
  8973.59961  0.966653645
  8974.44922  0.957642853
  8975.2998  0.933589995
  8976.14941  0.945648909
  8977.  0.984248519
  8977.84961  0.97408545
  8978.69922  0.913746715
  8979.5498  0.898730397
  8980.39941  0.96758467
  8981.25  1.04093111
  8982.09961  1.07082462
  8982.94922  1.06518888
  8983.7998  1.02743351
  8984.64941  0.94814539
  8985.5  0.858798981
  8986.34961  0.828242064
  8987.19922  0.873697519
  8988.0498  0.912986934
  8988.89941  0.888193429
  8989.75  0.822323978
  8990.59961  0.801231742
  8991.44922  0.884073555
  8992.2998  0.9892627
  8993.14941  1.04332244
  8994.  1.05502427
  8994.84961  1.04739428
  8995.69922  1.04873276
  8996.5498  1.0576427
  8997.39941  1.0352869
  8998.25  0.926298082
  8999.09961  0.811900437
  8999.94922  0.860652864
  9000.7998  0.976084411
  9001.64941  0.97049123
  9002.5  0.92335844
  9003.34961  0.962922513
  9004.19922  1.01294708
  9005.0498  0.995868325
  9005.89941  0.941643119
  9006.75  0.935153842
  9007.59961  0.964668989
  9008.44922  0.966862142
  9009.2998  0.928164899
  9010.14941  0.868087471
  9011.  0.864637852
  9011.84961  0.916303337
  9012.69922  0.957576036
  9013.5498  0.96019125
  9014.39941  0.888431132
  9015.25  0.800187767
  9016.09961  0.805568218
  9016.94922  0.892148018
  9017.7998  0.979869425
  9018.64941  1.02050674
  9019.5  1.01550221
