  8348.84961  0.916084349
  8349.69922  0.955339789
  8350.5498  1.05215275
  8351.39941  1.09677839
  8352.25  1.01515496
  8353.09961  0.924694061
  8353.94922  0.966010988
  8354.7998  1.01965344
  8355.64941  1.0437237
  8356.5  1.03227198
  8357.34961  1.01410675
  8358.19922  1.03497839
  8359.0498  1.08677483
  8359.89941  1.08317995
  8360.75  1.06035185
  8361.59961  1.05656195
  8362.44922  1.0081563
  8363.2998  0.910329223
  8364.14941  0.837628841
  8365.  0.928247392
  8365.84961  1.01881289
  8366.69922  1.07538474
  8367.5498  1.09124219
  8368.39941  1.09956515
  8369.25  1.07154167
  8370.09961  1.03955233
  8370.94922  1.05581141
  8371.7998  1.06007469
  8372.64941  1.00108898
  8373.5  0.957164407
  8374.34961  0.975365281
  8375.19922  1.0294807
  8376.0498  1.02473736
  8376.89941  0.911683679
  8377.75  0.837671995
  8378.59961  0.93796289
  8379.44922  1.06319392
  8380.2998  1.09494627
  8381.14941  1.01628959
  8382.  0.822766006
  8382.84961  0.775331914
  8383.69922  0.947731555
  8384.5498  1.04554832
  8385.39941  1.0002476
  8386.25  0.892143071
  8387.09961  0.785670877
  8387.94922  0.78549701
  8388.7998  0.863334
  8389.64941  0.927881598
  8390.5  0.995471954
  8391.34961  1.02965558
  8392.19922  1.06384134
  8393.0498  1.08049941
  8393.89941  1.05406713
  8394.75  1.02022648
  8395.59961  0.996527374
  8396.44922  0.919697523
  8397.2998  0.881753385
  8398.14941  0.987717748
  8399.  1.06390393
  8399.84961  1.08091629
  8400.69922  1.01764047
  8401.5498  0.965750933
  8402.39941  1.01944458
  8403.25  1.06477046
  8404.09961  1.06037962
  8404.94922  1.05500352
  8405.7998  1.07713306
  8406.64941  1.10768235
  8407.5  1.10101378
  8408.34961  1.10014546
  8409.19922  1.0911454
  8410.0498  1.09083092
  8410.89941  1.07387912
  8411.75  0.970002592
  8412.59961  0.913996994
  8413.44922  0.989831984
  8414.2998  1.08604228
  8415.14941  1.14136159
  8416.  1.09994388
  8416.84961  1.03324354
  8417.69922  1.02450144
  8418.5498  1.01148641
  8419.39941  0.958624959
  8420.25  0.957598209
  8421.09961  1.00262976
  8421.94922  1.02598393
  8422.7998  1.00980771
  8423.64941  0.999026954
  8424.5  0.999745548
  8425.34961  0.944690645
  8426.19922  0.836045086
  8427.0498  0.875534952
  8427.89941  1.01958466
  8428.75  1.0687927
  8429.59961  1.07521415
  8430.44922  1.08252895
  8431.2998  1.08658779
  8432.14941  1.04431975
  8433.  0.913408935
  8433.84961  0.720712781
  8434.69922  0.569833279
  8435.5498  0.584669411
  8436.39941  0.777413487
  8437.25  0.904277623
  8438.09961  0.895600736
  8438.94922  0.870951355
  8439.7998  0.904965699
  8440.64941  0.945637465
  8441.5  0.885628462
  8442.34961  0.779842973
  8443.19922  0.748332739
  8444.0498  0.782910824
  8444.89941  0.802316606
  8445.75  0.801627755
  8446.59961  0.784788549
  8447.44922  0.794878006
  8448.2998  0.829782963
  8449.14941  0.849660337
  8450.  0.823086202
  8450.84961  0.785915017
  8451.69922  0.738263309
  8452.5498  0.696486115
  8453.39941  0.692428708
  8454.25  0.698194265
  8455.09961  0.710087001
  8455.94922  0.728869736
  8456.7998  0.718963027
  8457.64941  0.711146712
  8458.5  0.750950336
  8459.34961  0.773573339
  8460.19922  0.771030247
  8461.0498  0.773247778
  8461.89941  0.777593732
  8462.75  0.758953273
  8463.59961  0.730018258
  8464.44922  0.705085874
  8465.2998  0.70976907
  8466.14941  0.723423064
  8467.  0.692485273
  8467.84961  0.654853761
  8468.69922  0.666869164
  8469.5498  0.716165245
  8470.39941  0.74660027
  8471.25  0.732730269
  8472.09961  0.697747231
  8472.94922  0.701157749
  8473.7998  0.733247399
  8474.64941  0.761198103
  8475.5  0.770344853
  8476.34961  0.774949372
  8477.19922  0.787436247
  8478.0498  0.797653496
  8478.89941  0.802765071
  8479.75  0.78974551
  8480.59961  0.771428466
  8481.44922  0.772958159
  8482.2998  0.773468018
  8483.14941  0.771553099
  8484.  0.783269167
  8484.84961  0.79958421
  8485.69922  0.818118513
  8486.5498  0.816330552
  8487.39941  0.796737015
  8488.25  0.797258735
  8489.09961  0.812998414
  8489.94922  0.825852513
  8490.7998  0.833284497
  8491.64941  0.844812334
  8492.5  0.825940132
  8493.34961  0.795521021
  8494.19922  0.782662451
  8495.0498  0.753044963
  8495.89941  0.68983525
  8496.75  0.607272387
  8497.59961  0.486005545
  8498.44922  0.506683886
  8499.2998  0.684471786
  8500.14941  0.784723341
  8501.  0.804895163
  8501.84961  0.831195474
  8502.69922  0.849911571
  8503.5498  0.857734025
  8504.39941  0.802350581
  8505.25  0.748743713
  8506.09961  0.740248501
  8506.94922  0.774838269
  8507.7998  0.813239336
  8508.64941  0.817394853
  8509.5  0.829899549
  8510.34961  0.823289812
  8511.19922  0.816418409
  8512.0498  0.818851531
  8512.89941  0.833633065
  8513.75  0.766806364
  8514.59961  0.711828411
  8515.44922  0.699408293
  8516.2998  0.726049185
  8517.14941  0.730802476
  8518.  0.712872803
  8518.84961  0.759082735
  8519.69922  0.806648433
  8520.5498  0.809858143
  8521.39941  0.796911359
  8522.25  0.79831022
  8523.09961  0.815836847
  8523.94922  0.830779552
  8524.7998  0.829825938
  8525.64941  0.798950434
  8526.5  0.785833955
  8527.34961  0.785559297
  8528.19922  0.791159034
  8529.0498  0.816091657
  8529.89941  0.813761353
  8530.75  0.797640204
  8531.59961  0.792546988
  8532.44922  0.808002114
  8533.2998  0.823335052
  8534.14941  0.820171833
  8535.  0.817125082
  8535.84961  0.811598301
  8536.69922  0.80000329
  8537.5498  0.774291217
  8538.39941  0.73589462
  8539.25  0.710480154
  8540.09961  0.66900295
  8540.94922  0.543632209
  8541.7998  0.404441506
  8542.64941  0.445075095
  8543.5  0.609692693
  8544.34961  0.70632571
  8545.19922  0.756892264
  8546.0498  0.786680162
  8546.89941  0.779762864
  8547.75  0.771906495
  8548.59961  0.795814693
  8549.44922  0.83170563
  8550.2998  0.839834273
  8551.14941  0.861973822
  8552.  0.893068612
  8552.84961  0.903057277
  8553.69922  0.903306901
  8554.5498  0.8870579
  8555.39941  0.887209713
  8556.25  0.9008919
  8557.09961  0.916525304
  8557.94922  0.916368246
  8558.7998  0.8735618
  8559.64941  0.852636874
  8560.5  0.862050772
  8561.34961  0.868286371
  8562.19922  0.883001745
  8563.0498  0.901467383
  8563.89941  0.913484871
  8564.75  0.898129046
  8565.59961  0.904792309
  8566.44922  0.92983979
  8567.2998  0.942838252
  8568.14941  0.93840003
  8569.  0.874793649
  8569.84961  0.751870632
  8570.69922  0.73788023
  8571.5498  0.860731602
  8572.39941  0.901968598
  8573.25  0.910738051
  8574.09961  0.914647937
  8574.94922  0.902343631
  8575.7998  0.922128856
  8576.64941  0.965582311
  8577.5  0.96356225
  8578.34961  0.951073885
  8579.19922  0.984895587
  8580.0498  0.948743105
  8580.89941  0.913758934
  8581.75  0.8984375
  8582.59961  0.886678755
  8583.44922  0.904029906
  8584.2998  0.90947634
  8585.14941  0.932954609
  8586.  0.946133971
  8586.84961  0.960517526
  8587.69922  0.959275067
  8588.5498  0.933991194
  8589.39941  0.939866304
  8590.25  0.94578439
  8591.09961  0.909049153
  8591.94922  0.892551243
  8592.7998  0.908115745
  8593.64941  0.926266253
  8594.5  0.934128881
  8595.34961  0.93779242
  8596.19922  0.960551322
  8597.0498  0.963894069
  8597.89941  0.94878006
  8598.75  0.939425945
  8599.59961  0.95640558
  8600.44922  0.977069438
  8601.2998  0.986858368
  8602.14941  1.00432193
  8603.  0.996532142
  8603.84961  0.981483281
  8604.69922  0.980391443
  8605.5498  0.967120409
  8606.39941  0.974872112
  8607.25  0.990754724
  8608.09961  0.997525215
  8608.94922  1.01461303
  8609.7998  1.01228225
  8610.64941  0.981878579
  8611.5  0.936012328
  8612.34961  0.963713169
  8613.19922  1.01685333
  8614.0498  1.01731908
  8614.89941  1.02082562
  8615.75  1.04402483
  8616.59961  1.04873824
  8617.44922  1.04113829
  8618.2998  1.03417158
  8619.14941  1.04143143
  8620.  1.06560421
  8620.84961  1.04315424
  8621.69922  0.989940763
  8622.5498  0.974816799
  8623.39941  1.00843072
  8624.25  1.03563046
  8625.09961  1.03136683
  8625.94922  1.02756369
  8626.7998  1.02660048
  8627.64941  1.02477658
  8628.5  1.01111293
  8629.34961  1.00596344
  8630.19922  1.01820564
  8631.0498  1.02334464
  8631.89941  1.03403795
  8632.75  1.04628909
  8633.59961  1.04806614
  8634.44922  1.05643106
  8635.2998  1.05144453
  8636.14941  1.02113628
  8637.  1.01745296
  8637.84961  1.04570007
  8638.69922  1.0538981
  8639.5498  1.05740154
  8640.39941  1.07126784
  8641.25  1.0623976
  8642.09961  1.03750312
  8642.94922  1.03061688
  8643.7998  1.03877366
  8644.64941  1.05685759
  8645.5  1.04354823
  8646.34961  1.01746273
  8647.19922  1.02188492
  8648.0498  1.0224793
  8648.89941  1.02246428
  8649.75  1.03333509
  8650.59961  1.04119277
  8651.44922  1.05125511
  8652.2998  1.03370774
  8653.14941  1.03423524
  8654.  1.04077125
  8654.84961  1.0313369
  8655.69922  1.03518867
  8656.5498  1.01794922
  8657.39941  0.983214974
  8658.25  0.955098987
  8659.09961  0.917199135
  8659.94922  0.825499475
  8660.7998  0.671635807
  8661.64941  0.482255667
  8662.5  0.458133489
  8663.34961  0.667471886
  8664.19922  0.84196645
  8665.0498  0.939560831
  8665.89941  0.983167827
  8666.75  0.990222514
  8667.59961  0.998034835
  8668.44922  1.0303843
  8669.2998  1.06365991
  8670.14941  1.07832086
  8671.  1.08389044
  8671.84961  1.07513261
  8672.69922  1.08195055
  8673.5498  1.04368567
  8674.39941  0.946966887
  8675.25  0.877023935
  8676.09961  1.01253247
  8676.94922  1.10805583
  8677.7998  1.08769596
  8678.64941  1.04784381
  8679.5  1.04294407
  8680.34961  1.07641685
  8681.19922  1.09349382
  8682.0498  1.03972065
  8682.89941  0.947137535
  8683.75  1.00136566
  8684.59961  1.0881604
  8685.44922  1.14542043
  8686.2998  1.12340319
  8687.14941  1.07069159
  8688.  0.904789329
  8688.84961  0.807061672
  8689.69922  0.981688499
  8690.5498  1.09093046
  8691.39941  1.06298804
  8692.25  0.990117431
  8693.09961  1.06879902
  8693.94922  1.10652423
  8694.7998  1.10118306
  8695.64941  1.11780524
  8696.5  1.11804032
  8697.34961  1.10844302
  8698.19922  1.10195184
  8699.0498  1.06722832
  8699.89941  1.07696974
  8700.75  1.10361707
  8701.59961  1.11434364
  8702.44922  1.09073901
  8703.2998  1.1098119
  8704.14941  1.14001048
  8705.  1.15969193
  8705.84961  1.15853608
  8706.69922  1.13220084
  8707.5498  1.12815642
  8708.39941  1.13531899
  8709.25  1.13048136
  8710.09961  1.12386513
  8710.94922  1.15232432
  8711.7998  1.16279793
  8712.64941  1.12997925
  8713.5  1.12096786
  8714.34961  1.14390337
  8715.19922  1.17377257
  8716.0498  1.16782558
  8716.89941  1.15074158
  8717.75  1.14147377
  8718.59961  1.13634503
  8719.44922  1.14838576
  8720.2998  1.17807817
  8721.14941  1.17385614
  8722.  1.19190288
  8722.84961  1.19942927
  8723.69922  1.18359089
  8724.5498  1.1705972
  8725.39941  1.1650908
  8726.25  1.1673131
  8727.09961  1.17654514
  8727.94922  1.17643201
  8728.7998  1.15320706
  8729.64941  1.14046609
  8730.5  1.15618777
  8731.34961  1.19096196
  8732.19922  1.20248377
  8733.0498  1.18329489
  8733.89941  1.1062057
  8734.75  1.03447616
  8735.59961  1.07659376
  8736.44922  1.15843081
  8737.2998  1.19107831
  8738.14941  1.17862427
  8739.  1.1889559
  8739.84961  1.19429708
  8740.69922  1.18986809
  8741.5498  1.20097327
  8742.39941  1.21203494
  8743.25  1.21672046
  8744.09961  1.22890806
  8744.94922  1.22036219
  8745.7998  1.19258022
  8746.64941  1.15817952
  8747.5  1.15116036
  8748.34961  1.17651641
  8749.19922  1.17951357
  8750.0498  1.19376862
  8750.89941  1.20407295
  8751.75  1.2092638
  8752.59961  1.23192573
  8753.44922  1.24282229
  8754.2998  1.25829852
  8755.14941  1.26194429
  8756.  1.2339747
  8756.84961  1.17138588
  8757.69922  1.18719292
  8758.5498  1.23913705
  8759.39941  1.26303053
  8760.25  1.25988162
  8761.09961  1.24207914
  8761.94922  1.25980711
  8762.7998  1.24280584
  8763.64941  1.18153834
  8764.5  1.18523037
  8765.34961  1.16665816
  8766.19922  1.10516846
  8767.0498  1.13418961
  8767.89941  1.2352308
  8768.75  1.27669966
  8769.59961  1.23421252
  8770.44922  1.20707166
  8771.2998  1.21602058
  8772.14941  1.17434645
  8773.  1.13528252
  8773.84961  1.1496104
  8774.69922  1.23095608
  8775.5498  1.27526808
  8776.39941  1.29532528
  8777.25  1.28634703
  8778.09961  1.22770381
  8778.94922  1.18917811
  8779.7998  1.20373797
  8780.64941  1.22703815
  8781.5  1.25588
  8782.34961  1.27731133
  8783.19922  1.27234924
  8784.0498  1.24158299
  8784.89941  1.24802256
  8785.75  1.28516054
  8786.59961  1.29163969
  8787.44922  1.29719901
  8788.2998  1.29594409
  8789.14941  1.26820385
  8790.  1.26994908
  8790.84961  1.30019844
  8791.69922  1.31143177
  8792.5498  1.27187479
  8793.39941  1.24016345
  8794.25  1.28790998
  8795.09961  1.31210613
  8795.94922  1.29733837
  8796.7998  1.29047132
  8797.64941  1.29746377
  8798.5  1.29890287
  8799.34961  1.27771044
  8800.19922  1.21774662
  8801.0498  1.21983242
  8801.89941  1.25719213
  8802.75  1.26156783
  8803.59961  1.2508409
  8804.44922  1.19300556
  8805.2998  1.16060483
  8806.14941  1.07985413
  8807.  1.04703808
  8807.84961  1.17854536
  8808.69922  1.28443861
  8809.5498  1.30561888
  8810.39941  1.31865656
  8811.25  1.34580266
  8812.09961  1.35102093
  8812.94922  1.32441974
  8813.7998  1.34245312
  8814.64941  1.34833586
  8815.5  1.32787716
  8816.34961  1.32421708
  8817.19922  1.34374416
  8818.0498  1.33235848
  8818.89941  1.28715718
  8819.75  1.25612342
  8820.59961  1.25017488
  8821.44922  1.25463712
  8822.2998  1.23874402
  8823.14941  1.16114736
  8824.  1.02740335
  8824.84961  1.1133858
  8825.69922  1.28111327
  8826.5498  1.34081912
  8827.39941  1.31929433
  8828.25  1.30227923
  8829.09961  1.30065739
  8829.94922  1.33410966
  8830.7998  1.36283064
  8831.64941  1.35396004
  8832.5  1.34104109
  8833.34961  1.34850311
  8834.19922  1.35340142
  8835.0498  1.31557238
  8835.89941  1.27995014
  8836.75  1.30749583
  8837.59961  1.25843275
  8838.44922  1.15246868
  8839.2998  1.1793046
  8840.14941  1.29947555
  8841.  1.36521447
  8841.84961  1.36834371
  8842.69922  1.35637045
  8843.5498  1.36417246
  8844.39941  1.36489952
  8845.25  1.36498332
  8846.09961  1.35654688
  8846.94922  1.34517896
  8847.7998  1.35487127
  8848.64941  1.35773897
  8849.5  1.36031091
  8850.34961  1.37668419
  8851.19922  1.39610958
  8852.0498  1.39555681
  8852.89941  1.36518979
  8853.75  1.3561486
  8854.59961  1.34165096
  8855.44922  1.34755504
  8856.2998  1.37107337
  8857.14941  1.35645247
  8858.  1.35268402
  8858.84961  1.22324538
  8859.69922  0.946224868
  8860.5498  0.874514043
  8861.39941  0.953214824
  8862.25  1.00727153
  8863.09961  1.04987049
  8863.94922  1.10596859
  8864.7998  1.15419888
  8865.64941  1.17949796
  8866.5  1.16195858
  8867.34961  1.12752938
  8868.19922  1.07618618
  8869.0498  1.01897168
  8869.89941  0.99870497
  8870.75  0.989741623
  8871.59961  1.01087785
  8872.44922  1.02206457
  8873.2998  1.01378059
  8874.14941  1.00410032
  8875.  1.00771785
  8875.84961  0.991570532
  8876.69922  1.00207245
  8877.5498  0.985516191
  8878.39941  0.980311275
  8879.25  1.0021435
  8880.09961  1.02590632
  8880.94922  1.03840292
  8881.7998  1.03249061
  8882.64941  1.03110206
  8883.5  1.05873871
  8884.34961  1.05776834
  8885.19922  1.0693922
  8886.0498  1.09375668
  8886.89941  1.05791795
  8887.75  1.06014907
  8888.59961  1.09835863
  8889.44922  1.11045778
  8890.2998  1.08511472
  8891.14941  1.07998776
  8892.  1.09279525
  8892.84961  1.08849394
  8893.69922  1.09847867
  8894.5498  1.05943692
  8895.39941  1.06528997
  8896.25  1.07785559
  8897.09961  1.08599317
  8897.94922  1.09687352
  8898.7998  1.09123659
  8899.64941  1.09677804
  8900.5  1.13254964
  8901.34961  1.14247024
  8902.19922  1.15923941
  8903.0498  1.14848399
  8903.89941  1.15438354
  8904.75  1.15452218
  8905.59961  1.16635668
  8906.44922  1.15883517
  8907.2998  1.17091656
  8908.14941  1.15798473
  8909.  1.14241374
  8909.84961  1.14117372
  8910.69922  1.14804196
  8911.5498  1.15486288
  8912.39941  1.14620459
  8913.25  1.14451396
  8914.09961  1.14831758
  8914.94922  1.17852783
  8915.7998  1.16660881
  8916.64941  1.16984308
  8917.5  1.20353818
  8918.34961  1.18643975
  8919.19922  1.09406984
  8920.0498  1.04957891
  8920.89941  1.13803971
  8921.75  1.20055759
  8922.59961  1.20751536
  8923.44922  1.18514872
  8924.2998  1.22358
  8925.14941  1.21946406
  8926.  1.19229472
  8926.84961  1.22425735
  8927.69922  1.21456206
  8928.5498  1.21360409
  8929.39941  1.17488229
  8930.25  1.14833331
  8931.09961  1.1732794
  8931.94922  1.11771333
  8932.7998  1.07101238
  8933.64941  1.1197623
  8934.5  1.17678177
  8935.34961  1.2238214
  8936.19922  1.21490753
  8937.0498  1.10819995
  8937.89941  1.06681728
  8938.75  1.08165979
  8939.59961  1.09364367
  8940.44922  1.11665976
  8941.2998  1.13273466
  8942.14941  1.12430847
  8943.  1.11501527
  8943.84961  1.13616729
  8944.69922  1.14780235
  8945.5498  1.12374985
  8946.39941  1.05559504
  8947.25  1.00356293
  8948.09961  1.04230046
  8948.94922  1.0649296
  8949.7998  1.07283533
  8950.64941  1.11916959
  8951.5  1.12061179
  8952.34961  1.09009182
  8953.19922  1.11312675
  8954.0498  1.10066354
  8954.89941  1.00711918
  8955.75  0.998776734
  8956.59961  1.09504437
  8957.44922  1.17783141
  8958.2998  1.17110765
  8959.14941  1.13679969
  8960.  1.14975107
  8960.84961  1.1537652
  8961.69922  1.12606514
  8962.5498  1.05197203
  8963.39941  0.97610271
  8964.25  1.00230169
  8965.09961  1.05464029
  8965.94922  1.00340116
  8966.7998  1.00092661
  8967.64941  1.10947609
  8968.5  1.19125915
  8969.34961  1.17501044
  8970.19922  1.14835525
  8971.0498  1.04543018
  8971.89941  0.894430399
  8972.75  0.950485766
  8973.59961  1.06251085
  8974.44922  1.07415092
  8975.2998  1.00204718
  8976.14941  1.0483737
  8977.  1.09982145
  8977.84961  1.15767169
  8978.69922  1.16829872
  8979.5498  1.1709131
  8980.39941  1.10848582
  8981.25  0.979566455
  8982.09961  1.07738531
  8982.94922  1.21568179
  8983.7998  1.27147102
  8984.64941  1.2323122
  8985.5  1.19066727
  8986.34961  1.14196098
  8987.19922  0.980619311
  8988.0498  0.849075317
  8988.89941  0.848369122
  8989.75  0.91365087
  8990.59961  0.987973332
  8991.44922  0.88424629
  8992.2998  0.843024015
  8993.14941  1.02512455
  8994.  1.18130338
  8994.84961  1.23176157
  8995.69922  1.29682231
  8996.5498  1.33373225
  8997.39941  1.29070854
  8998.25  1.21706355
  8999.09961  1.12761104
  8999.94922  0.994767129
  9000.7998  0.929828584
  9001.64941  1.00943494
  9002.5  1.20552552
  9003.34961  1.19610512
  9004.19922  1.07472622
  9005.0498  1.11129117
  9005.89941  1.25686944
  9006.75  1.25039506
  9007.59961  1.14147389
  9008.44922  1.06975269
  9009.2998  1.09543049
  9010.14941  1.08405995
  9011.  1.10120714
  9011.84961  1.06297326
  9012.69922  1.03888106
  9013.5498  1.11981773
  9014.39941  1.14124525
  9015.25  1.1286658
  9016.09961  1.05333173
  9016.94922  0.870716691
  9017.7998  0.859658301
  9018.64941  1.08919859
  9019.5  1.2456913
