  8348.84961  0.890989959
  8349.69922  0.979531169
  8350.5498  1.06761897
  8351.39941  1.0995971
  8352.25  1.0123167
  8353.09961  0.915138066
  8353.94922  0.972416759
  8354.7998  1.02316082
  8355.64941  1.03350544
  8356.5  1.02939701
  8357.34961  1.01120508
  8358.19922  0.991388917
  8359.0498  1.05233121
  8359.89941  1.06684387
  8360.75  1.03308594
  8361.59961  1.0245527
  8362.44922  0.990775406
  8363.2998  0.861036777
  8364.14941  0.800765932
  8365.  0.926493764
  8365.84961  1.00539196
  8366.69922  1.06179345
  8367.5498  1.0829736
  8368.39941  1.07643712
  8369.25  1.05439496
  8370.09961  1.02609539
  8370.94922  1.04172945
  8371.7998  1.06229615
  8372.64941  1.0346545
  8373.5  0.999182463
  8374.34961  1.00828314
  8375.19922  1.0453347
  8376.0498  1.02305996
  8376.89941  0.895582378
  8377.75  0.843451977
  8378.59961  0.968120635
  8379.44922  1.08220935
  8380.2998  1.11082721
  8381.14941  1.0321753
  8382.  0.794437766
  8382.84961  0.757381797
  8383.69922  0.949270248
  8384.5498  1.04414368
  8385.39941  1.00796568
  8386.25  0.910123825
  8387.09961  0.786722183
  8387.94922  0.769399405
  8388.7998  0.869009912
  8389.64941  0.939103007
  8390.5  1.01140237
  8391.34961  1.056885
  8392.19922  1.08778155
  8393.0498  1.0972681
  8393.89941  1.06317532
  8394.75  1.03837407
  8395.59961  1.00725114
  8396.44922  0.907625198
  8397.2998  0.911944926
  8398.14941  1.01833189
  8399.  1.08478343
  8399.84961  1.09204769
  8400.69922  1.02556753
  8401.5498  0.977603912
  8402.39941  1.02507102
  8403.25  1.08785713
  8404.09961  1.07836711
  8404.94922  1.05341923
  8405.7998  1.0817616
  8406.64941  1.12073469
  8407.5  1.11481798
  8408.34961  1.0957731
  8409.19922  1.08952403
  8410.0498  1.08924639
  8410.89941  1.04639423
  8411.75  0.913626552
  8412.59961  0.911365211
  8413.44922  0.969624221
  8414.2998  1.0643239
  8415.14941  1.12223351
  8416.  1.07695353
  8416.84961  0.983262658
  8417.69922  1.00398278
  8418.5498  1.01745391
  8419.39941  0.988700688
  8420.25  1.01256466
  8421.09961  1.05376756
  8421.94922  1.04763293
  8422.7998  1.0056566
  8423.64941  0.981304049
  8424.5  0.994753838
  8425.34961  0.911279738
  8426.19922  0.785952926
  8427.0498  0.87197417
  8427.89941  1.04076874
  8428.75  1.10344911
  8429.59961  1.09560704
  8430.44922  1.08707774
  8431.2998  1.08572614
  8432.14941  1.05796444
  8433.  0.978246808
  8433.84961  0.80508846
  8434.69922  0.606307566
  8435.5498  0.629890859
  8436.39941  0.860311866
  8437.25  0.984720111
  8438.09961  0.964992523
  8438.94922  0.911309898
  8439.7998  0.939168572
  8440.64941  0.979976594
  8441.5  0.952438891
  8442.34961  0.890668035
  8443.19922  0.880148232
  8444.0498  0.913440466
  8444.89941  0.930829525
  8445.75  0.909717321
  8446.59961  0.892637789
  8447.44922  0.896859348
  8448.2998  0.951155663
  8449.14941  0.953643203
  8450.  0.888825297
  8450.84961  0.84316659
  8451.69922  0.838557482
  8452.5498  0.816983283
  8453.39941  0.820257723
  8454.25  0.835510314
  8455.09961  0.826081276
  8455.94922  0.830435157
  8456.7998  0.799449503
  8457.64941  0.815322101
  8458.5  0.87299031
  8459.34961  0.885971427
  8460.19922  0.892815113
  8461.0498  0.911408722
  8461.89941  0.929146528
  8462.75  0.910798907
  8463.59961  0.865937948
  8464.44922  0.810767055
  8465.2998  0.811212242
  8466.14941  0.822065353
  8467.  0.785219848
  8467.84961  0.7104761
  8468.69922  0.750207603
  8469.5498  0.834978223
  8470.39941  0.87804395
  8471.25  0.860281765
  8472.09961  0.832241297
  8472.94922  0.841810524
  8473.7998  0.864126503
  8474.64941  0.882137299
  8475.5  0.885553539
  8476.34961  0.877604306
  8477.19922  0.884727657
  8478.0498  0.901422918
  8478.89941  0.900784135
  8479.75  0.883666575
  8480.59961  0.867123187
  8481.44922  0.855877399
  8482.2998  0.839220524
  8483.14941  0.851923704
  8484.  0.894262254
  8484.84961  0.908814132
  8485.69922  0.919551313
  8486.5498  0.926301479
  8487.39941  0.896531641
  8488.25  0.8811391
  8489.09961  0.906451702
  8489.94922  0.929213345
  8490.7998  0.925395727
  8491.64941  0.923114181
  8492.5  0.911971211
  8493.34961  0.87540704
  8494.19922  0.851170599
  8495.0498  0.826083601
  8495.89941  0.756732285
  8496.75  0.625982642
  8497.59961  0.45791918
  8498.44922  0.490662932
  8499.2998  0.701724827
  8500.14941  0.826214015
  8501.  0.87779063
  8501.84961  0.893565416
  8502.69922  0.894268513
  8503.5498  0.905156314
  8504.39941  0.878159702
  8505.25  0.836630285
  8506.09961  0.843841136
  8506.94922  0.875894248
  8507.7998  0.924640238
  8508.64941  0.920101523
  8509.5  0.927680969
  8510.34961  0.904409945
  8511.19922  0.898615956
  8512.0498  0.907276332
  8512.89941  0.894612968
  8513.75  0.769203424
  8514.59961  0.754267871
  8515.44922  0.79622066
  8516.2998  0.849652231
  8517.14941  0.83242625
  8518.  0.767723382
  8518.84961  0.832191825
  8519.69922  0.891561925
  8520.5498  0.902752876
  8521.39941  0.905000985
  8522.25  0.902875185
  8523.09961  0.905084372
  8523.94922  0.916065037
  8524.7998  0.926391959
  8525.64941  0.896318376
  8526.5  0.879834592
  8527.34961  0.892766178
  8528.19922  0.908073604
  8529.0498  0.916556954
  8529.89941  0.903311849
  8530.75  0.896196604
  8531.59961  0.899858773
  8532.44922  0.904555142
  8533.2998  0.913103402
  8534.14941  0.904955029
  8535.  0.892029345
  8535.84961  0.882296503
  8536.69922  0.8566553
  8537.5498  0.812205553
  8538.39941  0.763867855
  8539.25  0.719125688
  8540.09961  0.648772061
  8540.94922  0.491360128
  8541.7998  0.337958634
  8542.64941  0.394133955
  8543.5  0.57212162
  8544.34961  0.68856746
  8545.19922  0.757828116
  8546.0498  0.807230115
  8546.89941  0.821608186
  8547.75  0.804598927
  8548.59961  0.818672836
  8549.44922  0.86651659
  8550.2998  0.887729228
  8551.14941  0.910354972
  8552.  0.941644251
  8552.84961  0.957046807
  8553.69922  0.960791767
  8554.5498  0.942931056
  8555.39941  0.941547394
  8556.25  0.955724478
  8557.09961  0.960318685
  8557.94922  0.965658665
  8558.7998  0.947824478
  8559.64941  0.947464168
  8560.5  0.946846962
  8561.34961  0.950957894
  8562.19922  0.961301684
  8563.0498  0.971713722
  8563.89941  0.972683072
  8564.75  0.9596982
  8565.59961  0.95976609
  8566.44922  1.0018661
  8567.2998  1.01117349
  8568.14941  0.990507305
  8569.  0.97598958
  8569.84961  0.964118898
  8570.69922  0.985137403
  8571.5498  0.981958747
  8572.39941  0.983763218
  8573.25  0.981733143
  8574.09961  0.968826175
  8574.94922  0.951170683
  8575.7998  0.972345054
  8576.64941  1.01192582
  8577.5  1.00771511
  8578.34961  0.976755023
  8579.19922  1.02121305
  8580.0498  1.00981486
  8580.89941  0.978026211
  8581.75  0.92104274
  8582.59961  0.908412337
  8583.44922  0.956782043
  8584.2998  0.984538913
  8585.14941  1.00498366
  8586.  0.99334532
  8586.84961  1.00798976
  8587.69922  1.00214601
  8588.5498  0.974327087
  8589.39941  0.993952572
  8590.25  1.01953816
  8591.09961  0.984113038
  8591.94922  0.966007769
  8592.7998  0.966786325
  8593.64941  0.991544008
  8594.5  0.999582112
  8595.34961  0.995692313
  8596.19922  0.998665929
  8597.0498  0.988971531
  8597.89941  0.967589617
  8598.75  0.988325298
  8599.59961  1.02766728
  8600.44922  1.028108
  8601.2998  1.02800095
  8602.14941  1.02198124
  8603.  1.02132797
  8603.84961  1.02275896
  8604.69922  1.01329434
  8605.5498  1.00576389
  8606.39941  1.01379991
  8607.25  1.03312337
  8608.09961  1.04008305
  8608.94922  1.04876828
  8609.7998  1.03144252
  8610.64941  1.00157118
  8611.5  0.94722414
  8612.34961  0.967736602
  8613.19922  1.01436615
  8614.0498  1.02582908
  8614.89941  1.0522275
  8615.75  1.06568766
  8616.59961  1.05302978
  8617.44922  1.04848564
  8618.2998  1.05197275
  8619.14941  1.0625
  8620.  1.07215106
  8620.84961  1.025653
  8621.69922  0.986143291
  8622.5498  0.985951483
  8623.39941  1.01862717
  8624.25  1.0558213
  8625.09961  1.06984663
  8625.94922  1.0707128
  8626.7998  1.06494009
  8627.64941  1.0545963
  8628.5  1.04784071
  8629.34961  1.05068946
  8630.19922  1.06131303
  8631.0498  1.05383945
  8631.89941  1.04478288
  8632.75  1.05366385
  8633.59961  1.04793453
  8634.44922  1.04769683
  8635.2998  1.04552317
  8636.14941  1.02639067
  8637.  1.03405201
  8637.84961  1.05741799
  8638.69922  1.05542099
  8639.5498  1.0509063
  8640.39941  1.0580709
  8641.25  1.03537548
  8642.09961  1.01053452
  8642.94922  1.00951636
  8643.7998  1.03121305
  8644.64941  1.06059134
  8645.5  1.05864847
  8646.34961  1.03748262
  8647.19922  1.02036583
  8648.0498  1.00023806
  8648.89941  0.992770612
  8649.75  1.01015031
  8650.59961  1.01849031
  8651.44922  1.01300454
  8652.2998  1.02451122
  8653.14941  1.03504181
  8654.  1.00961518
  8654.84961  0.991696298
  8655.69922  0.996164978
  8656.5498  0.977092206
  8657.39941  0.947400272
  8658.25  0.910848498
  8659.09961  0.867332518
  8659.94922  0.787236571
  8660.7998  0.617202699
  8661.64941  0.407129973
  8662.5  0.396161646
  8663.34961  0.601641834
  8664.19922  0.769718051
  8665.0498  0.872566164
  8665.89941  0.934553444
  8666.75  0.961468279
  8667.59961  0.964199901
  8668.44922  0.992625415
  8669.2998  1.02986956
  8670.14941  1.02909374
  8671.  1.02314019
  8671.84961  1.02332973
  8672.69922  1.03646982
  8673.5498  0.996775687
  8674.39941  0.875913739
  8675.25  0.816345096
  8676.09961  0.986176789
  8676.94922  1.08318222
  8677.7998  1.07341671
  8678.64941  1.03841174
  8679.5  1.0277437
  8680.34961  1.05072677
  8681.19922  1.05454528
  8682.0498  0.993126631
  8682.89941  0.892859459
  8683.75  0.967045307
  8684.59961  1.057289
  8685.44922  1.10132456
  8686.2998  1.08131838
  8687.14941  0.996432483
  8688.  0.844898283
  8688.84961  0.776841581
  8689.69922  0.924968362
  8690.5498  1.05296361
  8691.39941  1.04144108
  8692.25  0.955709457
  8693.09961  1.04753053
  8693.94922  1.0893594
  8694.7998  1.09103012
  8695.64941  1.11180353
  8696.5  1.12127495
  8697.34961  1.10952759
  8698.19922  1.0788573
  8699.0498  1.04385221
  8699.89941  1.06920886
  8700.75  1.08806324
  8701.59961  1.09342754
  8702.44922  1.06190515
  8703.2998  1.06500435
  8704.14941  1.10441875
  8705.  1.13263977
  8705.84961  1.13548231
  8706.69922  1.11102593
  8707.5498  1.09913874
  8708.39941  1.1260004
  8709.25  1.1177206
  8710.09961  1.07517362
  8710.94922  1.12060332
  8711.7998  1.13306546
  8712.64941  1.07595193
  8713.5  1.07724559
  8714.34961  1.11102343
  8715.19922  1.15074313
  8716.0498  1.12222064
  8716.89941  1.09091949
  8717.75  1.0801965
  8718.59961  1.07646132
  8719.44922  1.06425917
  8720.2998  1.10028756
  8721.14941  1.1210897
  8722.  1.13923633
  8722.84961  1.1382941
  8723.69922  1.11196339
  8724.5498  1.11331511
  8725.39941  1.11452055
  8726.25  1.12306952
  8727.09961  1.1428721
  8727.94922  1.15412438
  8728.7998  1.12309515
  8729.64941  1.11558247
  8730.5  1.10983944
  8731.34961  1.14873767
  8732.19922  1.169999
  8733.0498  1.15237987
  8733.89941  1.06951845
  8734.75  0.995144904
  8735.59961  1.03577816
  8736.44922  1.10324323
  8737.2998  1.11881852
  8738.14941  1.13337159
  8739.  1.14685345
  8739.84961  1.13142765
  8740.69922  1.08025682
  8741.5498  1.09823012
  8742.39941  1.12734163
  8743.25  1.13405454
  8744.09961  1.13656306
  8744.94922  1.14262044
  8745.7998  1.1412816
  8746.64941  1.10099781
  8747.5  1.08295321
  8748.34961  1.11086166
  8749.19922  1.1157105
  8750.0498  1.13150918
  8750.89941  1.13278759
  8751.75  1.11767912
  8752.59961  1.13752198
  8753.44922  1.15200531
  8754.2998  1.16694081
  8755.14941  1.1691463
  8756.  1.14698625
  8756.84961  1.06228173
  8757.69922  1.1031332
  8758.5498  1.16790581
  8759.39941  1.18820906
  8760.25  1.19119346
  8761.09961  1.1544286
  8761.94922  1.1599077
  8762.7998  1.15843582
  8763.64941  1.10353231
  8764.5  1.12267649
  8765.34961  1.12396562
  8766.19922  1.03268576
  8767.0498  1.05563259
  8767.89941  1.14104974
  8768.75  1.2003926
  8769.59961  1.19531
  8770.44922  1.15608549
  8771.2998  1.14305294
  8772.14941  1.10556579
  8773.  1.07644582
  8773.84961  1.0758189
  8774.69922  1.15040183
  8775.5498  1.20737588
  8776.39941  1.22688794
  8777.25  1.19531298
  8778.09961  1.11332786
  8778.94922  1.10409498
  8779.7998  1.14006865
  8780.64941  1.18009591
  8781.5  1.21141922
  8782.34961  1.22088981
  8783.19922  1.20711732
  8784.0498  1.1593101
  8784.89941  1.15722406
  8785.75  1.19659257
  8786.59961  1.21143556
  8787.44922  1.21360052
  8788.2998  1.21038818
  8789.14941  1.1791265
  8790.  1.14498258
  8790.84961  1.17003477
  8791.69922  1.19941199
  8792.5498  1.15484869
  8793.39941  1.11952686
  8794.25  1.15767896
  8795.09961  1.19598389
  8795.94922  1.18743551
  8796.7998  1.19564748
  8797.64941  1.21959078
  8798.5  1.24292278
  8799.34961  1.23571134
  8800.19922  1.14836037
  8801.0498  1.14416075
  8801.89941  1.1946913
  8802.75  1.2021122
  8803.59961  1.14795995
  8804.44922  1.04705739
  8805.2998  1.02337265
  8806.14941  0.91225034
  8807.  0.90947789
  8807.84961  1.04662466
  8808.69922  1.14927626
  8809.5498  1.19005704
  8810.39941  1.21200955
  8811.25  1.21763039
  8812.09961  1.21401846
  8812.94922  1.21805871
  8813.7998  1.23137546
  8814.64941  1.24157882
  8815.5  1.23808396
  8816.34961  1.23171616
  8817.19922  1.23397112
  8818.0498  1.23120522
  8818.89941  1.17914474
  8819.75  1.17818105
  8820.59961  1.16538298
  8821.44922  1.16703832
  8822.2998  1.16123164
  8823.14941  1.08417332
  8824.  0.911511242
  8824.84961  1.02209949
  8825.69922  1.19697869
  8826.5498  1.23813713
  8827.39941  1.21316266
  8828.25  1.22275889
  8829.09961  1.23056388
  8829.94922  1.24546242
  8830.7998  1.2622118
  8831.64941  1.25555778
  8832.5  1.22268784
  8833.34961  1.20380843
  8834.19922  1.21896708
  8835.0498  1.19591308
  8835.89941  1.14351857
  8836.75  1.16493833
  8837.59961  1.13357711
  8838.44922  1.02258849
  8839.2998  1.07961476
  8840.14941  1.18579233
  8841.  1.20582116
  8841.84961  1.205302
  8842.69922  1.2001462
  8843.5498  1.20979095
  8844.39941  1.21624029
  8845.25  1.2279706
  8846.09961  1.20884085
  8846.94922  1.21771407
  8847.7998  1.25100875
  8848.64941  1.24864674
  8849.5  1.24513853
  8850.34961  1.25192022
  8851.19922  1.25215018
  8852.0498  1.25999868
  8852.89941  1.25018454
  8853.75  1.2323041
  8854.59961  1.23591614
  8855.44922  1.23845601
  8856.2998  1.25046134
  8857.14941  1.25296462
  8858.  1.25431299
  8858.84961  1.16340268
  8859.69922  0.98093158
  8860.5498  0.960091472
  8861.39941  1.00498354
  8862.25  1.02561998
  8863.09961  1.05788589
  8863.94922  1.11138654
  8864.7998  1.15055275
  8865.64941  1.15082598
  8866.5  1.09063828
  8867.34961  1.0661447
  8868.19922  1.02445984
  8869.0498  1.02044368
  8869.89941  1.02590024
  8870.75  1.0194186
  8871.59961  1.03335464
  8872.44922  1.04968083
  8873.2998  1.04413092
  8874.14941  1.02197945
  8875.  1.03185058
  8875.84961  1.02578712
  8876.69922  1.05597258
  8877.5498  1.03851032
  8878.39941  1.003263
  8879.25  1.04236352
  8880.09961  1.06065524
  8880.94922  1.07106709
  8881.7998  1.0682236
  8882.64941  1.05186701
  8883.5  1.07032478
  8884.34961  1.08627868
  8885.19922  1.07787585
  8886.0498  1.08314192
  8886.89941  1.09383285
  8887.75  1.11010313
  8888.59961  1.10742438
  8889.44922  1.11090183
  8890.2998  1.09611297
  8891.14941  1.05914128
  8892.  1.08456564
  8892.84961  1.08820915
  8893.69922  1.09697533
  8894.5498  1.08828366
  8895.39941  1.09537697
  8896.25  1.11454475
  8897.09961  1.10391974
  8897.94922  1.09622324
  8898.7998  1.08409584
  8899.64941  1.08039868
  8900.5  1.12279058
  8901.34961  1.13499987
  8902.19922  1.14738977
  8903.0498  1.12700665
  8903.89941  1.13383865
  8904.75  1.13830924
  8905.59961  1.15180779
  8906.44922  1.14787531
  8907.2998  1.17412674
  8908.14941  1.16074216
  8909.  1.15564406
  8909.84961  1.1582042
  8910.69922  1.14677405
  8911.5498  1.13546944
  8912.39941  1.11841476
  8913.25  1.12273943
  8914.09961  1.15002465
  8914.94922  1.16694784
  8915.7998  1.1480453
  8916.64941  1.1414237
  8917.5  1.15178978
  8918.34961  1.12454057
  8919.19922  1.02193558
  8920.0498  0.984157741
  8920.89941  1.09114218
  8921.75  1.15553796
  8922.59961  1.14180636
  8923.44922  1.1272223
  8924.2998  1.15758801
  8925.14941  1.1362443
  8926.  1.12996936
  8926.84961  1.16766489
  8927.69922  1.17830002
  8928.5498  1.16853714
  8929.39941  1.11750805
  8930.25  1.0915066
  8931.09961  1.08529389
  8931.94922  1.03238893
  8932.7998  1.01658416
  8933.64941  1.06808579
  8934.5  1.11390626
  8935.34961  1.15694749
  8936.19922  1.15978265
  8937.0498  1.10147941
  8937.89941  1.08316851
  8938.75  1.08260441
  8939.59961  1.0903163
  8940.44922  1.10786116
  8941.2998  1.08937621
  8942.14941  1.05235612
  8943.  1.04525054
  8943.84961  1.08766019
  8944.69922  1.1011157
  8945.5498  1.0601182
  8946.39941  0.992650092
  8947.25  0.963739097
  8948.09961  1.01226401
  8948.94922  1.0451386
  8949.7998  1.06053948
  8950.64941  1.10028613
  8951.5  1.10974681
  8952.34961  1.08238029
  8953.19922  1.08384943
  8954.0498  1.07590485
  8954.89941  0.988545179
  8955.75  0.95774591
  8956.59961  1.0507077
  8957.44922  1.12115574
  8958.2998  1.11675835
  8959.14941  1.08742177
  8960.  1.10117018
  8960.84961  1.11748409
  8961.69922  1.12080944
  8962.5498  1.05428398
  8963.39941  0.966600239
  8964.25  0.980268061
  8965.09961  1.03831601
  8965.94922  0.975587845
  8966.7998  0.952516437
  8967.64941  1.03720188
  8968.5  1.13069463
  8969.34961  1.13160574
  8970.19922  1.10869908
  8971.0498  1.01688719
  8971.89941  0.869554102
  8972.75  0.926848352
  8973.59961  1.04424751
  8974.44922  1.05087531
  8975.2998  0.926957607
  8976.14941  0.959802926
  8977.  1.04946733
  8977.84961  1.10870898
  8978.69922  1.12199557
  8979.5498  1.13658988
  8980.39941  1.09319699
  8981.25  0.948283315
  8982.09961  1.02176797
  8982.94922  1.15306687
  8983.7998  1.19558167
  8984.64941  1.15675557
  8985.5  1.14528751
  8986.34961  1.13673711
  8987.19922  0.982398748
  8988.0498  0.824589133
  8988.89941  0.793987572
  8989.75  0.876738548
  8990.59961  0.965284288
  8991.44922  0.884736955
  8992.2998  0.809645355
  8993.14941  0.916931927
  8994.  1.08586657
  8994.84961  1.16862953
  8995.69922  1.22856128
  8996.5498  1.24759388
  8997.39941  1.21556151
  8998.25  1.14392853
  8999.09961  1.05455709
  8999.94922  0.983005822
  9000.7998  0.910583079
  9001.64941  0.918302476
  9002.5  1.09567416
  9003.34961  1.13567233
  9004.19922  1.01463199
  9005.0498  0.999599397
  9005.89941  1.1341784
  9006.75  1.15474832
  9007.59961  1.04806495
  9008.44922  0.963319778
  9009.2998  0.969570935
  9010.14941  0.967792809
  9011.  1.01014364
  9011.84961  0.989146292
  9012.69922  0.937775135
  9013.5498  0.979374468
  9014.39941  1.02483869
  9015.25  1.06004345
  9016.09961  1.02087533
  9016.94922  0.833586872
  9017.7998  0.804893196
  9018.64941  0.996932864
  9019.5  1.13213849
