  8348.84961  0.940594912
  8349.69922  0.997644603
  8350.5498  1.07617271
  8351.39941  1.11586738
  8352.25  1.05400169
  8353.09961  1.00957263
  8353.94922  1.04610395
  8354.7998  1.05565202
  8355.64941  1.05288434
  8356.5  1.05794013
  8357.34961  1.05921018
  8358.19922  1.02536845
  8359.0498  1.05243111
  8359.89941  1.06691813
  8360.75  1.04188383
  8361.59961  1.04663706
  8362.44922  1.02664125
  8363.2998  0.933359265
  8364.14941  0.875463903
  8365.  0.960452735
  8365.84961  0.997360945
  8366.69922  1.06925642
  8367.5498  1.11431742
  8368.39941  1.09337568
  8369.25  1.05759621
  8370.09961  1.03313732
  8370.94922  1.05212164
  8371.7998  1.07023358
  8372.64941  1.06038439
  8373.5  1.05840957
  8374.34961  1.07627642
  8375.19922  1.10501468
  8376.0498  1.07458115
  8376.89941  0.973671556
  8377.75  0.906844258
  8378.59961  0.993795812
  8379.44922  1.08593357
  8380.2998  1.11335528
  8381.14941  1.05429089
  8382.  0.836601913
  8382.84961  0.770660877
  8383.69922  0.932409406
  8384.5498  1.03874147
  8385.39941  1.01721001
  8386.25  0.963870168
  8387.09961  0.869969189
  8387.94922  0.855497062
  8388.7998  0.923977017
  8389.64941  0.951706231
  8390.5  1.00168645
  8391.34961  1.05707896
  8392.19922  1.10407639
  8393.0498  1.11510301
  8393.89941  1.07044876
  8394.75  1.0432905
  8395.59961  1.03744185
  8396.44922  0.97573477
  8397.2998  0.959637761
  8398.14941  1.02170682
  8399.  1.06929684
  8399.84961  1.08820677
  8400.69922  1.05327463
  8401.5498  0.992578566
  8402.39941  1.03215015
  8403.25  1.0852406
  8404.09961  1.07079887
  8404.94922  1.04955971
  8405.7998  1.05664647
  8406.64941  1.07573795
  8407.5  1.05987751
  8408.34961  1.04843891
  8409.19922  1.07265544
  8410.0498  1.05800569
  8410.89941  1.01916611
  8411.75  0.935931742
  8412.59961  0.924615324
  8413.44922  0.97216785
  8414.2998  1.03400731
  8415.14941  1.07753587
  8416.  1.05627716
  8416.84961  0.95547086
  8417.69922  0.9788481
  8418.5498  1.01222706
  8419.39941  1.01561964
  8420.25  1.01791275
  8421.09961  1.03216684
  8421.94922  1.02308667
  8422.7998  0.992594421
  8423.64941  0.971374273
  8424.5  0.989402175
  8425.34961  0.948198617
  8426.19922  0.849425495
  8427.0498  0.910159349
  8427.89941  1.05023265
  8428.75  1.10804331
  8429.59961  1.09533215
  8430.44922  1.08766055
  8431.2998  1.10028851
  8432.14941  1.09797025
  8433.  1.0787003
  8433.84961  0.978904426
  8434.69922  0.791870236
  8435.5498  0.777350426
  8436.39941  0.9577384
  8437.25  1.06237853
  8438.09961  1.0241487
  8438.94922  0.946650505
  8439.7998  0.947527707
  8440.64941  1.0008328
  8441.5  1.04948652
  8442.34961  1.04699075
  8443.19922  1.02884507
  8444.0498  1.05037916
  8444.89941  1.05557716
  8445.75  1.02159894
  8446.59961  0.98048979
  8447.44922  0.975882351
  8448.2998  1.02268553
  8449.14941  1.02465415
  8450.  0.948165894
  8450.84961  0.955330729
  8451.69922  1.02072978
  8452.5498  1.03977811
  8453.39941  1.05567431
  8454.25  1.04451942
  8455.09961  1.01241994
  8455.94922  0.983571768
  8456.7998  0.956257164
  8457.64941  0.982347369
  8458.5  1.02221429
  8459.34961  1.04136109
  8460.19922  1.05475008
  8461.0498  1.06130517
  8461.89941  1.07494712
  8462.75  1.05469143
  8463.59961  1.01863396
  8464.44922  0.987998724
  8465.2998  0.973810852
  8466.14941  0.970360637
  8467.  0.938260555
  8467.84961  0.860749781
  8468.69922  0.894832909
  8469.5498  1.00223029
  8470.39941  1.04776573
  8471.25  1.02356911
  8472.09961  1.00587928
  8472.94922  1.03085351
  8473.7998  1.07362616
  8474.64941  1.08981884
  8475.5  1.06603205
  8476.34961  1.03154397
  8477.19922  1.01689804
  8478.0498  1.03337574
  8478.89941  1.04874873
  8479.75  1.028669
  8480.59961  1.02134442
  8481.44922  1.01404619
  8482.2998  0.995108426
  8483.14941  1.02268493
  8484.  1.06355023
  8484.84961  1.06973422
  8485.69922  1.07151043
  8486.5498  1.07047141
  8487.39941  1.03775883
  8488.25  1.02572906
  8489.09961  1.06379426
  8489.94922  1.08406818
  8490.7998  1.06476569
  8491.64941  1.05696237
  8492.5  1.04794908
  8493.34961  1.00338793
  8494.19922  0.976692379
  8495.0498  0.959043443
  8495.89941  0.883640885
  8496.75  0.727844477
  8497.59961  0.551202059
  8498.44922  0.562563539
  8499.2998  0.771697283
  8500.14941  0.94018805
  8501.  0.998182476
  8501.84961  0.98180145
  8502.69922  0.978574872
  8503.5498  1.00921512
  8504.39941  1.02153528
  8505.25  1.02269447
  8506.09961  1.05280423
  8506.94922  1.07575548
  8507.7998  1.08337724
  8508.64941  1.07717192
  8509.5  1.07734108
  8510.34961  1.07212627
  8511.19922  1.06501293
  8512.0498  1.05853057
  8512.89941  1.01588762
  8513.75  0.895782709
  8514.59961  0.868398011
  8515.44922  0.943193436
  8516.2998  1.01935172
  8517.14941  0.998123467
  8518.  0.891805172
  8518.84961  0.962459147
  8519.69922  1.04881966
  8520.5498  1.0536958
  8521.39941  1.02104592
  8522.25  1.0088433
  8523.09961  1.01617026
  8523.94922  1.03585112
  8524.7998  1.03470993
  8525.64941  1.00059342
  8526.5  0.977949083
  8527.34961  1.0030812
  8528.19922  1.02331245
  8529.0498  1.03279424
  8529.89941  1.00778461
  8530.75  0.991470218
  8531.59961  1.0009129
  8532.44922  1.02608824
  8533.2998  1.01749098
  8534.14941  0.996574104
  8535.  0.998689353
  8535.84961  0.972512245
  8536.69922  0.933539629
  8537.5498  0.876609385
  8538.39941  0.821617842
  8539.25  0.742369175
  8540.09961  0.637773812
  8540.94922  0.486262232
  8541.7998  0.337579846
  8542.64941  0.370724052
  8543.5  0.544319093
  8544.34961  0.705039442
  8545.19922  0.808989048
  8546.0498  0.856812358
  8546.89941  0.878422916
  8547.75  0.869507968
  8548.59961  0.875682116
  8549.44922  0.930933297
  8550.2998  0.960507393
  8551.14941  0.986033261
  8552.  1.02770209
  8552.84961  1.05583668
  8553.69922  1.06788909
  8554.5498  1.03060102
  8555.39941  0.9933725
  8556.25  0.986573815
  8557.09961  1.00215197
  8557.94922  1.04434705
  8558.7998  1.05037093
  8559.64941  1.03422248
  8560.5  1.0319277
  8561.34961  1.01905692
  8562.19922  1.01606047
  8563.0498  1.03780758
  8563.89941  1.04346824
  8564.75  1.02908194
  8565.59961  1.0196985
  8566.44922  1.05040634
  8567.2998  1.05348182
  8568.14941  1.03213358
  8569.  1.01423919
  8569.84961  1.00550866
  8570.69922  1.0298053
  8571.5498  1.04531944
  8572.39941  1.05011487
  8573.25  1.03570449
  8574.09961  0.997996271
  8574.94922  0.971048355
  8575.7998  1.00915754
  8576.64941  1.05031335
  8577.5  1.04455006
  8578.34961  1.03279793
  8579.19922  1.05775952
  8580.0498  1.07158196
  8580.89941  1.05026972
  8581.75  0.967627168
  8582.59961  0.959225833
  8583.44922  1.0179503
  8584.2998  1.03952003
  8585.14941  1.04796326
  8586.  1.06009674
  8586.84961  1.07650244
  8587.69922  1.06609929
  8588.5498  1.04647648
  8589.39941  1.04996777
  8590.25  1.06569469
  8591.09961  1.04361415
  8591.94922  1.04451203
  8592.7998  1.03447151
  8593.64941  1.05706108
  8594.5  1.086941
  8595.34961  1.07113254
  8596.19922  1.05468047
  8597.0498  1.03260899
  8597.89941  1.0165329
  8598.75  1.02045333
  8599.59961  1.06024492
  8600.44922  1.07823718
  8601.2998  1.08058345
  8602.14941  1.06249344
  8603.  1.05170023
  8603.84961  1.04978228
  8604.69922  1.06995964
  8605.5498  1.07625449
  8606.39941  1.06259394
  8607.25  1.05350518
  8608.09961  1.04965317
  8608.94922  1.05600178
  8609.7998  1.02669024
  8610.64941  0.996765137
  8611.5  0.945159316
  8612.34961  0.979125857
  8613.19922  1.03585613
  8614.0498  1.05246532
  8614.89941  1.07184243
  8615.75  1.05538154
  8616.59961  1.05705512
  8617.44922  1.06837559
  8618.2998  1.04571557
  8619.14941  1.04714108
  8620.  1.0498333
  8620.84961  0.997244656
  8621.69922  0.977451086
  8622.5498  0.983708382
  8623.39941  1.01924229
  8624.25  1.06582308
  8625.09961  1.08344066
  8625.94922  1.0647186
  8626.7998  1.06299102
  8627.64941  1.07695913
  8628.5  1.07014084
  8629.34961  1.06032181
  8630.19922  1.06451106
  8631.0498  1.05716777
  8631.89941  1.02426302
  8632.75  1.02989089
  8633.59961  1.03366518
  8634.44922  1.03651857
  8635.2998  1.05105162
  8636.14941  1.03799438
  8637.  1.03801799
  8637.84961  1.06567562
  8638.69922  1.07559633
  8639.5498  1.07652831
  8640.39941  1.07602262
  8641.25  1.05124772
  8642.09961  1.01494813
  8642.94922  1.01182795
  8643.7998  1.03130555
  8644.64941  1.03813207
  8645.5  1.03689909
  8646.34961  1.03471553
  8647.19922  1.02092469
  8648.0498  0.994549751
  8648.89941  0.996587694
  8649.75  1.02660477
  8650.59961  1.0342772
  8651.44922  1.02921498
  8652.2998  1.02815104
  8653.14941  1.02072167
  8654.  0.999657869
  8654.84961  0.99037081
  8655.69922  1.00607848
  8656.5498  0.980004549
  8657.39941  0.94080168
  8658.25  0.911779523
  8659.09961  0.856498539
  8659.94922  0.7656973
  8660.7998  0.59230864
  8661.64941  0.393808365
  8662.5  0.37449646
  8663.34961  0.548863769
  8664.19922  0.725928366
  8665.0498  0.850229025
  8665.89941  0.937020898
  8666.75  0.971885622
  8667.59961  0.972820044
  8668.44922  0.992352366
  8669.2998  1.02219665
  8670.14941  1.02250922
  8671.  1.01161206
  8671.84961  0.994722009
  8672.69922  0.991883993
  8673.5498  0.959151208
  8674.39941  0.854558468
  8675.25  0.830058575
  8676.09961  0.954401731
  8676.94922  1.01824164
  8677.7998  1.03211093
  8678.64941  1.0005393
  8679.5  0.975776672
  8680.34961  1.0012747
  8681.19922  1.02296913
  8682.0498  0.980576038
  8682.89941  0.917981446
  8683.75  0.9620502
  8684.59961  1.0268259
  8685.44922  1.04870224
  8686.2998  1.02097535
  8687.14941  0.957919121
  8688.  0.842118621
  8688.84961  0.778192282
  8689.69922  0.890502393
  8690.5498  1.01539826
  8691.39941  1.00717926
  8692.25  0.934402168
  8693.09961  0.990741849
  8693.94922  1.04157984
  8694.7998  1.05796468
  8695.64941  1.05787683
  8696.5  1.04957843
  8697.34961  1.02650297
  8698.19922  0.975763202
  8699.0498  0.952856541
  8699.89941  0.98757112
  8700.75  1.00966883
  8701.59961  1.01466465
  8702.44922  0.992454886
  8703.2998  0.989594758
  8704.14941  1.02712381
  8705.  1.05777335
  8705.84961  1.04848707
  8706.69922  1.01960325
  8707.5498  1.01547551
  8708.39941  1.03540969
  8709.25  1.00981736
  8710.09961  0.955465674
  8710.94922  0.998120904
  8711.7998  1.02142215
  8712.64941  0.969766498
  8713.5  0.974274039
  8714.34961  1.01575565
  8715.19922  1.04590118
  8716.0498  1.04136205
  8716.89941  1.01479971
  8717.75  0.98299402
  8718.59961  0.988085091
  8719.44922  1.01139998
  8720.2998  1.04058468
  8721.14941  1.04670691
  8722.  1.05374873
  8722.84961  1.05562055
  8723.69922  1.0354588
  8724.5498  1.02804852
  8725.39941  1.02803946
  8726.25  1.03907168
  8727.09961  1.03690255
  8727.94922  1.02697027
  8728.7998  1.00177121
  8729.64941  1.03110242
  8730.5  1.02989531
  8731.34961  1.033445
  8732.19922  1.03866518
  8733.0498  1.04099977
  8733.89941  1.01496279
  8734.75  0.949242353
  8735.59961  0.953978479
  8736.44922  0.995621562
  8737.2998  1.01951325
  8738.14941  1.02462256
  8739.  1.06003189
  8739.84961  1.04805303
  8740.69922  0.990495324
  8741.5498  1.00784314
  8742.39941  1.0199101
  8743.25  1.02941155
  8744.09961  1.05688608
  8744.94922  1.07251394
  8745.7998  1.0497303
  8746.64941  1.02502871
  8747.5  1.00197327
  8748.34961  1.0122664
  8749.19922  1.04204476
  8750.0498  1.06827796
  8750.89941  1.0525502
  8751.75  1.01403987
  8752.59961  1.03435826
  8753.44922  1.06450891
  8754.2998  1.08558774
  8755.14941  1.07944083
  8756.  1.0557797
  8756.84961  0.977252007
  8757.69922  1.01946402
  8758.5498  1.07196677
  8759.39941  1.09080637
  8760.25  1.08913112
  8761.09961  1.08181167
  8761.94922  1.07630646
  8762.7998  1.04803908
  8763.64941  0.986364245
  8764.5  1.02328241
  8765.34961  1.06374443
  8766.19922  0.999474168
  8767.0498  0.979951382
  8767.89941  1.03956079
  8768.75  1.08377874
  8769.59961  1.09055316
  8770.44922  1.05972123
  8771.2998  1.04119539
  8772.14941  0.994143963
  8773.  0.970743537
  8773.84961  0.977489173
  8774.69922  1.02209508
  8775.5498  1.06226659
  8776.39941  1.08871806
  8777.25  1.07549119
  8778.09961  1.01597786
  8778.94922  0.992613852
  8779.7998  1.02674401
  8780.64941  1.04415596
  8781.5  1.06482697
  8782.34961  1.07651567
  8783.19922  1.06577945
  8784.0498  1.03629434
  8784.89941  1.0477283
  8785.75  1.07421923
  8786.59961  1.08662677
  8787.44922  1.07726336
  8788.2998  1.06689513
  8789.14941  1.05800748
  8790.  1.02010059
  8790.84961  1.04039443
  8791.69922  1.07942975
  8792.5498  1.0458777
  8793.39941  0.997931838
  8794.25  1.03845143
  8795.09961  1.07546425
  8795.94922  1.06560886
  8796.7998  1.06438577
  8797.64941  1.06335628
  8798.5  1.08048463
  8799.34961  1.07904267
  8800.19922  1.03602624
  8801.0498  1.04167354
  8801.89941  1.03987014
  8802.75  1.0388459
  8803.59961  1.03593397
  8804.44922  0.955204844
  8805.2998  0.907134891
  8806.14941  0.792841256
  8807.  0.780552328
  8807.84961  0.908641994
  8808.69922  0.994318783
  8809.5498  1.02961111
  8810.39941  1.05858743
  8811.25  1.07773578
  8812.09961  1.0823319
  8812.94922  1.06236017
  8813.7998  1.06283212
  8814.64941  1.08376777
  8815.5  1.08313656
  8816.34961  1.05973041
  8817.19922  1.06831038
  8818.0498  1.06537533
  8818.89941  1.0342344
  8819.75  1.03296638
  8820.59961  1.04574239
  8821.44922  1.04269087
  8822.2998  1.04218841
  8823.14941  1.00462067
  8824.  0.878231704
  8824.84961  0.938830495
  8825.69922  1.04132187
  8826.5498  1.06923902
  8827.39941  1.05185831
  8828.25  1.03620875
  8829.09961  1.04140484
  8829.94922  1.07481015
  8830.7998  1.08699369
  8831.64941  1.09108377
  8832.5  1.07194495
  8833.34961  1.06392324
  8834.19922  1.08123922
  8835.0498  1.0882324
  8835.89941  1.04648507
  8836.75  1.04485118
  8837.59961  1.00890446
  8838.44922  0.947514117
  8839.2998  0.991019249
  8840.14941  1.06609142
  8841.  1.06913865
  8841.84961  1.05786657
  8842.69922  1.08210874
  8843.5498  1.09553552
  8844.39941  1.09953558
  8845.25  1.09921432
  8846.09961  1.07661724
  8846.94922  1.05267036
  8847.7998  1.09256458
  8848.64941  1.106341
  8849.5  1.09725106
  8850.34961  1.08356583
  8851.19922  1.08108878
  8852.0498  1.0889219
  8852.89941  1.10454845
  8853.75  1.10713339
  8854.59961  1.10289145
  8855.44922  1.11127615
  8856.2998  1.09650803
  8857.14941  1.08500087
  8858.  1.09092915
  8858.84961  1.0790807
  8859.69922  1.04646802
  8860.5498  1.04346359
  8861.39941  1.0410558
  8862.25  1.01355183
  8863.09961  1.01945841
  8863.94922  1.05762398
  8864.7998  1.0855732
  8865.64941  1.051211
  8866.5  1.00486767
  8867.34961  1.00632596
  8868.19922  1.00838649
  8869.0498  1.03667045
  8869.89941  1.06508195
  8870.75  1.07523918
  8871.59961  1.08806825
  8872.44922  1.08170426
  8873.2998  1.06962228
  8874.14941  1.0476898
  8875.  1.03094709
  8875.84961  1.01832283
  8876.69922  1.02444756
  8877.5498  1.04133284
  8878.39941  1.01339102
  8879.25  1.03030753
  8880.09961  1.05949187
  8880.94922  1.06877685
  8881.7998  1.05554581
  8882.64941  1.0408988
  8883.5  1.04419112
  8884.34961  1.05329216
  8885.19922  1.04712021
  8886.0498  1.05118752
  8886.89941  1.05731022
  8887.75  1.07431495
  8888.59961  1.08930707
  8889.44922  1.10350251
  8890.2998  1.09811568
  8891.14941  1.05353427
  8892.  1.02979743
  8892.84961  1.03882229
  8893.69922  1.05942476
  8894.5498  1.05357695
  8895.39941  1.05400372
  8896.25  1.06893432
  8897.09961  1.06873417
  8897.94922  1.05534101
  8898.7998  1.03543425
  8899.64941  1.04119921
  8900.5  1.0826565
  8901.34961  1.0950681
  8902.19922  1.07682753
  8903.0498  1.060202
  8903.89941  1.04906571
  8904.75  1.05774713
  8905.59961  1.06819212
  8906.44922  1.07679558
  8907.2998  1.07944953
  8908.14941  1.06034505
  8909.  1.04727232
  8909.84961  1.05547309
  8910.69922  1.0777334
  8911.5498  1.07686079
  8912.39941  1.05929756
  8913.25  1.06111038
  8914.09961  1.08020377
  8914.94922  1.09647012
  8915.7998  1.0827781
  8916.64941  1.06597304
  8917.5  1.07605243
  8918.34961  1.05792475
  8919.19922  0.967538834
  8920.0498  0.935132504
  8920.89941  1.02287281
  8921.75  1.07882583
  8922.59961  1.05845737
  8923.44922  1.04958546
  8924.2998  1.06960452
  8925.14941  1.05597496
  8926.  1.0472399
  8926.84961  1.06043041
  8927.69922  1.05991924
  8928.5498  1.04219985
  8929.39941  1.02656233
  8930.25  1.03948307
  8931.09961  1.03742099
  8931.94922  1.00162947
  8932.7998  0.972107291
  8933.64941  0.989052474
  8934.5  1.02250862
  8935.34961  1.05894399
  8936.19922  1.07401979
  8937.0498  1.06833434
  8937.89941  1.06731796
  8938.75  1.05835104
  8939.59961  1.04313672
  8940.44922  1.05041397
  8941.2998  1.06205261
  8942.14941  1.03125167
  8943.  0.994365931
  8943.84961  1.01810598
  8944.69922  1.0214529
  8945.5498  1.00435793
  8946.39941  0.974666297
  8947.25  0.968488932
  8948.09961  1.00128591
  8948.94922  1.00866914
  8949.7998  1.02430177
  8950.64941  1.04849231
  8951.5  1.08492339
  8952.34961  1.06606901
  8953.19922  1.04909325
  8954.0498  1.06156981
  8954.89941  1.01219726
  8955.75  0.971370995
  8956.59961  1.03127718
  8957.44922  1.09914327
  8958.2998  1.09115529
  8959.14941  1.05074286
  8960.  1.06688845
  8960.84961  1.06089652
  8961.69922  1.04319119
  8962.5498  1.02815127
  8963.39941  0.969668448
  8964.25  0.974785566
  8965.09961  1.00908411
  8965.94922  0.960097909
  8966.7998  0.957200408
  8967.64941  0.99647373
  8968.5  1.04119933
  8969.34961  1.06950331
  8970.19922  1.07407975
  8971.0498  1.02498078
  8971.89941  0.938927293
  8972.75  0.930387437
  8973.59961  0.991989136
  8974.44922  0.992154896
  8975.2998  0.910330892
  8976.14941  0.926207662
  8977.  0.970431209
  8977.84961  1.00948858
  8978.69922  1.04692423
  8979.5498  1.05869257
  8980.39941  1.02404845
  8981.25  0.945337355
  8982.09961  0.967915177
  8982.94922  1.03907728
  8983.7998  1.07163191
  8984.64941  1.0747155
  8985.5  1.06566262
  8986.34961  1.05762839
  8987.19922  0.986704469
  8988.0498  0.898536086
  8988.89941  0.855585814
  8989.75  0.908629656
  8990.59961  0.963955462
  8991.44922  0.92455405
  8992.2998  0.869242847
  8993.14941  0.902436972
  8994.  1.00361216
  8994.84961  1.06170166
  8995.69922  1.10585082
  8996.5498  1.11514962
  8997.39941  1.09331274
  8998.25  1.06465673
  8999.09961  0.997598231
  8999.94922  0.942713916
  9000.7998  0.907961786
  9001.64941  0.913327992
  9002.5  1.01673365
  9003.34961  1.06536472
  9004.19922  0.99034214
  9005.0498  0.948470533
  9005.89941  1.01810062
  9006.75  1.06143785
  9007.59961  1.01208818
  9008.44922  0.957848728
  9009.2998  0.932902515
  9010.14941  0.932224154
  9011.  0.962996662
  9011.84961  0.956707835
  9012.69922  0.942090929
  9013.5498  0.950767577
  9014.39941  0.974384546
  9015.25  1.00787807
  9016.09961  0.99642694
  9016.94922  0.886140049
  9017.7998  0.849283993
  9018.64941  0.956059277
  9019.5  1.04319572
