  8348.84961  0.91368264
  8349.69922  0.956693053
  8350.5498  1.03474641
  8351.39941  1.07463741
  8352.25  1.04648948
  8353.09961  1.00464976
  8353.94922  0.976861298
  8354.7998  0.993120492
  8355.64941  1.00404775
  8356.5  0.988643169
  8357.34961  0.973813772
  8358.19922  0.985713124
  8359.0498  1.03183615
  8359.89941  1.04625666
  8360.75  1.03548527
  8361.59961  1.00554907
  8362.44922  0.985591948
  8363.2998  0.961429536
  8364.14941  0.975996077
  8365.  0.990585744
  8365.84961  1.00328743
  8366.69922  1.03213263
  8367.5498  1.06450784
  8368.39941  1.0781306
  8369.25  1.04628789
  8370.09961  1.01746285
  8370.94922  1.00962722
  8371.7998  1.01617277
  8372.64941  1.03742826
  8373.5  1.03562546
  8374.34961  1.04818368
  8375.19922  1.07850909
  8376.0498  1.04781592
  8376.89941  0.979137361
  8377.75  0.965659022
  8378.59961  1.03621447
  8379.44922  1.10145891
  8380.2998  1.12926531
  8381.14941  1.10142756
  8382.  0.976215005
  8382.84961  0.883591175
  8383.69922  0.937481642
  8384.5498  1.00474524
  8385.39941  1.02623034
  8386.25  0.996643305
  8387.09961  0.923191786
  8387.94922  0.879406333
  8388.7998  0.950977504
  8389.64941  1.00182426
  8390.5  1.00242436
  8391.34961  1.0360595
  8392.19922  1.09754384
  8393.0498  1.10760939
  8393.89941  1.05441225
  8394.75  1.04770064
  8395.59961  1.06021821
  8396.44922  0.998226285
  8397.2998  0.984398186
  8398.14941  1.0256418
  8399.  1.07331324
  8399.84961  1.08621573
  8400.69922  1.04671192
  8401.5498  1.01650691
  8402.39941  1.03240323
  8403.25  1.07501841
  8404.09961  1.06780899
  8404.94922  1.02169001
  8405.7998  1.03698599
  8406.64941  1.08160698
  8407.5  1.06590712
  8408.34961  1.0306741
  8409.19922  1.05063832
  8410.0498  1.07067072
  8410.89941  1.03263235
  8411.75  0.968881249
  8412.59961  0.979401588
  8413.44922  1.02422261
  8414.2998  1.05385852
  8415.14941  1.06857812
  8416.  1.05649948
  8416.84961  1.02267802
  8417.69922  1.01168942
  8418.5498  1.01880407
  8419.39941  1.00576806
  8420.25  1.00802684
  8421.09961  1.03926182
  8421.94922  1.03847325
  8422.7998  1.0085634
  8423.64941  1.00294173
  8424.5  1.00299144
  8425.34961  0.962678015
  8426.19922  0.896546662
  8427.0498  0.925812602
  8427.89941  1.03050327
  8428.75  1.08483505
  8429.59961  1.08118033
  8430.44922  1.07285345
  8431.2998  1.06038547
  8432.14941  1.0648421
  8433.  1.06488264
  8433.84961  0.999837995
  8434.69922  0.863550901
  8435.5498  0.861792862
  8436.39941  0.965064049
  8437.25  1.02576482
  8438.09961  1.01692605
  8438.94922  0.952165306
  8439.7998  0.936673462
  8440.64941  0.979044318
  8441.5  1.02260995
  8442.34961  1.06222749
  8443.19922  1.06126237
  8444.0498  1.04952371
  8444.89941  1.04336286
  8445.75  0.999345243
  8446.59961  0.994719982
  8447.44922  1.01674223
  8448.2998  1.06001329
  8449.14941  1.03699791
  8450.  0.982329428
  8450.84961  1.01025343
  8451.69922  1.07714117
  8452.5498  1.11910498
  8453.39941  1.10437202
  8454.25  1.07272637
  8455.09961  1.04023266
  8455.94922  1.01195371
  8456.7998  1.00704312
  8457.64941  1.03056848
  8458.5  1.0566833
  8459.34961  1.05027211
  8460.19922  1.05514681
  8461.0498  1.08651698
  8461.89941  1.10481358
  8462.75  1.09033394
  8463.59961  1.07867813
  8464.44922  1.04977691
  8465.2998  0.991892159
  8466.14941  0.976444364
  8467.  0.995732486
  8467.84961  0.953915954
  8468.69922  0.947118044
  8469.5498  1.01068628
  8470.39941  1.03362644
  8471.25  1.01740217
  8472.09961  1.01925302
  8472.94922  1.05199242
  8473.7998  1.07906961
  8474.64941  1.09360933
  8475.5  1.08264267
  8476.34961  1.04890621
  8477.19922  1.03743041
  8478.0498  1.05577004
  8478.89941  1.06026876
  8479.75  1.02867794
  8480.59961  1.01156354
  8481.44922  1.00632894
  8482.2998  1.01016498
  8483.14941  1.0461657
  8484.  1.06965876
  8484.84961  1.06171882
  8485.69922  1.07267392
  8486.5498  1.07190931
  8487.39941  1.0185895
  8488.25  1.00548351
  8489.09961  1.04817533
  8489.94922  1.07363558
  8490.7998  1.06632364
  8491.64941  1.06412327
  8492.5  1.06584227
  8493.34961  1.04465425
  8494.19922  1.03723621
  8495.0498  1.02892745
  8495.89941  0.948047459
  8496.75  0.795381546
  8497.59961  0.602577269
  8498.44922  0.641525149
  8499.2998  0.833943009
  8500.14941  0.965603411
  8501.  0.99384129
  8501.84961  0.961800873
  8502.69922  0.96988517
  8503.5498  0.991253793
  8504.39941  0.987078488
  8505.25  1.01373637
  8506.09961  1.05907881
  8506.94922  1.09899485
  8507.7998  1.11218905
  8508.64941  1.10899699
  8509.5  1.08021331
  8510.34961  1.04215372
  8511.19922  1.03890955
  8512.0498  1.03449965
  8512.89941  1.0060333
  8513.75  0.927345037
  8514.59961  0.899733961
  8515.44922  0.966252744
  8516.2998  1.02793789
  8517.14941  1.00620592
  8518.  0.969749093
  8518.84961  0.989146352
  8519.69922  1.02135944
  8520.5498  1.02170742
  8521.39941  1.02713239
  8522.25  1.03372717
  8523.09961  1.03585887
  8523.94922  1.03632033
  8524.7998  1.02017689
  8525.64941  0.992257655
  8526.5  0.980632722
  8527.34961  1.00156474
  8528.19922  1.03236127
  8529.0498  1.04003906
  8529.89941  1.0349586
  8530.75  1.02601027
  8531.59961  1.01860511
  8532.44922  1.02725196
  8533.2998  1.04186916
  8534.14941  1.03965843
  8535.  1.00762868
  8535.84961  0.964183331
  8536.69922  0.928356349
  8537.5498  0.885959864
  8538.39941  0.841116846
  8539.25  0.79978466
  8540.09961  0.707069039
  8540.94922  0.540836155
  8541.7998  0.395995766
  8542.64941  0.440350831
  8543.5  0.625166595
  8544.34961  0.787107944
  8545.19922  0.878495932
  8546.0498  0.918654084
  8546.89941  0.926692188
  8547.75  0.913773119
  8548.59961  0.927794576
  8549.44922  0.967885613
  8550.2998  0.980068624
  8551.14941  1.00665402
  8552.  1.06394327
  8552.84961  1.08244896
  8553.69922  1.05245185
  8554.5498  1.00695729
  8555.39941  0.969302177
  8556.25  0.969384193
  8557.09961  1.00967038
  8557.94922  1.05894339
  8558.7998  1.05951178
  8559.64941  1.02412367
  8560.5  1.01531088
  8561.34961  1.01358783
  8562.19922  1.03332341
  8563.0498  1.05510855
  8563.89941  1.03732407
  8564.75  1.03025234
  8565.59961  1.0384084
  8566.44922  1.04807007
  8567.2998  1.03915417
  8568.14941  1.02986097
  8569.  1.01884067
  8569.84961  1.04007089
  8570.69922  1.05679786
  8571.5498  1.04356968
  8572.39941  1.05533934
  8573.25  1.04061139
  8574.09961  1.01625264
  8574.94922  1.01046562
  8575.7998  1.02843559
  8576.64941  1.04760468
  8577.5  1.05955446
  8578.34961  1.05426097
  8579.19922  1.06745172
  8580.0498  1.08184648
  8580.89941  1.05421388
  8581.75  0.964101791
  8582.59961  0.943350613
  8583.44922  1.00422084
  8584.2998  1.04133236
  8585.14941  1.03776252
  8586.  1.02861631
  8586.84961  1.03609848
  8587.69922  1.03599906
  8588.5498  1.02241743
  8589.39941  1.01822114
  8590.25  1.01856005
  8591.09961  1.00802934
  8591.94922  1.00669479
  8592.7998  1.01292741
  8593.64941  1.04812455
  8594.5  1.08307362
  8595.34961  1.06069219
  8596.19922  1.02114153
  8597.0498  1.00025034
  8597.89941  0.996887028
  8598.75  1.01376832
  8599.59961  1.05375683
  8600.44922  1.08342826
  8601.2998  1.07589257
  8602.14941  1.03655708
  8603.  1.00843179
  8603.84961  1.00673115
  8604.69922  1.01408017
  8605.5498  1.0230422
  8606.39941  1.02545059
  8607.25  1.03081977
  8608.09961  1.04519749
  8608.94922  1.04665613
  8609.7998  1.01962829
  8610.64941  0.973981023
  8611.5  0.955500484
  8612.34961  0.994781911
  8613.19922  1.02400839
  8614.0498  1.02679181
  8614.89941  1.0525372
  8615.75  1.06192899
  8616.59961  1.05742204
  8617.44922  1.06272447
  8618.2998  1.05776453
  8619.14941  1.06073499
  8620.  1.07094073
  8620.84961  1.03795373
  8621.69922  0.990364194
  8622.5498  0.997541368
  8623.39941  1.03283012
  8624.25  1.07285416
  8625.09961  1.08309484
  8625.94922  1.05779898
  8626.7998  1.0450114
  8627.64941  1.05929911
  8628.5  1.05769515
  8629.34961  1.04650199
  8630.19922  1.04804301
  8631.0498  1.02204204
  8631.89941  1.00321805
  8632.75  1.01443863
  8633.59961  1.02135181
  8634.44922  1.02517533
  8635.2998  1.0472796
  8636.14941  1.06379139
  8637.  1.06772935
  8637.84961  1.07108414
  8638.69922  1.06969678
  8639.5498  1.06874371
  8640.39941  1.07893765
  8641.25  1.04977489
  8642.09961  1.01068985
  8642.94922  1.01896703
  8643.7998  1.04852259
  8644.64941  1.06589353
  8645.5  1.07010782
  8646.34961  1.05427659
  8647.19922  1.0343715
  8648.0498  0.978444636
  8648.89941  0.949213743
  8649.75  0.986619174
  8650.59961  1.024984
  8651.44922  1.03218412
  8652.2998  1.02852452
  8653.14941  1.01096976
  8654.  0.977743864
  8654.84961  0.994292796
  8655.69922  1.01992965
  8656.5498  1.00656867
  8657.39941  0.977645576
  8658.25  0.952336192
  8659.09961  0.909066081
  8659.94922  0.833621442
  8660.7998  0.6723153
  8661.64941  0.457901031
  8662.5  0.441454411
  8663.34961  0.618295729
  8664.19922  0.791115999
  8665.0498  0.878412127
  8665.89941  0.928145885
  8666.75  0.967329979
  8667.59961  0.979801118
  8668.44922  0.975126743
  8669.2998  0.999343693
  8670.14941  1.007285
  8671.  0.981115639
  8671.84961  0.960380018
  8672.69922  0.979629278
  8673.5498  0.969281256
  8674.39941  0.888677418
  8675.25  0.895391643
  8676.09961  0.993478954
  8676.94922  1.04308939
  8677.7998  1.03881919
  8678.64941  1.0062201
  8679.5  0.967107117
  8680.34961  0.968121409
  8681.19922  0.991979599
  8682.0498  0.983928144
  8682.89941  0.966513753
  8683.75  1.00477743
  8684.59961  1.05891597
  8685.44922  1.05210805
  8686.2998  1.00673985
  8687.14941  0.959125042
  8688.  0.841422856
  8688.84961  0.830739439
  8689.69922  0.927883387
  8690.5498  1.011235
  8691.39941  1.03065455
  8692.25  1.01762676
  8693.09961  1.02406371
  8693.94922  1.02769637
  8694.7998  1.02975285
  8695.64941  1.04603839
  8696.5  1.04906714
  8697.34961  1.04436076
  8698.19922  0.99739188
  8699.0498  0.964188278
  8699.89941  0.993725657
  8700.75  1.00756145
  8701.59961  1.00803375
  8702.44922  0.999083757
  8703.2998  0.98508209
  8704.14941  1.01352167
  8705.  1.04271233
  8705.84961  1.04190505
  8706.69922  1.01624012
  8707.5498  1.01691329
  8708.39941  1.02031171
  8709.25  0.989568353
  8710.09961  0.957085788
  8710.94922  0.987630546
  8711.7998  0.989598334
  8712.64941  0.943021953
  8713.5  0.959974051
  8714.34961  1.02177072
  8715.19922  1.0589608
  8716.0498  1.04577386
  8716.89941  1.00957906
  8717.75  0.982165337
  8718.59961  0.999269426
  8719.44922  1.03160584
  8720.2998  1.03434253
  8721.14941  1.03945231
  8722.  1.04316711
  8722.84961  1.039994
  8723.69922  1.00709689
  8724.5498  0.998043597
  8725.39941  1.03020036
  8726.25  1.05528033
  8727.09961  1.03638339
  8727.94922  0.986322105
  8728.7998  0.957919598
  8729.64941  0.980810344
  8730.5  1.00925517
  8731.34961  1.03910291
  8732.19922  1.05313945
  8733.0498  1.05061114
  8733.89941  1.02591228
  8734.75  0.99829644
  8735.59961  0.955935061
  8736.44922  0.955087662
  8737.2998  0.996793747
  8738.14941  1.0318712
  8739.  1.05577374
  8739.84961  1.04359615
  8740.69922  1.00407803
  8741.5498  0.986255765
  8742.39941  1.00624955
  8743.25  1.02563751
  8744.09961  1.02963448
  8744.94922  1.0289917
  8745.7998  1.0386883
  8746.64941  1.01992428
  8747.5  1.00973332
  8748.34961  1.03009653
  8749.19922  1.04561019
  8750.0498  1.02970374
  8750.89941  0.985810399
  8751.75  0.959075987
  8752.59961  0.979298532
  8753.44922  1.0225774
  8754.2998  1.05122793
  8755.14941  1.05593574
  8756.  1.02918828
  8756.84961  0.978643835
  8757.69922  0.996683002
  8758.5498  1.04998231
  8759.39941  1.06380033
  8760.25  1.06638384
  8761.09961  1.06554437
  8761.94922  1.06257987
  8762.7998  1.04005527
  8763.64941  0.990696907
  8764.5  0.988328218
  8765.34961  1.01583838
  8766.19922  0.997099817
  8767.0498  0.988165796
  8767.89941  1.03127766
  8768.75  1.06537533
  8769.59961  1.05200708
  8770.44922  1.02599287
  8771.2998  1.01998782
  8772.14941  0.988362908
  8773.  0.938490033
  8773.84961  0.950470805
  8774.69922  1.00406921
  8775.5498  1.04043221
  8776.39941  1.05698633
  8777.25  1.05284858
  8778.09961  1.01971316
  8778.94922  1.00992596
  8779.7998  1.02763283
  8780.64941  1.0403769
  8781.5  1.04751718
  8782.34961  1.05246687
  8783.19922  1.04190207
  8784.0498  1.01124465
  8784.89941  1.01521289
  8785.75  1.04836667
  8786.59961  1.06200385
  8787.44922  1.06107235
  8788.2998  1.05242825
  8789.14941  1.0165658
  8790.  0.967282653
  8790.84961  0.993497849
  8791.69922  1.04512215
  8792.5498  0.996543527
  8793.39941  0.964085281
  8794.25  1.01581645
  8795.09961  1.04889774
  8795.94922  1.01822042
  8796.7998  1.00563157
  8797.64941  1.02568316
  8798.5  1.04222643
  8799.34961  1.04979444
  8800.19922  1.04826331
  8801.0498  1.03340936
  8801.89941  1.0315181
  8802.75  1.02536404
  8803.59961  0.989806294
  8804.44922  0.949333787
  8805.2998  0.90985316
  8806.14941  0.787599146
  8807.  0.754492223
  8807.84961  0.863806307
  8808.69922  0.956141889
  8809.5498  1.00819027
  8810.39941  1.04562461
  8811.25  1.05650878
  8812.09961  1.0369978
  8812.94922  1.0191716
  8813.7998  1.02617109
  8814.64941  1.04393637
  8815.5  1.04394305
  8816.34961  1.02954435
  8817.19922  1.03041732
  8818.0498  1.0342164
  8818.89941  1.01258254
  8819.75  1.00731063
  8820.59961  1.01145875
  8821.44922  1.00777388
  8822.2998  0.992127538
  8823.14941  0.941155612
  8824.  0.888310134
  8824.84961  0.93434453
  8825.69922  1.01771116
  8826.5498  1.05033278
  8827.39941  1.0342139
  8828.25  1.02232158
  8829.09961  1.03732347
  8829.94922  1.052297
  8830.7998  1.05235994
  8831.64941  1.05080879
  8832.5  1.03548133
  8833.34961  1.02012992
  8834.19922  1.02915001
  8835.0498  1.02242315
  8835.89941  0.993546844
  8836.75  0.986814678
  8837.59961  0.957498372
  8838.44922  0.960305989
  8839.2998  1.01032233
  8840.14941  1.03741848
  8841.  1.02924919
  8841.84961  1.0176276
  8842.69922  1.01585424
  8843.5498  1.03425217
  8844.39941  1.04447019
  8845.25  1.03710067
  8846.09961  1.01440012
  8846.94922  1.01963627
  8847.7998  1.04874802
  8848.64941  1.05078936
  8849.5  1.04369712
  8850.34961  1.0504365
  8851.19922  1.04179978
  8852.0498  1.03598523
  8852.89941  1.03617835
  8853.75  1.03435922
  8854.59961  1.03644741
  8855.44922  1.04368746
  8856.2998  1.06071603
  8857.14941  1.05743706
  8858.  1.04000735
  8858.84961  1.02660191
  8859.69922  1.02740586
  8860.5498  1.0304898
  8861.39941  1.00242436
  8862.25  0.967127681
  8863.09961  0.968942225
  8863.94922  1.00986981
  8864.7998  1.03610182
  8865.64941  1.0105809
  8866.5  0.945190132
  8867.34961  0.950632989
  8868.19922  0.968144059
  8869.0498  1.01811326
  8869.89941  1.04985082
  8870.75  1.0622437
  8871.59961  1.05889702
  8872.44922  1.05458939
  8873.2998  1.04398859
  8874.14941  1.03223944
  8875.  1.01354337
  8875.84961  0.992366135
  8876.69922  1.0047493
  8877.5498  1.00734675
  8878.39941  0.973579407
  8879.25  0.975818038
  8880.09961  1.02105355
  8880.94922  1.03444934
  8881.7998  1.03293705
  8882.64941  1.02378035
  8883.5  1.00094008
  8884.34961  1.00465119
  8885.19922  1.03225482
  8886.0498  1.04137588
  8886.89941  1.03589499
  8887.75  1.04629183
  8888.59961  1.05048561
  8889.44922  1.04755902
  8890.2998  1.04175794
  8891.14941  1.01134181
  8892.  0.998287916
  8892.84961  1.00842965
  8893.69922  1.01868916
  8894.5498  1.02647734
  8895.39941  1.04068863
  8896.25  1.03035569
  8897.09961  1.02008796
  8897.94922  1.02552652
  8898.7998  1.02940953
  8899.64941  1.0296818
  8900.5  1.04438519
  8901.34961  1.06776321
  8902.19922  1.05698371
  8903.0498  1.03932464
  8903.89941  1.02930796
  8904.75  1.04722357
  8905.59961  1.04194224
  8906.44922  1.05075634
  8907.2998  1.05678499
  8908.14941  1.03954768
  8909.  1.02803075
  8909.84961  1.04473042
  8910.69922  1.05255938
  8911.5498  1.04298341
  8912.39941  1.03899777
  8913.25  1.04445708
  8914.09961  1.03806114
  8914.94922  1.02521348
  8915.7998  1.0189184
  8916.64941  1.00803924
  8917.5  1.00119555
  8918.34961  0.993965507
  8919.19922  0.97530514
  8920.0498  0.961388469
  8920.89941  1.00948691
  8921.75  1.04362297
  8922.59961  1.01756585
  8923.44922  0.991530359
  8924.2998  1.01218367
  8925.14941  1.00422943
  8926.  0.992485583
  8926.84961  0.996952653
  8927.69922  1.00361872
  8928.5498  0.974875808
  8929.39941  0.942587614
  8930.25  0.955658138
  8931.09961  0.973291934
  8931.94922  0.963251531
  8932.7998  0.961807907
  8933.64941  0.950167239
  8934.5  0.95308125
  8935.34961  1.00736487
  8936.19922  1.04891753
  8937.0498  1.05691814
  8937.89941  1.05674624
  8938.75  1.05432975
  8939.59961  1.00621367
  8940.44922  0.966552734
  8941.2998  0.988306046
  8942.14941  0.974517405
  8943.  0.954574287
  8943.84961  0.980923891
  8944.69922  0.976747274
  8945.5498  0.914114475
  8946.39941  0.8533867
  8947.25  0.875228226
  8948.09961  0.922459662
  8948.94922  0.948733985
  8949.7998  0.985696852
  8950.64941  0.998523355
  8951.5  0.955007017
  8952.34961  0.928684294
  8953.19922  0.946899414
  8954.0498  0.869146168
  8954.89941  0.795994699
  8955.75  0.876533687
  8956.59961  0.983119488
  8957.44922  0.999443471
  8958.2998  0.97206825
  8959.14941  0.968456566
  8960.  0.991030276
  8960.84961  0.985751987
  8961.69922  0.885933399
  8962.5498  0.77157253
  8963.39941  0.787477851
  8964.25  0.87668556
  8965.09961  0.824240863
  8965.94922  0.746188104
  8966.7998  0.817240179
  8967.64941  0.927267611
  8968.5  0.9689309
  8969.34961  0.976535618
  8970.19922  0.944987118
  8971.0498  0.775963247
  8971.89941  0.740224302
  8972.75  0.853874326
  8973.59961  0.886642158
  8974.44922  0.799260259
  8975.2998  0.807048261
  8976.14941  0.870180488
  8977.  0.940666854
  8977.84961  0.98844713
  8978.69922  0.98852843
  8979.5498  0.920363009
  8980.39941  0.76516813
  8981.25  0.804253221
  8982.09961  0.957225084
  8982.94922  1.03708529
  8983.7998  1.02988565
  8984.64941  0.992841363
  8985.5  0.939258695
  8986.34961  0.752902031
  8987.19922  0.573415339
  8988.0498  0.585572839
  8988.89941  0.652868509
  8989.75  0.727932751
  8990.59961  0.640289545
  8991.44922  0.507977962
  8992.2998  0.621797264
  8993.14941  0.839047253
  8994.  0.965671957
  8994.84961  1.01345909
  8995.69922  1.0203501
  8996.5498  1.01717591
  8997.39941  1.01763475
  8998.25  0.994333386
  8999.09961  0.848088741
  8999.94922  0.64130038
  9000.7998  0.640567422
  9001.64941  0.862960994
  9002.5  0.945679963
  9003.34961  0.807376325
  9004.19922  0.759322524
  9005.0498  0.899670005
  9005.89941  0.955084741
  9006.75  0.822607577
  9007.59961  0.723052204
  9008.44922  0.775230467
  9009.2998  0.826553166
  9010.14941  0.856875896
  9011.  0.834636807
  9011.84961  0.761065364
  9012.69922  0.826158822
  9013.5498  0.899095654
  9014.39941  0.927924991
  9015.25  0.90256393
  9016.09961  0.754618943
  9016.94922  0.642148972
  9017.7998  0.777838826
  9018.64941  0.920707703
  9019.5  0.98267436
