  8348.84961  1.01647806
  8349.69922  1.0039742
  8350.5498  1.00923777
  8351.39941  1.02573514
  8352.25  1.02855074
  8353.09961  1.01571417
  8353.94922  1.00444841
  8354.7998  1.00587046
  8355.64941  1.00549722
  8356.5  0.993335426
  8357.34961  0.980643749
  8358.19922  0.987792134
  8359.0498  1.00342774
  8359.89941  0.99838388
  8360.75  0.988737404
  8361.59961  0.974756122
  8362.44922  0.965969265
  8363.2998  0.992167115
  8364.14941  1.01849616
  8365.  1.03181732
  8365.84961  1.03110981
  8366.69922  1.02117908
  8367.5498  1.01059425
  8368.39941  1.01223922
  8369.25  1.02192962
  8370.09961  1.02158487
  8370.94922  1.01625371
  8371.7998  1.01217997
  8372.64941  1.00247538
  8373.5  0.994944155
  8374.34961  0.990387261
  8375.19922  0.992296219
  8376.0498  0.993289769
  8376.89941  0.991999328
  8377.75  1.00086534
  8378.59961  1.00846457
  8379.44922  1.00719726
  8380.2998  1.00822747
  8381.14941  1.01373267
  8382.  1.01743102
  8382.84961  1.0152086
  8383.69922  1.00693071
  8384.5498  0.995233655
  8385.39941  0.99183172
  8386.25  0.992405117
  8387.09961  0.989264429
  8387.94922  0.99049288
  8388.7998  0.991268873
  8389.64941  0.98797214
  8390.5  0.986792922
  8391.34961  0.989112496
  8392.19922  0.984900594
  8393.0498  0.977483511
  8393.89941  0.976424158
  8394.75  0.985350132
  8395.59961  0.999993622
  8396.44922  1.01016164
  8397.2998  1.01263905
  8398.14941  1.00851274
  8399.  1.01548958
  8399.84961  1.01847112
  8400.69922  1.02343976
  8401.5498  1.03326595
  8402.39941  1.04196942
  8403.25  1.04180765
  8404.09961  1.0325551
  8404.94922  1.02163541
  8405.7998  1.01671457
  8406.64941  1.0178076
  8407.5  1.02119958
  8408.34961  1.00696301
  8409.19922  0.99132514
  8410.0498  0.998502851
  8410.89941  1.00691295
  8411.75  1.00258946
  8412.59961  0.995765865
  8413.44922  0.992366791
  8414.2998  0.992697597
  8415.14941  0.995376706
  8416.  0.998908877
  8416.84961  1.00728405
  8417.69922  1.00855434
  8418.5498  1.00583529
  8419.39941  1.01007664
  8420.25  1.02433634
  8421.09961  1.02775931
  8421.94922  1.0227344
  8422.7998  1.02129054
  8423.64941  1.0214442
  8424.5  1.02307451
  8425.34961  1.02504742
  8426.19922  1.02769661
  8427.0498  1.028355
  8427.89941  1.02253163
  8428.75  1.02217281
  8429.59961  1.02593553
  8430.44922  1.02571499
  8431.2998  1.0229888
  8432.14941  1.02180076
  8433.  1.01986241
  8433.84961  1.01109087
  8434.69922  1.00658083
  8435.5498  1.00225997
  8436.39941  0.993240476
  8437.25  0.98857367
  8438.09961  0.981707573
  8438.94922  0.973825455
  8439.7998  0.976122379
  8440.64941  0.985980093
  8441.5  0.994006813
  8442.34961  0.998667002
  8443.19922  0.999447107
  8444.0498  0.994898081
  8444.89941  0.997173667
  8445.75  1.0094136
  8446.59961  1.02018213
  8447.44922  1.03228474
  8448.2998  1.041466
  8449.14941  1.040573
  8450.  1.03680921
  8450.84961  1.032969
  8451.69922  1.02697659
  8452.5498  1.01891744
  8453.39941  1.02339804
  8454.25  1.02424979
  8455.09961  1.02501714
  8455.94922  1.02598345
  8456.7998  1.02493489
  8457.64941  1.02028072
  8458.5  1.02074039
  8459.34961  1.02021444
  8460.19922  1.01615155
  8461.0498  1.00985622
  8461.89941  1.00524259
  8462.75  1.00128317
  8463.59961  0.992111444
  8464.44922  0.977424741
  8465.2998  0.963485658
  8466.14941  0.950910211
  8467.  0.942314386
  8467.84961  0.94449544
  8468.69922  0.953309059
  8469.5498  0.965185106
  8470.39941  0.976017416
  8471.25  0.990191042
  8472.09961  1.00242198
  8472.94922  1.00630784
  8473.7998  1.00512242
  8474.64941  1.00765014
  8475.5  1.01970088
  8476.34961  1.02612305
  8477.19922  1.02373254
  8478.0498  1.01908183
  8478.89941  1.01894069
  8479.75  1.02159536
  8480.59961  1.01792717
  8481.44922  1.02018726
  8482.2998  1.02623057
  8483.14941  1.02703774
  8484.  1.0318712
  8484.84961  1.03717864
  8485.69922  1.03617144
  8486.5498  1.02876902
  8487.39941  1.02126884
  8488.25  1.02264345
  8489.09961  1.02021599
  8489.94922  1.01762867
  8490.7998  1.0165416
  8491.64941  1.011531
  8492.5  1.01581967
  8493.34961  1.02211857
  8494.19922  1.02177358
  8495.0498  1.01660669
  8495.89941  1.0123291
  8496.75  0.999464929
  8497.59961  0.979805648
  8498.44922  0.958736658
  8499.2998  0.930268586
  8500.14941  0.905858219
  8501.  0.897943318
  8501.84961  0.905566394
  8502.69922  0.918845415
  8503.5498  0.938930571
  8504.39941  0.961337149
  8505.25  0.978614092
  8506.09961  0.996348798
  8506.94922  1.00423574
  8507.7998  1.01082706
  8508.64941  1.01601791
  8509.5  1.02051151
  8510.34961  1.02181137
  8511.19922  1.02078557
  8512.0498  1.01918685
  8512.89941  1.0232209
  8513.75  1.03202391
  8514.59961  1.042274
  8515.44922  1.03751075
  8516.2998  1.02757263
  8517.14941  1.02490938
  8518.  1.03499436
  8518.84961  1.03563607
  8519.69922  1.03094149
  8520.5498  1.02833998
  8521.39941  1.03053093
  8522.25  1.03177619
  8523.09961  1.02781785
  8523.94922  1.02242887
  8524.7998  1.0200634
  8525.64941  1.0167644
  8526.5  1.01743114
  8527.34961  1.0166651
  8528.19922  1.01081777
  8529.0498  1.01354837
  8529.89941  1.02119863
  8530.75  1.024845
  8531.59961  1.02135408
  8532.44922  1.01632106
  8533.2998  1.01933241
  8534.14941  1.02687716
  8535.  1.0236119
  8535.84961  1.015275
  8536.69922  1.01421285
  8537.5498  1.01649892
  8538.39941  1.0150485
  8539.25  1.00726604
  8540.09961  0.993824363
  8540.94922  0.980192363
  8541.7998  0.966658115
  8542.64941  0.946343482
  8543.5  0.925726175
  8544.34961  0.910201907
  8545.19922  0.900577486
  8546.0498  0.900536358
  8546.89941  0.913929105
  8547.75  0.93898052
  8548.59961  0.961651087
  8549.44922  0.976076841
  8550.2998  0.987092912
  8551.14941  0.997682512
  8552.  0.999875188
  8552.84961  0.999068201
  8553.69922  1.00706208
  8554.5498  1.01797628
  8555.39941  1.03216279
  8556.25  1.03737009
  8557.09961  1.02619135
  8557.94922  1.01919818
  8558.7998  1.02382636
  8559.64941  1.02265871
  8560.5  1.01554203
  8561.34961  1.00511956
  8562.19922  1.00148559
  8563.0498  1.00529003
  8563.89941  1.01014376
  8564.75  1.01469433
  8565.59961  1.02172196
  8566.44922  1.02745044
  8567.2998  1.02771497
  8568.14941  1.02794743
  8569.  1.04074836
  8569.84961  1.05411506
  8570.69922  1.04661298
  8571.5498  1.0312922
  8572.39941  1.02938724
  8573.25  1.03573596
  8574.09961  1.03951263
  8574.94922  1.04031062
  8575.7998  1.03704941
  8576.64941  1.03180814
  8577.5  1.02798533
  8578.34961  1.02305126
  8579.19922  1.01759696
  8580.0498  1.00439763
  8580.89941  0.987292409
  8581.75  0.974481523
  8582.59961  0.974290967
  8583.44922  0.979319155
  8584.2998  0.991514623
  8585.14941  1.00309622
  8586.  1.00738251
  8586.84961  1.00661492
  8587.69922  1.01189482
  8588.5498  1.01029348
  8589.39941  0.999134958
  8590.25  0.993920982
  8591.09961  0.991750062
  8591.94922  0.987637281
  8592.7998  0.982038915
  8593.64941  0.969968557
  8594.5  0.950744271
  8595.34961  0.936150908
  8596.19922  0.923637271
  8597.0498  0.905277431
  8597.89941  0.885015786
  8598.75  0.883337736
  8599.59961  0.898973107
  8600.44922  0.932969153
  8601.2998  0.964492083
  8602.14941  0.982465267
  8603.  0.995959044
  8603.84961  1.00891399
  8604.69922  1.01187253
  8605.5498  1.01601148
  8606.39941  1.02390671
  8607.25  1.02414989
  8608.09961  1.01888728
  8608.94922  1.01945126
  8609.7998  1.02281892
  8610.64941  1.03151941
  8611.5  1.03745973
  8612.34961  1.04092503
  8613.19922  1.03881025
  8614.0498  1.03359973
  8614.89941  1.03262198
  8615.75  1.02488995
  8616.59961  1.00981021
  8617.44922  1.00043833
  8618.2998  0.992156446
  8619.14941  0.980888307
  8620.  0.976656914
  8620.84961  0.973355711
  8621.69922  0.976675987
  8622.5498  0.99188292
  8623.39941  1.00508797
  8624.25  1.01113486
  8625.09961  1.01317394
  8625.94922  1.01468241
  8626.7998  1.01193941
  8627.64941  1.00889134
  8628.5  1.00808513
  8629.34961  1.01390874
  8630.19922  1.02220798
  8631.0498  1.01672006
  8631.89941  1.00810695
  8632.75  1.00737751
  8633.59961  1.00541556
  8634.44922  1.00398326
  8635.2998  1.00378954
  8636.14941  1.00077605
  8637.  0.998020351
  8637.84961  1.00096869
  8638.69922  1.00707543
  8639.5498  1.00285506
  8640.39941  1.00210762
  8641.25  1.00656331
  8642.09961  1.00563169
  8642.94922  0.999327898
  8643.7998  0.9960711
  8644.64941  0.991219044
  8645.5  0.986760974
  8646.34961  0.98566258
  8647.19922  0.982736886
  8648.0498  0.986671865
  8648.89941  0.993349135
  8649.75  1.00244081
  8650.59961  1.00691414
  8651.44922  1.00478947
  8652.2998  1.00941682
  8653.14941  1.01635337
  8654.  1.01275003
  8654.84961  1.00718355
  8655.69922  1.00253093
  8656.5498  0.993783176
  8657.39941  0.992236197
  8658.25  0.996912241
  8659.09961  0.997628808
  8659.94922  0.982043922
  8660.7998  0.961314142
  8661.64941  0.936721146
  8662.5  0.909929991
  8663.34961  0.875424325
  8664.19922  0.844512641
  8665.0498  0.836128235
  8665.89941  0.850896001
  8666.75  0.887251794
  8667.59961  0.925334871
  8668.44922  0.953629136
  8669.2998  0.970257521
  8670.14941  0.984850764
  8671.  1.00232816
  8671.84961  1.00641358
  8672.69922  1.00625455
  8673.5498  1.0092237
  8674.39941  1.01003456
  8675.25  1.0088768
  8676.09961  1.0071665
  8676.94922  1.01270247
  8677.7998  1.0192852
  8678.64941  1.0193578
  8679.5  1.02147853
  8680.34961  1.02672338
  8681.19922  1.02731621
  8682.0498  1.02461052
  8682.89941  1.02400243
  8683.75  1.03124309
  8684.59961  1.0256418
  8685.44922  1.02611518
  8686.2998  1.02814603
  8687.14941  1.02686489
  8688.  1.03182185
  8688.84961  1.02664173
  8689.69922  1.02852726
  8690.5498  1.02945065
  8691.39941  1.034536
  8692.25  1.03189933
  8693.09961  1.02300584
  8693.94922  1.02300942
  8694.7998  1.02178264
  8695.64941  1.01796997
  8696.5  1.02274001
  8697.34961  1.02581298
  8698.19922  1.02939594
  8699.0498  1.03047657
  8699.89941  1.02713954
  8700.75  1.02441752
  8701.59961  1.01906073
  8702.44922  1.02032673
  8703.2998  1.01849663
  8704.14941  1.01202977
  8705.  1.01373994
  8705.84961  1.01831377
  8706.69922  1.00995648
  8707.5498  1.00693882
  8708.39941  1.01705694
  8709.25  1.02397799
  8710.09961  1.02135122
  8710.94922  1.02020526
  8711.7998  1.01989758
  8712.64941  1.01602495
  8713.5  1.02125633
  8714.34961  1.02014923
  8715.19922  1.02243984
  8716.0498  1.02374589
  8716.89941  1.02677739
  8717.75  1.02959836
  8718.59961  1.0305227
  8719.44922  1.03275275
  8720.2998  1.03027141
  8721.14941  1.03426325
  8722.  1.03152907
  8722.84961  1.01770031
  8723.69922  1.00872314
  8724.5498  1.01350272
  8725.39941  1.01658189
  8726.25  1.01081932
  8727.09961  1.00914145
  8727.94922  1.00815678
  8728.7998  1.00551152
  8729.64941  1.00475693
  8730.5  1.00723922
  8731.34961  0.99988848
  8732.19922  0.996307671
  8733.0498  0.992694139
  8733.89941  0.981743276
  8734.75  0.983960629
  8735.59961  0.997221887
  8736.44922  1.00335038
  8737.2998  1.00329399
  8738.14941  1.00720513
  8739.  1.00533116
  8739.84961  0.998584211
  8740.69922  0.99650836
  8741.5498  0.995242178
  8742.39941  0.99104625
  8743.25  0.985923707
  8744.09961  0.976885676
  8744.94922  0.967287064
  8745.7998  0.945871055
  8746.64941  0.918383181
  8747.5  0.896035552
  8748.34961  0.86439991
  8749.19922  0.830847919
  8750.0498  0.803968728
  8750.89941  0.801934958
  8751.75  0.828041136
  8752.59961  0.869539499
  8753.44922  0.920454323
  8754.2998  0.956167221
  8755.14941  0.983643591
  8756.  1.00187039
  8756.84961  1.00699306
  8757.69922  1.00657678
  8758.5498  1.0045191
  8759.39941  1.0106951
  8760.25  1.01452398
  8761.09961  1.01230717
  8761.94922  1.01324797
  8762.7998  1.02173471
  8763.64941  1.02317739
  8764.5  1.02402806
  8765.34961  1.02360201
  8766.19922  1.01928902
  8767.0498  1.01253545
  8767.89941  1.01205027
  8768.75  1.02278233
  8769.59961  1.0287931
  8770.44922  1.02624929
  8771.2998  1.02406347
  8772.14941  1.01710033
  8773.  1.00826466
  8773.84961  1.00086713
  8774.69922  0.988290548
  8775.5498  0.970765591
  8776.39941  0.95513922
  8777.25  0.958734632
  8778.09961  0.971063614
  8778.94922  0.979626119
  8779.7998  0.99080348
  8780.64941  0.995693326
  8781.5  1.00166202
  8782.34961  1.00955153
  8783.19922  1.0119468
  8784.0498  1.01262605
  8784.89941  1.0178777
  8785.75  1.02077007
  8786.59961  1.02162862
  8787.44922  1.01634121
  8788.2998  1.01291633
  8789.14941  1.01401508
  8790.  1.01799071
  8790.84961  1.01880515
  8791.69922  1.01688027
  8792.5498  1.01726925
  8793.39941  1.02137864
  8794.25  1.02576518
  8795.09961  1.02745295
  8795.94922  1.0270319
  8796.7998  1.0119617
  8797.64941  1.00818372
  8798.5  1.00943208
  8799.34961  1.00734699
  8800.19922  1.01178408
  8801.0498  1.01831162
  8801.89941  1.02142227
  8802.75  1.02540016
  8803.59961  1.0288651
  8804.44922  1.03165913
  8805.2998  1.03143036
  8806.14941  1.0264101
  8807.  1.02699804
  8807.84961  1.01984417
  8808.69922  1.01545262
  8809.5498  1.01345301
  8810.39941  1.01632535
  8811.25  1.02244151
  8812.09961  1.02112734
  8812.94922  1.0212667
  8813.7998  1.02279592
  8814.64941  1.02344823
  8815.5  1.02168655
  8816.34961  1.02154517
  8817.19922  1.02102816
  8818.0498  1.02564633
  8818.89941  1.02775836
  8819.75  1.02124023
  8820.59961  1.0091033
  8821.44922  1.00916839
  8822.2998  1.01156402
  8823.14941  1.0071193
  8824.  1.00932956
  8824.84961  1.01383412
  8825.69922  1.01582682
  8826.5498  1.01461196
  8827.39941  1.01387167
  8828.25  1.01291358
  8829.09961  1.00868022
  8829.94922  1.0088321
  8830.7998  1.01337993
  8831.64941  1.01044369
  8832.5  1.01031458
  8833.34961  1.00873744
  8834.19922  1.00854635
  8835.0498  1.00438511
  8835.89941  0.997892201
  8836.75  1.00126743
  8837.59961  1.00900126
  8838.44922  1.00979578
  8839.2998  1.00880492
  8840.14941  1.01128531
  8841.  1.01698756
  8841.84961  1.0151037
  8842.69922  1.00681698
  8843.5498  0.998960972
  8844.39941  0.983438671
  8845.25  0.970839322
  8846.09961  0.969084501
  8846.94922  0.975477755
  8847.7998  0.987312376
  8848.64941  0.986836851
  8849.5  0.977294564
  8850.34961  0.98201704
  8851.19922  0.989837527
  8852.0498  0.98666048
  8852.89941  0.985126734
  8853.75  0.983618021
  8854.59961  0.975742698
  8855.44922  0.969230175
  8856.2998  0.963550925
  8857.14941  0.953314245
  8858.  0.930180013
  8858.84961  0.902394831
  8859.69922  0.881282449
  8860.5498  0.856873631
  8861.39941  0.819917738
  8862.25  0.793716967
  8863.09961  0.788357317
  8863.94922  0.810351491
  8864.7998  0.863033354
  8865.64941  0.919095218
  8866.5  0.957025409
  8867.34961  0.974198401
  8868.19922  0.981760025
  8869.0498  0.991029501
  8869.89941  0.998869538
  8870.75  1.00870275
  8871.59961  1.01228774
  8872.44922  1.00979233
  8873.2998  1.00387776
  8874.14941  0.999381781
  8875.  1.00670612
  8875.84961  1.01099408
  8876.69922  1.02067506
  8877.5498  1.01910651
  8878.39941  1.01160336
  8879.25  0.998512208
  8880.09961  0.990334928
  8880.94922  1.00564218
  8881.7998  1.01135135
  8882.64941  1.00252557
  8883.5  1.00614715
  8884.34961  1.00839865
  8885.19922  1.00722182
  8886.0498  1.01374543
  8886.89941  1.0194422
  8887.75  1.01205266
  8888.59961  1.00918126
  8889.44922  1.01246774
  8890.2998  1.02078307
  8891.14941  1.01601958
  8892.  1.00641692
  8892.84961  1.01327789
  8893.69922  1.02146304
  8894.5498  1.01873791
  8895.39941  1.01570964
  8896.25  1.01851332
  8897.09961  1.02176464
  8897.94922  1.02007103
  8898.7998  1.01513958
  8899.64941  1.00989711
  8900.5  1.00487256
  8901.34961  1.0110662
  8902.19922  1.01557326
  8903.0498  1.02274811
  8903.89941  1.0278033
  8904.75  1.02405107
  8905.59961  1.02049208
  8906.44922  1.01845539
  8907.2998  1.01543927
  8908.14941  1.0171001
  8909.  1.02191436
  8909.84961  1.01973152
  8910.69922  1.01527035
  8911.5498  1.01163113
  8912.39941  1.0103215
  8913.25  1.00885999
  8914.09961  1.01067317
  8914.94922  1.01224196
  8915.7998  1.0109992
  8916.64941  1.00953305
  8917.5  1.01456583
  8918.34961  1.02394593
  8919.19922  1.03316998
  8920.0498  1.02780259
  8920.89941  1.01897895
  8921.75  1.02491355
  8922.59961  1.03548276
  8923.44922  1.03595984
  8924.2998  1.03097582
  8925.14941  1.02624977
  8926.  1.02696562
  8926.84961  1.03717029
  8927.69922  1.03932405
  8928.5498  1.02125621
  8929.39941  0.999866664
  8930.25  0.996563375
  8931.09961  1.00484538
  8931.94922  1.01576233
  8932.7998  1.02118838
  8933.64941  1.01564729
  8934.5  1.00224161
  8935.34961  1.00096083
  8936.19922  1.01638818
  8937.0498  1.02615321
  8937.89941  1.03119671
  8938.75  1.03543603
  8939.59961  1.03597414
  8940.44922  1.02411139
  8941.2998  1.01567912
  8942.14941  1.0186131
  8943.  1.02264643
  8943.84961  1.02841616
  8944.69922  1.03102922
  8945.5498  1.0289638
  8946.39941  1.00513577
  8947.25  0.97410357
  8948.09961  0.973362863
  8948.94922  0.978561282
  8949.7998  0.986609638
  8950.64941  1.00376284
  8951.5  0.993756175
  8952.34961  0.966361046
  8953.19922  0.97608161
  8954.0498  0.974948764
  8954.89941  0.943403721
  8955.75  0.973780096
  8956.59961  1.05298531
  8957.44922  1.07119668
  8958.2998  1.0334878
  8959.14941  1.00272703
  8960.  1.00181258
  8960.84961  0.998122096
  8961.69922  0.961883962
  8962.5498  0.88978529
  8963.39941  0.854266226
  8964.25  0.897352517
  8965.09961  0.928503692
  8965.94922  0.886636078
  8966.7998  0.893986166
  8967.64941  0.957622826
  8968.5  0.999715865
  8969.34961  1.00248659
  8970.19922  0.985099852
  8971.0498  0.917619288
  8971.89941  0.839519322
  8972.75  0.887663484
  8973.59961  0.939695179
  8974.44922  0.921905816
  8975.2998  0.898626745
  8976.14941  0.940354466
  8977.  0.969741046
  8977.84961  0.999281943
  8978.69922  1.00747192
  8979.5498  0.986284554
  8980.39941  0.895753622
  8981.25  0.82915175
  8982.09961  0.935211241
  8982.94922  1.00802362
  8983.7998  1.02515423
  8984.64941  1.01756489
  8985.5  1.00560701
  8986.34961  0.931451857
  8987.19922  0.797635019
  8988.0498  0.744597554
  8988.89941  0.795148551
  8989.75  0.85976398
  8990.59961  0.841192245
  8991.44922  0.746249676
  8992.2998  0.73401922
  8993.14941  0.854514599
  8994.  0.966162145
  8994.84961  0.99208504
  8995.69922  0.991209209
  8996.5498  0.984501898
  8997.39941  0.973845601
  8998.25  0.968741
  8999.09961  0.948304057
  8999.94922  0.872154713
  9000.7998  0.78020066
  9001.64941  0.825407088
  9002.5  0.943935931
  9003.34961  0.912495375
  9004.19922  0.838915825
  9005.0498  0.881115735
  9005.89941  0.974504054
  9006.75  0.945311666
  9007.59961  0.866850197
  9008.44922  0.847945511
  9009.2998  0.892678738
  9010.14941  0.909457386
  9011.  0.877276242
  9011.84961  0.786901593
  9012.69922  0.734250903
  9013.5498  0.752723634
  9014.39941  0.759915531
  9015.25  0.745678127
  9016.09961  0.701370716
  9016.94922  0.649609566
  9017.7998  0.736538231
  9018.64941  0.905638278
  9019.5  0.979122281
