  8348.84961  0.967333019
  8349.69922  0.991588056
  8350.5498  1.0593946
  8351.39941  1.10085905
  8352.25  1.08706927
  8353.09961  1.04033911
  8353.94922  1.01415586
  8354.7998  1.02915168
  8355.64941  1.0476954
  8356.5  1.02636659
  8357.34961  1.00336707
  8358.19922  1.01297319
  8359.0498  1.04877055
  8359.89941  1.05770993
  8360.75  1.04719114
  8361.59961  1.02708733
  8362.44922  1.02235091
  8363.2998  1.01605415
  8364.14941  1.02126706
  8365.  1.02022517
  8365.84961  1.03440666
  8366.69922  1.04937339
  8367.5498  1.06565058
  8368.39941  1.07880938
  8369.25  1.06897497
  8370.09961  1.05627382
  8370.94922  1.05192935
  8371.7998  1.05001497
  8372.64941  1.05104208
  8373.5  1.0472759
  8374.34961  1.0617522
  8375.19922  1.07685184
  8376.0498  1.04733932
  8376.89941  0.999913454
  8377.75  0.99935931
  8378.59961  1.05879343
  8379.44922  1.10565543
  8380.2998  1.1236546
  8381.14941  1.09450996
  8382.  1.00234973
  8382.84961  0.950059652
  8383.69922  0.986872971
  8384.5498  1.03474081
  8385.39941  1.04851723
  8386.25  1.02250695
  8387.09961  0.963515103
  8387.94922  0.93801713
  8388.7998  0.996170759
  8389.64941  1.03845859
  8390.5  1.05242848
  8391.34961  1.07956052
  8392.19922  1.10202312
  8393.0498  1.09379566
  8393.89941  1.06702757
  8394.75  1.05934441
  8395.59961  1.06950939
  8396.44922  1.03197467
  8397.2998  1.01814663
  8398.14941  1.03507662
  8399.  1.07001209
  8399.84961  1.08509445
  8400.69922  1.05074775
  8401.5498  1.03198397
  8402.39941  1.05600882
  8403.25  1.08055317
  8404.09961  1.06252706
  8404.94922  1.03147399
  8405.7998  1.04359007
  8406.64941  1.06493247
  8407.5  1.04971588
  8408.34961  1.02965903
  8409.19922  1.03857446
  8410.0498  1.05576515
  8410.89941  1.05012524
  8411.75  1.0147084
  8412.59961  1.01071787
  8413.44922  1.03382599
  8414.2998  1.04820609
  8415.14941  1.05773878
  8416.  1.05296516
  8416.84961  1.0403744
  8417.69922  1.03954542
  8418.5498  1.03320241
  8419.39941  1.02124918
  8420.25  1.03261518
  8421.09961  1.04888988
  8421.94922  1.03531075
  8422.7998  1.01640046
  8423.64941  1.02208591
  8424.5  1.03185642
  8425.34961  1.00070882
  8426.19922  0.950517535
  8427.0498  0.975210905
  8427.89941  1.05094862
  8428.75  1.08523738
  8429.59961  1.07467842
  8430.44922  1.06475854
  8431.2998  1.06522834
  8432.14941  1.0691452
  8433.  1.06837344
  8433.84961  1.01964521
  8434.69922  0.934845328
  8435.5498  0.928107679
  8436.39941  0.985373437
  8437.25  1.03923261
  8438.09961  1.03522885
  8438.94922  0.981363177
  8439.7998  0.978799939
  8440.64941  1.01136959
  8441.5  1.03994358
  8442.34961  1.06546795
  8443.19922  1.06705701
  8444.0498  1.06388056
  8444.89941  1.05768013
  8445.75  1.01279545
  8446.59961  1.00417197
  8447.44922  1.03611243
  8448.2998  1.05892289
  8449.14941  1.03456736
  8450.  1.0106709
  8450.84961  1.04726958
  8451.69922  1.09432447
  8452.5498  1.10538363
  8453.39941  1.09210205
  8454.25  1.08373225
  8455.09961  1.07013738
  8455.94922  1.04600453
  8456.7998  1.04205334
  8457.64941  1.05289245
  8458.5  1.05991244
  8459.34961  1.05398142
  8460.19922  1.0583241
  8461.0498  1.08219326
  8461.89941  1.09853947
  8462.75  1.08779788
  8463.59961  1.07798982
  8464.44922  1.05472815
  8465.2998  1.02197886
  8466.14941  1.0201267
  8467.  1.0252465
  8467.84961  0.990080774
  8468.69922  0.981645703
  8469.5498  1.02667904
  8470.39941  1.0461241
  8471.25  1.03254175
  8472.09961  1.04334438
  8472.94922  1.07605529
  8473.7998  1.08772075
  8474.64941  1.09498096
  8475.5  1.08889866
  8476.34961  1.06914771
  8477.19922  1.06458139
  8478.0498  1.07543659
  8478.89941  1.07752407
  8479.75  1.05379593
  8480.59961  1.0325737
  8481.44922  1.02439177
  8482.2998  1.02892137
  8483.14941  1.05011606
  8484.  1.08552206
  8484.84961  1.09538388
  8485.69922  1.08693373
  8486.5498  1.06937373
  8487.39941  1.03598523
  8488.25  1.02605581
  8489.09961  1.06215334
  8489.94922  1.08515882
  8490.7998  1.06955159
  8491.64941  1.05790138
  8492.5  1.06662047
  8493.34961  1.0653224
  8494.19922  1.05264938
  8495.0498  1.02249157
  8495.89941  0.94667232
  8496.75  0.792001307
  8497.59961  0.607103109
  8498.44922  0.650539637
  8499.2998  0.832426786
  8500.14941  0.959831059
  8501.  0.981668591
  8501.84961  0.96344167
  8502.69922  0.974040091
  8503.5498  0.997636974
  8504.39941  1.0043335
  8505.25  1.02559721
  8506.09961  1.05200672
  8506.94922  1.07101583
  8507.7998  1.0849247
  8508.64941  1.09254134
  8509.5  1.0802592
  8510.34961  1.06113553
  8511.19922  1.04606891
  8512.0498  1.03265953
  8512.89941  1.00475013
  8513.75  0.948294342
  8514.59961  0.924666107
  8515.44922  0.972240329
  8516.2998  1.0224731
  8517.14941  1.01806808
  8518.  1.00013435
  8518.84961  1.01268125
  8519.69922  1.02850819
  8520.5498  1.02635121
  8521.39941  1.02515399
  8522.25  1.03348398
  8523.09961  1.04221272
  8523.94922  1.03961241
  8524.7998  1.02698505
  8525.64941  1.00109041
  8526.5  0.987640202
  8527.34961  1.01448858
  8528.19922  1.04786718
  8529.0498  1.04674137
  8529.89941  1.03154898
  8530.75  1.02788162
  8531.59961  1.02949584
  8532.44922  1.03078902
  8533.2998  1.03330731
  8534.14941  1.0280776
  8535.  0.996311069
  8535.84961  0.957074702
  8536.69922  0.922718585
  8537.5498  0.880910814
  8538.39941  0.835198939
  8539.25  0.785206497
  8540.09961  0.698508978
  8540.94922  0.545502722
  8541.7998  0.412103832
  8542.64941  0.458446085
  8543.5  0.621665895
  8544.34961  0.760457873
  8545.19922  0.84765178
  8546.0498  0.900463223
  8546.89941  0.92750138
  8547.75  0.928621113
  8548.59961  0.944471419
  8549.44922  0.974946797
  8550.2998  0.984144092
  8551.14941  1.00256169
  8552.  1.0336715
  8552.84961  1.04141819
  8553.69922  1.02745378
  8554.5498  1.00603271
  8555.39941  0.984330416
  8556.25  0.964431584
  8557.09961  0.98742187
  8557.94922  1.03791809
  8558.7998  1.05051982
  8559.64941  1.03202963
  8560.5  1.01907051
  8561.34961  1.01220405
  8562.19922  1.02001715
  8563.0498  1.04266059
  8563.89941  1.04966664
  8564.75  1.050161
  8565.59961  1.05585694
  8566.44922  1.0587852
  8567.2998  1.05555153
  8568.14941  1.05088353
  8569.  1.05045915
  8569.84961  1.06192231
  8570.69922  1.06129634
  8571.5498  1.0357337
  8572.39941  1.02761149
  8573.25  1.03523362
  8574.09961  1.03224611
  8574.94922  1.0300467
  8575.7998  1.03855228
  8576.64941  1.05000758
  8577.5  1.05804944
  8578.34961  1.05683196
  8579.19922  1.05999207
  8580.0498  1.06522977
  8580.89941  1.04265058
  8581.75  0.985203445
  8582.59961  0.973130643
  8583.44922  1.00997138
  8584.2998  1.04089725
  8585.14941  1.04129362
  8586.  1.02479386
  8586.84961  1.03105164
  8587.69922  1.04488409
  8588.5498  1.04772007
  8589.39941  1.04609394
  8590.25  1.04576826
  8591.09961  1.03613389
  8591.94922  1.00985205
  8592.7998  1.0009135
  8593.64941  1.02946949
  8594.5  1.05694008
  8595.34961  1.03978586
  8596.19922  1.00715625
  8597.0498  1.00525939
  8597.89941  1.00528669
  8598.75  1.0052191
  8599.59961  1.03187752
  8600.44922  1.06286168
  8601.2998  1.07063425
  8602.14941  1.05828583
  8603.  1.03679872
  8603.84961  1.03083622
  8604.69922  1.04172945
  8605.5498  1.04316509
  8606.39941  1.03133667
  8607.25  1.02718949
  8608.09961  1.036201
  8608.94922  1.03465855
  8609.7998  1.01626921
  8610.64941  0.983561158
  8611.5  0.962317646
  8612.34961  0.993402064
  8613.19922  1.03163469
  8614.0498  1.03851938
  8614.89941  1.04473853
  8615.75  1.03893995
  8616.59961  1.03428948
  8617.44922  1.05874085
  8618.2998  1.06754994
  8619.14941  1.06476951
  8620.  1.07522178
  8620.84961  1.04879355
  8621.69922  1.0084033
  8622.5498  1.01929438
  8623.39941  1.04757524
  8624.25  1.07365322
  8625.09961  1.08232021
  8625.94922  1.0643729
  8626.7998  1.05838704
  8627.64941  1.06419408
  8628.5  1.05606771
  8629.34961  1.0524981
  8630.19922  1.06064439
  8631.0498  1.04907298
  8631.89941  1.02414978
  8632.75  1.02309465
  8633.59961  1.02556074
  8634.44922  1.03447425
  8635.2998  1.05575299
  8636.14941  1.05749142
  8637.  1.05484974
  8637.84961  1.0638988
  8638.69922  1.0648129
  8639.5498  1.05924499
  8640.39941  1.05726027
  8641.25  1.03267479
  8642.09961  1.01113844
  8642.94922  1.02149761
  8643.7998  1.04350984
  8644.64941  1.05894125
  8645.5  1.05183411
  8646.34961  1.03449392
  8647.19922  1.01612544
  8648.0498  0.959648728
  8648.89941  0.950217664
  8649.75  0.994426847
  8650.59961  1.01758134
  8651.44922  1.02037108
  8652.2998  1.02072179
  8653.14941  1.02154601
  8654.  1.00049174
  8654.84961  0.992750943
  8655.69922  1.00040793
  8656.5498  0.985196888
  8657.39941  0.955065608
  8658.25  0.925483525
  8659.09961  0.886521041
  8659.94922  0.805533111
  8660.7998  0.65564394
  8661.64941  0.461066008
  8662.5  0.45742619
  8663.34961  0.626181364
  8664.19922  0.777927577
  8665.0498  0.866853535
  8665.89941  0.922691584
  8666.75  0.948373556
  8667.59961  0.950634539
  8668.44922  0.967843473
  8669.2998  0.997202218
  8670.14941  1.00116396
  8671.  0.986640751
  8671.84961  0.973697305
  8672.69922  0.9785676
  8673.5498  0.968981504
  8674.39941  0.908152819
  8675.25  0.917051494
  8676.09961  0.981513381
  8676.94922  1.01956069
  8677.7998  1.0133394
  8678.64941  0.994643867
  8679.5  0.972299755
  8680.34961  0.973837316
  8681.19922  1.00089943
  8682.0498  0.997510195
  8682.89941  0.988536
  8683.75  1.01818514
  8684.59961  1.04289711
  8685.44922  1.03117287
  8686.2998  1.00381649
  8687.14941  0.978381276
  8688.  0.882234514
  8688.84961  0.858906567
  8689.69922  0.938417315
  8690.5498  1.0073334
  8691.39941  1.02394617
  8692.25  1.02242196
  8693.09961  1.02724397
  8693.94922  1.02376664
  8694.7998  1.02137411
  8695.64941  1.03099942
  8696.5  1.03569865
  8697.34961  1.03210855
  8698.19922  1.00740194
  8699.0498  0.981856704
  8699.89941  0.992423356
  8700.75  1.02230287
  8701.59961  1.02957785
  8702.44922  1.01066852
  8703.2998  0.998836756
  8704.14941  1.01517344
  8705.  1.02890325
  8705.84961  1.02541828
  8706.69922  1.02426219
  8707.5498  1.034868
  8708.39941  1.03646719
  8709.25  0.999284863
  8710.09961  0.966732681
  8710.94922  0.990186036
  8711.7998  0.996851981
  8712.64941  0.961245
  8713.5  0.971062183
  8714.34961  1.01594889
  8715.19922  1.0429405
  8716.0498  1.04443836
  8716.89941  1.01479316
  8717.75  0.992593169
  8718.59961  1.01366365
  8719.44922  1.04286182
  8720.2998  1.04099679
  8721.14941  1.03755057
  8722.  1.04075491
  8722.84961  1.03228772
  8723.69922  1.02091837
  8724.5498  1.02361572
  8725.39941  1.02671301
  8726.25  1.02541602
  8727.09961  1.00759768
  8727.94922  0.97331053
  8728.7998  0.960602224
  8729.64941  0.980723739
  8730.5  1.00534177
  8731.34961  1.03029013
  8732.19922  1.04387951
  8733.0498  1.04699254
  8733.89941  1.0363667
  8734.75  1.00220835
  8735.59961  0.957924485
  8736.44922  0.967105806
  8737.2998  1.01516294
  8738.14941  1.03567851
  8739.  1.03426301
  8739.84961  1.0210129
  8740.69922  1.00074279
  8741.5498  0.972626865
  8742.39941  0.975679576
  8743.25  1.0096879
  8744.09961  1.03017437
  8744.94922  1.02428591
  8745.7998  1.01907134
  8746.64941  1.00962496
  8747.5  1.00169909
  8748.34961  1.01240659
  8749.19922  1.02270567
  8750.0498  1.0026257
  8750.89941  0.960516989
  8751.75  0.94220072
  8752.59961  0.957602262
  8753.44922  0.995786309
  8754.2998  1.03450215
  8755.14941  1.04713082
  8756.  1.01392126
  8756.84961  0.970465541
  8757.69922  0.984389424
  8758.5498  1.02975321
  8759.39941  1.04930735
  8760.25  1.04996037
  8761.09961  1.05109
  8761.94922  1.05248356
  8762.7998  1.02706182
  8763.64941  0.985688329
  8764.5  0.989492476
  8765.34961  1.01707923
  8766.19922  1.01757252
  8767.0498  1.01599705
  8767.89941  1.03862369
  8768.75  1.05139983
  8769.59961  1.03388691
  8770.44922  1.01935279
  8771.2998  1.02361786
  8772.14941  1.00041175
  8773.  0.948463738
  8773.84961  0.95380491
  8774.69922  1.00879538
  8775.5498  1.03934252
  8776.39941  1.04691279
  8777.25  1.05141282
  8778.09961  1.03490627
  8778.94922  1.0187465
  8779.7998  1.01718068
  8780.64941  1.01902223
  8781.5  1.03038681
  8782.34961  1.04304707
  8783.19922  1.03907764
  8784.0498  1.02294981
  8784.89941  1.02836072
  8785.75  1.04668915
  8786.59961  1.04913807
  8787.44922  1.04707241
  8788.2998  1.03879726
  8789.14941  1.001104
  8790.  0.956832409
  8790.84961  0.968660176
  8791.69922  0.999715984
  8792.5498  0.965387821
  8793.39941  0.944930375
  8794.25  0.994633973
  8795.09961  1.03015542
  8795.94922  1.01611364
  8796.7998  1.01024199
  8797.64941  1.02478838
  8798.5  1.03962672
  8799.34961  1.05208933
  8800.19922  1.0490154
  8801.0498  1.03827751
  8801.89941  1.04080808
  8802.75  1.03594899
  8803.59961  0.995762765
  8804.44922  0.959455311
  8805.2998  0.923606515
  8806.14941  0.826726198
  8807.  0.79875493
  8807.84961  0.891177416
  8808.69922  0.962256134
  8809.5498  0.991756618
  8810.39941  1.02531946
  8811.25  1.04355788
  8812.09961  1.03721786
  8812.94922  1.03090572
  8813.7998  1.03557312
  8814.64941  1.04251254
  8815.5  1.03989899
  8816.34961  1.03430891
  8817.19922  1.03086007
  8818.0498  1.02436662
  8818.89941  1.01023364
  8819.75  1.00910091
  8820.59961  1.02583158
  8821.44922  1.0345093
  8822.2998  1.01669729
  8823.14941  0.956885815
  8824.  0.911295235
  8824.84961  0.949128866
  8825.69922  1.01001167
  8826.5498  1.03323328
  8827.39941  1.03460932
  8828.25  1.0348767
  8829.09961  1.03708065
  8829.94922  1.04019475
  8830.7998  1.04002619
  8831.64941  1.03621113
  8832.5  1.02316785
  8833.34961  1.01507318
  8834.19922  1.02452362
  8835.0498  1.01614106
  8835.89941  0.990432799
  8836.75  0.981739521
  8837.59961  0.961174786
  8838.44922  0.959352612
  8839.2998  1.00572324
  8840.14941  1.03674567
  8841.  1.0306474
  8841.84961  1.02137744
  8842.69922  1.02600515
  8843.5498  1.02957332
  8844.39941  1.02986538
  8845.25  1.02836442
  8846.09961  1.0047493
  8846.94922  1.0007267
  8847.7998  1.02921009
  8848.64941  1.04087222
  8849.5  1.03909314
  8850.34961  1.03605151
  8851.19922  1.03386796
  8852.0498  1.03212798
  8852.89941  1.02953851
  8853.75  1.03515899
  8854.59961  1.03880525
  8855.44922  1.03840959
  8856.2998  1.03746462
  8857.14941  1.02819479
  8858.  1.01891267
  8858.84961  1.01319659
  8859.69922  1.01019943
  8860.5498  1.01565981
  8861.39941  1.00001359
  8862.25  0.967735469
  8863.09961  0.966596246
  8863.94922  0.998349965
  8864.7998  1.02162755
  8865.64941  1.00537944
  8866.5  0.950062633
  8867.34961  0.938842654
  8868.19922  0.963995576
  8869.0498  1.00370002
  8869.89941  1.03319895
  8870.75  1.0454067
  8871.59961  1.04134071
  8872.44922  1.03187406
  8873.2998  1.02579093
  8874.14941  1.01763308
  8875.  1.01026356
  8875.84961  1.000319
  8876.69922  1.0079391
  8877.5498  1.00844717
  8878.39941  0.980886281
  8879.25  0.967970073
  8880.09961  0.995878279
  8880.94922  1.01965725
  8881.7998  1.01660383
  8882.64941  1.02020347
  8883.5  1.01007652
  8884.34961  0.999005198
  8885.19922  1.01754999
  8886.0498  1.03235066
  8886.89941  1.02760649
  8887.75  1.03706801
  8888.59961  1.04685402
  8889.44922  1.05143452
  8890.2998  1.03877056
  8891.14941  1.0092386
  8892.  0.976682484
  8892.84961  0.982512534
  8893.69922  1.01055813
  8894.5498  1.02167845
  8895.39941  1.02297163
  8896.25  1.01839304
  8897.09961  1.00995755
  8897.94922  1.00823748
  8898.7998  1.00485909
  8899.64941  1.00599945
  8900.5  1.0160352
  8901.34961  1.03790891
  8902.19922  1.04030967
  8903.0498  1.03175223
  8903.89941  1.03220606
  8904.75  1.03410733
  8905.59961  1.02370822
  8906.44922  1.02637935
  8907.2998  1.03488338
  8908.14941  1.03313804
  8909.  1.02323794
  8909.84961  1.03093708
  8910.69922  1.03018069
  8911.5498  0.998861194
  8912.39941  0.998015106
  8913.25  1.02321482
  8914.09961  1.03249645
  8914.94922  1.02946162
  8915.7998  1.02057636
  8916.64941  1.01011968
  8917.5  0.998287976
  8918.34961  1.00552249
  8919.19922  0.992268384
  8920.0498  0.980972409
  8920.89941  1.01297784
  8921.75  1.02427745
  8922.59961  1.00557268
  8923.44922  0.98553741
  8924.2998  0.990060806
  8925.14941  0.993572474
  8926.  0.989526689
  8926.84961  0.976844668
  8927.69922  0.979029834
  8928.5498  0.963157654
  8929.39941  0.938724756
  8930.25  0.950181782
  8931.09961  0.975288212
  8931.94922  0.994996965
  8932.7998  1.00529599
  8933.64941  0.977854133
  8934.5  0.961770535
  8935.34961  0.997293949
  8936.19922  1.02933407
  8937.0498  1.0438087
  8937.89941  1.05678654
  8938.75  1.05251777
  8939.59961  1.01073515
  8940.44922  0.968190908
  8941.2998  0.970952094
  8942.14941  0.953085005
  8943.  0.935247958
  8943.84961  0.960725009
  8944.69922  0.960310996
  8945.5498  0.901716709
  8946.39941  0.839122474
  8947.25  0.8602193
  8948.09961  0.907862723
  8948.94922  0.918507516
  8949.7998  0.956859708
  8950.64941  0.983365655
  8951.5  0.946454525
  8952.34961  0.919029832
  8953.19922  0.93159759
  8954.0498  0.867094576
  8954.89941  0.799863875
  8955.75  0.876805723
  8956.59961  0.981061578
  8957.44922  0.985555232
  8958.2998  0.942792952
  8959.14941  0.933315039
  8960.  0.954239488
  8960.84961  0.958924055
  8961.69922  0.864518464
  8962.5498  0.749042094
  8963.39941  0.769837797
  8964.25  0.85909915
  8965.09961  0.820046782
  8965.94922  0.737797201
  8966.7998  0.793001413
  8967.64941  0.90886879
  8968.5  0.969059706
  8969.34961  0.985015869
  8970.19922  0.941808283
  8971.0498  0.784422398
  8971.89941  0.735399008
  8972.75  0.830089331
  8973.59961  0.860522985
  8974.44922  0.785048008
  8975.2998  0.790378392
  8976.14941  0.857492745
  8977.  0.922382057
  8977.84961  0.970735192
  8978.69922  0.97008729
  8979.5498  0.890465975
  8980.39941  0.753528297
  8981.25  0.779108822
  8982.09961  0.920152664
  8982.94922  1.00228858
  8983.7998  1.00852299
  8984.64941  0.987432659
  8985.5  0.934302628
  8986.34961  0.759934127
  8987.19922  0.5702492
  8988.0498  0.569100678
  8988.89941  0.647229373
  8989.75  0.722795546
  8990.59961  0.651446283
  8991.44922  0.516514719
  8992.2998  0.603211284
  8993.14941  0.810115278
  8994.  0.950910032
  8994.84961  1.01047528
  8995.69922  1.02452505
  8996.5498  1.01594901
  8997.39941  1.01986647
  8998.25  0.994335413
  8999.09961  0.852627218
  8999.94922  0.647978544
  9000.7998  0.62000972
  9001.64941  0.813288808
  9002.5  0.922852278
  9003.34961  0.790890455
  9004.19922  0.736379325
  9005.0498  0.864179254
  9005.89941  0.922002733
  9006.75  0.802705467
  9007.59961  0.686624587
  9008.44922  0.73186934
  9009.2998  0.807730019
  9010.14941  0.852226853
  9011.  0.832159221
  9011.84961  0.738579392
  9012.69922  0.780676842
  9013.5498  0.858067155
  9014.39941  0.8923015
  9015.25  0.876761973
  9016.09961  0.740197182
  9016.94922  0.616380215
  9017.7998  0.727766752
  9018.64941  0.885361254
  9019.5  0.952860236
