  8348.84961  1.12689269
  8349.69922  1.12868917
  8350.5498  1.11370111
  8351.39941  1.08286166
  8352.25  1.07872272
  8353.09961  1.09808147
  8353.94922  1.10970783
  8354.7998  1.09962702
  8355.64941  1.08353388
  8356.5  1.08062029
  8357.34961  1.0888797
  8358.19922  1.09191501
  8359.0498  1.06946659
  8359.89941  1.06156635
  8360.75  1.08118832
  8361.59961  1.09379685
  8362.44922  1.09656537
  8363.2998  1.08878219
  8364.14941  1.06602228
  8365.  1.06406426
  8365.84961  1.08851194
  8366.69922  1.09989285
  8367.5498  1.10043907
  8368.39941  1.09731078
  8369.25  1.08864522
  8370.09961  1.09504807
  8370.94922  1.11290967
  8371.7998  1.10707664
  8372.64941  1.10063374
  8373.5  1.09570384
  8374.34961  1.10117769
  8375.19922  1.0959692
  8376.0498  1.08642709
  8376.89941  1.08298445
  8377.75  1.06837952
  8378.59961  1.05999148
  8379.44922  1.07055199
  8380.2998  1.08600831
  8381.14941  1.08908725
  8382.  1.09095156
  8382.84961  1.09137142
  8383.69922  1.08774722
  8384.5498  1.08679008
  8385.39941  1.09066379
  8386.25  1.07003796
  8387.09961  1.04247868
  8387.94922  1.03063798
  8388.7998  1.05913842
  8389.64941  1.07664263
  8390.5  1.08646798
  8391.34961  1.08679593
  8392.19922  1.08512723
  8393.0498  1.0854007
  8393.89941  1.08257997
  8394.75  1.08369637
  8395.59961  1.08192265
  8396.44922  1.07743251
  8397.2998  1.07154655
  8398.14941  1.06966043
  8399.  1.07119524
  8399.84961  1.07747984
  8400.69922  1.09014702
  8401.5498  1.0952872
  8402.39941  1.08598697
  8403.25  1.0757395
  8404.09961  1.07387114
  8404.94922  1.07597589
  8405.7998  1.07603538
  8406.64941  1.07305741
  8407.5  1.06842184
  8408.34961  1.07139385
  8409.19922  1.07769907
  8410.0498  1.07465208
  8410.89941  1.07229698
  8411.75  1.07358277
  8412.59961  1.07996404
  8413.44922  1.07966053
  8414.2998  1.08023536
  8415.14941  1.07757854
  8416.  1.07819188
  8416.84961  1.07216322
  8417.69922  1.06315672
  8418.5498  1.06184566
  8419.39941  1.06318617
  8420.25  1.05446053
  8421.09961  1.05432379
  8421.94922  1.06621039
  8422.7998  1.07601523
  8423.64941  1.08157277
  8424.5  1.07925582
  8425.34961  1.05089951
  8426.19922  1.05675411
  8427.0498  1.07805395
  8427.89941  1.08380616
  8428.75  1.08245265
  8429.59961  1.07564807
  8430.44922  1.07147765
  8431.2998  1.07018054
  8432.14941  1.06528533
  8433.  1.05523455
  8433.84961  1.05021584
  8434.69922  1.05670404
  8435.5498  1.05813229
  8436.39941  1.05543149
  8437.25  1.05977166
  8438.09961  1.05792177
  8438.94922  1.052737
  8439.7998  1.05713987
  8440.64941  1.0665549
  8441.5  1.0687443
  8442.34961  1.06893253
  8443.19922  1.07405138
  8444.0498  1.07596147
  8444.89941  1.06045103
  8445.75  1.04031396
  8446.59961  1.03538764
  8447.44922  1.04686892
  8448.2998  1.0625999
  8449.14941  1.06013095
  8450.  1.04902816
  8450.84961  1.05052996
  8451.69922  1.06836355
  8452.5498  1.07262814
  8453.39941  1.06878936
  8454.25  1.07075822
  8455.09961  1.0713414
  8455.94922  1.06640887
  8456.7998  1.06880069
  8457.64941  1.07200849
  8458.5  1.07392716
  8459.34961  1.06809568
  8460.19922  1.06865251
  8461.0498  1.06795144
  8461.89941  1.06861794
  8462.75  1.06448555
  8463.59961  1.0592258
  8464.44922  1.05229235
  8465.2998  1.05541158
  8466.14941  1.05790138
  8467.  1.05581689
  8467.84961  1.04992843
  8468.69922  1.02703285
  8469.5498  1.05022883
  8470.39941  1.07073903
  8471.25  1.06311464
  8472.09961  1.05156147
  8472.94922  1.04676175
  8473.7998  1.04540145
  8474.64941  1.05746031
  8475.5  1.06574154
  8476.34961  1.05992615
  8477.19922  1.06504536
  8478.0498  1.06577516
  8478.89941  1.07871652
  8479.75  1.07369649
  8480.59961  1.0591228
  8481.44922  1.05670738
  8482.2998  1.05511832
  8483.14941  1.05073786
  8484.  1.05077291
  8484.84961  1.05156684
  8485.69922  1.04663372
  8486.5498  1.05177677
  8487.39941  1.05476153
  8488.25  1.04697788
  8489.09961  1.046188
  8489.94922  1.0546937
  8490.7998  1.0541811
  8491.64941  1.04479551
  8492.5  1.04688907
  8493.34961  1.05097735
  8494.19922  1.04135895
  8495.0498  1.03933966
  8495.89941  1.01774883
  8496.75  0.92642951
  8497.59961  0.819087923
  8498.44922  0.830894649
  8499.2998  0.943097353
  8500.14941  1.01982558
  8501.  1.03709364
  8501.84961  1.02566063
  8502.69922  1.02672625
  8503.5498  1.0399195
  8504.39941  1.04390442
  8505.25  1.04869223
  8506.09961  1.05730772
  8506.94922  1.06484592
  8507.7998  1.05965424
  8508.64941  1.05842292
  8509.5  1.06126463
  8510.34961  1.05222559
  8511.19922  1.05456603
  8512.0498  1.06542659
  8512.89941  1.06020463
  8513.75  1.03018916
  8514.59961  1.01668787
  8515.44922  1.0310148
  8516.2998  1.04451394
  8517.14941  1.04952431
  8518.  1.04448903
  8518.84961  1.04613984
  8519.69922  1.0552417
  8520.5498  1.05163896
  8521.39941  1.0383842
  8522.25  1.03888047
  8523.09961  1.03540039
  8523.94922  1.03115892
  8524.7998  1.03597033
  8525.64941  1.03606534
  8526.5  1.03139925
  8527.34961  1.03600001
  8528.19922  1.03881574
  8529.0498  1.03983748
  8529.89941  1.04716253
  8530.75  1.04260945
  8531.59961  1.04358876
  8532.44922  1.03746283
  8533.2998  1.0353334
  8534.14941  1.04114497
  8535.  1.04261374
  8535.84961  1.03378642
  8536.69922  1.01345718
  8537.5498  0.999611974
  8538.39941  0.984522343
  8539.25  0.942662001
  8540.09961  0.854854226
  8540.94922  0.728495717
  8541.7998  0.623766422
  8542.64941  0.656845748
  8543.5  0.780735314
  8544.34961  0.882429779
  8545.19922  0.949382901
  8546.0498  0.985663891
  8546.89941  1.00723314
  8547.75  1.02092302
  8548.59961  1.02932465
  8549.44922  1.03250539
  8550.2998  1.03036737
  8551.14941  1.03361893
  8552.  1.03868306
  8552.84961  1.04302657
  8553.69922  1.04859352
  8554.5498  1.04408538
  8555.39941  1.0269469
  8556.25  1.01138461
  8557.09961  1.01782548
  8557.94922  1.03993905
  8558.7998  1.04910243
  8559.64941  1.04637039
  8560.5  1.03716481
  8561.34961  1.03809035
  8562.19922  1.04849911
  8563.0498  1.04799366
  8563.89941  1.04344988
  8564.75  1.03705072
  8565.59961  1.02701509
  8566.44922  1.03304744
  8567.2998  1.04583991
  8568.14941  1.05220068
  8569.  1.05011261
  8569.84961  1.04742694
  8570.69922  1.03632712
  8571.5498  1.03530502
  8572.39941  1.03241253
  8573.25  1.02751064
  8574.09961  1.02904403
  8574.94922  1.03606129
  8575.7998  1.04281664
  8576.64941  1.04592752
  8577.5  1.04551506
  8578.34961  1.03376186
  8579.19922  1.03116596
  8580.0498  1.03363967
  8580.89941  1.03522897
  8581.75  1.0262115
  8582.59961  1.02881527
  8583.44922  1.02986717
  8584.2998  1.02473795
  8585.14941  1.02619278
  8586.  1.02440202
  8586.84961  1.01351571
  8587.69922  1.02510381
  8588.5498  1.04651582
  8589.39941  1.05012298
  8590.25  1.03014922
  8591.09961  1.01281345
  8591.94922  1.01294374
  8592.7998  1.01805639
  8593.64941  1.024876
  8594.5  1.02920711
  8595.34961  1.03672993
  8596.19922  1.02643561
  8597.0498  1.02133358
  8597.89941  1.02938533
  8598.75  1.02630329
  8599.59961  1.02029872
  8600.44922  1.02480042
  8601.2998  1.03390539
  8602.14941  1.03572619
  8603.  1.03743136
  8603.84961  1.03099823
  8604.69922  1.02267241
  8605.5498  1.02549958
  8606.39941  1.03520787
  8607.25  1.02609992
  8608.09961  1.01517701
  8608.94922  1.02334499
  8609.7998  1.02178013
  8610.64941  1.01931226
  8611.5  1.01832974
  8612.34961  1.00995219
  8613.19922  1.01398945
  8614.0498  1.02926648
  8614.89941  1.03777134
  8615.75  1.04047191
  8616.59961  1.03369331
  8617.44922  1.03063476
  8618.2998  1.03098369
  8619.14941  1.03041172
  8620.  1.04098046
  8620.84961  1.03395844
  8621.69922  1.02076054
  8622.5498  1.02095211
  8623.39941  1.03025615
  8624.25  1.043625
  8625.09961  1.03322661
  8625.94922  1.01849079
  8626.7998  1.01855016
  8627.64941  1.02238119
  8628.5  1.02029967
  8629.34961  1.01878488
  8630.19922  1.02580655
  8631.0498  1.03146565
  8631.89941  1.03015625
  8632.75  1.02641785
  8633.59961  1.02619433
  8634.44922  1.02514172
  8635.2998  1.02177989
  8636.14941  1.013116
  8637.  1.01411748
  8637.84961  1.01833212
  8638.69922  1.01183712
  8639.5498  1.01479149
  8640.39941  1.03000045
  8641.25  1.03583086
  8642.09961  1.02484584
  8642.94922  1.01369309
  8643.7998  1.01197433
  8644.64941  1.00637734
  8645.5  1.00777709
  8646.34961  1.02151489
  8647.19922  1.02077675
  8648.0498  1.00261068
  8648.89941  1.00150371
  8649.75  1.02653062
  8650.59961  1.02034771
  8651.44922  1.00194025
  8652.2998  1.0039326
  8653.14941  1.01241887
  8654.  1.01306009
  8654.84961  1.00874078
  8655.69922  1.01439548
  8656.5498  1.00384271
  8657.39941  0.97090286
  8658.25  0.960741222
  8659.09961  0.951757669
  8659.94922  0.901100338
  8660.7998  0.796702564
  8661.64941  0.677214444
  8662.5  0.660003185
  8663.34961  0.775647461
  8664.19922  0.891922534
  8665.0498  0.951679111
  8665.89941  0.97745949
  8666.75  0.985459626
  8667.59961  0.990691364
  8668.44922  1.00183201
  8669.2998  0.996126413
  8670.14941  0.995017886
  8671.  0.999181628
  8671.84961  0.994642675
  8672.69922  0.987153888
  8673.5498  0.976878643
  8674.39941  0.971526086
  8675.25  0.975771964
  8676.09961  0.990554631
  8676.94922  0.9940961
  8677.7998  1.0031538
  8678.64941  1.00388837
  8679.5  1.00224721
  8680.34961  0.998058915
  8681.19922  1.00204849
  8682.0498  0.995487928
  8682.89941  0.993011117
  8683.75  0.998510957
  8684.59961  0.997618258
  8685.44922  0.994339049
  8686.2998  0.991449654
  8687.14941  0.985627234
  8688.  0.959902823
  8688.84961  0.939791858
  8689.69922  0.976324499
  8690.5498  0.993268847
  8691.39941  0.999400854
  8692.25  1.00045824
  8693.09961  1.01245761
  8693.94922  1.0146836
  8694.7998  1.00998425
  8695.64941  1.01381898
  8696.5  1.00501764
  8697.34961  1.00211775
  8698.19922  0.991670072
  8699.0498  0.989933133
  8699.89941  1.00022054
  8700.75  1.0108304
  8701.59961  1.00359392
  8702.44922  0.987214625
  8703.2998  0.980145752
  8704.14941  0.987748265
  8705.  1.00490844
  8705.84961  1.00669837
  8706.69922  1.00698054
  8707.5498  0.988801599
  8708.39941  0.982522309
  8709.25  0.981395841
  8710.09961  0.980693758
  8710.94922  0.981829166
  8711.7998  0.982141912
  8712.64941  0.985204101
  8713.5  0.981419563
  8714.34961  0.988728166
  8715.19922  0.994414747
  8716.0498  0.993458748
  8716.89941  0.988491714
  8717.75  0.977862954
  8718.59961  0.977569044
  8719.44922  0.985012174
  8720.2998  0.988852143
  8721.14941  0.983616769
  8722.  0.981526732
  8722.84961  0.9807567
  8723.69922  0.986929476
  8724.5498  0.984594762
  8725.39941  0.981637895
  8726.25  0.986252069
  8727.09961  0.975382626
  8727.94922  0.953123271
  8728.7998  0.96954
  8729.64941  0.974050105
  8730.5  0.974615932
  8731.34961  0.978070378
  8732.19922  0.975888193
  8733.0498  0.972842276
  8733.89941  0.967892826
  8734.75  0.959748745
  8735.59961  0.953698397
  8736.44922  0.960269392
  8737.2998  0.972803175
  8738.14941  0.985348284
  8739.  0.991732955
  8739.84961  0.990795135
  8740.69922  0.981107473
  8741.5498  0.976556003
  8742.39941  0.972917199
  8743.25  0.977957726
  8744.09961  0.983059883
  8744.94922  0.979333878
  8745.7998  0.975796819
  8746.64941  0.973706663
  8747.5  0.978841245
  8748.34961  0.976065755
  8749.19922  0.971820772
  8750.0498  0.954790294
  8750.89941  0.942458868
  8751.75  0.942728519
  8752.59961  0.957661033
  8753.44922  0.967935443
  8754.2998  0.974059165
  8755.14941  0.972569585
  8756.  0.971291006
  8756.84961  0.962687135
  8757.69922  0.963080704
  8758.5498  0.9797104
  8759.39941  0.985690832
  8760.25  0.981789052
  8761.09961  0.986177444
  8761.94922  0.995093226
  8762.7998  0.989937842
  8763.64941  0.973867595
  8764.5  0.963724792
  8765.34961  0.963817596
  8766.19922  0.970687687
  8767.0498  0.978706896
  8767.89941  0.981305122
  8768.75  0.981510699
  8769.59961  0.987779737
  8770.44922  0.980865717
  8771.2998  0.981496871
  8772.14941  0.981397271
  8773.  0.971554935
  8773.84961  0.96899426
  8774.69922  0.97587955
  8775.5498  0.984513104
  8776.39941  0.97880137
  8777.25  0.976564586
  8778.09961  0.9896819
  8778.94922  0.98331356
  8779.7998  0.972443879
  8780.64941  0.977353096
  8781.5  0.982977808
  8782.34961  0.976275802
  8783.19922  0.9705773
  8784.0498  0.980489314
  8784.89941  0.983271182
  8785.75  0.966655493
  8786.59961  0.962275982
  8787.44922  0.968407929
  8788.2998  0.971292377
  8789.14941  0.96736902
  8790.  0.963214457
  8790.84961  0.966993332
  8791.69922  0.975663066
  8792.5498  0.96750176
  8793.39941  0.969428897
  8794.25  0.984955013
  8795.09961  0.987394691
  8795.94922  0.976358473
  8796.7998  0.969849288
  8797.64941  0.975088239
  8798.5  0.97672838
  8799.34961  0.969899595
  8800.19922  0.971718431
  8801.0498  0.974607825
  8801.89941  0.979197621
  8802.75  0.976723254
  8803.59961  0.965848804
  8804.44922  0.955057919
  8805.2998  0.927908182
  8806.14941  0.894086003
  8807.  0.897963822
  8807.84961  0.939037859
  8808.69922  0.953789949
  8809.5498  0.945410252
  8810.39941  0.955017984
  8811.25  0.972152412
  8812.09961  0.96258527
  8812.94922  0.954609513
  8813.7998  0.950853109
  8814.64941  0.950850248
  8815.5  0.969141424
  8816.34961  0.962943614
  8817.19922  0.950610638
  8818.0498  0.947034478
  8818.89941  0.950332105
  8819.75  0.953163147
  8820.59961  0.954464316
  8821.44922  0.945886314
  8822.2998  0.937287927
  8823.14941  0.922877014
  8824.  0.908053994
  8824.84961  0.933521867
  8825.69922  0.946471095
  8826.5498  0.940629125
  8827.39941  0.940864086
  8828.25  0.949140847
  8829.09961  0.964580238
  8829.94922  0.967946589
  8830.7998  0.968100131
  8831.64941  0.950229287
  8832.5  0.947101593
  8833.34961  0.95939678
  8834.19922  0.962193727
  8835.0498  0.958625197
  8835.89941  0.945506334
  8836.75  0.946285784
  8837.59961  0.94128716
  8838.44922  0.938848138
  8839.2998  0.939990163
  8840.14941  0.946759582
  8841.  0.96277982
  8841.84961  0.967294991
  8842.69922  0.973718882
  8843.5498  0.977060556
  8844.39941  0.967187762
  8845.25  0.951745808
  8846.09961  0.943341255
  8846.94922  0.947972775
  8847.7998  0.949669242
  8848.64941  0.9444381
  8849.5  0.945529699
  8850.34961  0.949008882
  8851.19922  0.954549611
  8852.0498  0.959561765
  8852.89941  0.959049463
  8853.75  0.945407212
  8854.59961  0.9477368
  8855.44922  0.950242519
  8856.2998  0.950309098
  8857.14941  0.952892601
  8858.  0.946839929
  8858.84961  0.94799453
  8859.69922  0.941132665
  8860.5498  0.929182589
  8861.39941  0.916833341
  8862.25  0.902754307
  8863.09961  0.920029938
  8863.94922  0.932834744
  8864.7998  0.933265388
  8865.64941  0.923453391
  8866.5  0.916723311
  8867.34961  0.926799893
  8868.19922  0.937115788
  8869.0498  0.951590359
  8869.89941  0.956522167
  8870.75  0.953491807
  8871.59961  0.942929745
  8872.44922  0.948364377
  8873.2998  0.957956195
  8874.14941  0.96378541
  8875.  0.94997716
  8875.84961  0.942288816
  8876.69922  0.941059709
  8877.5498  0.934367836
  8878.39941  0.948183715
  8879.25  0.949790478
  8880.09961  0.944492638
  8880.94922  0.94937861
  8881.7998  0.945085227
  8882.64941  0.949240923
  8883.5  0.953650057
  8884.34961  0.942690194
  8885.19922  0.954814851
  8886.0498  0.948906898
  8886.89941  0.955902636
  8887.75  0.959694028
  8888.59961  0.954458356
  8889.44922  0.937730372
  8890.2998  0.944623351
  8891.14941  0.955591679
  8892.  0.94686389
  8892.84961  0.944738448
  8893.69922  0.965455294
  8894.5498  0.969338238
  8895.39941  0.956421435
  8896.25  0.962895811
  8897.09961  0.950611651
  8897.94922  0.937611401
  8898.7998  0.935010493
  8899.64941  0.950811207
  8900.5  0.959597886
  8901.34961  0.960286021
  8902.19922  0.95051378
  8903.0498  0.950807631
  8903.89941  0.957967579
  8904.75  0.96419853
  8905.59961  0.966197133
  8906.44922  0.956233859
  8907.2998  0.952299476
  8908.14941  0.959544003
  8909.  0.95099175
  8909.84961  0.935238421
  8910.69922  0.940761745
  8911.5498  0.930851996
  8912.39941  0.935355067
  8913.25  0.956446111
  8914.09961  0.964577556
  8914.94922  0.959056973
  8915.7998  0.943318129
  8916.64941  0.949869335
  8917.5  0.951680362
  8918.34961  0.944570065
  8919.19922  0.945020497
  8920.0498  0.950852931
  8920.89941  0.958913565
  8921.75  0.957628787
  8922.59961  0.952415049
  8923.44922  0.931449115
  8924.2998  0.922380924
  8925.14941  0.934031248
  8926.  0.922634423
  8926.84961  0.912626803
  8927.69922  0.914544404
  8928.5498  0.934153199
  8929.39941  0.94281286
  8930.25  0.935933888
  8931.09961  0.901883781
  8931.94922  0.891409576
  8932.7998  0.9018538
  8933.64941  0.932489157
  8934.5  0.93840915
  8935.34961  0.93100667
  8936.19922  0.926107585
  8937.0498  0.915787399
  8937.89941  0.926669538
  8938.75  0.943061352
  8939.59961  0.960700214
  8940.44922  0.967213511
  8941.2998  0.943482459
  8942.14941  0.916302502
  8943.  0.901957929
  8943.84961  0.911578357
  8944.69922  0.926208377
  8945.5498  0.925439954
  8946.39941  0.923065543
  8947.25  0.922809899
  8948.09961  0.908677518
  8948.94922  0.889851213
  8949.7998  0.891088307
  8950.64941  0.910121322
  8951.5  0.929742098
  8952.34961  0.933203876
  8953.19922  0.908608317
  8954.0498  0.872142792
  8954.89941  0.860487759
  8955.75  0.855085254
  8956.59961  0.82205832
  8957.44922  0.817420542
  8958.2998  0.865885854
  8959.14941  0.925209999
  8960.  0.928974509
  8960.84961  0.912256718
  8961.69922  0.917638481
  8962.5498  0.930386126
  8963.39941  0.900382459
  8964.25  0.807216585
  8965.09961  0.744576275
  8965.94922  0.761828482
  8966.7998  0.789632082
  8967.64941  0.773948193
  8968.5  0.779374838
  8969.34961  0.848511457
  8970.19922  0.900096238
  8971.0498  0.908738852
  8971.89941  0.900700569
  8972.75  0.843754709
  8973.59961  0.743722677
  8974.44922  0.744715929
  8975.2998  0.793810129
  8976.14941  0.809247255
  8977.  0.805075467
  8977.84961  0.850627244
  8978.69922  0.89181602
  8979.5498  0.921242356
  8980.39941  0.9557392
  8981.25  0.931878507
  8982.09961  0.839385867
  8982.94922  0.739945829
  8983.7998  0.792549074
  8984.64941  0.880255103
  8985.5  0.934072614
  8986.34961  0.94976455
  8987.19922  0.915728569
  8988.0498  0.829146087
  8988.89941  0.688215554
  8989.75  0.607451499
  8990.59961  0.636957943
  8991.44922  0.68223089
  8992.2998  0.704774082
  8993.14941  0.629878581
  8994.  0.590913713
  8994.84961  0.678784072
  8995.69922  0.803993881
  8996.5498  0.900699139
  8997.39941  0.928992748
  8998.25  0.915596545
  8999.09961  0.901228011
  8999.94922  0.901379406
  9000.7998  0.895341396
  9001.64941  0.808547378
  9002.5  0.688238323
  9003.34961  0.703325331
  9004.19922  0.812633216
  9005.0498  0.814603925
  9005.89941  0.731817484
  9006.75  0.741422474
  9007.59961  0.839906931
  9008.44922  0.867166996
  9009.2998  0.792106152
  9010.14941  0.744576633
  9011.  0.790495157
  9011.84961  0.834990382
  9012.69922  0.858379006
  9013.5498  0.799059212
  9014.39941  0.748967946
  9015.25  0.81543082
  9016.09961  0.864371002
  9016.94922  0.86950773
  9017.7998  0.817610025
  9018.64941  0.702348411
  9019.5  0.657045364
