  8348.84961  0.981889725
  8349.69922  0.981565952
  8350.5498  1.03363228
  8351.39941  1.07579887
  8352.25  1.07481885
  8353.09961  1.04167688
  8353.94922  1.01716864
  8354.7998  1.0262351
  8355.64941  1.03642142
  8356.5  1.0429554
  8357.34961  1.00157547
  8358.19922  0.983371496
  8359.0498  1.03060305
  8359.89941  1.0440259
  8360.75  1.04111254
  8361.59961  1.04155302
  8362.44922  0.996644139
  8363.2998  0.963497877
  8364.14941  0.978513777
  8365.  1.00235927
  8365.84961  1.0345633
  8366.69922  1.06171846
  8367.5498  1.04964685
  8368.39941  1.04312789
  8369.25  1.05235076
  8370.09961  1.05399537
  8370.94922  1.05607605
  8371.7998  1.05975735
  8372.64941  1.06047833
  8373.5  1.04496503
  8374.34961  1.03591478
  8375.19922  1.04868364
  8376.0498  1.03521752
  8376.89941  0.98529464
  8377.75  0.976794899
  8378.59961  1.03648365
  8379.44922  1.0800029
  8380.2998  1.08121586
  8381.14941  1.05517733
  8382.  0.992757082
  8382.84961  0.937973797
  8383.69922  0.984986126
  8384.5498  1.02141798
  8385.39941  1.02328885
  8386.25  0.996295035
  8387.09961  0.963916242
  8387.94922  0.924481511
  8388.7998  0.999369204
  8389.64941  1.03697586
  8390.5  1.0405314
  8391.34961  1.05665612
  8392.19922  1.08446074
  8393.0498  1.08358169
  8393.89941  1.06446517
  8394.75  1.04261243
  8395.59961  1.03834426
  8396.44922  1.02474153
  8397.2998  1.02082694
  8398.14941  1.03303528
  8399.  1.050071
  8399.84961  1.05734527
  8400.69922  1.04176259
  8401.5498  1.02455556
  8402.39941  1.03972948
  8403.25  1.05612242
  8404.09961  1.04642546
  8404.94922  1.03606808
  8405.7998  1.03285015
  8406.64941  1.05090201
  8407.5  1.05813634
  8408.34961  1.04109645
  8409.19922  1.02889407
  8410.0498  1.03438807
  8410.89941  1.03488839
  8411.75  1.00686669
  8412.59961  0.999040723
  8413.44922  1.02348006
  8414.2998  1.04844916
  8415.14941  1.05368125
  8416.  1.03198743
  8416.84961  1.02140605
  8417.69922  1.02696073
  8418.5498  1.02276003
  8419.39941  1.01500964
  8420.25  1.0266645
  8421.09961  1.04180336
  8421.94922  1.03423178
  8422.7998  1.01772559
  8423.64941  1.02039337
  8424.5  1.02359354
  8425.34961  1.00437546
  8426.19922  0.963962793
  8427.0498  0.9879421
  8427.89941  1.04620683
  8428.75  1.06501603
  8429.59961  1.06179082
  8430.44922  1.06715763
  8431.2998  1.06017005
  8432.14941  1.05545926
  8433.  1.05964911
  8433.84961  1.01539516
  8434.69922  0.923789918
  8435.5498  0.920718431
  8436.39941  1.00622034
  8437.25  1.03400302
  8438.09961  1.0296663
  8438.94922  0.992185295
  8439.7998  0.992316127
  8440.64941  1.02103782
  8441.5  1.04661059
  8442.34961  1.05695271
  8443.19922  1.05613029
  8444.0498  1.04588187
  8444.89941  1.0444411
  8445.75  1.02845418
  8446.59961  1.01411605
  8447.44922  1.02712131
  8448.2998  1.04921329
  8449.14941  1.04232168
  8450.  1.02889812
  8450.84961  1.04650664
  8451.69922  1.06530619
  8452.5498  1.06914032
  8453.39941  1.07198846
  8454.25  1.06716681
  8455.09961  1.05046892
  8455.94922  1.03616238
  8456.7998  1.03791225
  8457.64941  1.04826581
  8458.5  1.05577421
  8459.34961  1.0481807
  8460.19922  1.04700875
  8461.0498  1.06284738
  8461.89941  1.07201672
  8462.75  1.07324922
  8463.59961  1.06478834
  8464.44922  1.04812169
  8465.2998  1.03124619
  8466.14941  1.02949989
  8467.  1.0198859
  8467.84961  0.969907343
  8468.69922  0.965767443
  8469.5498  1.02610075
  8470.39941  1.04402304
  8471.25  1.0310657
  8472.09961  1.02608955
  8472.94922  1.03980958
  8473.7998  1.05355489
  8474.64941  1.05788684
  8475.5  1.06118083
  8476.34961  1.05628061
  8477.19922  1.05791235
  8478.0498  1.06071424
  8478.89941  1.05083299
  8479.75  1.03432953
  8480.59961  1.02428162
  8481.44922  1.02849936
  8482.2998  1.02534842
  8483.14941  1.03422558
  8484.  1.04984117
  8484.84961  1.06003296
  8485.69922  1.06760848
  8486.5498  1.06972086
  8487.39941  1.0499717
  8488.25  1.04026031
  8489.09961  1.05578065
  8489.94922  1.06490147
  8490.7998  1.06264544
  8491.64941  1.05103981
  8492.5  1.02846253
  8493.34961  1.02086067
  8494.19922  1.02376044
  8495.0498  1.01499307
  8495.89941  0.95742774
  8496.75  0.81463784
  8497.59961  0.633969665
  8498.44922  0.677262068
  8499.2998  0.860677958
  8500.14941  0.973150134
  8501.  0.998186529
  8501.84961  0.986168087
  8502.69922  0.998025656
  8503.5498  1.01078212
  8504.39941  1.02197266
  8505.25  1.04059803
  8506.09961  1.05380559
  8506.94922  1.06562066
  8507.7998  1.07388663
  8508.64941  1.08181262
  8509.5  1.07217395
  8510.34961  1.04943001
  8511.19922  1.04047751
  8512.0498  1.03564656
  8512.89941  1.00624394
  8513.75  0.941119254
  8514.59961  0.924014151
  8515.44922  0.981491923
  8516.2998  1.02402353
  8517.14941  1.01464486
  8518.  1.00386524
  8518.84961  1.02456856
  8519.69922  1.04478526
  8520.5498  1.03256595
  8521.39941  1.03108728
  8522.25  1.03722048
  8523.09961  1.03546488
  8523.94922  1.04323041
  8524.7998  1.03296518
  8525.64941  1.0033344
  8526.5  0.987500072
  8527.34961  1.01003444
  8528.19922  1.03876829
  8529.0498  1.03833342
  8529.89941  1.03590453
  8530.75  1.04189336
  8531.59961  1.04172742
  8532.44922  1.03826129
  8533.2998  1.03132939
  8534.14941  1.02520263
  8535.  1.01132202
  8535.84961  0.980451822
  8536.69922  0.954989254
  8537.5498  0.920838714
  8538.39941  0.879003882
  8539.25  0.830212593
  8540.09961  0.733255982
  8540.94922  0.574104786
  8541.7998  0.426669806
  8542.64941  0.478366524
  8543.5  0.657752931
  8544.34961  0.789941609
  8545.19922  0.870307148
  8546.0498  0.922328055
  8546.89941  0.945974112
  8547.75  0.954158366
  8548.59961  0.970212936
  8549.44922  0.992696583
  8550.2998  1.00604653
  8551.14941  1.01355493
  8552.  1.02898395
  8552.84961  1.04337573
  8553.69922  1.04677749
  8554.5498  1.02533984
  8555.39941  1.0108186
  8556.25  0.998799682
  8557.09961  1.00192094
  8557.94922  1.03487599
  8558.7998  1.04488492
  8559.64941  1.04396224
  8560.5  1.04957998
  8561.34961  1.03209615
  8562.19922  1.02715218
  8563.0498  1.0352931
  8563.89941  1.04050243
  8564.75  1.04069781
  8565.59961  1.04292309
  8566.44922  1.0458281
  8567.2998  1.03645539
  8568.14941  1.03189111
  8569.  1.04126966
  8569.84961  1.05176842
  8570.69922  1.0545702
  8571.5498  1.03430057
  8572.39941  1.02999532
  8573.25  1.03021109
  8574.09961  1.02609026
  8574.94922  1.02336526
  8575.7998  1.04137349
  8576.64941  1.05233312
  8577.5  1.0613246
  8578.34961  1.05204439
  8579.19922  1.05081141
  8580.0498  1.05757523
  8580.89941  1.03885925
  8581.75  0.989994168
  8582.59961  0.975976765
  8583.44922  1.01361358
  8584.2998  1.03826678
  8585.14941  1.03967726
  8586.  1.04521716
  8586.84961  1.05103242
  8587.69922  1.04494119
  8588.5498  1.03458583
  8589.39941  1.02994132
  8590.25  1.02679706
  8591.09961  1.01870883
  8591.94922  1.01727295
  8592.7998  1.01540947
  8593.64941  1.02650487
  8594.5  1.0480305
  8595.34961  1.03930473
  8596.19922  1.02214372
  8597.0498  1.01627183
  8597.89941  1.00882173
  8598.75  1.0084933
  8599.59961  1.02421474
  8600.44922  1.04745531
  8601.2998  1.05273974
  8602.14941  1.04356611
  8603.  1.04182529
  8603.84961  1.04043889
  8604.69922  1.03977084
  8605.5498  1.04805243
  8606.39941  1.04718184
  8607.25  1.04000521
  8608.09961  1.04379654
  8608.94922  1.03991246
  8609.7998  1.02272308
  8610.64941  0.995181143
  8611.5  0.979634166
  8612.34961  1.00236261
  8613.19922  1.03885698
  8614.0498  1.04222858
  8614.89941  1.04648876
  8615.75  1.04223359
  8616.59961  1.02962935
  8617.44922  1.03964841
  8618.2998  1.04438543
  8619.14941  1.05549002
  8620.  1.06282544
  8620.84961  1.03004932
  8621.69922  0.987882137
  8622.5498  1.01440418
  8623.39941  1.03936994
  8624.25  1.06219268
  8625.09961  1.0590378
  8625.94922  1.04282713
  8626.7998  1.04688537
  8627.64941  1.05650473
  8628.5  1.05530584
  8629.34961  1.04009724
  8630.19922  1.04562354
  8631.0498  1.0404315
  8631.89941  1.02354622
  8632.75  1.03026056
  8633.59961  1.03417706
  8634.44922  1.03094363
  8635.2998  1.04480386
  8636.14941  1.04996908
  8637.  1.04725039
  8637.84961  1.04427028
  8638.69922  1.04371285
  8639.5498  1.04680753
  8640.39941  1.05281377
  8641.25  1.04467142
  8642.09961  1.02619743
  8642.94922  1.03431821
  8643.7998  1.04547918
  8644.64941  1.04637778
  8645.5  1.03662717
  8646.34961  1.03028536
  8647.19922  1.0243454
  8648.0498  0.977328002
  8648.89941  0.970956028
  8649.75  1.00915098
  8650.59961  1.0223335
  8651.44922  1.02826381
  8652.2998  1.02292383
  8653.14941  1.02157736
  8654.  0.993248761
  8654.84961  0.985864401
  8655.69922  1.00802922
  8656.5498  1.00260198
  8657.39941  0.977097392
  8658.25  0.956866384
  8659.09961  0.914591014
  8659.94922  0.832315922
  8660.7998  0.685731888
  8661.64941  0.492452979
  8662.5  0.490646452
  8663.34961  0.663113117
  8664.19922  0.805352628
  8665.0498  0.886128604
  8665.89941  0.935004175
  8666.75  0.963328063
  8667.59961  0.982258081
  8668.44922  0.994432449
  8669.2998  1.0040648
  8670.14941  1.01204216
  8671.  1.00809598
  8671.84961  0.993910789
  8672.69922  0.997483253
  8673.5498  0.986545146
  8674.39941  0.9196015
  8675.25  0.921798289
  8676.09961  0.997037649
  8676.94922  1.03131211
  8677.7998  1.0168438
  8678.64941  1.00424886
  8679.5  0.989064097
  8680.34961  0.996762276
  8681.19922  1.02117205
  8682.0498  1.01148951
  8682.89941  0.990965068
  8683.75  1.00410962
  8684.59961  1.0187037
  8685.44922  1.0152843
  8686.2998  1.00620735
  8687.14941  0.988489687
  8688.  0.901760399
  8688.84961  0.881891251
  8689.69922  0.953358531
  8690.5498  1.02325821
  8691.39941  1.03408241
  8692.25  1.01437974
  8693.09961  1.00851321
  8693.94922  1.01274645
  8694.7998  1.01570368
  8695.64941  1.02765822
  8696.5  1.03878784
  8697.34961  1.0303601
  8698.19922  0.993963003
  8699.0498  0.964116275
  8699.89941  0.981930554
  8700.75  1.00680983
  8701.59961  1.01178026
  8702.44922  1.00890613
  8703.2998  1.00346041
  8704.14941  1.01244378
  8705.  1.01780272
  8705.84961  1.01154923
  8706.69922  1.00034857
  8707.5498  1.00313807
  8708.39941  1.01103401
  8709.25  0.994820952
  8710.09961  0.96796602
  8710.94922  0.984403133
  8711.7998  0.997321844
  8712.64941  0.966605127
  8713.5  0.976881325
  8714.34961  1.01073456
  8715.19922  1.02470517
  8716.0498  1.01957035
  8716.89941  1.00582373
  8717.75  0.99282515
  8718.59961  0.996083379
  8719.44922  1.01085067
  8720.2998  1.01591587
  8721.14941  1.02130818
  8722.  1.02863944
  8722.84961  1.01934707
  8723.69922  1.00672042
  8724.5498  1.01110196
  8725.39941  1.01989877
  8726.25  1.0197866
  8727.09961  1.00464439
  8727.94922  0.983092964
  8728.7998  0.971648872
  8729.64941  0.987154543
  8730.5  1.00473535
  8731.34961  1.00806093
  8732.19922  1.01392627
  8733.0498  1.02307212
  8733.89941  1.01912844
  8734.75  0.993020177
  8735.59961  0.959667027
  8736.44922  0.967364252
  8737.2998  1.00400674
  8738.14941  1.02206767
  8739.  1.03261566
  8739.84961  1.02478898
  8740.69922  1.00245202
  8741.5498  0.986020863
  8742.39941  0.98630625
  8743.25  1.0041188
  8744.09961  1.01729238
  8744.94922  1.01604247
  8745.7998  1.01659048
  8746.64941  1.01301348
  8747.5  1.00450802
  8748.34961  1.01031816
  8749.19922  1.01600909
  8750.0498  1.00450528
  8750.89941  0.978888631
  8751.75  0.960422814
  8752.59961  0.982394874
  8753.44922  1.02757204
  8754.2998  1.04343879
  8755.14941  1.03661156
  8756.  1.00893712
  8756.84961  0.965530217
  8757.69922  0.974445701
  8758.5498  1.01709771
  8759.39941  1.02470863
  8760.25  1.02644932
  8761.09961  1.02832365
  8761.94922  1.02078068
  8762.7998  1.00786543
  8763.64941  0.98665452
  8764.5  0.979803681
  8765.34961  1.00015306
  8766.19922  1.01020169
  8767.0498  1.0094465
  8767.89941  1.02703726
  8768.75  1.0401082
  8769.59961  1.02758634
  8770.44922  1.01725042
  8771.2998  1.01787484
  8772.14941  0.994054794
  8773.  0.958351851
  8773.84961  0.964687467
  8774.69922  1.00249112
  8775.5498  1.02290869
  8776.39941  1.02294016
  8777.25  1.02129245
  8778.09961  1.01222301
  8778.94922  1.01055849
  8779.7998  1.01273584
  8780.64941  1.01449442
  8781.5  1.02240741
  8782.34961  1.02968967
  8783.19922  1.02467406
  8784.0498  1.0054127
  8784.89941  1.00437176
  8785.75  1.02005589
  8786.59961  1.01468742
  8787.44922  1.0183872
  8788.2998  1.03230298
  8789.14941  1.00917268
  8790.  0.969722569
  8790.84961  0.986135006
  8791.69922  1.02326405
  8792.5498  0.990366817
  8793.39941  0.968640864
  8794.25  1.00162315
  8795.09961  1.01754177
  8795.94922  1.00815988
  8796.7998  1.00846803
  8797.64941  1.02910316
  8798.5  1.03031921
  8799.34961  1.02957416
  8800.19922  1.02421594
  8801.0498  1.02328515
  8801.89941  1.02557528
  8802.75  1.02008367
  8803.59961  0.995197654
  8804.44922  0.961381495
  8805.2998  0.929384112
  8806.14941  0.840376437
  8807.  0.808546543
  8807.84961  0.915264428
  8808.69922  0.977410138
  8809.5498  0.998201191
  8810.39941  1.01997364
  8811.25  1.02859771
  8812.09961  1.01905787
  8812.94922  1.01414645
  8813.7998  1.01996171
  8814.64941  1.02477872
  8815.5  1.02385509
  8816.34961  1.01423895
  8817.19922  1.00586569
  8818.0498  1.00533867
  8818.89941  1.0039593
  8819.75  0.998499036
  8820.59961  0.998030782
  8821.44922  1.0010066
  8822.2998  0.997820497
  8823.14941  0.955435872
  8824.  0.893523932
  8824.84961  0.917248905
  8825.69922  0.995527506
  8826.5498  1.02298093
  8827.39941  1.02177703
  8828.25  1.02372706
  8829.09961  1.023996
  8829.94922  1.01584768
  8830.7998  1.00875378
  8831.64941  1.00801408
  8832.5  1.00182867
  8833.34961  0.994709373
  8834.19922  1.00631213
  8835.0498  1.00658739
  8835.89941  0.99164021
  8836.75  0.985818565
  8837.59961  0.96208787
  8838.44922  0.947168171
  8839.2998  0.982766747
  8840.14941  1.01552701
  8841.  1.01731694
  8841.84961  1.01470411
  8842.69922  1.02011454
  8843.5498  1.02096605
  8844.39941  1.02227402
  8845.25  1.02440274
  8846.09961  1.00348842
  8846.94922  0.998948157
  8847.7998  1.02353489
  8848.64941  1.03919303
  8849.5  1.02879214
  8850.34961  1.00902581
  8851.19922  1.00645638
  8852.0498  1.00843477
  8852.89941  1.01416516
  8853.75  1.02300036
  8854.59961  1.02454233
  8855.44922  1.02300119
  8856.2998  1.01781344
  8857.14941  1.01084638
  8858.  0.999993861
  8858.84961  0.989021957
  8859.69922  0.992126763
  8860.5498  1.00108445
  8861.39941  0.993368864
  8862.25  0.964084327
  8863.09961  0.961506844
  8863.94922  0.99204284
  8864.7998  1.01992297
  8865.64941  1.01020122
  8866.5  0.955094397
  8867.34961  0.951015532
  8868.19922  0.9682495
  8869.0498  0.991457164
  8869.89941  1.0172106
  8870.75  1.03328586
  8871.59961  1.04290712
  8872.44922  1.03256726
  8873.2998  1.01961315
  8874.14941  1.01541889
  8875.  1.00584495
  8875.84961  0.994254351
  8876.69922  1.00583827
  8877.5498  0.994450271
  8878.39941  0.969860375
  8879.25  0.967763126
  8880.09961  0.978289008
  8880.94922  1.00651848
  8881.7998  1.01813424
  8882.64941  0.998234034
  8883.5  0.991710842
  8884.34961  1.00567925
  8885.19922  1.01394832
  8886.0498  1.01681352
  8886.89941  1.01640201
  8887.75  1.01994836
  8888.59961  1.03116703
  8889.44922  1.02994573
  8890.2998  1.02325332
  8891.14941  1.01801503
  8892.  0.996012986
  8892.84961  0.993487716
  8893.69922  1.01348007
  8894.5498  1.0193553
  8895.39941  1.01981509
  8896.25  1.02438593
  8897.09961  1.00950396
  8897.94922  1.00700116
  8898.7998  1.01023483
  8899.64941  1.01391244
  8900.5  1.01643658
  8901.34961  1.01616383
  8902.19922  1.03008199
  8903.0498  1.03134906
  8903.89941  1.02602041
  8904.75  1.02303827
  8905.59961  1.01663482
  8906.44922  1.02370822
  8907.2998  1.03321743
  8908.14941  1.0246886
  8909.  1.02851474
  8909.84961  1.03084219
  8910.69922  1.03142023
  8911.5498  1.00021398
  8912.39941  0.993361294
  8913.25  1.00323093
  8914.09961  1.0116123
  8914.94922  1.01929748
  8915.7998  1.01604235
  8916.64941  1.00276899
  8917.5  0.982164562
  8918.34961  0.960601449
  8919.19922  0.970349073
  8920.0498  0.968539655
  8920.89941  0.99841994
  8921.75  1.01815236
  8922.59961  0.996115148
  8923.44922  0.978110492
  8924.2998  0.988735795
  8925.14941  0.990014613
  8926.  0.993896246
  8926.84961  0.995265841
  8927.69922  0.979655206
  8928.5498  0.974951982
  8929.39941  0.939819694
  8930.25  0.928718925
  8931.09961  0.93356353
  8931.94922  0.963917613
  8932.7998  0.98943758
  8933.64941  0.985436857
  8934.5  0.956012726
  8935.34961  0.958154261
  8936.19922  0.990172625
  8937.0498  1.0016582
  8937.89941  1.00598145
  8938.75  1.0192914
  8939.59961  1.01575708
  8940.44922  0.985738158
  8941.2998  0.949619889
  8942.14941  0.941104472
  8943.  0.92181462
  8943.84961  0.957713366
  8944.69922  0.973454237
  8945.5498  0.952965856
  8946.39941  0.904680252
  8947.25  0.863999426
  8948.09961  0.907010555
  8948.94922  0.927623093
  8949.7998  0.934073746
  8950.64941  0.966736019
  8951.5  0.954555571
  8952.34961  0.901263535
  8953.19922  0.889701128
  8954.0498  0.907745659
  8954.89941  0.820496559
  8955.75  0.786393821
  8956.59961  0.902319491
  8957.44922  0.968369246
  8958.2998  0.948116481
  8959.14941  0.924681723
  8960.  0.959197283
  8960.84961  0.986184835
  8961.69922  0.958973587
  8962.5498  0.828483999
  8963.39941  0.707289934
  8964.25  0.767491221
  8965.09961  0.837665915
  8965.94922  0.781163931
  8966.7998  0.744282603
  8967.64941  0.838307142
  8968.5  0.94355011
  8969.34961  0.974031508
  8970.19922  0.978042781
  8971.0498  0.899844766
  8971.89941  0.728619099
  8972.75  0.723722756
  8973.59961  0.83662945
  8974.44922  0.816407144
  8975.2998  0.756104767
  8976.14941  0.814344466
  8977.  0.900925875
  8977.84961  0.946091533
  8978.69922  0.975846052
  8979.5498  0.969028175
  8980.39941  0.856717348
  8981.25  0.727031767
  8982.09961  0.798897266
  8982.94922  0.951202452
  8983.7998  1.00188255
  8984.64941  0.98074317
  8985.5  0.964862108
  8986.34961  0.891334713
  8987.19922  0.676662445
  8988.0498  0.509010255
  8988.89941  0.563408554
  8989.75  0.644454479
  8990.59961  0.689876854
  8991.44922  0.59007293
  8992.2998  0.496193975
  8993.14941  0.656862378
  8994.  0.849519491
  8994.84961  0.957405388
  8995.69922  0.996548533
  8996.5498  1.00389409
  8997.39941  1.00322914
  8998.25  0.982111692
  8999.09961  0.901364207
  8999.94922  0.798560202
  9000.7998  0.613266885
  9001.64941  0.666193247
  9002.5  0.866510928
  9003.34961  0.88915658
  9004.19922  0.717809081
  9005.0498  0.75126034
  9005.89941  0.898841619
  9006.75  0.899500251
  9007.59961  0.759168923
  9008.44922  0.703454912
  9009.2998  0.803456068
  9010.14941  0.8624717
  9011.  0.899923801
  9011.84961  0.802417874
  9012.69922  0.696458817
  9013.5498  0.814061821
  9014.39941  0.901584208
  9015.25  0.944257736
  9016.09961  0.8769207
  9016.94922  0.661804676
  9017.7998  0.598626912
  9018.64941  0.804363549
  9019.5  0.941597164
