  8348.84961  1.09206772
  8349.69922  1.09096634
  8350.5498  1.10762644
  8351.39941  1.11707091
  8352.25  1.11390567
  8353.09961  1.09683168
  8353.94922  1.08608067
  8354.7998  1.08954012
  8355.64941  1.09626913
  8356.5  1.09266889
  8357.34961  1.0745759
  8358.19922  1.08233023
  8359.0498  1.08524811
  8359.89941  1.0871799
  8360.75  1.10119772
  8361.59961  1.08252668
  8362.44922  1.06374741
  8363.2998  1.08486736
  8364.14941  1.09936559
  8365.  1.0929091
  8365.84961  1.09100699
  8366.69922  1.07995439
  8367.5498  1.07811534
  8368.39941  1.09258521
  8369.25  1.10076523
  8370.09961  1.10585034
  8370.94922  1.11631095
  8371.7998  1.11705697
  8372.64941  1.10779369
  8373.5  1.09907615
  8374.34961  1.09997392
  8375.19922  1.10687101
  8376.0498  1.09922564
  8376.89941  1.0882951
  8377.75  1.09443033
  8378.59961  1.11205697
  8379.44922  1.11234438
  8380.2998  1.10742319
  8381.14941  1.09996986
  8382.  1.08927655
  8382.84961  1.08585584
  8383.69922  1.079404
  8384.5498  1.07484329
  8385.39941  1.08116031
  8386.25  1.08156013
  8387.09961  1.07501709
  8387.94922  1.07526076
  8388.7998  1.08091223
  8389.64941  1.08120751
  8390.5  1.07764781
  8391.34961  1.07861555
  8392.19922  1.07977951
  8393.0498  1.07075655
  8393.89941  1.0575006
  8394.75  1.04839158
  8395.59961  1.05577564
  8396.44922  1.07678258
  8397.2998  1.08310032
  8398.14941  1.08205545
  8399.  1.08218277
  8399.84961  1.07803178
  8400.69922  1.08198071
  8401.5498  1.09416318
  8402.39941  1.09834206
  8403.25  1.10035098
  8404.09961  1.09932303
  8404.94922  1.09490943
  8405.7998  1.08267438
  8406.64941  1.0818702
  8407.5  1.0873841
  8408.34961  1.06868076
  8409.19922  1.07064497
  8410.0498  1.09768546
  8410.89941  1.0925138
  8411.75  1.0801667
  8412.59961  1.08902228
  8413.44922  1.0844053
  8414.2998  1.0800401
  8415.14941  1.07950711
  8416.  1.07443464
  8416.84961  1.07841051
  8417.69922  1.06881082
  8418.5498  1.05606639
  8419.39941  1.06466913
  8420.25  1.07197309
  8421.09961  1.06907988
  8421.94922  1.0728507
  8422.7998  1.07836318
  8423.64941  1.07794285
  8424.5  1.07579935
  8425.34961  1.07521331
  8426.19922  1.07018697
  8427.0498  1.05791223
  8427.89941  1.0538882
  8428.75  1.05351079
  8429.59961  1.05219591
  8430.44922  1.05506778
  8431.2998  1.05900228
  8432.14941  1.06546569
  8433.  1.06543672
  8433.84961  1.05249667
  8434.69922  1.05084085
  8435.5498  1.06082845
  8436.39941  1.06141198
  8437.25  1.05843413
  8438.09961  1.05439007
  8438.94922  1.05664754
  8439.7998  1.06073833
  8440.64941  1.04604673
  8441.5  1.02284634
  8442.34961  1.01638663
  8443.19922  1.03034782
  8444.0498  1.0349046
  8444.89941  1.03441179
  8445.75  1.03982592
  8446.59961  1.04008913
  8447.44922  1.04956877
  8448.2998  1.05242038
  8449.14941  1.04105568
  8450.  1.04719663
  8450.84961  1.06356359
  8451.69922  1.06851494
  8452.5498  1.06571984
  8453.39941  1.06197667
  8454.25  1.05885661
  8455.09961  1.05468297
  8455.94922  1.05291998
  8456.7998  1.05630267
  8457.64941  1.05669618
  8458.5  1.04972875
  8459.34961  1.04561353
  8460.19922  1.03703964
  8461.0498  1.03201604
  8461.89941  1.04384327
  8462.75  1.06077731
  8463.59961  1.06899512
  8464.44922  1.06332862
  8465.2998  1.05289304
  8466.14941  1.04746306
  8467.  1.04430509
  8467.84961  1.04509485
  8468.69922  1.0457108
  8469.5498  1.03598547
  8470.39941  1.03326631
  8471.25  1.04216135
  8472.09961  1.04564142
  8472.94922  1.0467968
  8473.7998  1.04598379
  8474.64941  1.05466187
  8475.5  1.05789125
  8476.34961  1.04965866
  8477.19922  1.04984462
  8478.0498  1.05648243
  8478.89941  1.06067967
  8479.75  1.06074083
  8480.59961  1.05272412
  8481.44922  1.04054213
  8482.2998  1.0341593
  8483.14941  1.03590965
  8484.  1.04729211
  8484.84961  1.05848908
  8485.69922  1.05774117
  8486.5498  1.05669177
  8487.39941  1.05633736
  8488.25  1.05646682
  8489.09961  1.05218565
  8489.94922  1.04554856
  8490.7998  1.04400873
  8491.64941  1.03431928
  8492.5  1.03181624
  8493.34961  1.0379715
  8494.19922  1.03616297
  8495.0498  1.0331074
  8495.89941  1.02529275
  8496.75  1.02151191
  8497.59961  1.03052044
  8498.44922  1.04257131
  8499.2998  1.04307985
  8500.14941  1.03577197
  8501.  1.03357852
  8501.84961  1.03476
  8502.69922  1.03240335
  8503.5498  1.03467202
  8504.39941  1.04140747
  8505.25  1.03942204
  8506.09961  1.04461002
  8506.94922  1.046826
  8507.7998  1.04812014
  8508.64941  1.03977823
  8509.5  1.0315491
  8510.34961  1.03574395
  8511.19922  1.04724145
  8512.0498  1.05198753
  8512.89941  1.05604577
  8513.75  1.05626035
  8514.59961  1.05064654
  8515.44922  1.0503397
  8516.2998  1.04788089
  8517.14941  1.04920292
  8518.  1.05109322
  8518.84961  1.05307603
  8519.69922  1.04443586
  8520.5498  1.03991354
  8521.39941  1.03037965
  8522.25  1.03633404
  8523.09961  1.0455271
  8523.94922  1.0424273
  8524.7998  1.03790605
  8525.64941  1.03965914
  8526.5  1.04914129
  8527.34961  1.06046975
  8528.19922  1.06179368
  8529.0498  1.04554605
  8529.89941  1.03637373
  8530.75  1.04207802
  8531.59961  1.04273379
  8532.44922  1.03241432
  8533.2998  1.02973878
  8534.14941  1.02454567
  8535.  1.02367914
  8535.84961  1.02554417
  8536.69922  1.02010083
  8537.5498  1.02877533
  8538.39941  1.03000462
  8539.25  1.01250839
  8540.09961  1.00107408
  8540.94922  1.0063231
  8541.7998  1.01155293
  8542.64941  1.01451099
  8543.5  1.02075744
  8544.34961  1.01630461
  8545.19922  1.00757551
  8546.0498  1.00575054
  8546.89941  1.00945723
  8547.75  1.01321781
  8548.59961  1.01203549
  8549.44922  1.01120603
  8550.2998  1.01585138
  8551.14941  1.02612209
  8552.  1.03570366
  8552.84961  1.03947699
  8553.69922  1.04090571
  8554.5498  1.04417157
  8555.39941  1.0491569
  8556.25  1.04598451
  8557.09961  1.04566562
  8557.94922  1.05102479
  8558.7998  1.04585683
  8559.64941  1.04554856
  8560.5  1.0490346
  8561.34961  1.04491258
  8562.19922  1.04361713
  8563.0498  1.04612243
  8563.89941  1.04817772
  8564.75  1.05069029
  8565.59961  1.0443114
  8566.44922  1.03426445
  8567.2998  1.0364759
  8568.14941  1.04238212
  8569.  1.03580546
  8569.84961  1.02513444
  8570.69922  1.02990353
  8571.5498  1.04220486
  8572.39941  1.04125428
  8573.25  1.04223859
  8574.09961  1.05284274
  8574.94922  1.06406462
  8575.7998  1.05003047
  8576.64941  1.0354712
  8577.5  1.02614605
  8578.34961  1.02302277
  8579.19922  1.03634179
  8580.0498  1.03159559
  8580.89941  1.0259105
  8581.75  1.0274725
  8582.59961  1.02445507
  8583.44922  1.03183031
  8584.2998  1.02339542
  8585.14941  1.00294077
  8586.  0.988621116
  8586.84961  0.983166516
  8587.69922  0.989060462
  8588.5498  0.992280483
  8589.39941  0.988284111
  8590.25  0.978006542
  8591.09961  0.96779412
  8591.94922  0.97632122
  8592.7998  0.974880636
  8593.64941  0.966464996
  8594.5  0.966873169
  8595.34961  0.969150364
  8596.19922  0.978819907
  8597.0498  0.973630786
  8597.89941  0.952723444
  8598.75  0.947802186
  8599.59961  0.957445383
  8600.44922  0.970914483
  8601.2998  0.973680258
  8602.14941  0.971634746
  8603.  0.978052378
  8603.84961  0.989246428
  8604.69922  0.999527156
  8605.5498  1.00002944
  8606.39941  1.00368154
  8607.25  1.00353253
  8608.09961  0.994645834
  8608.94922  1.00213408
  8609.7998  1.01714826
  8610.64941  1.03025353
  8611.5  1.0414362
  8612.34961  1.05172181
  8613.19922  1.04022408
  8614.0498  1.02916849
  8614.89941  1.03440726
  8615.75  1.03786707
  8616.59961  1.03776014
  8617.44922  1.03702521
  8618.2998  1.03321981
  8619.14941  1.02644289
  8620.  1.01738381
  8620.84961  1.02188087
  8621.69922  1.02561021
  8622.5498  1.01829171
  8623.39941  1.02177644
  8624.25  1.02837968
  8625.09961  1.02485561
  8625.94922  1.0192064
  8626.7998  1.0178858
  8627.64941  1.03103292
  8628.5  1.02795053
  8629.34961  1.01426733
  8630.19922  1.01976299
  8631.0498  1.03124869
  8631.89941  1.03034031
  8632.75  1.02818024
  8633.59961  1.03189838
  8634.44922  1.03599775
  8635.2998  1.03333426
  8636.14941  1.03348756
  8637.  1.04579496
  8637.84961  1.04625297
  8638.69922  1.03505111
  8639.5498  1.0344305
  8640.39941  1.03309369
  8641.25  1.02428401
  8642.09961  1.01920319
  8642.94922  1.01873624
  8643.7998  1.01241493
  8644.64941  1.00514758
  8645.5  1.00720644
  8646.34961  1.01326895
  8647.19922  1.01228058
  8648.0498  0.998846173
  8648.89941  0.988089681
  8649.75  0.982800782
  8650.59961  0.97501719
  8651.44922  0.967665672
  8652.2998  0.966045976
  8653.14941  0.961660802
  8654.  0.959233642
  8654.84961  0.959388673
  8655.69922  0.953573525
  8656.5498  0.95426321
  8657.39941  0.956689954
  8658.25  0.944089592
  8659.09961  0.934311986
  8659.94922  0.938154936
  8660.7998  0.934179008
  8661.64941  0.923516273
  8662.5  0.91401571
  8663.34961  0.902287662
  8664.19922  0.908905149
  8665.0498  0.918228149
  8665.89941  0.914200723
  8666.75  0.911485195
  8667.59961  0.912843704
  8668.44922  0.920871139
  8669.2998  0.935083628
  8670.14941  0.951296806
  8671.  0.959357142
  8671.84961  0.956151366
  8672.69922  0.957628906
  8673.5498  0.962825656
  8674.39941  0.978010297
  8675.25  0.989054441
  8676.09961  0.989702463
  8676.94922  0.993930221
  8677.7998  0.995265245
  8678.64941  0.990825951
  8679.5  0.994547486
  8680.34961  0.994453549
  8681.19922  0.989576578
  8682.0498  0.999271691
  8682.89941  1.01449704
  8683.75  1.02057147
  8684.59961  1.01959765
  8685.44922  1.02443755
  8686.2998  1.0283016
  8687.14941  1.03011799
  8688.  1.04257333
  8688.84961  1.045766
  8689.69922  1.03764737
  8690.5498  1.03513527
  8691.39941  1.0330503
  8692.25  1.03030026
  8693.09961  1.02220523
  8693.94922  1.01959264
  8694.7998  1.02030051
  8695.64941  1.02387559
  8696.5  1.02498698
  8697.34961  1.02344775
  8698.19922  1.01822436
  8699.0498  1.01552069
  8699.89941  1.00741327
  8700.75  1.00317502
  8701.59961  0.999136627
  8702.44922  0.99704659
  8703.2998  0.997572064
  8704.14941  0.993541837
  8705.  0.998345315
  8705.84961  1.00344014
  8706.69922  1.00326514
  8707.5498  1.00295401
  8708.39941  0.995809853
  8709.25  1.00216269
  8710.09961  1.00123608
  8710.94922  1.00330198
  8711.7998  1.00031316
  8712.64941  0.989530206
  8713.5  0.987620056
  8714.34961  0.994973183
  8715.19922  0.995908976
  8716.0498  0.997472942
  8716.89941  0.992349803
  8717.75  0.989589572
  8718.59961  1.00012994
  8719.44922  1.00735021
  8720.2998  0.998365164
  8721.14941  0.998723567
  8722.  0.989675224
  8722.84961  0.984989166
  8723.69922  0.987095118
  8724.5498  0.979837179
  8725.39941  0.984693885
  8726.25  0.984176457
  8727.09961  0.971857309
  8727.94922  0.97071445
  8728.7998  0.963107586
  8729.64941  0.961073577
  8730.5  0.964509666
  8731.34961  0.948165655
  8732.19922  0.942686558
  8733.0498  0.94636333
  8733.89941  0.944832504
  8734.75  0.943927705
  8735.59961  0.95147866
  8736.44922  0.947393298
  8737.2998  0.932901144
  8738.14941  0.924048662
  8739.  0.922664404
  8739.84961  0.920334458
  8740.69922  0.919963479
  8741.5498  0.908294678
  8742.39941  0.899557114
  8743.25  0.887328625
  8744.09961  0.881854653
  8744.94922  0.868369639
  8745.7998  0.86644423
  8746.64941  0.861557662
  8747.5  0.856187463
  8748.34961  0.851875603
  8749.19922  0.848571956
  8750.0498  0.855952382
  8750.89941  0.869946063
  8751.75  0.87975806
  8752.59961  0.880729735
  8753.44922  0.880063772
  8754.2998  0.878830075
  8755.14941  0.890683055
  8756.  0.905400753
  8756.84961  0.907144666
  8757.69922  0.904309988
  8758.5498  0.91392827
  8759.39941  0.926297128
  8760.25  0.928252876
  8761.09961  0.929921925
  8761.94922  0.938785195
  8762.7998  0.947527289
  8763.64941  0.955993116
  8764.5  0.956269264
  8765.34961  0.951999664
  8766.19922  0.952105165
  8767.0498  0.955108583
  8767.89941  0.952209294
  8768.75  0.95150584
  8769.59961  0.958690643
  8770.44922  0.968690753
  8771.2998  0.968374491
  8772.14941  0.962437987
  8773.  0.962340593
  8773.84961  0.959486246
  8774.69922  0.96201539
  8775.5498  0.966369987
  8776.39941  0.962582409
  8777.25  0.960099041
  8778.09961  0.965226531
  8778.94922  0.96839416
  8779.7998  0.967891037
  8780.64941  0.973204434
  8781.5  0.977962494
  8782.34961  0.979689419
  8783.19922  0.976871967
  8784.0498  0.984601438
  8784.89941  0.993288517
  8785.75  0.995456576
  8786.59961  1.00133431
  8787.44922  1.00044286
  8788.2998  1.004794
  8789.14941  1.0168221
  8790.  1.01686871
  8790.84961  1.02107525
  8791.69922  1.01412272
  8792.5498  1.02440631
  8793.39941  1.04116821
  8794.25  1.04942799
  8795.09961  1.04342234
  8795.94922  1.02649117
  8796.7998  1.01404154
  8797.64941  1.01437211
  8798.5  1.01933038
  8799.34961  1.00703716
  8800.19922  0.986819386
  8801.0498  0.994323015
  8801.89941  1.01431906
  8802.75  1.01320148
  8803.59961  1.00786006
  8804.44922  1.01562369
  8805.2998  1.01361752
  8806.14941  1.00687099
  8807.  1.01366293
  8807.84961  1.01755762
  8808.69922  1.01645458
  8809.5498  1.00498343
  8810.39941  0.995689213
  8811.25  0.989049494
  8812.09961  0.991387725
  8812.94922  0.997352719
  8813.7998  0.981007695
  8814.64941  0.981369913
  8815.5  0.991358161
  8816.34961  0.988371015
  8817.19922  0.979756057
  8818.0498  0.974739015
  8818.89941  0.973136365
  8819.75  0.96280688
  8820.59961  0.962306857
  8821.44922  0.962896764
  8822.2998  0.961895525
  8823.14941  0.956713259
  8824.  0.965645134
  8824.84961  0.968304098
  8825.69922  0.963670731
  8826.5498  0.963678658
  8827.39941  0.963119388
  8828.25  0.959032178
  8829.09961  0.953669369
  8829.94922  0.962365329
  8830.7998  0.959054232
  8831.64941  0.956670702
  8832.5  0.951387465
  8833.34961  0.939341724
  8834.19922  0.943434894
  8835.0498  0.939528406
  8835.89941  0.947994411
  8836.75  0.956536233
  8837.59961  0.951934159
  8838.44922  0.947090268
  8839.2998  0.936558247
  8840.14941  0.940696001
  8841.  0.955128193
  8841.84961  0.958161771
  8842.69922  0.954815209
  8843.5498  0.944933355
  8844.39941  0.933715165
  8845.25  0.920759201
  8846.09961  0.919649363
  8846.94922  0.916868448
  8847.7998  0.910248578
  8848.64941  0.90402621
  8849.5  0.902644515
  8850.34961  0.902428269
  8851.19922  0.885664403
  8852.0498  0.870186746
  8852.89941  0.862196982
  8853.75  0.865228891
  8854.59961  0.856202662
  8855.44922  0.835130751
  8856.2998  0.814937353
  8857.14941  0.81268543
  8858.  0.803975999
  8858.84961  0.792727709
  8859.69922  0.793177545
  8860.5498  0.794380546
  8861.39941  0.795354664
  8862.25  0.796647131
  8863.09961  0.797151625
  8863.94922  0.805944383
  8864.7998  0.816941798
  8865.64941  0.825257063
  8866.5  0.833927512
  8867.34961  0.845812619
  8868.19922  0.851514757
  8869.0498  0.853154957
  8869.89941  0.85493505
  8870.75  0.869293928
  8871.59961  0.873264313
  8872.44922  0.880752385
  8873.2998  0.890133262
  8874.14941  0.901857615
  8875.  0.913960218
  8875.84961  0.905792296
  8876.69922  0.905547976
  8877.5498  0.913996875
  8878.39941  0.915583313
  8879.25  0.909960508
  8880.09961  0.914128542
  8880.94922  0.928883076
  8881.7998  0.943726242
  8882.64941  0.950171649
  8883.5  0.956881702
  8884.34961  0.956897557
  8885.19922  0.964640379
  8886.0498  0.96664989
  8886.89941  0.968726814
  8887.75  0.977469325
  8888.59961  0.983374238
  8889.44922  0.985776842
  8890.2998  0.986358047
  8891.14941  0.976361394
  8892.  0.974965572
  8892.84961  0.981544018
  8893.69922  0.982192397
  8894.5498  0.986597538
  8895.39941  0.990679741
  8896.25  0.985748768
  8897.09961  0.978977025
  8897.94922  0.972738147
  8898.7998  0.969010413
  8899.64941  0.977206707
  8900.5  0.977989614
  8901.34961  0.983452559
  8902.19922  0.994427383
  8903.0498  1.00040841
  8903.89941  0.998092771
  8904.75  0.996100307
  8905.59961  0.998642862
  8906.44922  0.999942422
  8907.2998  0.99003011
  8908.14941  0.986361444
  8909.  0.991362274
  8909.84961  0.99521476
  8910.69922  0.987698734
  8911.5498  0.974922001
  8912.39941  0.979127586
  8913.25  0.989089608
  8914.09961  0.984362364
  8914.94922  0.965027273
  8915.7998  0.950723112
  8916.64941  0.951121569
  8917.5  0.949519396
  8918.34961  0.950881898
  8919.19922  0.961615622
  8920.0498  0.970769346
  8920.89941  0.975402415
  8921.75  0.976815403
  8922.59961  0.978203177
  8923.44922  0.973821163
  8924.2998  0.96271503
  8925.14941  0.963483632
  8926.  0.958717644
  8926.84961  0.945350289
  8927.69922  0.950293541
  8928.5498  0.95844239
  8929.39941  0.945530772
  8930.25  0.921691835
  8931.09961  0.920907199
  8931.94922  0.944486737
  8932.7998  0.947952867
  8933.64941  0.929339707
  8934.5  0.925122201
  8935.34961  0.939111054
  8936.19922  0.956580043
  8937.0498  0.967686415
  8937.89941  0.966798425
  8938.75  0.962556481
  8939.59961  0.959846079
  8940.44922  0.950275421
  8941.2998  0.951128066
  8942.14941  0.957312107
  8943.  0.969852686
  8943.84961  0.97472924
  8944.69922  0.967356503
  8945.5498  0.952013731
  8946.39941  0.927248061
  8947.25  0.926649153
  8948.09961  0.939952195
  8948.94922  0.940951943
  8949.7998  0.94625473
  8950.64941  0.946363509
  8951.5  0.925135851
  8952.34961  0.901110291
  8953.19922  0.904426157
  8954.0498  0.86917448
  8954.89941  0.83137089
  8955.75  0.88853389
  8956.59961  0.950559199
  8957.44922  0.954514563
  8958.2998  0.938436747
  8959.14941  0.947167635
  8960.  0.964525044
  8960.84961  0.952085316
  8961.69922  0.886917949
  8962.5498  0.799311161
  8963.39941  0.807160139
  8964.25  0.864431262
  8965.09961  0.855825245
  8965.94922  0.80516243
  8966.7998  0.848143637
  8967.64941  0.930269361
  8968.5  0.957810938
  8969.34961  0.953635335
  8970.19922  0.932902753
  8971.0498  0.837222993
  8971.89941  0.774725139
  8972.75  0.858154833
  8973.59961  0.881338477
  8974.44922  0.857467175
  8975.2998  0.865567923
  8976.14941  0.914808214
  8977.  0.922362089
  8977.84961  0.9399755
  8978.69922  0.957081616
  8979.5498  0.918330073
  8980.39941  0.812336206
  8981.25  0.789447606
  8982.09961  0.890950918
  8982.94922  0.932360351
  8983.7998  0.940400362
  8984.64941  0.935020149
  8985.5  0.897822738
  8986.34961  0.789125144
  8987.19922  0.646546066
  8988.0498  0.630117893
  8988.89941  0.718226135
  8989.75  0.755393326
  8990.59961  0.719271839
  8991.44922  0.607838213
  8992.2998  0.638068318
  8993.14941  0.781586468
  8994.  0.856091142
  8994.84961  0.885049999
  8995.69922  0.900765598
  8996.5498  0.902349472
  8997.39941  0.896362901
  8998.25  0.891265333
  8999.09961  0.846428275
  8999.94922  0.727972865
  9000.7998  0.661509216
  9001.64941  0.760021985
  9002.5  0.816359043
  9003.34961  0.73944968
  9004.19922  0.694669962
  9005.0498  0.764021516
  9005.89941  0.800671697
  9006.75  0.739925742
  9007.59961  0.676138461
  9008.44922  0.695929289
  9009.2998  0.743438303
  9010.14941  0.758502185
  9011.  0.727524877
  9011.84961  0.654072762
  9012.69922  0.66087693
  9013.5498  0.728672564
  9014.39941  0.760386884
  9015.25  0.750748992
  9016.09961  0.660237432
  9016.94922  0.5796718
  9017.7998  0.655418694
  9018.64941  0.757059157
  9019.5  0.794058919
