ng001V  5298. 2.98 -1.99  94.	40. 94. 55.   BD+09_2860
ng002V  5480. 3.00 -1.12 251.	99. 251. 349. BD+11_2998
ng005V  5615. 3.68 -2.01 139.  116. 139. 72.  BD+29_2091
ng006V  5365. 3.29 -2.01 243.  160. 243. 141. BD+37_1458
ng007V  5535. 4.11 -0.70 219.	88. 219. 290. BD+38_1670
ng008V  5052. 4.41 -0.53 241.	44. 241. 393. BD+41_3306
ng009V  5530. 4.08 -1.48 129.	81. 129. 75.  BD+41_3931
ng010V  5659. 3.69 -2.11 146.  127. 146. 73.  BD+42_3607
ng011V  3664. 4.70 -0.83 127.	 3. 127. 286. BD+44_2051
ng012V  5746. 4.39 -1.25 158.  103. 158. 89.  BD+51_1696
ng014V  5240. 3.45 -1.81 147.	76. 147. 86.  BD+66_0268
ng015V  6174. 4.06 -1.76 169.  170. 169. 83.  BD+72_0094
ng016V 30086. 3.59  0.22 173.  201. 173. 202. BD+75_d325
ng017V  6336. 4.11 -1.22 117.	67. 117. 132. CD-25_9286
ng018V  6151. 4.01 -1.81 167.  162. 167. 78.  CD-30_18140
ng019V  5296. 2.86 -1.44 173.	69. 173. 246. CD-62_1346
ng020V 29000. 3.70 -0.30 401.  820. 401. 206. CD-69_1618
ng021V  4083. 4.54 -0.58 272.	20. 272. 335. G019-013
ng022V  3995. 4.49 -0.44 144.	11. 144. 213. G021-024
ng023V  6143. 4.09 -1.74 144.  134. 144. 73.  G029-023
ng025V  6117. 4.08 -1.65  56.	47. 56. 26.   G115-058
ng026V  6021. 4.19 -1.43 144.  120. 144. 74.  G012-021
ng027V  6015. 3.99 -1.84 189.  186. 189. 96.  G013-035
ng028V  5849. 4.21 -1.32  85.	54. 85. 44.   G169-028
ng030V  6042. 4.13 -1.40 169.  150. 169. 87.  G180-024
ng031V  6091. 4.18 -1.47 132.  115. 132. 69.  G018-039
ng033V  5831. 4.20 -1.49 121.	89. 121. 64.  G187-040
ng034V  6038. 4.16 -1.35 154.  128. 154. 79.  G188-022
ng035V  5382. 4.11 -1.37  82.	32. 82. 48.   G188-030
ng036V  6109. 4.05 -1.69 141.  128. 141. 68.  G192-043
ng037V  5989. 4.07 -1.69 183.  165. 183. 89.  G194-022
ng039V  6035. 4.12 -1.66 112.	80. 112. 67.  G020-015
ng041V  5414. 3.86 -1.67 122.	72. 122. 72.  G231-052
ng043V  4902. 4.68 -1.13  65.	 5. 65. 122.  G243-062
ng044V  5962. 4.06 -1.78 127.  110. 127. 67.  G024-003
ng045V  4962. 4.45  0.15  70.	 7. 70. 134.  G260-036
ng047V  5996. 3.92 -1.84  55.	46. 55. 25.   G063-026
ng048V  6071. 4.12 -1.65 115.  104. 115. 58.  G088-027
ng049V  3796. 4.55 -0.62 234.	27. 234. 573. gj825
ng050V  3462. 4.87 -0.20  53.	 0. 53. 144.  gl109
ng051V  3630. 4.71 -0.88 191.	 6. 191. 390. gl15b
ng053V 12938. 4.19  0.42 572.  904. 572. 470. HD000358
ng054V 20700. 3.81 -0.02 639. 1120. 639. 442. HD000886
ng055V  5588. 4.03  0.08 505.  211. 505. 624. HD001461
ng056V  5100. 2.62 -1.88 375.  141. 375. 278. HD002665
ng057V  7607. 3.78 -1.35 165.  127. 165. 58.  HD002857
ng058V 20703. 3.83 -0.01 606. 1455. 606. 452. HD003360
ng059V  4778. 2.06  0.15 205.	97. 205. 412. HD003712
ng060V  4848. 2.25  0.05 276.  224. 276. 512. HD004128
ng062V  6167. 4.17 -0.18 467.  342. 467. 494. HD004813
ng063V  5170. 3.59 -0.65 271.	68. 271. 410. HD005256
ng065V  4655. 2.26 -0.04 335.	19. 335. 629. HD005544
ng066V  4977. 2.69 -0.78 450.	97. 450. 642. HD005916
ng067V  5174. 2.58 -1.18 292.	83. 292. 446. HD006229
ng068V  4934. 3.18 -0.58 384.  111. 384. 498. HD006734
ng069V  5181. 2.84 -1.52 386.  162. 386. 266. HD006755
ng070V  4790. 2.60  0.10 314.  120. 314. 535. HD008491
ng071V  4976. 2.43 -1.43 242.	36. 242. 237. HD008724
ng073V  5036. 2.55 -1.51 209.	58. 209. 158. HD009051
ng074V  4191. 1.88 -0.14 244.	44. 244. 532. HD010380
ng075V  5400. 4.54  0.12 462.  230. 462. 631. HD010780
ng078V  8796. 4.29 -0.94 523.  701. 523. 438. HD015089
ng079V  6104. 4.07 -1.67 180.  177. 180. 91.  HD016031
ng080V  5352. 2.83 -1.15 526.  306. 526. 632. HD017072
ng082V  4700. 2.67  0.12 298.  103. 298. 519. HD017361
ng083V  5286. 4.69  0.21 366.  163. 366. 522. HD017925
ng084V  9791. 3.43  1.00 456.  226. 456. 396. HD018078
ng085V  8424. 4.34 -0.02 564.  673. 564. 516. HD018769
ng086V  5059. 3.56 -0.72 528.  165. 528. 698. HD018907
ng087V  6033. 4.26 -0.18 477.  312. 477. 346. HD019019
ng088V  5697. 4.03  0.06 453.  154. 453. 289. HD019308
ng089V  5805. 3.79 -2.04 400.  391. 400. 208. HD019445
ng090V  4717. 2.35  0.05 300.  102. 300. 520. HD019656
ng091V  4838. 2.61  0.13 318.  151. 318. 505. HD019787
ng093V  5694. 4.39  0.04 498.  290. 498. 614. HD020630
ng094V  5238. 4.21  0.32 358.	63. 358. 588. HD021742
ng095V  5146. 4.68  0.05 354.  206. 354. 493. HD022049
ng096V  5872. 3.97 -0.23 542.  405. 542. 608. HD022484
ng098V  5020. 4.42 -1.36 244.	54. 244. 199. HD025329
ng100V  4921. 3.29  0.06 350.	92. 350. 530. HD025975
ng101V  4827. 2.01 -1.51 328.	30. 328. 355. HD026297
ng104V  5338. 4.47 -0.08 333.	82. 333. 240. HD028946
ng105V  8622. 3.73 -0.75 549.  666. 549. 483. HD028978
ng106V  7414. 4.09 -0.02 614.  619. 614. 574. HD029391
ng107V  4712. 1.69 -1.52 175.	 8. 175. 274. HD029574
ng109V  4256. 1.67 -0.24 241.	35. 241. 575. HD030834
ng110V  6073. 4.12  0.17 407.  146. 407. 476. HD031219
ng111V  4541. 2.43 -0.19 268.  105. 268. 516. HD031421
ng112V  3722. 4.71 -0.84 132.	 3. 132. 645. HD033793
ng114V 12273. 4.23  0.45 624.  910. 624. 490. HD034797
ng115V 26885. 3.60 -0.15 674. 1754. 674. 452. HD034816
ng116V  4768. 1.93 -1.78 205.	14. 205. 249. HD036702
ng120V  4555. 3.17  0.24 345.	72. 345. 687. HD037763
ng121V  4726. 2.04 -1.19 380.	38. 380. 671. HD037828
ng122V  8279. 4.32 -0.15 615.  667. 615. 529. HD038237
ng123V  5846. 3.96 -0.87 412.  220. 412. 488. HD038510
ng125V  5871. 4.39  0.11 422.  142. 422. 256. HD039833
ng126V  8795. 3.60 -1.39 612. 1027. 612. 492. HD040573
ng128V  6484. 3.98 -0.03 488.  287. 488. 257. HD041661
ng129V  4838. 2.31 -1.09 277.	27. 277. 536. HD041667
ng130V  6543. 4.16 -0.02 476.  377. 476. 479. HD043042
ng131V  5085. 2.75 -1.50 315.	86. 315. 246. HD044007
ng132V  5289. 3.16 -1.46 356.  174. 356. 229. HD045282
ng133V  6113. 4.02 -1.30 226.	77. 226. 134. HD046703
ng135V 31593. 3.51  0.14 626. 1440. 626. 449. HD048279
ng136V  7265. 3.79 -0.00 538.  475. 538. 585. HD050420
ng137V 22205. 3.35  0.01 831.  989. 831. 406. HD052089
ng138V  5701. 1.32  0.12 473.  238. 473. 668. HD052973
ng139V  7234. 3.87  0.13 566.  553. 566. 578. HD055057
ng143V  4966. 2.82 -0.17 367.  172. 367. 526. HD057727
ng145V  6246. 4.21 -0.50 575.  446. 575. 613. HD058551
ng146V  8306. 1.60 -0.20 556.  520. 556. 566. HD059612
ng147V  5907. 4.03 -0.82 297.  169. 297. 348. HD060319
ng148V  6568. 3.90  0.06 581.  548. 581. 602. HD061064
ng149V  3944. 1.53  0.18 240.	21. 240. 692. HD061603
ng150V  4913. 2.67  0.04 409.  135. 409. 644. HD062412
ng151V  5790. 4.00 -0.79 554.  424. 554. 608. HD063077
ng152V  5100. 0.90  0.14 324.  215. 324. 652. HD063700
ng153V  5015. 2.57 -1.47 314.	64. 314. 270. HD063791
ng155V  5992. 1.43  0.10 507.  382. 507. 667. HD065228
ng156V  4146. 1.34  0.07 242.	15. 242. 709. HD065354
ng157V  4908. 2.21  0.15 398.  104. 398. 619. HD065714
ng159V  5755. 4.00  0.22 371.  112. 371. 484. HD068988
ng160V  4097. 1.87  0.07 204.	 5. 204. 718. HD071160
ng162V  4858. 2.32  0.05 384.	75. 384. 597. HD072324
ng163V  4596. 2.81  0.27 343.	36. 343. 660. HD072505
ng164V  9645. 3.60  0.83 574.  639. 574. 510. HD072968
ng165V  4906. 2.54  0.23 392.	80. 392. 628. HD073710
ng166V  4015. 1.69 -0.26 233.	 7. 233. 884. HD074088
ng167V  8475. 3.35 -1.47 417.  420. 417. 295. HD074721
ng168V  4609. 2.81 -0.03 360.	61. 360. 659. HD076291
ng169V  5894. 4.07 -0.90 567.  444. 567. 625. HD076932
ng172V  4580. 2.87  0.33 329.	19. 329. 665. HD078479
ng174V  3884. 1.79  0.04 147.	 2. 147. 681. HD079349
ng175V  8691. 3.23 -1.48 572.  913. 572. 481. HD079469
ng176V  5389. 3.99  0.35 221.	43. 221. 341. HD080607
ng177V  4186. 1.73  0.07 180.	53. 180. 650. HD081797
ng178V  4823. 2.79  0.04 327.  107. 327. 544. HD082395
ng179V  4935. 2.50  0.26 395.  154. 395. 637. HD082734
ng180V  4763. 1.79 -1.39 228.	21. 228. 232. HD083212
ng181V  5957. 3.98 -0.06 466.  289. 466. 633. HD085380
ng182V  4804. 2.53 -0.05 336.	44. 336. 424. HD086322
ng183V  8031. 3.57 -1.47 547.  482. 547. 428. HD086986
ng184V  5145. 2.75 -1.73 218.	97. 218. 151. HD087140
ng185V 11522. 2.11  0.19 628. 1190. 628. 486. HD087737
ng186V  4129. 1.70 -0.39 157.	 3. 157. 599. HD090862
ng187V 21576. 3.01 -0.06 621.  959. 621. 476. HD091316
ng188V  8127. 3.45 -1.45 390.  351. 390. 292. HD093329
ng189V  4456. 2.36 -0.10 247.  114. 247. 527. HD093813
ng190V  5982. 4.09 -1.54 365.  316. 365. 191. HD094028
ng192V  8734. 3.68 -0.76 441.  723. 441. 425. HD095418
ng193V  3574. 4.73 -0.93 237.	 9. 237. 535. HD095735
ng194V  4526. 2.38  0.21 329.	33. 329. 661. HD095849
ng195V 20086. 3.59  0.06 643.  915. 643. 486. HD096446
ng196V  8790. 3.59 -0.64 582.  805. 582. 481. HD097633
ng197V  4970. 2.25 -0.01 403.  153. 403. 618. HD099648
ng199V  7036. 4.09 -0.02 538.  781. 538. 562. HD101107
ng200V  3738. 1.55 -0.41 218.	36. 218. 539. HD102212
ng201V  3835. 1.64 -0.20 162.	 3. 162. 751. HD102780
ng202V  4688. 1.64 -1.40 225.	21. 225. 273. HD103036
ng203V  7049. 4.11 -0.21 578.  588. 578. 571. HD105452
ng204V  5242. 2.73 -1.46 264.  105. 264. 173. HD105546
ng205V  4771. 2.77 -0.69 263.	26. 263. 520. HD105740
ng206V  8675. 2.85 -1.63 358.  362. 358. 246. HD106304
ng211V  8427. 3.41 -1.52 602.  661. 602. 502. HD109995
ng212V 13000. 3.90 -0.40 620.  975. 620. 463. HD110073
ng213V  5528. 3.09 -1.21 214.  100. 214. 130. HD110885
ng214V  4314. 2.17 -0.03 284.	13. 284. 713. HD111464
ng215V  5373. 4.23 -0.59 379.  111. 379. 535. HD111515
ng216V  5120. 2.90 -1.27 333.  102. 333. 248. HD111721
ng217V  7549. 4.17 -1.06 600.  774. 600. 564. HD111786
ng218V 11658. 3.78  0.68 541. 1036. 541. 452. HD112413
ng219V  5152. 2.53 -1.08 271.	68. 271. 414. HD113002
ng220V  4319. 1.53 -0.70 318.	35. 318. 701. HD113092
ng221V  9671. 3.57 -0.24 429.  641. 429. 373. HD114330
ng222V  5973. 4.23 -0.04 532.  378. 532. 593. HD114710
ng223V  5506. 4.30 -0.03 410.  228. 410. 500. HD115617
ng224V  9000. 3.01 -1.62 354.  344. 354. 247. HD117880
ng225V  4717. 1.74 -1.57 148.	 8. 148. 198. HD118055
ng226V  4233. 1.67 -0.61 309.	24. 309. 696. HD119971
ng227V  4454. 2.92  0.03 280.	26. 280. 569. HD121146
ng228V  4490. 4.30  0.09 314.	57. 314. 527. HD122064
ng229V  4932. 2.33 -1.47 376.	61. 376. 376. HD122956
ng230V  3261. 0.59 -0.02 246.	39. 246. 987. HD123657
ng231V  4458. 2.79  0.31 315.	25. 315. 642. HD124186
ng235V  5402. 4.16  0.17 272.	66. 272. 193. HD126511
ng236V  5453. 3.87  0.53 245.	42. 245. 392. HD126614
ng237V  7809. 3.83  0.36 560.  613. 560. 547. HD126661
ng238V  3954. 1.75  0.09 256.	21. 256. 744. HD128000
ng239V  5279. 3.07 -2.08 356.  219. 356. 229. HD128279
ng240V  8811. 2.55 -1.69 424.  492. 424. 269. HD128801
ng241V  5638. 4.63  0.09 424.  132. 424. 306. HD128987
ng242V  4077. 1.70 -0.10 179.	86. 179. 672. HD131873
ng243V  4484. 2.58  0.37 316.	31. 316. 634. HD132345
ng244V  5721. 3.79 -1.61 296.  220. 296. 170. HD132475
ng246V  5357. 4.68 -1.11 180.	51. 180. 121. HD134439
ng247V  5094. 4.70 -1.09 158.	31. 158. 128. HD134440
ng248V  4235. 2.00  0.02 239.	34. 239. 551. HD136726
ng249V  4525. 2.52  0.13 270.  120. 270. 388. HD137759
ng251V  4767. 3.05 -0.01 312.  123. 312. 520. HD138716
ng253V  8381. 4.27  0.26 572.  695. 572. 531. HD140232
ng254V  8516. 4.48 -0.17 552.  753. 552. 518. HD141795
ng255V  8524. 4.27 -0.47 572.  771. 572. 521. HD141851
ng256V  4769. 2.97  0.07 328.  135. 328. 516. HD142091
ng257V  7235. 4.12 -1.20 590.  722. 590. 580. HD142703
ng258V  6275. 4.12 -0.26 490.  383. 490. 476. HD142860
ng259V 12831. 3.33  0.27 619.  806. 619. 484. HD142926
ng260V  4460. 2.20 -0.11 269.	75. 269. 508. HD143107
ng261V 10298. 3.85 -0.47 588.  940. 588. 514. HD143459
ng262V  4783. 2.96 -0.00 394.  161. 394. 643. HD145328
ng263V  3783. 1.45 -0.03 230.	71. 230. 572. HD146051
ng264V  5696. 4.20 -0.06 433.  250. 433. 486. HD146233
ng265V 14906. 4.06  0.14 636. 1154. 636. 469. HD147394
ng266V  9830. 3.70 -0.38 599.  960. 599. 515. HD147550
ng267V  4695. 2.37  0.20 361.	79. 361. 647. HD148293
ng268V  4147. 2.13  0.21 263.	21. 263. 638. HD148513
ng269V  3951. 1.79 -0.18 214.	24. 214. 599. HD149161
ng270V 27535. 3.92 -0.55 500. 1491. 500. 218. HD149382
ng271V 14035. 3.57  0.22 605. 1002. 605. 448. HD155763
ng272V  4274. 1.78  0.10 259.	27. 259. 796. HD156283
ng273V  4479. 1.37  0.23 270.  182. 270. 634. HD157244
ng274V  5325. 1.51 -0.02 431.  362. 431. 553. HD159181
ng278V  5782. 3.95 -1.60 163.	98. 163. 108. HD161770
ng279V  6910. 4.02  0.23 430.  418. 430. 387. HD163346
ng280V 11953. 4.06  0.19 609. 1283. 609. 519. HD163641
ng281V  5818. 4.35 -1.20 156.  102. 156. 86.  HD163810
ng282V  3985. 1.69  0.11 237.  133. 237. 664. HD164058
ng283V  9792. 3.70  0.41 610.  720. 610. 526. HD164257
ng284V 17574. 2.96  0.15 608. 3635. 608. 506. HD164353
ng286V  9001. 4.34 -1.32 616.  794. 616. 523. HD164967
ng287V  4766. 1.89 -1.98 303.	20. 303. 428. HD165195
ng290V  4577. 2.82  0.23 349.	61. 349. 644. HD166229
ng291V  8574. 4.55 -0.41 571.  459. 571. 473. HD166283
ng292V  8977. 4.40 -1.39 606.  844. 606. 511. HD166991
ng293V  3535. 0.99 -0.08 188.	28. 188. 735. HD167006
ng294V  8637. 3.25 -1.52 356.  325. 356. 235. HD167105
ng295V  6563. 4.14 -0.21 363.  245. 363. 173. HD167278
ng296V  9300. 3.74 -0.77 616. 1024. 616. 494. HD167946
ng297V  4426. 2.22 -0.12 272.	44. 272. 554. HD169191
ng299V  5903. 3.79 -1.17 461.  107. 461. 656. HD170756
ng300V 12046. 3.56  0.73 587.  816. 587. 500. HD170973
ng301V  7772. 3.76  0.55 587.  458. 587. 528. HD172230
ng302V  7078. 4.00 -0.15 427.  304. 427. 181. HD172506
ng303V  5164. 0.87  0.04 206.	10. 206. 857. HD173158
ng305V  8879. 3.61 -0.63 583.  809. 583. 514. HD174240
ng306V 14321. 4.05  0.18 636. 1054. 636. 485. HD174959
ng307V  7874. 4.09  0.03 575.  430. 575. 505. HD174966
ng308V 16361. 3.04  0.17 523.  465. 523. 572. HD175156
ng309V  5118. 2.75 -1.43 426.  151. 426. 323. HD175305
ng310V  4526. 2.95  0.12 337.	16. 337. 674. HD175545
ng311V 12067. 4.07  0.22 608.  829. 608. 496. HD175640
ng313V  6273. 3.98  0.15 445.  195. 445. 239. HD175805
ng314V  3181. 0.47 -0.29 224.	74. 224. 800. HD175865
ng315V  8659. 4.47  0.55 552.  585. 552. 515. HD176232
ng316V 12715. 3.68  0.17 534.  844. 534. 496. HD176437
ng317V  5659. 3.88 -0.65 481.  191. 481. 598. HD181720
ng318V  8939. 4.53 -1.30 550.  764. 550. 474. HD183324
ng319V  4091. 0.91 -1.17 309.	23. 309. 735. HD183915
ng320V  5700. 2.00 -1.65 452.  239. 452. 270. HD184266
ng321V  5283. 4.51 -0.11 384.  204. 384. 515. HD185144
ng322V  4921. 2.95  0.01 356.  163. 356. 519. HD185351
ng323V  4764. 1.93 -1.44 269.	18. 269. 339. HD187111
ng325V  5749. 2.80  0.15 375.  369. 375. 285. HD188262
ng327V  5427. 3.93  0.20 485.  282. 485. 610. HD190360
ng328V  4982. 4.49 -0.62 395.	83. 395. 332. HD190404
ng329V  5133. 3.77  0.04 370.  200. 370. 518. HD191026
ng330V  4462. 2.89  0.16 328.	45. 328. 667. HD191277
ng331V  8623. 4.30 -0.68 544.  755. 544. 489. HD193281
ng333V  6000. 0.85  0.15 473.  354. 473. 442. HD194093
ng334V 10342. 3.69 -0.06 591.  838. 591. 504. HD194453
ng335V  4858. 4.40 -0.57 184.	40. 184. 348. HD195434
ng336V  6207. 4.11 -0.19 487.  279. 487. 271. HD196218
ng337V 12951. 4.10  0.22 517.  785. 517. 413. HD196426
ng338V 15439. 3.90  0.14 474.  596. 474. 363. HD196662
ng339V  4260. 1.18  0.06 256.	38. 256. 744. HD196725
ng340V  6028. 4.17 -0.99 412.  257. 412. 469. HD196892
ng341V  4955. 2.07  0.02 373.  120. 373. 619. HD197177
ng342V  5075. 2.54 -0.27 381.  264. 381. 514. HD198809
ng343V  5526. 3.25  0.02 322.  159. 322. 241. HD200081
ng344V  3997. 0.92  0.12 193.  271. 193. 600. HD200905
ng345V  4167. 4.54 -0.35 330.	75. 330. 695. HD201091
ng346V  8415. 4.32 -0.23 589.  731. 589. 518. HD201377
ng347V  8574. 4.47  0.68 591.  759. 591. 511. HD201601
ng348V  4647. 2.81  0.27 353.	55. 353. 654. HD203638
ng349V  8617. 4.49 -0.61 578.  828. 578. 545. HD204041
ng350V  5704. 3.89 -0.70 349.  151. 349. 430. HD204155
ng351V  4874. 1.99 -1.78 256.	40. 256. 224. HD204543
ng352V  5715. 1.22  0.10 385.  219. 385. 489. HD204867
ng353V  6496. 4.07 -0.51 456.  286. 456. 473. HD205202
ng354V  9069. 4.42 -1.30 683. 1203. 683. 484. HD205811
ng356V  4337. 1.12  0.17 246.  157. 246. 632. HD210745
ng357V  5023. 2.31 -0.16 350.  189. 350. 516. HD210807
ng358V  3709. 1.54 -0.24 118.	 1. 118. 677. HD212516
ng359V 13642. 2.42  0.30 628. 1228. 628. 526. HD212593
ng360V  4933. 2.25  0.12 313.  145. 313. 510. HD215665
ng361V  5495. 3.99  0.30 480.  190. 480. 615. HD217107
ng362V  3894. 4.48 -0.47 245.	20. 245. 703. HD217357
ng363V  6399. 4.08 -0.66 588.  439. 588. 614. HD221377
ng365V 12704. 4.11  0.69 604. 1191. 604. 490. HD224801
ng366V 14120. 4.06  0.31 626.  915. 626. 481. HD224926
ng368V  6098. 4.12 -1.60 235.  228. 235. 116. HD284248
ng369V  5883. 4.02 -1.45 257.  201. 257. 143. HD345957
ng370V  4529. 4.40 -0.21 300.	67. 300. 446. HR0753
ng371V  3894. 4.54 -0.56 239.	39. 239. 563. HR8086
ng372V  3167. 5.34 -0.42  14.	 4. 14. 235.  lhs10
ng373V  3707. 4.83 -0.78  27.	 1. 27. 154.  lhs482
ng374V  7648. 3.96  0.28 106.	66. 106. 98.  mmj6476
ng375V  8947. 4.36 -1.37 142.  130. 142. 104. mmj6490
ng376V  7944. 1.85 -1.58 102.	32. 102. 70.  vbnvul
ng377V  3254. 0.60 -1.93 229.	11. 229. 926. vgkcom
ng378V  3303. 0.61  0.08 166.	 6. 166. 516. viwcom
